Date	Open	High	Low	Close	Volume	Change
2021-08-20	30200	39000	30200	33500	15337255	
2021-08-23	34700	36000	30000	32400	8707866	-0.032835820895522394
2021-08-24	34200	35000	31500	32500	3685396	0.0030864197530864335
2021-08-25	31750	32350	31050	31150	1153629	-0.041538461538461524
2021-08-26	31100	31600	30100	30150	956625	-0.0321027287319422
2021-08-27	29700	29900	28700	28900	810065	-0.041459369817578806
2021-08-30	28900	29850	28700	28900	851262	0.0
2021-08-31	29600	29800	28750	28900	614698	0.0
2021-09-01	28900	29050	28100	28250	584668	-0.02249134948096887
2021-09-02	28400	28450	27350	27350	561851	-0.031858407079646045
2021-09-03	27150	27200	26250	26300	680812	-0.038391224862888484
2021-09-06	25950	28300	25950	26900	1004921	0.02281368821292773
2021-09-07	26600	27600	26600	27100	354278	0.0074349442379182396
2021-09-08	27050	27100	25900	25900	533330	-0.044280442804428
2021-09-09	25700	25700	24500	24550	360768	-0.05212355212355213
2021-09-10	24550	25000	23500	23650	308848	-0.03665987780040736
2021-09-13	23500	24950	23000	24400	421827	0.031712473572938604
2021-09-14	24900	24900	23950	24150	185212	-0.010245901639344246
2021-09-15	23900	24050	23400	23450	233680	-0.02898550724637683
2021-09-16	23550	24000	23050	23050	218598	-0.017057569296375252
2021-09-17	23050	23100	22300	22400	213221	-0.02819956616052066
2021-09-23	21400	21550	20300	20500	1960871	-0.0848214285714286
2021-09-24	20950	21500	20550	20700	691844	0.009756097560975618
2021-09-27	20750	20850	19850	19950	576098	-0.036231884057971064
2021-09-28	20100	20150	19400	19500	378118	-0.022556390977443663
2021-09-29	19000	19150	18450	18550	527129	-0.04871794871794877
2021-09-30	18450	19300	18400	19050	399918	0.02695417789757415
2021-10-01	19100	19300	18600	19250	258127	0.01049868766404205
2021-10-05	18700	19000	17850	17900	371674	-0.07012987012987015
2021-10-06	18200	18500	16750	16850	443141	-0.05865921787709494
2021-10-07	16850	17250	16750	17000	313796	0.008902077151335286
2021-10-08	17200	17250	16600	17000	250313	0.0
2021-10-12	16600	17000	16600	17000	164570	0.0
2021-10-13	17100	17950	17000	17750	331760	0.044117647058823595
2021-10-14	17800	18250	17650	18000	265996	0.014084507042253502
2021-10-15	18300	18300	17850	18000	165149	0.0
2021-10-18	18050	18050	17550	17850	127089	-0.008333333333333304
2021-10-19	17700	18400	17600	18400	198682	0.03081232492997188
2021-10-20	18500	21650	18200	19350	3560358	0.05163043478260865
2021-10-21	19400	19850	18950	19500	464374	0.007751937984496138
2021-10-22	19250	20700	19250	20250	957172	0.03846153846153855
2021-10-25	20500	20700	19800	20250	423333	0.0
2021-10-26	20100	20350	19650	19750	290196	-0.024691358024691357
2021-10-27	19750	19750	19100	19200	210176	-0.027848101265822822
2021-10-28	19200	19750	19150	19200	177657	0.0
2021-10-29	19100	19500	18550	18600	186807	-0.03125
2021-11-01	18600	18800	17950	18000	165757	-0.032258064516129004
2021-11-02	18000	18300	17950	18150	113785	0.008333333333333304
2021-11-03	18100	18350	17950	18050	131670	-0.0055096418732781816
2021-11-04	18000	18600	18000	18600	154194	0.030470914127423754
2021-11-05	18600	18650	18050	18050	139255	-0.029569892473118253
2021-11-08	18050	18100	17400	17550	114972	-0.027700831024930705
2021-11-09	17350	17750	17350	17500	108638	-0.002849002849002802
2021-11-10	17300	17450	16950	17000	126642	-0.02857142857142858
2021-11-11	17000	17000	16600	16850	139680	-0.008823529411764675
2021-11-12	16950	17350	16850	17200	103921	0.020771513353115667
2021-11-15	17450	17900	17100	17900	134860	0.04069767441860472
2021-11-16	17900	18500	17600	18300	217366	0.022346368715083775
2021-11-17	18300	18500	17900	18000	132779	-0.016393442622950838
2021-11-18	17900	18350	17550	18150	120714	0.008333333333333304
2021-11-19	17950	18150	17700	17750	116005	-0.02203856749311295
2021-11-22	17400	17600	17100	17200	211901	-0.030985915492957705
2021-11-23	17200	18350	17100	18150	289622	0.05523255813953498
2021-11-24	18200	19700	17950	19400	755548	0.06887052341597788
2021-11-25	19450	19900	18650	19500	465215	0.005154639175257714
2021-11-26	19350	19800	18950	19400	327769	-0.00512820512820511
2021-11-29	18600	19100	18100	18600	327916	-0.04123711340206182
2021-11-30	18800	19400	18150	18150	204579	-0.024193548387096753
2021-12-01	17900	18400	17600	18100	185057	-0.0027548209366391463
2021-12-02	17750	18200	17650	18050	131465	-0.002762430939226568
2021-12-03	18050	18650	18000	18300	133078	0.013850415512465464
2021-12-06	18150	18600	18100	18400	93692	0.005464480874316946
2021-12-07	18450	18600	18200	18300	105653	-0.005434782608695676
2021-12-08	18400	18400	18000	18100	141139	-0.010928961748633892
2021-12-09	18050	18350	18050	18250	81272	0.008287292817679592
2021-12-10	18250	18250	18000	18050	122132	-0.010958904109588996
2021-12-13	18150	18150	17950	18050	84122	0.0
2021-12-14	18000	18150	17850	17900	77845	-0.008310249307479256
2021-12-15	17850	18150	17700	18150	75640	0.013966480446927276
2021-12-16	18200	19100	18050	18950	384620	0.0440771349862259
2021-12-17	18700	19300	18600	19050	220011	0.005277044854881341
2021-12-20	19050	19050	18500	18550	130627	-0.026246719160105014
2021-12-21	18600	18600	17850	18250	118007	-0.016172506738544423
2021-12-22	18250	18300	18000	18150	79334	-0.005479452054794498
2021-12-23	18250	18450	18000	18200	83723	0.0027548209366390353
2021-12-24	18200	18350	18150	18300	61288	0.005494505494505475
2021-12-27	18350	18350	18050	18200	75650	-0.005464480874316946
2021-12-28	18200	18350	18050	18150	78837	-0.0027472527472527375
2021-12-29	18050	18750	18050	18600	125022	0.024793388429751984
2021-12-30	18650	18650	18350	18500	77428	-0.005376344086021501
2022-01-03	18850	19250	18650	19200	281093	0.037837837837837895
2022-01-04	19250	19500	18900	19050	185179	-0.0078125
2022-01-05	19050	19500	18450	18950	234545	-0.005249343832021025
2022-01-06	18350	19200	18350	19000	181078	0.0026385224274405594
2022-01-07	19150	19400	18600	18800	163247	-0.010526315789473717
2022-01-10	18650	18800	18500	18600	117571	-0.010638297872340385
2022-01-11	18750	18850	18100	18250	149852	-0.018817204301075252
2022-01-12	18250	18450	18150	18250	96371	0.0
2022-01-13	18200	18400	18100	18300	95746	0.00273972602739736
2022-01-14	18100	18200	17800	17950	111243	-0.01912568306010931
2022-01-17	17900	18350	17800	17800	76665	-0.00835654596100277
2022-01-18	17850	17950	17000	17150	129243	-0.0365168539325843
2022-01-19	16900	17200	16750	17100	82830	-0.002915451895043719
2022-01-20	17100	17600	16900	17550	52760	0.026315789473684292
2022-01-21	17450	17500	17150	17200	44794	-0.019943019943019946
2022-01-24	17050	17100	16350	16950	95007	-0.014534883720930258
2022-01-25	17000	17600	16900	17200	113938	0.014749262536873253
2022-01-26	17100	17350	16950	16950	64689	-0.014534883720930258
2022-01-27	16850	17000	16150	16250	122615	-0.041297935103244865
2022-01-28	16200	16600	15650	16450	86621	0.012307692307692353
2022-02-03	16550	16750	16350	16550	68798	0.006079027355623046
2022-02-04	16500	16800	16200	16750	45459	0.012084592145015005
2022-02-07	16700	16750	16350	16450	50457	-0.017910447761193993
2022-02-08	16400	16550	16300	16450	57895	0.0
2022-02-09	16450	16900	16450	16850	54938	0.024316109422492405
2022-02-10	17000	17000	16550	16550	58858	-0.017804154302670572
2022-02-11	16250	16450	16000	16100	90307	-0.027190332326283984
2022-02-14	15900	15900	15450	15550	78375	-0.03416149068322982
2022-02-15	15450	15650	15150	15150	80846	-0.025723472668810254
2022-02-16	16200	16300	15650	15800	83279	0.04290429042904287
2022-02-17	15800	16150	15500	15800	76015	0.0
2022-02-18	15500	16050	15450	16000	40745	0.012658227848101333
2022-02-21	15900	15900	15300	15500	205718	-0.03125
2022-02-22	15400	15650	15150	15450	62937	-0.003225806451612856
2022-02-23	15550	16150	15200	15950	142080	0.032362459546925626
2022-02-24	15750	15950	15300	15300	96514	-0.040752351097178674
2022-02-25	15500	15650	15350	15500	58791	0.013071895424836555
2022-02-28	15500	15500	15200	15400	109029	-0.006451612903225823
2022-03-02	15400	15900	15300	15900	232859	0.032467532467532534
2022-03-03	16450	16450	16150	16350	93569	0.028301886792452935
2022-03-04	16350	16750	16100	16300	111821	-0.003058103975535187
2022-03-07	16300	16300	15700	15850	67120	-0.027607361963190136
2022-03-08	15550	15700	15350	15500	84001	-0.02208201892744477
2022-03-10	15750	15850	15500	15550	49532	0.003225806451612856
2022-03-11	15550	15850	15550	15750	40289	0.012861736334405238
2022-03-14	15750	15800	15450	15500	65952	-0.015873015873015928
2022-03-15	15400	15550	15350	15450	59649	-0.003225806451612856
2022-03-16	15500	15650	15450	15550	42291	0.006472491909385036
2022-03-17	15850	16150	15650	15950	127836	0.025723472668810254
2022-03-18	16500	16700	16100	16300	165869	0.021943573667711602
2022-03-21	16300	16300	16050	16200	52880	-0.006134969325153339
2022-03-22	16200	16200	16000	16100	72474	-0.006172839506172867
2022-03-23	16500	18200	16400	17250	1508721	0.0714285714285714
2022-03-24	17450	17500	16850	17100	221207	-0.008695652173912993
2022-03-25	17100	17200	16850	17050	101784	-0.0029239766081871066
2022-03-28	17050	17050	16000	16550	189737	-0.029325513196480912
2022-03-29	16550	16600	16300	16500	114311	-0.0030211480362537513
2022-03-30	16550	16750	16400	16500	104572	0.0
2022-03-31	16500	16950	16450	16950	108618	0.027272727272727337
2022-04-01	16950	17200	16750	17000	123819	0.002949852507374562
2022-04-04	17000	17150	16800	17150	82527	0.008823529411764675
2022-04-05	17450	17450	16800	16900	83218	-0.014577259475218707
2022-04-06	16850	17000	16650	16800	74181	-0.00591715976331364
2022-04-07	16600	16650	16350	16450	106888	-0.02083333333333337
2022-04-08	16500	16500	16100	16200	59864	-0.015197568389057725
2022-04-11	16300	17850	16300	17400	755576	0.07407407407407418
2022-04-12	17150	17350	16850	17250	129879	-0.008620689655172376
2022-04-13	17550	17800	17000	17000	212254	-0.01449275362318836
2022-04-14	17100	17200	16800	16800	105012	-0.0117647058823529
2022-04-15	16650	17000	16550	16650	121415	-0.008928571428571397
2022-04-18	16450	16700	16350	16450	113167	-0.012012012012011963
2022-04-19	16450	16800	16400	16750	67476	0.01823708206686936
2022-04-20	16800	17600	16500	17200	256948	0.02686567164179099
2022-04-21	17350	17350	16850	17000	94016	-0.011627906976744207
2022-04-22	16800	16950	16550	16800	65625	-0.0117647058823529
2022-04-25	16500	16850	16450	16500	82768	-0.017857142857142905
2022-04-26	16500	16700	16400	16600	93510	0.0060606060606061
2022-04-27	16250	16300	16100	16200	111490	-0.02409638554216864
2022-04-28	16200	16600	16150	16300	73509	0.006172839506172867
2022-04-29	16300	16450	16200	16350	53093	0.0030674846625766694
2022-05-02	16200	16350	16150	16250	48529	-0.006116207951070374
2022-05-03	16400	16400	16150	16300	35155	0.003076923076922977
2022-05-04	16300	16350	16050	16100	58001	-0.012269938650306789
2022-05-06	15950	16050	15700	15850	51699	-0.01552795031055898
2022-05-09	15650	15800	15400	15400	67228	-0.028391167192429068
2022-05-10	15150	15350	14850	15250	74257	-0.009740259740259716
2022-05-11	15250	15350	15100	15250	29148	0.0
2022-05-12	15100	15100	14600	14800	104268	-0.02950819672131144
2022-05-13	14650	15000	14650	14950	54286	0.010135135135135087
2022-05-16	15050	15250	14800	14850	57476	-0.006688963210702337
2022-05-17	14800	15050	14700	14850	48055	0.0
2022-05-18	14950	15050	14800	14950	64034	0.006734006734006703
2022-05-19	14850	14850	14600	14750	53602	-0.013377926421404673
2022-05-20	14850	15400	14700	14900	92328	0.01016949152542379
2022-05-23	14900	15000	14800	14950	47437	0.003355704697986628
2022-05-24	14850	15000	14800	14900	40848	-0.0033444816053511683
2022-05-25	14900	14950	14800	14900	28355	0.0
2022-05-26	14850	15050	14800	14900	53477	0.0
2022-05-27	14950	15050	14850	14950	34746	0.003355704697986628
2022-05-30	14950	15200	14950	15100	81381	0.010033444816053505
2022-05-31	15100	15250	15000	15150	38454	0.0033112582781456013
2022-06-02	15200	15200	14950	15100	31221	-0.0033003300330033403
2022-06-03	15050	15200	15000	15100	28470	0.0
2022-06-07	15050	15100	14750	14800	59709	-0.019867549668874163
2022-06-08	14850	14900	14600	14700	57477	-0.006756756756756799
2022-06-09	14550	14650	14050	14250	117672	-0.030612244897959218
2022-06-10	14150	14250	13900	14250	85695	0.0
2022-06-13	13900	14050	13550	13550	72570	-0.0491228070175439
2022-06-14	13100	13350	12750	13050	174229	-0.03690036900369009
2022-06-15	13000	13100	12250	12500	125248	-0.04214559386973182
2022-06-16	12600	12800	11950	12150	103554	-0.028000000000000025
2022-06-17	11700	11850	11400	11650	145081	-0.04115226337448563
2022-06-20	11700	11800	10700	10900	163057	-0.06437768240343344
2022-06-21	10950	11300	10850	11300	88624	0.03669724770642202
2022-06-22	11300	11450	10500	10750	138471	-0.04867256637168138
2022-06-23	10650	10800	10000	10000	174294	-0.06976744186046513
2022-06-24	9920	10450	9920	10350	88284	0.03499999999999992
2022-06-27	10450	10800	10250	10750	57996	0.03864734299516903
2022-06-28	10600	10850	10450	10650	28342	-0.009302325581395321
2022-06-29	10400	10600	10300	10550	25431	-0.009389671361502372
2022-06-30	10550	10600	10050	10200	44138	-0.033175355450236976
2022-07-01	10300	10400	9860	9950	81767	-0.02450980392156865
2022-07-04	9880	10200	9640	9720	87674	-0.02311557788944718
2022-07-05	9830	10250	9830	10200	90947	0.04938271604938271
2022-07-06	10200	10300	9960	10050	65287	-0.014705882352941124
2022-07-07	10100	10450	10100	10350	47278	0.029850746268656803
2022-07-08	10350	10700	10350	10400	38846	0.004830917874396157
2022-07-11	10450	10650	10300	10500	25533	0.009615384615384581
2022-07-12	10300	10400	10100	10200	44769	-0.02857142857142858
2022-07-13	10100	10450	10050	10350	35155	0.014705882352941124
2022-07-14	10350	10400	10100	10350	25002	0.0
