Date	Open	High	Low	Close	Volume	Change
2015-09-01	10605	10678	10423	10473	274969	
2015-09-02	10248	10377	10248	10380	266535	-0.008879977083930068
2015-09-03	10451	10503	10405	10409	261193	0.002793834296724418
2015-09-04	10359	10359	9918	9977	326960	-0.04150254587376312
2015-09-07	9936	10151	9896	10046	348812	0.006915906585145848
2015-09-08	10054	10113	9762	9764	333312	-0.028070873979693434
2015-09-09	9956	10210	9956	10181	323352	0.042707906595657485
2015-09-10	10179	10428	10174	10432	328250	0.024653766820547984
2015-09-11	10377	10479	10372	10478	362627	0.004409509202454087
2015-09-14	10508	10508	10284	10324	334932	-0.014697461347585428
2015-09-15	10279	10368	10262	10371	350155	0.004552499031383217
2015-09-16	10470	10520	10401	10482	343020	0.010702921608330973
2015-09-17	10595	10600	10488	10492	339538	0.0009540164090822145
2015-09-18	10572	10785	10508	10788	326232	0.028211971025543292
2015-09-21	10845	10845	10576	10686	365005	-0.009454949944382673
2015-09-22	10733	10743	10637	10746	337020	0.005614823133071267
2015-09-23	10605	10655	10516	10520	332902	-0.021031081332588908
2015-09-24	10580	10595	10535	10538	327563	0.0017110266159696685
2015-09-25	10568	10572	10443	10571	438494	0.0031315240083507057
2015-09-30	10386	10498	10327	10501	334250	-0.006621890076624726
2015-10-01	10520	10637	10508	10630	325796	0.012284544329111524
2015-10-02	10632	10687	10544	10547	310580	-0.007808090310442162
2015-10-05	10674	10757	10674	10700	320647	0.014506494737840159
2015-10-06	10790	10790	10669	10695	295392	-0.00046728971962617383
2015-10-07	10628	10655	10405	10437	341121	-0.02412342215988783
2015-10-08	10461	10493	10327	10482	327648	0.004311583788444873
2015-10-12	10461	10503	10405	10442	313831	-0.003816065636328969
2015-10-13	10372	10433	10284	10324	348705	-0.011300517142309952
2015-10-14	10322	10345	10257	10260	328870	-0.006199147617202638
2015-10-15	10257	10364	10257	10367	315961	0.01042884990253401
2015-10-16	10391	10470	10391	10418	298650	0.004919455966046149
2015-10-19	10368	10470	10355	10357	288940	-0.005855250527932454
2015-10-20	10401	10466	10396	10463	299764	0.010234623925847286
2015-10-21	10475	10539	10447	10468	305143	0.000477874414603896
2015-10-22	10345	10377	10284	10289	332755	-0.017099732518150557
2015-10-23	10405	10493	10367	10458	399099	0.01642530858198077
2015-10-26	10470	10558	10470	10516	318858	0.005545993497800827
2015-10-27	10525	10525	10433	10468	247132	-0.004564473183719997
2015-10-28	10451	10484	10418	10463	328784	-0.0004776461597248982
2015-10-29	10466	10484	10381	10427	328506	-0.0034406957851477182
2015-10-30	10396	10396	10284	10289	319439	-0.013234871007960058
2015-11-02	10279	10289	10182	10186	73	-0.01001069102925456
2015-11-03	10187	10257	10187	10260	3752	0.00726487335558601
2015-11-04	10317	10364	10298	10367	1758	0.01042884990253401
2015-11-05	10372	10447	10372	10449	17	0.00790971351403491
2015-11-06	10660	10707	10479	10640	22017	0.018279261173318018
2015-11-09	10646	10733	10580	10585	115	-0.005169172932330879
2015-11-10	10503	10503	10229	10232	114	-0.03334907888521488
2015-11-11	10308	10345	10279	10284	287	0.0050820953870212016
2015-11-12	10367	10367	10327	10329	1131	0.004375729288214725
2015-11-13	10191	10191	10122	10127	19	-0.019556588246684048
2015-11-16	10025	10136	10025	10080	175	-0.004641058556334565
2015-11-17	10196	10229	10136	10232	165	0.015079365079365026
2015-11-18	10205	10205	10113	10117	20	-0.011239249413604324
2015-11-19	10187	10336	10187	10339	158	0.021943263813383407
2015-11-20	10377	10456	10377	10458	273	0.011509817197020933
2015-11-23	10470	10605	10470	10608	147	0.014343086632243152
2015-11-24	10615	10615	10568	10581	195	-0.0025452488687782715
2015-11-25	10585	10614	10568	10576	9	-0.0004725451280597204
2015-11-26	10665	10702	10665	10669	18	0.008793494704992355
2015-11-27	10646	10660	10642	10654	60	-0.0014059424500890705
2015-11-30	10637	10637	10456	10543	314	-0.010418622113760101
2015-12-01	10605	10605	10600	10603	3	0.005690979797021711
2015-12-02	10590	10590	10590	10594	1	-0.0008488163727247144
2015-12-03	10413	10470	10396	10473	137	-0.011421559373230084
2015-12-04	10391	10391	10391	10395	66	-0.0074477227155542725
2015-12-07	10368	10386	10368	10371	291	-0.0023088023088022602
2015-12-08	10229	10274	10136	10139	130	-0.02237007038858352
2015-12-09	10179	10179	10179	10181	5	0.004142420357037269
2015-12-10	10141	10151	9970	9972	1003	-0.02052843532069537
2015-12-11	10066	10066	9946	9950	86	-0.002206177296430023
2015-12-14	9836	9836	9826	9828	1723	-0.01226130653266333
2015-12-15	9891	9891	9774	9778	126	-0.0050875050875051064
2015-12-16	9956	10006	9956	10001	1846	0.022806299856821477
2015-12-17	10169	10174	10054	10080	115	0.00789921007899208
2015-12-18	10081	10279	10081	10284	144	0.020238095238095166
2015-12-21	10257	10345	10257	10334	117	0.0048619214313496695
2015-12-22	10270	10270	10270	10275	1	-0.005709309076833757
2015-12-23	10377	10386	10331	10334	434	0.005742092457420966
2015-12-24	10331	10331	10294	10297	15	-0.003580414166827972
2015-12-28	10215	10215	10182	10196	1482	-0.009808682140429292
2015-12-29	10336	10438	10336	10437	671	0.023636720282463664
2015-12-30	10535	10563	10488	10557	124	0.011497556769186623
2016-01-04	10488	10488	10377	10380	198	-0.016766126740551335
2016-01-05	10340	10340	10340	10344	1	-0.003468208092485603
2016-01-06	10470	10687	10470	10690	4319	0.03344934261407584
2016-01-07	10712	10795	10660	10705	326	0.001403180542563165
2016-01-08	10650	10869	10650	10872	64	0.015600186828584883
2016-01-11	10767	10869	10716	10724	339	-0.013612950699043447
2016-01-12	10748	10748	10590	10608	271	-0.010816859380828103
2016-01-13	10707	10724	10655	10728	23	0.011312217194570096
2016-01-14	10548	10590	10479	10594	129	-0.012490678598061189
2016-01-15	10628	10632	10461	10520	8	-0.0069850858976778785
2016-01-18	10451	10590	10451	10594	12	0.007034220532319502
2016-01-19	10618	10618	10516	10598	121	0.00037757221068535074
2016-01-20	10674	10674	10428	10497	85	-0.009530100018871446
2016-01-21	10520	10520	10447	10449	220	-0.004572735067162048
2016-01-22	10553	10553	10447	10557	152	0.010335917312661591
2016-01-25	10628	10743	10628	10746	21	0.01790281329923271
2016-01-26	10655	10655	10628	10659	137	-0.008096035734226681
2016-01-27	10719	10719	10568	10645	1874	-0.0013134440379022339
2016-01-28	10605	10669	10605	10673	2014	0.0026303428839831167
2016-01-29	10669	10719	10623	10724	1876	0.004778412817389777
2016-02-01	10805	10805	10795	10797	22	0.0068071615069003055
2016-02-02	10800	10879	10777	10778	1185	-0.0017597480781698094
2016-02-03	10795	10795	10728	10761	950	-0.001577287066246047
2016-02-04	10795	10795	10702	10724	100	-0.003438342161509178
2016-02-05	10678	10678	10678	10681	2	-0.004009697873927687
2016-02-11	10386	10438	10298	10302	698	-0.03548356895421778
2016-02-12	10244	10244	9711	9871	680	-0.041836536594835994
2016-02-15	9956	10035	9836	10019	5134	0.014993415054199266
2016-02-16	10063	10191	10063	10196	177	0.017666433775825885
2016-02-17	10063	10085	9923	9955	5464	-0.023636720282463664
2016-02-18	10113	10141	10103	10144	167	0.018985434455047745
2016-02-19	10151	10248	10151	10250	58	0.010449526813880228
2016-02-22	10284	10350	10284	10352	69	0.00995121951219513
2016-02-23	10350	10350	10205	10214	343	-0.013330757341576516
2016-02-24	10252	10252	10252	10255	9	0.004014098296455826
2016-02-25	10289	10289	10229	10232	67	-0.0022428083861530945
2016-02-26	10350	10359	10340	10362	665	0.012705238467552782
2016-02-29	10345	10345	10345	10348	1	-0.001351090523065035
2016-03-02	10409	10433	10409	10432	319	0.008117510630073488
2016-03-03	10470	10553	10428	10557	85	0.011982361963190247
2016-03-04	10488	10539	10488	10543	26	-0.0013261343184617358
2016-03-07	10451	10451	10451	10454	30	-0.008441620032248909
2016-03-08	10479	10479	10367	10473	38	0.00181748612971111
2016-03-09	10466	10563	10466	10566	141	0.008879977083930068
2016-03-10	10558	10610	10553	10612	223	0.004353586977096313
2016-03-11	10605	10605	10530	10576	58	-0.0033923859781379573
2016-03-14	10539	10539	10438	10442	65	-0.012670196671709544
2016-03-15	10456	10456	10456	10458	1	0.0015322735108216357
2016-03-16	10516	10568	10508	10571	126	0.010805125262956627
2016-03-17	10576	10610	10568	10571	13	0.0
2016-03-18	10605	10605	10568	10571	139	0.0
2016-03-21	10650	10650	10563	10566	2	-0.0004729921483302979
2016-03-22	10553	10553	10553	10557	1	-0.0008517887563883608
2016-03-23	10558	10558	10530	10533	91	-0.0022733731173628646
2016-03-24	10544	10544	10544	10547	1	0.00132915598594896
2016-03-25	10628	10637	10610	10612	12	0.006162889921304648
2016-03-28	10665	10674	10580	10585	68	-0.0025442894836034124
2016-03-29	10580	10610	10580	10612	11	0.002550779404818071
2016-03-30	10637	10637	10637	10640	0	0.0026385224274405594
2016-03-31	10615	10615	10615	10616	378	-0.0022556390977443996
2016-04-01	10580	10650	10572	10576	206	-0.0037678975131876236
2016-04-04	10595	10669	10595	10673	48	0.009171709531013539
2016-04-05	10618	10618	10595	10612	527	-0.005715356507073888
2016-04-06	10590	10660	10590	10659	26	0.004428948360346796
2016-04-07	10655	10678	10655	10681	133	0.002063983488132193
2016-04-08	10637	10637	10585	10616	78	-0.006085572511937087
2016-04-11	10516	10516	10516	10520	33	-0.009042954031650341
2016-04-12	10484	10484	10484	10487	2	-0.0031368821292775406
2016-04-14	10479	10572	10479	10576	35	0.008486697816344035
2016-04-15	10605	10605	10605	10608	108	0.00302571860816947
2016-04-18	10642	10650	10600	10654	11	0.004336349924585203
2016-04-19	10628	10650	10628	10654	5	0.0
2016-04-20	10660	10660	10628	10630	4	-0.0022526750516238536
2016-04-21	10628	10628	10628	10630	0	0.0
2016-04-22	10628	10660	10623	10664	4	0.0031984948259642376
2016-04-25	10655	10655	10655	10659	1	-0.00046886721680416965
2016-04-26	10702	10702	10674	10678	52	0.0017825311942958333
2016-04-27	10650	10650	10615	10616	12	-0.005806330773553081
2016-04-28	10615	10615	10615	10616	0	0.0
2016-04-29	10497	10558	10497	10561	6	-0.005180859080633038
2016-05-02	10469	10469	10399	10403	140	-0.014960704478742537
2016-05-03	10380	10380	10380	10383	10	-0.001922522349322331
2016-05-04	10358	10358	10315	10316	31	-0.0064528556293942385
2016-05-09	10325	10325	10311	10313	30	-0.00029081039162470734
2016-05-10	10460	10469	10460	10472	11	0.01541743430621545
2016-05-11	10437	10483	10437	10472	11	0.0
2016-05-12	10497	10535	10488	10537	212	0.006207028265851733
2016-05-13	10530	10558	10520	10523	26	-0.0013286514188098897
2016-05-16	10516	10516	10478	10500	63	-0.0021856884918749486
2016-05-17	10520	10520	10520	10523	0	0.002190476190476298
2016-05-18	10520	10520	10460	10472	32	-0.004846526655896577
2016-05-19	10389	10389	10389	10393	2	-0.007543926661573774
2016-05-20	10417	10417	10417	10420	2	0.002597902434330779
2016-05-23	10478	10478	10478	10481	1	0.005854126679462501
2016-05-24	10520	10530	10497	10500	4	0.001812804121744005
2016-05-25	10497	10497	10497	10500	11	0.0
2016-05-26	10432	10432	10432	10435	1	-0.006190476190476191
2016-05-27	10488	10488	10488	10491	18	0.005366554863440287
2016-05-30	10465	10465	10465	10467	88	-0.002287675150128732
2016-05-31	10478	10525	10478	10515	15	0.0045858412152479655
2016-06-01	10590	10590	10590	10594	1	0.007513076557299048
2016-06-02	10572	10619	10572	10621	93	0.0025486124221256734
2016-06-03	10656	10703	10656	10706	31	0.00800301289897365
2016-06-07	10802	10922	10792	10927	74	0.020642630300765852
2016-06-08	10922	10937	10894	10939	673	0.0010981971263841483
2016-06-09	10996	11030	10937	10939	142	0.0
2016-06-10	11021	11021	11021	11024	2	0.0077703629216565595
2016-06-13	10881	10917	10867	10869	103	-0.014060232220609592
2016-06-14	10754	10769	10754	10770	14	-0.009108473640629278
2016-06-15	10735	10735	10735	10739	2	-0.0028783658310120863
2016-06-16	10469	10483	10469	10486	3	-0.023558990595027418
2016-06-17	10502	10502	10358	10398	16	-0.008392141903490358
2016-06-20	10563	10563	10553	10556	7	0.015195229851894698
2016-06-21	10535	10535	10525	10528	408	-0.0026525198938992522
2016-06-22	10585	10585	10585	10589	45	0.005794072948328344
2016-06-23	10446	10478	10412	10481	10	-0.010199263386533208
2016-06-24	10469	10512	9922	10032	601	-0.04283942371911076
2016-06-27	9847	10040	9847	10009	161	-0.0022926634768739573
2016-06-28	9988	10268	9988	10272	3690	0.026276351283844646
2016-06-29	10366	10366	10366	10369	1	0.009443146417445591
2016-06-30	10492	10492	10412	10416	2	0.004532741826598574
2016-07-01	10460	10460	10432	10440	85	0.0023041474654377225
2016-07-04	10437	10437	10412	10416	107	-0.0022988505747126853
2016-07-05	10432	10432	10432	10435	1	0.0018241167434716044
2016-07-06	10432	10432	10276	10321	1110	-0.010924772400574989
2016-07-07	10427	10469	10427	10467	166	0.014145916093401878
2016-07-08	10286	10343	10286	10346	6	-0.011560141396770751
2016-07-11	10469	10469	10432	10462	9	0.011212062632901532
2016-07-12	10446	10483	10446	10486	1381	0.002294016440451241
2016-07-13	10580	10580	10507	10510	18	0.0022887659736792187
2016-07-14	10450	10450	10384	10388	244	-0.01160799238820176
2016-07-15	10384	10384	10366	10388	7	0.0
2016-07-18	10343	10375	10343	10378	149	-0.0009626492106276086
2016-07-19	10329	10329	10301	10304	2	-0.0071304682983234224
2016-07-20	10329	10329	10329	10331	45	0.0026203416149068737
2016-07-21	10370	10370	10320	10321	5	-0.0009679605072112629
2016-07-22	10358	10358	10358	10360	2	0.003778703613990908
2016-07-25	10353	10353	10246	10247	215	-0.010907335907335947
2016-07-26	10348	10348	10348	10350	1	0.010051722455352685
2016-07-27	10366	10366	10320	10321	23	-0.002801932367149762
2016-07-28	10358	10358	10358	10360	0	0.003778703613990908
2016-07-29	10339	10339	10271	10304	5	-0.00540540540540535
2016-08-01	10301	10301	10231	10233	215	-0.006890527950310532
2016-08-02	10231	10231	10207	10211	6	-0.002149907163099818
2016-08-03	10170	10179	10170	10182	5	-0.0028400744295368208
2016-08-04	10179	10179	10179	10182	1	0.0
2016-08-05	10179	10179	10147	10148	9	-0.0033392260852485034
2016-08-08	10246	10246	10246	10247	1	0.009755616870319228
2016-08-09	10281	10281	10281	10286	0	0.003805991997657854
2016-08-10	10306	10306	10306	10308	1	0.00213882947695887
2016-08-11	10343	10366	10343	10369	25	0.005917733798991076
2016-08-12	10375	10474	10375	10448	25	0.007618863921303953
2016-08-16	10483	10483	10432	10435	29	-0.0012442572741194757
2016-08-17	10394	10394	10339	10341	2	-0.009008145663632061
2016-08-18	10271	10271	10271	10277	0	-0.006188956580601479
2016-08-19	10226	10231	10226	10228	61	-0.004767928383769604
2016-08-22	10175	10175	10094	10131	180	-0.009483770043019146
2016-08-23	10118	10118	10118	10122	1	-0.0008883624518803979
2016-08-24	10170	10170	10170	10172	2	0.004939735230191644
2016-08-25	10175	10175	10175	10177	2	0.0004915454187965906
2016-08-26	10175	10179	10157	10158	17	-0.0018669548983001327
2016-08-29	10157	10157	10094	10099	52	-0.005808229966528855
2016-08-30	10040	10128	10040	10131	6	0.003168630557480956
2016-08-31	10030	10030	10030	10032	1	-0.009771986970684043
2016-09-01	10025	10049	9983	10050	4	0.0017942583732057926
2016-09-02	10094	10094	10094	10099	1	0.004875621890547244
2016-09-05	10202	10202	10179	10182	99	0.008218635508466132
2016-09-06	10193	10193	10193	10197	107	0.0014731879787861502
2016-09-07	10113	10113	10049	10050	22	-0.014416004707266894
2016-09-08	10063	10063	10063	10065	0	0.0014925373134329067
2016-09-09	10025	10025	9917	9981	367	-0.008345752608047707
2016-09-12	9856	9955	9856	9896	26146	-0.008516180743412538
2016-09-13	9895	9895	9777	9822	473	-0.0074777687954729055
2016-09-19	9754	9870	9745	9874	7724	0.005294237426186177
2016-09-20	9860	9917	9860	9920	2145	0.004658699615150974
2016-09-21	10001	10001	9914	9954	78	0.003427419354838701
2016-09-22	10006	10099	10006	10055	2386	0.010146674703636727
2016-09-23	10118	10202	10118	10207	1217	0.01511685728493295
2016-09-26	10226	10226	10179	10182	42	-0.002449299500342894
2016-09-27	10179	10343	10179	10346	132	0.01610685523472788
2016-09-28	10366	10366	10306	10308	21	-0.0036729170693987623
2016-09-29	10329	10329	10325	10326	21	0.0017462165308497202
2016-09-30	10207	10207	10142	10145	3148	-0.017528568661630883
2016-10-04	10137	10179	10133	10182	2145	0.0036471168063085813
2016-10-05	10161	10161	10089	10122	63	-0.005892751915144379
2016-10-06	10086	10086	10020	10028	30	-0.009286702232760291
2016-10-07	10015	10015	9922	9935	198	-0.009274032708416424
2016-10-10	9979	10113	9979	10089	40	0.015500754906894842
2016-10-11	10118	10128	10099	10112	136	0.002279710575874727
2016-10-12	10109	10179	10109	10158	430	0.004549050632911333
2016-10-13	10089	10089	9935	9971	1312	-0.018409135656625275
2016-10-14	9988	9988	9895	9896	1105	-0.007521813258449472
2016-10-17	9895	9895	9754	9780	309	-0.011721907841552137
2016-10-18	9777	9786	9777	9790	206	0.0010224948875254825
2016-10-19	9786	9815	9786	9817	3077	0.0027579162410622526
2016-10-20	9750	9750	9717	9719	222	-0.009982683100743572
2016-10-21	9717	9717	9698	9700	116	-0.0019549336351476487
2016-10-24	9698	9698	9650	9654	123	-0.004742268041237119
2016-10-25	9650	9650	9507	9579	5093	-0.007768800497203188
2016-10-26	9525	9525	9393	9453	522	-0.013153773880363318
2016-10-27	9492	9552	9482	9555	5519	0.010790225325293612
2016-10-28	9529	9529	9418	9428	915	-0.013291470434327546
2016-10-31	9342	9342	9221	9266	375	-0.017182859567246522
2016-11-01	9253	9253	9197	9205	24	-0.00658320742499463
2016-11-02	9244	9244	9020	9056	3187	-0.016186854970124953
2016-11-03	9104	9192	9104	9177	1081	0.013361307420494795
2016-11-04	9226	9226	9187	9191	71	0.0015255530129671957
2016-11-07	9268	9291	9248	9293	1147	0.011097813078011054
2016-11-08	9310	9315	9248	9298	2212	0.0005380393844829356
2016-11-09	9333	9338	8893	9056	1835	-0.02602710260271024
2016-11-10	9221	9362	9221	9364	2825	0.0340106007067138
2016-11-11	9367	9438	9367	9438	322	0.00790260572404966
2016-11-14	9449	9520	9449	9490	946	0.005509641873278293
2016-11-15	9520	9520	9446	9458	1646	-0.0033719704952581697
2016-11-16	9502	9664	9502	9669	855	0.022309156269824548
2016-11-17	9595	9628	9585	9589	755	-0.00827386492915505
2016-11-18	9585	9585	9438	9438	135	-0.015747210345187224
2016-11-21	9438	9438	9301	9303	1439	-0.014303877940241572
2016-11-22	9253	9291	9226	9238	3495	-0.0069869934429753755
2016-11-23	9239	9239	9169	9172	73	-0.007144403550552014
2016-11-24	9161	9161	9033	9087	620	-0.009267335368512875
2016-11-25	9096	9096	9076	9080	23	-0.0007703312424341968
2016-11-28	9066	9066	9030	9047	49	-0.0036343612334801545
2016-11-29	9016	9141	9002	9145	114142	0.010832320106112459
2016-11-30	9141	9141	9043	9087	107125	-0.006342263531984638
2016-12-01	9086	9118	9043	9121	107271	0.0037416088918234003
2016-12-02	9071	9071	9007	9013	735	-0.011840806929064751
2016-12-05	8997	8997	8940	8957	103	-0.006213247531343669
2016-12-06	9033	9091	9033	9087	1368	0.014513788098693858
2016-12-07	9071	9071	8955	9013	1292	-0.008143501705733414
2016-12-08	9071	9151	9071	9140	215142	0.014090757794297026
2016-12-09	9192	9231	9192	9234	204	0.010284463894967066
2016-12-12	9282	9338	9248	9341	7849	0.01158761100281569
2016-12-13	9338	9477	9338	9482	428	0.015094743603468519
2016-12-14	9477	9477	9449	9453	5908	-0.0030584264923011473
2016-12-15	9403	9512	9403	9513	106	0.006347191367819693
2016-12-16	9502	9502	9433	9448	212	-0.006832755177126004
2016-12-19	9393	9393	9393	9397	17	-0.005397967823878025
2016-12-20	9375	9375	9375	9379	5	-0.0019155049483877695
2016-12-21	9367	9370	9352	9374	66	-0.0005331058748266893
2016-12-22	9347	9347	9306	9336	3040	-0.004053765735011705
2016-12-23	9352	9370	9352	9374	39	0.004070265638389081
2016-12-26	9379	9379	9370	9374	1147	0.0
2016-12-27	9370	9370	9370	9374	0	0.0
2016-12-28	9446	9446	9398	9402	2606	0.0029869852784296658
2016-12-29	9449	9449	9443	9448	754	0.004892576047649477
2017-01-02	9467	9515	9446	9482	3063	0.0035986452159186832
2017-01-03	9477	9520	9472	9478	38	-0.00042185192997257204
2017-01-04	9472	9539	9472	9543	2360	0.006857986917071068
2017-01-05	9525	9595	9525	9569	32147	0.0027245101121240456
2017-01-06	9572	9577	9572	9579	32097	0.0010450412791305208
2017-01-09	9600	9600	9497	9499	117	-0.008351602463722685
2017-01-10	9443	9443	9398	9438	59	-0.006421728603010823
2017-01-11	9507	9529	9482	9504	3774	0.006993006993007089
2017-01-12	9477	9487	9477	9490	2	-0.001473063973064015
2017-01-13	9515	9618	9515	9620	505	0.013698630136986356
2017-01-16	9618	9618	9515	9565	7	-0.005717255717255676
2017-01-17	9572	9590	9552	9555	35490	-0.001045478306325176
2017-01-18	9544	9567	9534	9555	227	0.0
2017-01-19	9605	9605	9487	9490	1331	-0.006802721088435382
2017-01-20	9472	9472	9472	9478	107	-0.0012644889357218414
2017-01-23	9472	9482	9446	9448	140	-0.003165224730955929
2017-01-24	9403	9403	9403	9407	6416	-0.004339542760372517
2017-01-25	9449	9449	9248	9251	946	-0.01658339534389286
2017-01-26	9244	9253	9197	9247	686	-0.0004323856880337207
2017-01-31	9211	9263	9211	9266	2	0.0020547204498755356
2017-02-01	9291	9291	9291	9293	1	0.0029138786963089913
2017-02-02	9323	9328	9291	9293	57	0.0
2017-02-03	9318	9318	9268	9271	3	-0.0023673732917249835
2017-02-06	9244	9244	9244	9247	1	-0.002588717506202154
2017-02-07	9301	9383	9301	9374	963	0.013734184059694954
2017-02-08	9367	9423	9367	9423	116	0.005227224237251971
2017-02-09	9423	9423	9398	9402	9	-0.0022285896211398093
2017-02-10	9443	9525	9443	9528	9	0.013401403956605051
2017-02-13	9577	9654	9572	9640	1153	0.011754827875734675
2017-02-14	9674	9688	9659	9691	441	0.005290456431535251
2017-02-15	9717	9819	9717	9817	204264	0.013001754204932325
2017-02-16	9844	9844	9628	9691	1463	-0.012834878272384609
2017-02-17	9674	9688	9674	9679	175	-0.0012382623052316077
2017-02-20	9664	9664	9585	9602	93	-0.00795536729000934
2017-02-21	9600	9669	9600	9674	324	0.007498437825453008
2017-02-22	9679	9679	9679	9683	1	0.0009303287161464002
2017-02-23	9713	9713	9684	9695	35	0.0012392853454508135
2017-02-24	9721	9721	9703	9704	117	0.0009283135636926065
2017-02-27	9777	9777	9745	9748	534	0.004534212695795459
2017-02-28	9745	9745	9698	9724	350	-0.0024620434961017956
2017-03-02	9777	9777	9623	9625	535037	-0.010180995475113086
2017-03-03	9600	9600	9512	9538	177	-0.009038961038961069
2017-03-06	9454	9502	9428	9504	123	-0.0035646886139651945
2017-03-07	9572	9572	9572	9574	15	0.007365319865319853
2017-03-08	9567	9600	9567	9602	57	0.002924587424274039
2017-03-09	9577	9577	9577	9579	1	-0.002395334305353103
2017-03-10	9520	9581	9520	9584	20	0.0005219751539826678
2017-03-13	9600	9600	9600	9602	1	0.0018781302170283176
2017-03-14	9547	9547	9418	9433	204787	-0.017600499895854993
2017-03-15	9482	9482	9403	9407	83	-0.0027562811406763865
2017-03-16	9520	9539	9449	9543	538718	0.014457319017752823
2017-03-17	9585	9585	9539	9543	9	0.0
2017-03-20	9477	9497	9477	9494	9	-0.005134653672849154
2017-03-21	9539	9539	9539	9543	1	0.005161154413313662
2017-03-22	9443	9454	9443	9458	6	-0.008907052289636397
2017-03-23	9529	9529	9529	9533	0	0.007929794882639118
2017-03-24	9595	9650	9595	9630	1391	0.010175180950382945
2017-03-27	9650	9698	9642	9700	322023	0.007268951194184803
2017-03-28	9730	9740	9713	9743	145	0.004432989690721589
2017-03-29	9688	9688	9688	9691	1	-0.005337165144206124
2017-03-30	9698	9698	9642	9691	27	0.0
2017-03-31	9708	9781	9708	9785	1417	0.009699721390981297
2017-04-03	9781	9800	9745	9800	276	0.0015329586101175963
2017-04-04	9795	9795	9740	9790	1355	-0.0010204081632653184
2017-04-05	9786	9795	9703	9748	6263	-0.004290091930541418
2017-04-06	9679	9713	9679	9714	330	-0.003487894952810877
2017-04-07	9767	9767	9767	9771	61	0.005867819641754091
2017-04-10	9628	9628	9595	9625	143	-0.014942175826425097
2017-04-11	9567	9628	9567	9597	339	-0.002909090909090861
2017-04-12	9614	9717	9577	9719	965722	0.012712305928936019
2017-04-13	9717	9786	9708	9790	914221	0.007305278320814956
2017-04-14	9786	9786	9654	9691	918875	-0.010112359550561778
2017-04-17	9679	9754	9679	9756	329	0.006707254153338171
2017-04-18	9698	9698	9688	9691	6	-0.006662566625666222
2017-04-19	9713	9750	9703	9752	11249	0.006294500051594154
2017-04-20	9824	9824	9824	9826	1	0.007588187038556127
2017-04-21	9819	9819	9800	9813	10754	-0.0013230205577040577
2017-04-24	9824	9824	9790	9817	12017	0.0004076225415265977
2017-04-25	9810	9829	9767	9831	11017	0.0014260975858204628
2017-04-26	9856	9930	9856	9910	619	0.008035805106296312
2017-04-27	9923	9923	9781	9879	153	-0.003128153380423826
2017-04-28	9844	9844	9758	9812	32465	-0.006782062961838253
2017-05-02	9794	9844	9758	9812	31775	0.0
2017-05-04	9860	9895	9819	9896	1522	0.008560945780676787
2017-05-08	9914	10064	9900	10067	10252	0.01727970897332254
2017-05-10	10121	10281	10056	10105	14530	0.003774709446707103
2017-05-11	10107	10263	10064	10266	533017	0.015932706580900513
2017-05-12	10235	10235	10083	10110	11637	-0.015195791934541236
2017-05-15	10131	10131	10060	10062	6643	-0.004747774480712175
2017-05-16	10092	10092	9980	10029	720	-0.0032796660703637848
2017-05-17	9998	10003	9946	9977	5415	-0.00518496360554388
2017-05-18	9905	9936	9839	9940	4938	-0.0037085296181216254
2017-05-19	9980	10037	9980	10014	56701	0.007444668008048216
2017-05-22	10012	10051	10012	10052	182	0.003794687437587374
2017-05-23	10068	10192	10068	10170	18120	0.011738957421408625
2017-05-24	10164	10248	10164	10251	130	0.007964601769911539
2017-05-25	10315	10395	10315	10398	1934	0.014340064383962625
2017-05-26	10405	10423	10376	10403	677	0.00048086170417382945
2017-05-29	10485	10485	10339	10341	4153	-0.005959819282899126
2017-05-30	10428	10447	10371	10449	885	0.010443864229765065
2017-05-31	10438	10532	10390	10529	61188	0.007656235046415993
2017-06-01	10527	10527	10371	10492	12879	-0.003514103903504595
2017-06-02	10499	10522	10447	10512	587	0.0019062142584826969
2017-06-05	10494	10494	10438	10446	599	-0.006278538812785395
2017-06-07	10433	10480	10380	10482	5010	0.003446295232624852
2017-06-08	10485	10504	10409	10507	2239	0.0023850410227055363
2017-06-09	10527	10608	10527	10596	4408	0.008470543447225642
2017-06-12	10518	10542	10462	10468	684	-0.012080030200075531
2017-06-13	10485	10551	10485	10553	2787	0.008119984715322826
2017-06-14	10608	10650	10570	10583	3166	0.002842793518430753
2017-06-15	10556	10556	10462	10468	1191	-0.010866483983747566
2017-06-16	10452	10462	10452	10463	69	-0.0004776461597248982
2017-06-19	10485	10509	10443	10468	2020	0.000477874414603896
2017-06-20	10438	10443	10248	10251	9541	-0.020729843332059628
2017-06-21	10248	10286	10220	10266	398	0.0014632718759144403
2017-06-22	10235	10235	10145	10185	1034	-0.007890122735242588
2017-06-23	10311	10311	10240	10276	31	0.008934707903780037
2017-06-26	10267	10267	10187	10213	11578	-0.006130790190735702
2017-06-27	10202	10225	10202	10205	8665	-0.0007833153823558758
2017-06-28	10202	10202	10145	10200	2026	-0.0004899559039686086
2017-06-29	10230	10271	10192	10266	616	0.006470588235294228
2017-06-30	10202	10306	10202	10308	80234	0.004091174751607252
2017-07-03	10306	10315	10296	10308	5511	0.0
2017-07-04	10325	10353	10225	10246	62358	-0.006014745828482715
2017-07-05	10245	10267	10230	10251	39542	0.0004879953152450156
2017-07-06	10216	10267	10197	10205	40059	-0.00448736708613795
2017-07-07	10192	10271	10192	10210	59568	0.0004899559039686086
2017-07-10	10253	10253	10116	10119	636	-0.008912830558276186
2017-07-11	10140	10164	10107	10110	86	-0.0008894159501926513
2017-07-12	10116	10116	10012	10043	2571	-0.006627101879327357
2017-07-13	10088	10088	10032	10057	5338	0.0013940057751666846
2017-07-14	10060	10060	9994	10024	8877	-0.003281296609326856
2017-07-17	10107	10164	10107	10166	6613	0.014166001596169098
2017-07-18	10187	10187	10140	10175	1052	0.0008853039543577079
2017-07-19	10216	10276	10206	10280	4381	0.010319410319410416
2017-07-20	10263	10306	10245	10289	43693	0.0008754863813229541
2017-07-21	10267	10286	10240	10256	1934	-0.0032073087763631047
2017-07-24	10253	10311	10253	10312	579	0.00546021840873645
2017-07-25	10329	10380	10271	10308	69044	-0.00038789759503488064
2017-07-26	10418	10418	10363	10403	21560	0.009216142801707461
2017-07-27	10438	10447	10390	10449	2619	0.004421801403441394
2017-07-28	10405	10418	10348	10350	14261	-0.009474590869939736
2017-07-31	10301	10418	10235	10280	27091	-0.006763285024154575
2017-08-01	10286	10438	10286	10426	602	0.014202334630350144
2017-08-02	10423	10423	10380	10388	1462	-0.0036447343180510128
2017-08-03	10380	10380	10202	10210	6672	-0.017135155949172143
2017-08-04	10281	10296	10202	10298	206	0.008619000979432023
2017-08-07	10296	10353	10230	10266	3718	-0.003107399495047569
2017-08-08	10281	10281	10187	10232	5332	-0.003311903370348701
2017-08-09	10187	10267	10187	10251	79	0.0018569194683346613
2017-08-10	10197	10334	10155	10280	252	0.0028289922934348066
2017-08-11	10150	10182	10140	10175	396	-0.010214007782101131
2017-08-14	10245	10245	10155	10185	10628	0.0009828009828010131
2017-08-16	10192	10192	10112	10138	582	-0.004614629356897382
2017-08-17	10097	10160	10078	10138	178	0.0
2017-08-18	10032	10116	10032	10081	561	-0.00562241073189973
2017-08-21	10097	10097	10047	10052	131	-0.002876698740204353
2017-08-22	10112	10121	10051	10077	42	0.002487067250298347
2017-08-23	10088	10088	10042	10057	868	-0.0019847176739108408
2017-08-24	10060	10116	10056	10081	1022	0.002386397534055895
2017-08-25	10097	10150	10073	10151	292	0.006943755579803534
2017-08-28	10197	10197	10168	10185	632	0.003349423702098342
2017-08-29	10112	10182	10051	10170	5581	-0.0014727540500736325
2017-08-30	10182	10182	10121	10175	1010	0.000491642084562427
2017-08-31	10155	10155	10126	10147	1854	-0.0027518427518427035
2017-09-01	10160	10173	10083	10101	9896	-0.004533359613678956
2017-09-04	9860	10037	9860	9987	1929	-0.011286011286011255
2017-09-05	10012	10012	9880	9920	13569	-0.006708721337739032
2017-09-06	9918	9941	9799	9816	1850	-0.010483870967741948
2017-09-07	9856	9914	9844	9901	3261	0.008659331703341433
2017-09-08	9880	9880	9771	9816	3210	-0.00858499141500857
2017-09-11	9880	9890	9809	9816	287	0.0
2017-09-12	9875	9918	9814	9920	26342	0.010594947025264867
2017-09-13	9923	9923	9819	9879	1813	-0.004133064516129048
2017-09-14	9834	9927	9809	9930	153	0.005162465836623165
2017-09-15	9905	9951	9829	9954	1974	0.0024169184290030454
2017-09-18	9956	9956	9890	9935	3565	-0.00190878038979303
2017-09-19	9923	9984	9914	9968	58095	0.0033215903371917044
2017-09-20	10032	10032	9970	9972	230	0.00040128410914919144
2017-09-21	9936	9936	9829	9840	36588	-0.013237063778580027
2017-09-22	9834	9834	9625	9627	2804	-0.021646341463414598
2017-09-25	9616	9620	9473	9478	6246	-0.015477303417471666
2017-09-26	9443	9691	9443	9694	3509	0.022789618062882377
2017-09-27	9711	9715	9662	9666	8918	-0.0028883845677738496
2017-09-28	9607	9677	9513	9681	18788	0.0015518311607696234
2017-09-29	9715	9781	9715	9784	1864	0.01063939675653347
2017-10-10	9789	9794	9739	9784	163261	0.0
2017-10-11	9753	9799	9753	9803	1545	0.0019419460343417239
2017-10-12	9785	9865	9785	9869	1175	0.006732632867489485
2017-10-13	9847	9914	9847	9879	1571	0.0010132738879318204
2017-10-16	9965	10017	9895	10019	2387	0.014171474845632082
2017-10-17	10032	10056	9984	10057	1424	0.0037927936919852634
2017-10-18	10056	10073	10022	10048	6029	-0.0008948990752709607
2017-10-19	10112	10126	10056	10119	1796	0.007066082802547724
2017-10-20	10097	10112	10073	10110	26	-0.0008894159501926513
2017-10-23	10092	10092	10032	10052	1369	-0.005736894164193873
2017-10-24	10037	10107	10032	10110	854	0.005769996020692503
2017-10-25	10126	10126	10088	10129	378	0.0018793273986152936
2017-10-26	10140	10160	10083	10133	3569	0.00039490571626021875
2017-10-27	10150	10240	10150	10190	9741	0.005625185038981462
2017-10-30	10230	10230	10150	10190	1163	0.0
2017-10-31	10192	10220	10155	10222	83826	0.003140333660451411
2017-11-01	10145	10230	10145	10232	8072	0.0009782821365682537
2017-11-02	10206	10240	10140	10175	6746	-0.005570758405003873
2017-11-03	10240	10315	10240	10316	3876	0.013857493857493797
2017-11-06	10315	10315	10248	10308	11034	-0.0007754943776657752
2017-11-07	10306	10380	10306	10374	22770	0.00640279394644927
2017-11-08	10325	10380	10301	10383	8014	0.0008675534991324785
2017-11-09	10452	10471	10371	10441	11008	0.005586054126938356
2017-11-10	10395	10423	10367	10403	31864	-0.0036394981323627507
2017-11-13	10395	10405	10306	10308	35981	-0.009131981159280933
2017-11-14	10306	10390	10296	10388	7548	0.007760962359332657
2017-11-15	10380	10385	10296	10341	12884	-0.004524451289949938
2017-11-16	10339	10371	10276	10355	9086	0.001353834252006525
2017-11-17	10320	10390	10315	10346	21004	-0.0008691453404152671
2017-11-20	10363	10433	10363	10383	1846	0.003576261357046251
2017-11-21	10457	10457	10405	10453	6896	0.0067417894635461995
2017-11-22	10504	10504	10343	10403	71257	-0.004783315794508747
2017-11-23	10400	10452	10400	10453	3797	0.004806305873305883
2017-11-24	10467	10504	10467	10478	8104	0.0023916578972544844
2017-11-27	10509	10551	10438	10487	52415	0.0008589425462874889
2017-11-28	10467	10579	10457	10534	41425	0.004481739296271492
2017-11-29	10532	10579	10480	10568	2985	0.0032276438200113944
2017-11-30	10650	10650	10499	10502	13761	-0.00624526873580622
2017-12-01	10537	10537	10409	10512	493	0.0009521995810322093
2017-12-04	10522	10593	10480	10573	2131	0.005802891933028853
2017-12-05	10579	10687	10579	10667	5306	0.008890570320628122
2017-12-06	10665	10665	10452	10468	31323	-0.018655667010405885
2017-12-07	10467	10467	10230	10271	22701	-0.018819258693160146
2017-12-08	10240	10271	10116	10129	13333	-0.013825333463148626
2017-12-11	10097	10263	10097	10261	12325	0.013031888636588107
2017-12-12	10216	10216	10168	10185	12862	-0.007406685508235089
2017-12-13	10173	10325	10173	10316	1916	0.012862052037309724
2017-12-14	10334	10409	10248	10251	2096	-0.0063008918185343266
2017-12-15	10334	10385	10329	10346	445	0.009267388547458788
2017-12-18	10380	10405	10329	10369	107279	0.0022230813841097596
2017-12-19	10248	10258	10245	10261	56	-0.010415662069630627
2017-12-20	10306	10348	10301	10336	1227	0.007309229119968785
2017-12-21	10253	10267	10168	10195	107032	-0.013641640866873028
2017-12-22	10187	10245	10140	10237	198722	0.0041196665031877355
2017-12-26	10178	10301	10178	10280	2452	0.004200449350395541
2017-12-27	10202	10339	10197	10341	107511	0.0059338521400778
2017-12-28	10339	10452	10339	10453	2224	0.010830674016052644
2018-01-02	10457	10617	10457	10619	278583	0.015880608437769173
2018-01-03	10556	10650	10551	10606	1467886	-0.0012242207364158153
2018-01-04	10655	10655	10522	10548	242710	-0.005468602677729639
2018-01-05	10570	10622	10518	10614	643187	0.006257110352673401
2018-01-08	10627	10660	10532	10619	232063	0.0004710759374411122
2018-01-09	10613	10692	10613	10619	246472	0.0
2018-01-10	10702	10910	10702	10898	349593	0.026273660420001788
2018-01-11	10924	10924	10820	10865	313226	-0.003028078546522317
2018-01-12	10844	11033	10844	10923	856970	0.005338242061665888
2018-01-15	10924	10980	10868	10959	258192	0.003295797857731486
2018-01-16	10944	10976	10863	10949	296657	-0.0009124920156948768
2018-01-17	10900	10934	10797	10837	283518	-0.010229244679879401
2018-01-18	10858	10873	10782	10837	208405	0.0
2018-01-19	10824	10939	10824	10889	341658	0.004798375934299104
2018-01-22	10914	10919	10816	10889	697420	0.0
2018-01-23	10954	11118	10924	11121	674938	0.0213059050417852
2018-01-24	11131	11188	11081	11148	363859	0.0024278392230914214
2018-01-25	11146	11350	11146	11330	342729	0.01632579834947978
2018-01-26	11306	11430	11260	11417	532443	0.007678729037952303
2018-01-29	11462	11572	11448	11546	812068	0.011298940176929229
2018-01-30	11519	11628	11467	11527	1301622	-0.0016455915468560622
2018-01-31	11462	11462	11179	11400	1463717	-0.011017610826754565
2018-02-01	11355	11448	11355	11405	474064	0.00043859649122812705
2018-02-02	11382	11411	11198	11224	540272	-0.015870232354230573
2018-02-05	11090	11118	10878	10894	277286	-0.029401282965074826
2018-02-06	10617	10863	10504	10818	729637	-0.006976317238847063
2018-02-07	10919	10919	10443	10446	112791	-0.034387132556849664
2018-02-08	10467	10650	10423	10619	28878	0.016561363201225365
2018-02-09	10315	10598	10315	10521	108718	-0.009228740936057966
2018-02-12	10574	10574	10418	10492	68385	-0.0027563919779488577
2018-02-13	10527	10527	10267	10271	44584	-0.021063667556233345
2018-02-14	10301	10339	10211	10336	73817	0.00632849771200461
2018-02-19	10452	10542	10395	10512	153080	0.017027863777089758
2018-02-20	10532	10579	10438	10453	442948	-0.00561263318112637
2018-02-21	10504	10566	10452	10539	42709	0.008227303166554956
2018-02-22	10513	10513	10405	10478	255901	-0.005788025429357635
2018-02-23	10504	10574	10504	10568	52460	0.008589425462874667
2018-02-26	10642	10678	10527	10592	99317	0.002271006813020504
2018-02-27	10650	10650	10551	10553	19137	-0.0036820241691842837
2018-02-28	10480	10518	10367	10431	174739	-0.011560693641618491
2018-03-02	10253	10291	10168	10222	201083	-0.02003642987249543
2018-03-05	10182	10187	10037	10052	43954	-0.016630796321659203
2018-03-06	10097	10182	10097	10185	3774	0.013231197771587766
2018-03-07	10150	10173	10003	10024	136281	-0.0158075601374571
2018-03-08	10027	10173	10027	10175	3151	0.015063846767757294
2018-03-09	10182	10395	10182	10388	47341	0.020933660933661002
2018-03-12	10457	10485	10400	10487	14764	0.009530227185213791
2018-03-13	10418	10447	10348	10369	6250	-0.011252026318298802
2018-03-14	10301	10358	10258	10341	207177	-0.002700356832867179
2018-03-15	10306	10413	10235	10408	102727	0.006479063920317163
2018-03-16	10409	10428	10329	10413	131745	0.0004803996925442089
2018-03-19	10428	10428	10334	10383	124147	-0.0028810141169691716
2018-03-20	10301	10371	10263	10346	6656	-0.003563517287874407
2018-03-21	10343	10409	10343	10378	2582	0.00309298279528325
2018-03-22	10467	10518	10380	10413	6038	0.003372518789747536
2018-03-23	10206	10235	10012	10014	4519	-0.038317487755689994
2018-03-26	9951	10202	9918	10185	8760	0.017076093469143183
2018-03-27	10286	10315	10253	10316	4576	0.012862052037309724
2018-03-28	10216	10286	10211	10246	5029	-0.0067855758045753944
2018-03-29	10286	10286	10150	10227	19855	-0.0018543821979308817
2018-03-30	10348	10423	10343	10426	74606	0.01945829666568888
2018-04-02	10471	10532	10325	10365	318977	-0.005850757721081901
2018-04-03	10315	10480	10315	10458	18774	0.008972503617945105
2018-04-04	10462	10462	10276	10341	137196	-0.011187607573149738
2018-04-05	10438	10438	10343	10360	13963	0.0018373464848659982
2018-04-06	10343	10353	10291	10341	136153	-0.0018339768339767915
2018-04-09	10367	10385	10325	10383	6423	0.004061502756019797
2018-04-10	10348	10447	10271	10449	57497	0.006356544351343585
2018-04-11	10413	10504	10367	10468	24840	0.001818355823523854
2018-04-12	10467	10504	10423	10426	3337	-0.004012227741688967
2018-04-13	10428	10462	10363	10463	14428	0.003548820257049723
2018-04-16	10513	10532	10471	10516	1411	0.005065468794800632
2018-04-17	10532	10532	10452	10502	91339	-0.0013313046785849991
2018-04-18	10532	10598	10494	10573	40865	0.006760617025328486
2018-04-19	10570	10622	10551	10592	8296	0.0017970301711907055
2018-04-20	10588	10627	10561	10601	89356	0.0008496978851963988
2018-04-23	10665	10674	10513	10583	59089	-0.0016979530232996698
2018-04-24	10608	10627	10547	10606	215434	0.002173296796749602
2018-04-25	10556	10556	10462	10478	145326	-0.012068640392230767
2018-04-26	10499	10579	10499	10521	28090	0.004103836610040101
2018-04-27	10518	10599	10499	10521	145461	0.0
2018-04-30	10614	10779	10614	10782	30076	0.02480752780153983
2018-05-02	10808	10885	10799	10886	192187	0.009645705805972904
2018-05-03	10866	10866	10699	10701	1501	-0.01699430461142748
2018-05-04	10685	10813	10685	10734	50155	0.0030838239416877133
2018-05-08	10737	10771	10599	10639	1130	-0.008850381963853127
2018-05-09	10638	10718	10557	10721	520	0.00770749130557391
2018-05-10	10761	10808	10723	10811	17777	0.00839473929670742
2018-05-11	10837	11023	10813	11024	515209	0.0197021552122838
2018-05-14	11046	11222	11046	11181	492605	0.014241654571843343
2018-05-15	11188	11265	11085	11143	31847	-0.0033986226634469263
2018-05-16	10975	11050	10927	10997	92374	-0.01310239612312658
2018-05-17	10988	11070	10851	10896	866080	-0.009184322997181082
2018-05-18	10947	11075	10942	11077	9281	0.016611600587371544
2018-05-21	11032	11032	10942	11014	13110	-0.0056874605037464665
2018-05-23	10856	10893	10794	10877	11971	-0.012438714363537273
2018-05-24	10866	10908	10789	10796	211054	-0.007446906316079804
2018-05-25	10623	10643	10543	10563	55568	-0.021582067432382335
2018-05-28	10832	10970	10823	10933	8484	0.035027927672062864
2018-05-29	10942	10942	10827	10829	81543	-0.009512485136741966
2018-05-30	10784	10784	10661	10721	118771	-0.009973220057253651
2018-05-31	10789	10832	10776	10834	1736	0.01054006156142151
2018-06-01	10880	10880	10742	10839	84766	0.00046151006091932345
2018-06-04	10947	10947	10876	10911	48034	0.006642679213949565
2018-06-05	10880	10885	10818	10886	3066	-0.0022912656951700194
2018-06-07	10893	11018	10893	10972	109058	0.007900055116663696
2018-06-08	11028	11028	10876	10896	10815	-0.006926722566533039
2018-06-11	10903	11055	10903	11058	93643	0.014867841409691662
2018-06-12	11060	11080	10970	10972	93275	-0.007777174896002936
2018-06-14	10898	10937	10761	10777	194710	-0.017772511848341277
2018-06-15	10776	10794	10694	10729	8208	-0.004453929665027334
2018-06-18	10728	10732	10452	10512	14775	-0.02022555690185479
2018-06-19	10499	10513	10195	10198	14137	-0.029870624048706218
2018-06-20	10266	10380	10195	10354	142151	0.015297117081780831
2018-06-21	10280	10357	10180	10188	49360	-0.016032451226579147
2018-06-22	10138	10219	10071	10220	1375	0.003140950137416665
2018-06-25	10200	10328	10195	10330	1546	0.010763209393346296
2018-06-26	10280	10324	10234	10307	868	-0.002226524685382425
2018-06-27	10262	10266	10162	10164	1077	-0.0138740661686233
2018-06-28	10176	10214	10062	10121	1558	-0.004230617866981534
2018-06-29	10124	10134	9948	10135	535	0.001383262523465989
2018-07-02	10058	10058	9815	9816	9603	-0.03147508633448448
2018-07-03	9852	9866	9677	9779	2175	-0.003769356153219272
2018-07-04	9734	9815	9724	9769	1040	-0.0010225994477962574
2018-07-05	9772	9835	9620	9670	1552	-0.01013409765585016
2018-07-06	9701	9967	9701	9941	784	0.02802481902792131
2018-07-09	9866	9901	9820	9835	210481	-0.010662911175937984
2018-07-10	9852	9911	9835	9835	173	0.0
2018-07-11	9744	9845	9691	9794	411	-0.004168784951703142
2018-07-12	9835	9886	9835	9845	2238	0.005207269756994037
2018-07-13	9866	9953	9866	9946	643	0.010259014728288385
2018-07-16	9928	9928	9845	9865	68830	-0.008143977478383246
2018-07-17	9861	9881	9805	9845	8401	-0.0020273694880892368
2018-07-18	9800	9800	9657	9660	629	-0.018791264601320412
2018-07-19	9648	9657	9548	9569	389	-0.009420289855072483
2018-07-20	9534	9601	9529	9594	1148	0.002612603197826413
2018-07-23	9591	9640	9558	9565	91	-0.0030227225349176434
2018-07-24	9591	9715	9558	9717	687	0.01589127025614223
2018-07-25	9753	9772	9753	9774	86	0.005866008027168856
2018-07-26	9861	9861	9805	9825	185	0.005217925107427801
2018-07-27	9825	9825	9820	9821	185	-0.0004071246819338237
2018-07-30	9845	9876	9845	9855	42434	0.0034619692495672094
2018-07-31	9871	9915	9866	9916	10860	0.006189751395230925
2018-08-01	9943	10005	9928	9955	83288	0.003933037515126969
2018-08-02	9953	9972	9825	9850	455	-0.010547463586137673
2018-08-03	9906	9928	9891	9931	138	0.00822335025380716
2018-08-06	9948	10009	9920	9950	11763	0.001913201087503813
2018-08-07	9933	9933	9857	9897	207	-0.005326633165829153
2018-08-08	9901	9925	9876	9880	237	-0.0017176922299686481
2018-08-09	9830	9896	9830	9880	10285	0.0
2018-08-10	9901	9933	9901	9936	147	0.005668016194331882
2018-08-13	9871	9876	9739	9764	3615	-0.01731078904991945
2018-08-14	9781	9861	9739	9865	16462	0.010344121261777861
2018-08-16	9820	9835	9744	9835	20687	-0.003041054232133855
2018-08-17	9857	9901	9845	9893	44358	0.0058973055414337505
2018-08-20	9953	9986	9948	9969	19862	0.007682199535024692
2018-08-21	9967	10014	9967	10003	16291	0.0034105727756044146
2018-08-22	9943	9948	9920	9921	359	-0.008197540737778675
2018-08-23	9948	9948	9881	9946	19934	0.002519907267412469
2018-08-24	9911	10000	9896	9978	1206	0.003217373818620528
2018-08-27	9953	9972	9920	9946	9438	-0.0032070555221487274
2018-08-28	9977	10066	9977	10012	16334	0.0066358335009049085
2018-08-29	10048	10062	10044	10064	6561	0.005193767479025224
2018-08-30	10062	10095	9981	9988	10163	-0.007551669316375187
2018-08-31	9938	10029	9938	10026	92782	0.003804565478574329
2018-09-03	10029	10029	9986	9988	104	-0.0037901456213843554
2018-09-04	9967	10044	9962	10045	3407	0.005706848217861493
2018-09-05	10081	10086	10000	10003	1262	-0.004181184668989535
2018-09-06	10000	10086	9981	9998	20353	-0.0004998500449865384
2018-09-07	10076	10110	10014	10107	9560	0.01090218043608715
2018-09-10	10100	10234	10095	10225	251162	0.01167507667952905
2018-09-11	10204	10266	10204	10264	658	0.0038141809290952455
2018-09-12	10252	10275	10214	10279	341	0.0014614185502728194
2018-09-13	10285	10319	10285	10320	6589	0.003988714855530651
2018-09-14	10357	10362	10324	10359	6204	0.0037790697674418006
2018-09-17	10390	10390	10244	10244	942	-0.011101457669659198
2018-09-18	10209	10271	10204	10269	38747	0.002440452948067051
2018-09-19	10209	10209	10180	10183	51	-0.008374720031161798
2018-09-20	10224	10224	10124	10126	234	-0.005597564568398328
2018-09-21	10239	10248	10185	10230	315658	0.010270590558957071
2018-09-27	10266	10295	10234	10235	4839	0.0004887585532746819
2018-09-28	10234	10266	10204	10264	592722	0.0028334147532975695
2018-10-01	10262	10262	10190	10249	30358	-0.0014614185502728194
2018-10-02	10200	10214	10124	10159	88251	-0.008781344521416767
2018-10-04	10204	10204	10062	10107	124945	-0.005118614036814684
2018-10-05	10062	10062	9881	9993	178	-0.01127931136835858
2018-10-08	9962	9967	9848	9850	90439	-0.014310017011908371
2018-10-10	9840	9840	9582	9598	15220	-0.025583756345177622
2018-10-11	9248	9354	9126	9128	76378	-0.04896853511148158
2018-10-12	9164	9253	9134	9247	77408	0.013036809815951012
2018-10-15	9216	9263	9173	9175	10723	-0.0077863090732129825
2018-10-16	9192	9307	9192	9247	8983	0.007847411444141583
2018-10-17	9396	9401	9263	9284	3419	0.00400129771817892
2018-10-18	9359	9359	9216	9217	64	-0.007216716932356704
2018-10-19	9154	9239	9049	9242	1155789	0.0027123792991212703
2018-10-22	9197	9211	9130	9213	595	-0.003137848950443667
2018-10-23	9164	9211	8902	8904	5188	-0.033539563660045624
2018-10-24	9002	9040	8869	8914	4792	0.001123090745732247
2018-10-25	8726	8840	8608	8776	85662	-0.015481265425173918
2018-10-26	8774	8774	8426	8524	138561	-0.028714676390155014
2018-10-29	8517	8603	8250	8253	55863	-0.031792585640544324
2018-10-30	8132	8421	8132	8400	637577	0.01781170483460559
2018-10-31	8314	8470	8260	8415	10155	0.0017857142857142794
2018-11-01	8441	8574	8389	8390	9243	-0.0029708853238265
2018-11-02	8617	8730	8598	8719	528871	0.0392133492252682
2018-11-05	8698	8698	8588	8605	105	-0.013074893909852059
2018-11-06	8688	8788	8688	8748	534	0.016618245206275528
2018-11-07	8774	8897	8460	8528	294440	-0.025148605395518997
2018-11-08	8654	8830	8654	8728	1176040	0.023452157598499168
2018-11-09	8740	8769	8650	8667	1099669	-0.006989000916590271
2018-11-12	8650	8717	8646	8653	146	-0.0016153224875966599
2018-11-13	8555	8650	8460	8653	9788	0.0
2018-11-14	8654	8693	8617	8672	3857	0.002195770253091478
2018-11-15	8621	8793	8621	8794	217	0.014068265682656733
2018-11-16	8817	8874	8793	8871	245	0.00875596997953143
2018-11-19	8897	9040	8897	9037	131093	0.01871265922669374
2018-11-20	8955	9073	8955	9004	3188	-0.0036516543100586496
2018-11-21	8930	9107	8869	9108	6280	0.011550422034651175
2018-11-22	9098	9102	8992	9022	7081	-0.009442248572683387
2018-11-23	9088	9088	8912	8937	451	-0.00942141432054977
2018-11-26	8973	9130	8964	9081	282	0.01611278952668682
2018-11-27	9088	9121	9083	9088	10002	0.0007708402158352889
2018-11-28	9159	9159	9093	9142	44806	0.005941901408450745
2018-11-29	9216	9253	9130	9137	1736	-0.0005469262743381664
2018-11-30	9149	9207	9144	9208	8780	0.0077706030425741535
2018-12-03	9278	9354	9253	9328	7320	0.013032145960034658
2018-12-04	9364	9377	9268	9313	198	-0.0016080617495711769
2018-12-05	9244	9311	9202	9271	84509	-0.004509824975840182
2018-12-06	9268	9268	9126	9147	608	-0.013375040448711073
2018-12-07	9244	9244	9073	9185	1056205	0.004154367552202887
2018-12-10	9031	9088	9012	9047	3479	-0.015024496461622183
2018-12-11	9045	9063	9012	9042	5997	-0.000552669393169003
2018-12-12	9083	9197	9083	9170	72	0.014156160141561624
2018-12-13	9182	9315	9168	9308	211	0.015049073064340224
2018-12-14	9320	9396	9226	9293	659	-0.001611516974645455
2018-12-17	9354	9368	9302	9313	415	0.0021521575379317426
2018-12-18	9325	9325	9236	9275	3612	-0.004080317835284064
2018-12-19	9263	9311	9263	9284	39246	0.0009703504043125921
2018-12-20	9182	9320	9182	9323	6967	0.004200775527789746
2018-12-21	9306	9306	9231	9289	7729	-0.0036468947763594883
2018-12-24	9283	9283	9202	9208	6348	-0.008719991387662773
2018-12-26	9068	9159	8935	9032	17348	-0.019113814074717683
2018-12-27	9159	9339	9126	9247	66427	0.023804251550044286
2018-12-28	9349	9396	9339	9360	64684	0.012220179517681506
2019-01-02	9354	9401	9192	9213	38056	-0.01570512820512826
2019-01-03	9287	9287	9139	9142	72955	-0.007706501682405276
2019-01-04	9068	9263	9068	9232	3132	0.009844672938087884
2019-01-07	9364	9448	9330	9346	76667	0.012348353552859681
2019-01-08	9349	9377	9315	9318	14328	-0.002995934089449981
2019-01-09	9381	9502	9381	9497	72657	0.01921013092938395
2019-01-10	9462	9482	9396	9431	45186	-0.006949563019901017
2019-01-11	9426	9457	9377	9416	595458	-0.0015904994168168818
2019-01-14	9416	9441	9373	9431	3544	0.0015930331350892946
2019-01-15	9457	9539	9436	9456	109761	0.0026508323613614326
2019-01-16	9441	9507	9426	9431	137425	-0.0026438240270727498
2019-01-17	9406	9406	9325	9328	256	-0.01092142932880924
2019-01-18	9411	9445	9381	9446	527446	0.012650085763293406
2019-01-21	9507	9507	9411	9416	78439	-0.003175947491001474
2019-01-22	9441	9445	9368	9394	599	-0.002336448598130869
2019-01-23	9368	9497	9368	9493	578692	0.01053864168618257
2019-01-24	9462	9487	9416	9461	50015	-0.0033709048772779804
2019-01-25	9445	9568	9426	9569	89910	0.011415283796638809
2019-01-28	9539	9601	9539	9565	4878	-0.0004180165116521861
2019-01-29	9534	9534	9467	9493	4358	-0.007527443805541045
2019-01-30	9573	9625	9534	9613	6833	0.012640893289792565
2019-01-31	9706	9706	9601	9641	925	0.0029127223551441705
2019-02-01	9601	9630	9586	9598	162	-0.00446011824499537
2019-02-07	9667	9672	9578	9675	463	0.008022504688476761
2019-02-08	9662	9696	9625	9641	265	-0.003514211886304963
2019-02-11	9648	9687	9620	9655	540066	0.0014521315216264874
2019-02-12	9662	9662	9582	9598	23987	-0.005903676851372386
2019-02-13	9610	9711	9596	9680	35119	0.008543446551364964
2019-02-14	9635	9739	9610	9741	163	0.006301652892561904
2019-02-15	9739	9758	9667	9736	8482	-0.0005132943229647635
2019-02-18	9772	9820	9772	9803	29	0.006881676253081448
2019-02-19	9830	9861	9749	9830	2819	0.002754258900336648
2019-02-20	9795	9886	9795	9845	136	0.0015259409969481386
2019-02-21	9845	9845	9786	9812	198	-0.003351955307262622
2019-02-22	9876	9876	9825	9860	12485	0.004891969017529529
2019-02-25	9938	9938	9835	9835	1124	-0.002535496957403627
2019-02-26	9830	9871	9830	9835	1864	0.0
2019-02-27	9861	9906	9830	9906	1116	0.007219115404168752
2019-02-28	9906	9977	9662	9665	137386	-0.024328689683020377
2019-03-04	9648	9825	9648	9731	1332	0.006828763579927566
2019-03-05	9706	9729	9662	9707	95421	-0.0024663446716678417
2019-03-06	9696	9696	9635	9641	121	-0.006799217059853757
2019-03-07	9640	9640	9563	9565	22	-0.007882999688828995
2019-03-08	9525	9553	9436	9446	1264	-0.012441191845269262
2019-03-11	9436	9436	9344	9436	78382	-0.001058649163667158
2019-03-12	9534	9544	9477	9507	505	0.007524374735057293
2019-03-13	9563	9582	9512	9584	537	0.00809929525612696
2019-03-14	9630	9648	9553	9650	53847	0.006886477462437313
2019-03-15	9620	9739	9620	9707	1984	0.005906735751295411
2019-03-18	9744	9749	9701	9707	19982	0.0
2019-03-19	9720	9767	9691	9693	244195	-0.0014422581642113963
2019-03-20	9596	9662	9586	9665	101615	-0.002888682554420763
2019-03-21	9706	9706	9462	9507	629379	-0.01634764614588724
2019-03-22	9462	9502	9373	9431	86642	-0.00799410960345004
2019-03-25	9354	9354	9273	9275	36769	-0.016541193934895504
2019-03-26	9311	9431	9302	9360	14592	0.009164420485175295
2019-03-27	9354	9373	9315	9365	28889	0.0005341880341880323
2019-03-28	9335	9335	9231	9251	69810	-0.01217298451681792
2019-03-29	9311	9421	9302	9404	72351	0.016538752567289983
2019-04-01	9452	9520	9452	9522	4657	0.012547851977881663
2019-04-02	9529	9529	9426	9451	94729	-0.007456416719176628
2019-04-03	9448	9558	9448	9560	546	0.011533171093006
2019-04-04	9578	9578	9534	9555	80	-0.0005230125523012497
2019-04-05	9563	9601	9563	9565	2084	0.0010465724751438366
2019-04-08	9573	9610	9525	9532	171	-0.00345007841087297
2019-04-09	9534	9610	9529	9579	225	0.004930759546789787
2019-04-10	9548	9615	9548	9617	16249	0.00396701117026832
2019-04-11	9662	9662	9606	9641	150	0.002495580742435166
2019-04-12	9645	9687	9558	9617	34600	-0.0024893683227881214
2019-04-15	9706	9711	9652	9660	5628	0.004471248830196561
2019-04-16	9635	9662	9601	9665	2332	0.000517598343685366
2019-04-17	9677	9696	9640	9641	11221	-0.0024831867563372967
2019-04-18	9625	9635	9539	9542	140	-0.010268644331500876
2019-04-19	9568	9573	9534	9560	198	0.0018863969817648485
2019-04-22	9544	9578	9487	9493	6925	-0.007008368200836834
2019-04-23	9529	9563	9502	9522	5938	0.0030548825450331663
2019-04-24	9568	9568	9416	9416	20095	-0.0111321151018694
2019-04-25	9426	9436	9381	9409	5931	-0.0007434154630416856
2019-04-26	9373	9373	9283	9308	6775	-0.010734403230949097
2019-04-29	9355	9475	9340	9448	1788	0.015040825096690913
2019-04-30	9455	9470	9374	9473	13831	0.0026460626587636593
2019-05-02	9398	9515	9398	9473	149	0.0
2019-05-03	9408	9408	9369	9381	3306	-0.00971181251979314
2019-05-07	9273	9273	9230	9270	58	-0.011832427246562194
2019-05-08	9186	9316	9186	9284	512	0.0015102481121898048
2019-05-09	9268	9268	8979	8981	973	-0.03263679448513568
2019-05-10	8979	8993	8902	8937	137	-0.004899231711390728
2019-05-13	8907	8907	8791	8792	260	-0.016224683898399928
2019-05-14	8737	8868	8737	8807	2253	0.001706096451319361
2019-05-15	8791	8950	8791	8951	418	0.016350630180538284
2019-05-16	8950	8950	8868	8870	2530	-0.009049268238185637
2019-05-17	8955	8955	8858	8860	1020	-0.0011273957158962622
2019-05-20	8844	8849	8752	8754	15	-0.011963882618510113
2019-05-21	8715	8834	8715	8764	135678	0.0011423349326022958
2019-05-22	8825	8825	8752	8773	6305	0.0010269283432222664
2019-05-23	8742	8742	8705	8745	314	-0.0031916106235039265
2019-05-24	8719	8723	8685	8686	118	-0.006746712407089794
2019-05-27	8737	8782	8695	8725	4376	0.004489983882109083
2019-05-28	8796	8806	8767	8807	6626	0.009398280802292325
2019-05-29	8715	8715	8603	8605	5014	-0.022936300669921694
2019-05-30	8622	8642	8550	8643	295	0.004416037187681576
2019-05-31	8579	8642	8579	8628	16	-0.001735508503991623
2019-06-03	8579	8627	8530	8628	6550	0.0
2019-06-04	8665	8700	8660	8686	48492	0.006722299490032446
2019-06-05	8715	8723	8675	8677	162	-0.0010361501266406004
2019-06-07	8675	8757	8660	8725	2037	0.005531865852253182
2019-06-10	8772	8858	8772	8807	54763	0.009398280802292325
2019-06-11	8820	8926	8820	8928	1481	0.013739071193368924
2019-06-12	8926	9013	8926	8951	1725	0.0025761648745519228
2019-06-13	8974	9032	8902	9033	760	0.00916098759915096
2019-06-14	9023	9023	8950	8951	812	-0.00907782575002769
2019-06-17	8979	8979	8907	8908	680	-0.004803932521506016
2019-06-18	8960	8960	8907	8942	1245	0.003816793893129722
2019-06-19	8998	9008	8983	8985	243	0.004808767613509346
2019-06-20	8983	8998	8983	8990	31	0.0005564830272677401
2019-06-21	9008	9018	8979	8981	494	-0.0010011123470522465
2019-06-24	9008	9050	8988	9023	207586	0.004676539360872978
2019-06-25	9028	9028	8930	8956	411	-0.007425468247811096
2019-06-26	8916	8935	8863	8865	1200802	-0.01016078606520765
2019-06-27	8912	8979	8912	8928	5390	0.007106598984771617
2019-06-28	8887	8887	8825	8865	1107	-0.007056451612903247
2019-07-01	8945	8955	8930	8947	980	0.009249858996051907
2019-07-02	8945	8974	8935	8956	394	0.0010059237733317516
2019-07-03	8955	8955	8892	8893	21	-0.00703439035283604
2019-07-04	8873	8897	8777	8898	207708	0.0005622399640166087
2019-07-05	8926	8998	8926	8976	15042	0.008766014834794333
2019-07-08	8916	8916	8727	8735	8312	-0.026849376114082002
2019-07-09	8723	8762	8583	8595	15051	-0.01602747567258156
2019-07-10	8579	8618	8579	8600	6200	0.0005817335660267542
2019-07-11	8603	8742	8603	8720	12030	0.013953488372093092
2019-07-12	8700	8737	8670	8725	9623	0.0005733944954129377
2019-07-15	8747	8772	8665	8700	20402	-0.002865329512893977
2019-07-16	8727	8762	8650	8730	6012	0.0034482758620688614
2019-07-17	8727	8727	8627	8653	685	-0.008820160366552088
2019-07-18	8632	8690	8622	8643	522	-0.0011556685542586376
2019-07-19	8670	8762	8650	8754	21302	0.012842762929538454
2019-07-22	8742	8757	8710	8754	502	0.0
2019-07-23	8705	8767	8705	8745	1531	-0.0010281014393420662
2019-07-24	8723	8732	8650	8663	52	-0.00937678673527731
2019-07-25	8664	8664	8477	8570	646	-0.010735311093154842
2019-07-26	8507	8574	8473	8523	857	-0.005484247374562434
2019-07-29	8502	8502	8280	8282	19087	-0.028276428487621685
2019-07-30	8275	8382	8275	8354	1875	0.008693552282057482
2019-07-31	8362	8362	8250	8330	5173	-0.002872875269332109
2019-08-01	8323	8386	8260	8295	8120	-0.004201680672268893
2019-08-02	8193	8217	8130	8160	407	-0.016274864376130238
2019-08-05	8120	8160	7817	7823	268828	-0.0412990196078431
2019-08-06	7755	7900	7552	7688	102388	-0.017256806851591477
2019-08-07	7842	7842	7609	7698	95812	0.0013007284079085135
2019-08-08	7692	7947	7692	7925	2103201	0.02948817874772658
2019-08-09	7962	7962	7865	7930	15817	0.0006309148264984632
2019-08-12	7967	7967	7842	7890	330	-0.0050441361916772065
2019-08-13	7885	8193	7832	7910	1002922	0.0025348542458809575
2019-08-14	8044	8044	7885	7940	453939	0.0037926675094817064
2019-08-16	7937	7937	7832	7857	1873	-0.010453400503778298
2019-08-19	7890	8034	7890	8036	431506	0.0227822324042255
2019-08-20	8034	8087	7991	8084	434422	0.0059731209556994624
2019-08-21	8087	8125	8029	8128	399290	0.00544285007422074
2019-08-22	8145	8145	8078	8098	198761	-0.0036909448818898127
2019-08-23	8125	8125	8019	8064	186	-0.004198567547542553
2019-08-26	7793	7947	7793	7877	411	-0.023189484126984072
2019-08-27	7885	7972	7837	7886	2783363	0.0011425669671194516
2019-08-28	7914	8005	7890	8002	57	0.014709611970580738
2019-08-29	7977	8009	7977	8002	53	0.0
2019-08-30	8087	8116	8078	8118	249000	0.014496375906023484
2019-09-02	8083	8169	8083	8170	260553	0.006405518600640647
2019-09-03	8125	8217	8125	8170	437535	0.0
2019-09-04	8145	8280	8145	8282	55389	0.01370869033047728
2019-09-05	8275	8290	8250	8258	321938	-0.0028978507606858273
2019-09-06	8260	8300	8212	8228	205669	-0.0036328408815693436
2019-09-09	8242	8295	8184	8195	83306	-0.004010695187165791
2019-09-10	8227	8314	8203	8315	736516	0.014643075045759568
2019-09-11	8342	8415	8310	8417	686486	0.012266987372218985
2019-09-16	8419	8492	8419	8493	94974	0.009029345372460584
2019-09-17	8483	8535	8458	8508	347295	0.0017661603673613246
2019-09-18	8535	8535	8468	8513	104601	0.0005876821814763122
2019-09-19	8483	8525	8463	8488	132533	-0.0029366850698930858
2019-09-20	8478	8545	8458	8547	54625	0.006950989632422244
2019-09-23	8545	8569	8497	8513	25502	-0.003978003978003963
2019-09-24	8492	8550	8478	8551	97	0.00446376130623749
2019-09-25	8569	8569	8391	8392	1332	-0.01859431645421583
2019-09-26	8429	8473	8332	8387	3493	-0.0005958055290753439
2019-09-27	8386	8386	8270	8315	145	-0.008584714439012764
2019-09-30	8305	8347	8255	8345	2534	0.0036079374624173877
2019-10-01	8332	8429	8295	8412	35992	0.008028759736369073
2019-10-02	8342	8342	8265	8267	162	-0.01723728007608183
2019-10-04	8255	8255	8130	8132	796	-0.01632998669408492
2019-10-07	8073	8097	8044	8098	1001	-0.004181013280865731
2019-10-08	8097	8193	8097	8185	122026	0.010743393430476589
2019-10-10	8135	8155	8039	8113	174	-0.008796579108124591
2019-10-11	8135	8160	8083	8108	957	-0.000616294835449227
2019-10-14	8169	8246	8169	8248	118	0.017266896891958483
2019-10-15	8246	8310	8242	8290	190299	0.005092143549951578
2019-10-16	8290	8377	8290	8359	87192	0.008323281061519916
2019-10-17	8357	8382	8305	8335	13726	-0.002871156836942168
2019-10-18	8367	8377	8314	8335	1196144	0.0
2019-10-21	8362	8362	8260	8290	982	-0.005398920215956782
2019-10-22	8327	8396	8310	8377	14872	0.010494571773220773
2019-10-23	8347	8347	8255	8277	256813	-0.01193744777366601
2019-10-24	8242	8275	8184	8277	202257	0.0
2019-10-25	8260	8280	8217	8282	440	0.0006040836051710574
2019-10-28	8318	8352	8290	8335	836327	0.0063994204298478685
2019-10-29	8337	8377	8295	8320	7677	-0.001799640071985631
2019-10-30	8280	8280	8208	8248	1394	-0.008653846153846123
2019-10-31	8237	8275	8232	8277	78	0.003516003879728391
2019-11-01	8255	8255	8217	8248	288	-0.0035036849099915335
2019-11-04	8275	8401	8275	8387	205385	0.016852570320077698
2019-11-05	8386	8401	8372	8402	7616	0.0017884821747942148
2019-11-06	8382	8434	8377	8407	14443	0.0005950964056176122
2019-11-07	8406	8406	8386	8402	87	-0.0005947424765077036
2019-11-08	8406	8424	8372	8421	245	0.002261366341347326
2019-11-11	8419	8419	8327	8354	115	-0.007956299726873284
2019-11-12	8367	8391	8347	8392	226	0.004548719176442395
2019-11-13	8352	8367	8310	8325	1495	-0.007983794089609142
2019-11-14	8323	8352	8290	8350	3769	0.0030030030030030463
2019-11-15	8318	8429	8318	8402	249	0.006227544910179628
2019-11-18	8401	8401	8323	8382	496	-0.002380385622470893
2019-11-19	8318	8347	8255	8330	4854	-0.006203769983297525
2019-11-20	8265	8280	8184	8223	219748	-0.012845138055222138
2019-11-21	8212	8217	8053	8113	3927	-0.013377112975799577
2019-11-22	8130	8165	8107	8151	60689	0.004683840749414525
2019-11-25	8179	8275	8169	8277	3868	0.015458225984541718
2019-11-26	8290	8323	8242	8325	218	0.005799202609641174
2019-11-27	8372	8382	8275	8367	188754	0.0050450450450449935
2019-11-28	8323	8347	8285	8320	3779	-0.005617306083422924
2019-11-29	8367	8367	8232	8277	40745	-0.005168269230769185
2019-12-02	8265	8295	8232	8277	4362	0.0
2019-12-03	8232	8246	8160	8248	327	-0.0035036849099915335
2019-12-04	8150	8193	8120	8170	4080	-0.009456838021338454
2019-12-05	8179	8184	8044	8137	7888	-0.0040391676866584625
2019-12-06	8130	8155	8107	8142	5387	0.0006144770800049493
2019-12-09	8145	8145	8001	8041	8757294	-0.012404814541881581
2019-12-10	8044	8116	8044	8118	9721	0.009575923392612928
2019-12-11	8125	8165	8073	8165	61790	0.005789603350578876
2019-12-12	8174	8255	8165	8258	7196	0.011390079608083248
2019-12-13	8310	8323	8250	8295	12826	0.004480503753935494
2019-12-16	8318	8318	8227	8286	13398	-0.0010849909584086381
2019-12-17	8246	8305	8232	8305	29690	0.002293024378469788
2019-12-18	8255	8310	8242	8286	32949	-0.002287778446718791
2019-12-19	8280	8300	8255	8300	13244	0.0016895969104513409
2019-12-20	8300	8323	8265	8325	6222	0.003012048192771122
2019-12-23	8323	8337	8300	8340	110986	0.0018018018018017834
2019-12-24	8318	8337	8290	8330	14915	-0.0011990407673860837
2019-12-26	8323	8362	8280	8354	2344	0.0028811524609844152
2019-12-27	8401	8516	8391	8498	17003	0.017237251615992433
2019-12-30	8492	8535	8478	8532	16525	0.004000941397976021
2020-01-02	8540	8540	8449	8484	5061	-0.005625879043600568
2020-01-03	8468	8502	8386	8455	19567	-0.003418198962753416
2020-01-06	8337	8367	8246	8272	7245	-0.021643997634535728
2020-01-07	8285	8337	8285	8335	7982	0.007616054158607444
2020-01-08	8250	8250	8039	8069	13389	-0.03191361727654474
2020-01-09	8155	8212	8150	8205	2002	0.016854628826372453
2020-01-10	8193	8265	8165	8267	7215	0.007556368068251107
2020-01-13	8246	8357	8237	8345	5039	0.009435103423249158
2020-01-14	8352	8391	8337	8392	210183	0.005632115038945562
2020-01-15	8362	8439	8337	8441	5615	0.005838894184938104
2020-01-16	8439	8439	8382	8431	97323	-0.0011846937566638571
2020-01-17	8429	8439	8386	8402	293	-0.003439686869884939
2020-01-20	8377	8444	8367	8382	6600	-0.002380385622470893
2020-01-21	8362	8410	8280	8300	4247	-0.009782868050584592
2020-01-22	8290	8406	8290	8407	116291	0.012891566265060161
2020-01-23	8357	8382	8318	8354	3354	-0.0063042702509813475
2020-01-28	8145	8155	8039	8093	1633	-0.031242518553986076
2020-01-29	8068	8092	7977	8064	1663	-0.003583343630297775
2020-01-30	8049	8092	7904	7920	48108	-0.017857142857142905
2020-01-31	7942	7942	7750	7790	31637	-0.016414141414141437
2020-02-03	7668	7735	7582	7737	66337	-0.0068035943517329445
2020-02-04	7745	7846	7716	7823	927	0.01111541941320926
2020-02-05	7817	7855	7788	7823	2434	0.0
2020-02-06	7842	8049	7842	8046	2834	0.028505688354851122
2020-02-07	8001	8001	7932	7958	603	-0.010937111608252503
2020-02-10	7851	7962	7842	7963	138517	0.0006282985674792574
2020-02-11	7977	8044	7977	8046	614	0.010423207333919438
2020-02-12	8024	8083	7972	8084	656	0.004722843649018094
2020-02-13	8078	8078	7996	8012	878	-0.008906481939633837
2020-02-14	8009	8009	7962	8007	88	-0.0006240639041438234
2020-02-17	7982	8014	7957	8017	207	0.0012489072061945272
2020-02-18	7957	7982	7895	7915	302	-0.012722963702132994
2020-02-19	7914	7957	7793	7867	23813	-0.006064434617814252
2020-02-20	7865	7865	7740	7760	11893	-0.013601118596669681
2020-02-21	7683	7692	7586	7607	27269	-0.019716494845360866
2020-02-24	7432	7442	7239	7279	157020	-0.04311818062311035
2020-02-25	7320	7397	7258	7400	7372	0.01662316252232454
2020-02-26	7306	7365	7263	7365	4179	-0.004729729729729737
2020-02-27	7340	7407	7268	7318	31468	-0.006381534283774637
2020-02-28	7229	7234	7017	7090	77789	-0.03115605356654827
2020-03-02	7089	7147	7002	7149	144553	0.008321579689703817
2020-03-03	7239	7253	7104	7167	74057	0.0025178346621905767
2020-03-04	7190	7273	7190	7274	471	0.01492953816101572
2020-03-05	7316	7397	7229	7400	6528	0.017321968655485298
2020-03-06	7325	7325	7177	7254	1850	-0.01972972972972975
2020-03-09	7089	7089	6945	7042	20485	-0.0292252550317067
2020-03-10	6955	7007	6896	7009	15325	-0.004686168702073279
2020-03-11	7002	7017	6709	6817	88466	-0.02739335140533594
2020-03-12	6719	6742	6309	6435	105919	-0.056036379639137435
2020-03-13	5686	6135	5686	6107	19619	-0.05097125097125099
2020-03-16	6155	6155	5986	6006	13303	-0.01653839855903061
2020-03-17	5590	5981	5590	5967	25126	-0.00649350649350644
2020-03-18	5884	5942	5590	5635	38525	-0.0556393497569968
2020-03-19	5657	5677	4848	5008	160724	-0.11126885536823428
2020-03-20	4983	5469	4896	5472	2786	0.09265175718849838
2020-03-23	4988	5141	4944	5067	3010	-0.07401315789473684
2020-03-24	5064	5392	5064	5394	4271	0.0645352279455298
2020-03-25	5523	5754	5455	5756	18732	0.06711160548757888
2020-03-26	5783	5990	5686	5857	5424	0.017546907574704562
2020-03-27	6077	6111	5696	5934	2987	0.013146662113710184
2020-03-30	5749	6054	5730	6030	986	0.016177957532861553
2020-03-31	6125	6289	6121	6290	10108	0.04311774461028195
2020-04-01	6289	6424	6111	6190	6138	-0.015898251192368873
2020-04-02	6188	6274	6000	6277	38359	0.014054927302100229
2020-04-03	6279	6323	6188	6305	18306	0.00446072964792088
2020-04-06	6309	6583	6309	6585	12514	0.04440919904837437
2020-04-07	6704	6762	6545	6763	19698	0.027031131359149585
2020-04-08	6762	6839	6637	6749	3831	-0.0020700872393908387
2020-04-09	6863	6863	6752	6830	2091	0.01200177804119118
2020-04-10	6829	6896	6714	6825	1419	-0.0007320644216690653
2020-04-13	6891	6891	6742	6744	341	-0.011868131868131848
2020-04-14	6709	6940	6709	6884	2744	0.020759193357058114
2020-04-16	6858	6940	6781	6941	1863	0.008280069726902983
2020-04-17	7022	7055	6965	7019	4501	0.01123757383662305
2020-04-20	7089	7195	6997	7130	21166	0.015814218549651038
2020-04-21	7070	7104	6882	6980	3939	-0.02103786816269282
2020-04-22	6882	7051	6829	7052	1361	0.010315186246418362
2020-04-23	7075	7132	7051	7125	3033	0.010351673284174634
2020-04-24	7114	7123	7037	7047	1101	-0.010947368421052595
2020-04-27	7065	7234	7065	7207	1380	0.022704697034198862
2020-04-28	7264	7264	7137	7217	2618	0.0013875398917719828
2020-04-29	7274	7303	7269	7299	1596	0.011362061798531276
2020-05-04	7225	7225	7108	7109	1944	-0.026030963145636354
2020-05-06	7220	7220	7108	7207	1820	0.013785342523561672
2020-05-07	7167	7215	7157	7197	2869	-0.0013875398917718718
2020-05-08	7240	7308	7240	7294	396	0.013477837988050467
2020-05-11	7284	7337	7245	7304	2478	0.0013709898546749866
2020-05-12	7357	7357	7162	7240	384	-0.008762322015334112
2020-05-13	7103	7250	7088	7250	7599	0.0013812154696133394
2020-05-14	7259	7293	7190	7294	349	0.006068965517241454
2020-05-15	7352	7352	7303	7339	845	0.006169454346037773
2020-05-18	7435	7440	7342	7441	8002	0.013898351274015619
2020-05-19	7547	7582	7518	7544	2463	0.01384222550732428
2020-05-20	7562	7615	7562	7617	555	0.009676564156945844
2020-05-21	7669	7674	7615	7665	1984	0.006301693580149648
2020-05-22	7689	7689	7489	7509	427	-0.020352250489236834
2020-05-25	7645	7645	7532	7631	316	0.016247170062591465
2020-05-26	7645	7737	7635	7739	1508	0.014152797798453687
2020-05-27	7767	7830	7767	7802	48330	0.008140586639100666
2020-05-28	7815	7815	7577	7665	2693	-0.017559600102537765
2020-05-29	7689	7737	7620	7636	1021	-0.0037834311806914656
2020-06-01	7727	7767	7625	7767	1454	0.017155578837087404
2020-06-02	7825	7903	7825	7904	1035	0.01763872795159016
2020-06-03	7957	8064	7957	8026	661	0.015435222672064874
2020-06-04	8167	8172	8020	8051	380579	0.0031148766508846126
2020-06-05	8089	8210	8020	8212	1262	0.019997515836541968
2020-06-08	8322	8342	8210	8236	2000	0.00292255236239658
2020-06-09	8177	8362	8177	8339	2011	0.012506070908207878
2020-06-10	8450	8450	8332	8353	2939	0.0016788583763041043
2020-06-11	8425	8425	8172	8251	7795	-0.012211181611397115
2020-06-12	7952	8040	7903	8036	4420	-0.02605744758211126
2020-06-15	7913	7967	7547	7548	1753	-0.060726729716276795
2020-06-16	7674	8030	7674	8031	9552	0.06399046104928452
2020-06-17	8030	8104	7864	8002	12576	-0.0036110073465321912
2020-06-18	8015	8099	7972	8075	381	0.009122719320169947
2020-06-19	8069	8079	7952	7982	7461	-0.011517027863777063
2020-06-22	7922	7962	7903	7924	748	-0.007266349285893314
2020-06-23	7952	7996	7786	7865	5709	-0.007445734477536603
2020-06-24	7962	8001	7922	7967	88518	0.012968849332485766
2020-06-25	7840	7889	7805	7812	1714	-0.01945525291828798
2020-06-26	7913	7913	7762	7836	1495	0.003072196620583778
2020-06-29	7742	7777	7698	7714	3041	-0.015569167942827922
2020-06-30	7830	7864	7777	7817	15130	0.013352346383199487
2020-07-01	7869	7869	7762	7767	885	-0.0063963157221440525
2020-07-02	7845	7864	7825	7865	828	0.012617484228144793
2020-07-03	7869	7942	7815	7944	104	0.010044500953591884
2020-07-06	7977	8064	7908	8036	1163	0.01158106747230625
2020-07-07	8035	8059	7977	7977	142	-0.007341961174713751
2020-07-08	7991	8020	7962	7987	399	0.0012536041118214047
2020-07-09	8025	8030	7991	8002	1690	0.0018780518342307317
2020-07-10	8010	8010	7903	7939	1684	-0.00787303174206444
2020-07-13	8030	8089	7977	8075	62721	0.017130620985010614
2020-07-14	8147	8147	8050	8109	558	0.004210526315789442
2020-07-15	8167	8196	8064	8129	2400	0.002466395363176721
2020-07-16	8162	8191	8084	8124	3095	-0.0006150818058802132
2020-07-17	8122	8157	8094	8134	3487	0.0012309207287051205
2020-07-20	8196	8269	8132	8270	2073	0.016719940988443538
2020-07-21	8352	8557	8352	8524	2047	0.03071342200725513
2020-07-22	8586	8694	8527	8656	113185	0.015485687470671028
2020-07-23	8654	8664	8586	8636	605	-0.002310536044362266
2020-07-24	8674	8714	8601	8661	2441	0.002894858730893901
2020-07-27	8611	8782	8611	8719	7385	0.006696686294885179
2020-07-28	8782	8801	8684	8744	683	0.002867301296020086
2020-07-29	8645	8782	8645	8719	608	-0.002859103385178363
2020-07-30	8727	8806	8704	8782	3351	0.007225599265970883
2020-07-31	8772	8772	8689	8719	1241	-0.007173764518332959
2020-08-03	8811	8811	8621	8729	1150	0.0011469205184080344
2020-08-04	8727	8947	8727	8949	555	0.0252033451712681
2020-08-05	9031	9133	9006	9119	6709	0.01899653592580175
2020-08-06	9118	9216	9104	9216	8257	0.010637131264392918
2020-08-07	9318	9318	9137	9251	1476	0.0037977430555555802
2020-08-10	9249	9441	9147	9426	6894	0.018916873851475557
2020-08-11	9659	9659	9489	9514	5429	0.009335879482283094
2020-08-12	9577	9621	9441	9558	6586	0.004624763506411611
2020-08-13	9616	9669	9484	9558	1062	0.0
2020-08-14	9714	9714	9382	9499	270	-0.006172839506172867
2020-08-18	9499	9499	9084	9104	2506	-0.041583324560480084
2020-08-19	9221	9299	9172	9281	1594	0.019442003514938522
2020-08-20	9186	9274	8952	8973	1532	-0.03318607908630533
2020-08-21	9079	9167	8967	9104	1727	0.014599353616404853
2020-08-24	9104	9186	9001	9153	419	0.0053822495606326015
2020-08-25	9338	9377	9264	9378	1850	0.024582104228122015
2020-08-26	9474	9474	9177	9294	596	-0.00895713371721052
2020-08-27	9381	9381	9133	9153	1276	-0.015171078114912806
2020-08-28	9172	9328	9172	9246	1970	0.01016060308095712
2020-08-31	9274	9469	9274	9466	2335	0.023794073112697323
2020-09-01	9552	9552	9416	9553	341	0.009190788083667911
2020-09-02	9664	9664	9547	9636	118	0.008688370145504054
2020-09-03	9669	9757	9669	9724	319	0.009132420091324311
2020-09-04	9464	9714	9441	9714	2092	-0.0010283833813246046
2020-09-07	9767	9836	9689	9803	3079	0.009162034177475853
2020-09-08	9796	9874	9664	9724	520	-0.008058757523207172
2020-09-09	9674	9674	9489	9524	1479	-0.020567667626491204
2020-09-10	9538	9601	9523	9568	9088	0.00461990760184805
2020-09-11	9616	9616	9523	9597	560	0.003030936454849531
2020-09-14	9601	9718	9601	9709	3765	0.011670313639678964
2020-09-15	9806	9806	9674	9748	477	0.004016891543928258
2020-09-16	9841	9841	9659	9690	346	-0.005949938448912562
2020-09-17	9786	9786	9557	9593	221	-0.010010319917440613
2020-09-18	9591	9606	9514	9607	639	0.0014593974773271512
2020-09-21	9728	9728	9396	9509	4589	-0.010200895180597525
2020-09-22	9484	9484	9137	9178	12765	-0.03480912819434223
2020-09-23	9264	9269	9049	9207	853	0.0031597297886249986
2020-09-24	9064	9064	8801	8851	422	-0.03866623221461929
2020-09-25	8991	8991	8821	8909	199	0.006552931872104928
2020-09-28	8932	9074	8932	9066	903	0.017622628802334672
2020-09-29	9249	9249	9099	9178	1422	0.012353849547760865
2020-10-05	9206	9381	9206	9358	855	0.01961211592939649
2020-10-06	9381	9406	9304	9363	118	0.0005343022013251097
2020-10-07	9377	9421	9304	9402	147	0.004165331624479407
2020-10-08	9416	9543	9416	9499	657	0.010316953839608622
2020-10-12	9523	9567	9514	9558	175	0.006211180124223503
2020-10-13	9509	9509	9377	9436	105	-0.0127641766059845
2020-10-14	9411	9416	9314	9314	436	-0.012929207291225042
2020-10-15	9416	9416	9201	9241	192	-0.007837663732016331
2020-10-16	9254	9279	9040	9149	155	-0.009955632507304357
2020-10-19	9221	9269	9186	9236	1036	0.009509235982074538
2020-10-20	9049	9167	8982	9168	1412	-0.007362494586401036
2020-10-21	9264	9328	9191	9329	3675	0.01756108202443274
2020-10-22	9196	9269	9186	9261	126	-0.0072890985100224626
2020-10-23	9357	9357	9226	9314	68	0.0057229240902709755
2020-10-26	9226	9362	9137	9149	165	-0.017715267339488916
2020-10-27	9177	9211	9089	9114	110	-0.0038255547054323324
2020-10-28	8991	9269	8991	9271	62	0.01722624533684436
2020-10-29	9191	9269	9114	9271	207	0.0
2020-10-30	9191	9191	8986	9012	335	-0.027936576421098036
2020-11-02	9045	9137	9045	9139	129	0.014092321349312042
2020-11-03	9137	9426	9137	9407	693	0.029324871430134625
2020-11-04	9581	9601	9459	9509	1391	0.010842989263314617
2020-11-05	9499	9679	9499	9681	587	0.018088127037543478
2020-11-06	9841	9841	9649	9681	599	0.0
2020-11-09	9767	10041	9767	10012	3259	0.03419068278070436
2020-11-10	10094	10128	10016	10100	725	0.008789452656811747
2020-11-11	10011	10133	10011	10124	2586	0.0023762376237623783
2020-11-12	10221	10221	10094	10173	3258	0.004839984195969871
2020-11-13	10046	10109	9977	10110	1073	-0.006192863462105569
2020-11-16	10226	10226	10138	10203	446	0.009198813056379818
2020-11-17	10162	10250	10143	10178	1539	-0.002450259727531101
2020-11-18	10177	10289	10177	10213	567	0.003438789546079679
2020-11-19	10162	10167	10094	10168	158	-0.004406149025751538
2020-11-20	10211	10264	10177	10256	603	0.008654602675058909
2020-11-23	10289	10416	10231	10383	1507	0.012382995319812684
2020-11-24	10401	10431	10299	10358	3559	-0.0024077819512664522
2020-11-25	10372	10391	10143	10226	1436	-0.012743772929136865
2020-11-26	10309	10309	10186	10266	1576	0.003911597887737095
2020-11-27	10191	10377	10191	10378	84	0.010909799337619264
2020-11-30	10441	10441	10358	10358	2346	-0.0019271535941414175
2020-12-01	10401	10436	10363	10421	4560	0.006082255261633529
2020-12-02	10499	10499	10381	10417	3106	-0.00038384032242588795
2020-12-03	10523	10523	10367	10421	949	0.00038398771239323004
2020-12-04	10484	10484	10299	10339	3089	-0.00786872660973037
2020-12-07	10494	10494	10191	10315	3146	-0.0023213076699873936
2020-12-08	10391	10391	10186	10188	345	-0.012312166747455167
2020-12-09	10309	10343	10226	10344	3647	0.01531213191990588
2020-12-10	10353	10494	10226	10436	2997	0.008894044856921912
2020-12-11	10596	10646	10548	10603	2086	0.016002299731697978
2020-12-14	10709	10709	10479	10578	1306	-0.0023578232575686142
2020-12-15	10699	10699	10465	10626	1840	0.004537719795802531
2020-12-16	10763	10763	10679	10734	2011	0.010163749294184177
2020-12-17	10781	10836	10704	10836	2601	0.009502515371716092
2020-12-18	10981	10981	10899	10958	3350	0.011258767072720666
2020-12-21	11153	11158	10973	11144	8108	0.016973900346778592
2020-12-22	11163	11241	10826	10827	30118	-0.028445800430725088
2020-12-23	10986	10986	10704	10710	2585	-0.010806317539484578
2020-12-24	10806	10806	10694	10753	681	0.004014939309056942
2020-12-28	10889	10889	10684	10700	4419	-0.0049288570631451645
2020-12-29	10986	11036	10884	11036	2255	0.03140186915887844
2020-12-30	11143	11265	11026	11256	25081	0.019934758970641564
2021-01-04	11495	11700	11290	11666	26062	0.036425017768301426
2021-01-05	11700	11918	11553	11905	4800	0.02048688496485518
2021-01-06	12041	12041	11792	11803	15859	-0.008567828643427089
2021-01-07	12031	12095	11928	12037	10005	0.019825468101330124
2021-01-08	12110	12182	12041	12071	8436	0.0028246240757663355
2021-01-11	12295	12295	11636	11832	16368	-0.019799519509568375
2021-01-12	11831	11968	11650	11866	14667	0.002873563218390718
2021-01-13	12021	12021	11816	11880	9011	0.0011798415641328663
2021-01-14	11880	12065	11860	12012	28743	0.011111111111111072
2021-01-15	12095	12231	11811	11866	12086	-0.012154512154512132
2021-01-18	11763	11890	11626	11695	3334	-0.014410921961907963
2021-01-19	11811	11973	11738	11935	6242	0.02052159042325785
2021-01-20	12197	12197	11948	12110	4771	0.014662756598240456
2021-01-21	12305	12353	12197	12349	8319	0.019735755573905944
2021-01-22	12485	12533	12318	12417	60503	0.005506518746457134
2021-01-25	12543	12587	12417	12588	31075	0.013771442377385812
2021-01-26	12690	12690	12377	12437	16371	-0.011995551318716213
2021-01-27	12553	12553	12265	12305	9188	-0.010613491999678426
2021-01-28	12095	12202	11968	12071	8774	-0.01901665989435186
2021-01-29	12216	12216	11416	11598	9748	-0.039184823129815305
2021-02-01	11513	11977	11509	11978	8752	0.03276426970167279
2021-02-02	12011	12192	11895	12052	8621	0.006177992987143055
2021-02-03	12105	12212	12026	12212	6632	0.013275804845668704
2021-02-04	12353	12353	12002	12140	5042	-0.005895840157222443
2021-02-05	12245	12245	12065	12173	5295	0.0027182866556836327
2021-02-08	12318	12318	12168	12257	2979	0.006900517538815487
2021-02-09	12255	12290	12212	12232	1881	-0.0020396508117810352
2021-02-10	12168	12368	12123	12325	11247	0.007603008502289121
2021-02-15	12368	12485	12368	12485	3189	0.012981744421906694
2021-02-16	12563	12563	12377	12490	3472	0.0004004805766919528
2021-02-17	12490	12490	12280	12403	7965	-0.0069655724579663625
2021-02-18	12465	12495	12309	12310	3151	-0.007498185922760636
2021-02-19	12216	12285	11963	12285	7934	-0.002030869212022779
2021-02-22	12485	12485	12250	12320	9468	0.002849002849002913
2021-02-23	12250	12250	12095	12168	50907	-0.012337662337662314
2021-02-24	12295	12295	11777	11778	12575	-0.03205128205128205
2021-02-25	12080	12148	11923	12149	11639	0.03149940567159115
2021-02-26	11797	12016	11777	12017	3852	-0.010865091777101044
2021-03-02	12216	12245	11900	12032	5377	0.0012482316717983277
2021-03-03	12031	12197	12031	12188	4427	0.012965425531914931
2021-03-04	12113	12128	11977	12105	1401	-0.00680997702658348
2021-03-05	11953	12080	11836	12080	3646	-0.0020652622883106098
2021-03-08	12177	12177	11855	11900	10899	-0.01490066225165565
2021-03-09	11900	11933	11611	11710	3833	-0.015966386554621903
2021-03-10	11890	11890	11650	11720	8767	0.000853970964987294
2021-03-11	11777	11836	11685	11763	2602	0.0036689419795221667
2021-03-12	11850	12133	11850	12120	19184	0.030349400663096215
2021-03-15	12090	12168	12060	12095	936	-0.0020627062706271015
2021-03-16	12173	12338	12173	12340	1984	0.02025630425795777
2021-03-17	12305	12348	12226	12349	2846	0.00072933549432741
2021-03-18	12480	12480	12348	12408	4837	0.0047777147947201115
2021-03-19	12305	12412	12236	12412	2515	0.0003223726627981094
2021-03-22	12392	12543	12392	12500	5994	0.007089912987431557
2021-03-23	12622	12670	12368	12378	3925	-0.009759999999999991
2021-03-24	12368	12470	12295	12417	11426	0.0031507513330102377
2021-03-25	12460	12548	12445	12500	1551	0.0066843843118304935
2021-03-26	12700	12919	12700	12910	16413	0.03279999999999994
2021-03-29	12973	12982	12782	12847	29895	-0.004879938032532949
2021-03-30	12845	12845	12695	12774	1408	-0.005682260449910492
2021-03-31	12773	12905	12738	12793	2885	0.0014873962736809965
2021-04-01	12705	12773	12705	12764	1715	-0.0022668646916281787
2021-04-02	12773	12773	12675	12735	3220	-0.0022720150423064522
2021-04-05	12860	12860	12748	12779	1174	0.0034550451511581315
2021-04-06	12958	12958	12733	12803	1170	0.001878081227013162
2021-04-07	12763	12919	12763	12920	1417	0.009138483168007472
2021-04-08	12919	13036	12919	12998	3390	0.006037151702786403
2021-04-09	13022	13095	13022	13086	878	0.006770272349592155
2021-04-12	13095	13124	13041	13086	2346	0.0
2021-04-13	13050	13192	13050	13164	8320	0.0059605685465382585
2021-04-14	13300	13300	13129	13257	3076	0.007064721969006316
2021-04-15	13255	13339	13237	13325	3131	0.005129365618163906
2021-04-16	13324	13450	13324	13437	3306	0.008405253283302105
2021-04-19	13534	13558	13368	13515	11888	0.005804867157847671
2021-04-20	13627	13734	13514	13735	31366	0.016278209396966226
2021-04-21	13734	13734	13480	13564	43645	-0.012449945394976347
2021-04-22	13587	13802	13587	13754	92309	0.014007667354762665
2021-04-23	13685	13782	13582	13730	60550	-0.0017449469245310878
2021-04-26	13744	13919	13744	13915	6393	0.013474144209759675
2021-04-27	14041	14041	13846	13935	5025	0.0014372978799856995
2021-04-28	14061	14061	13777	13857	25122	-0.005597416576964442
2021-04-29	13910	13910	13713	13857	6902	0.0
2021-04-30	13930	13930	13659	13739	11327	-0.008515551706718583
2021-05-03	13659	13743	13314	13344	14582	-0.028750272945629263
2021-05-04	13339	13339	13009	13310	8532	-0.0025479616306954833
2021-05-06	13339	13743	13339	13734	2843	0.03185574755822684
2021-05-07	13812	14073	13812	14039	29722	0.022207659822338632
2021-05-10	14053	14418	14053	14418	40392	0.02699622480233632
2021-05-11	14231	14457	14231	14448	34366	0.0020807324178111486
2021-05-12	14492	14492	14201	14413	62888	-0.002422480620155043
2021-05-13	14083	14526	14068	14069	49853	-0.023867341982932055
2021-05-14	14339	14339	13999	14093	28155	0.0017058781718672922
2021-05-17	14191	14191	13841	13896	26537	-0.013978570921734157
2021-05-18	14043	14117	13945	14118	2454	0.015975820379965366
2021-05-20	14034	14226	14014	14226	4609	0.007649808754781162
2021-05-21	14226	14285	14073	14172	69969	-0.003795866722901775
2021-05-24	14137	14216	14048	14182	7188	0.0007056167090035981
2021-05-25	14275	14354	14186	14354	74486	0.012128049640389271
2021-05-26	14354	14541	14354	14487	14177	0.009265709906646213
2021-05-27	14556	14630	14442	14630	32814	0.009870918754745661
2021-05-28	14630	14728	14630	14714	8670	0.00574162679425827
2021-05-31	14768	14768	14649	14689	13250	-0.001699062117710981
2021-06-01	14802	14817	14644	14768	13538	0.005378174143917169
2021-06-02	14768	15019	14768	14960	10137	0.01300108342361872
2021-06-03	15009	15009	14851	14896	7126	-0.004278074866310155
2021-06-04	14984	15024	14871	14990	10340	0.006310418904403869
2021-06-07	15063	15211	14935	15211	20165	0.014743162108072028
2021-06-08	15236	15236	14994	15034	21354	-0.01163631582407465
2021-06-09	14970	15112	14881	14906	53025	-0.008514034854330221
2021-06-10	14940	14940	14723	14773	28317	-0.008922581510801053
2021-06-11	14822	14866	14777	14857	11063	0.005686048872943994
2021-06-14	14802	14871	14768	14857	10776	0.0
2021-06-15	14925	14925	14753	14822	40757	-0.0023557918826142554
2021-06-16	14748	14940	14748	14926	4875	0.007016596950478959
2021-06-17	14955	14955	14763	14862	4114	-0.004287819911563684
2021-06-18	14866	14930	14856	14896	23005	0.0022877136320818003
2021-06-21	14886	14886	14625	14694	5220	-0.013560687432867868
2021-06-22	14718	14999	14718	14980	13764	0.01946372669116636
2021-06-23	14994	15083	14856	14876	26578	-0.006942590120160186
2021-06-24	14871	14930	14846	14862	1333	-0.0009411132024738089
2021-06-25	14920	15152	14920	15078	26154	0.014533710133225686
2021-06-28	15231	15231	15009	15059	3895	-0.0012601140734845862
2021-06-29	15058	15171	15058	15172	7524	0.007503818314629207
2021-06-30	15171	15196	15132	15182	4756	0.0006591088847878179
2021-07-01	15201	15201	15112	15133	3341	-0.0032275062574100843
2021-07-02	15270	15270	15171	15202	27216	0.0045595717967357174
2021-07-05	15280	15280	15201	15221	6050	0.0012498355479542145
2021-07-06	15280	15324	15191	15221	28980	0.0
2021-07-07	15285	15285	15088	15128	27796	-0.006109979633401208
2021-07-08	15226	15226	14817	14852	26668	-0.01824431517715497
2021-07-09	14644	14713	14472	14704	15324	-0.009964987880420106
2021-07-12	14718	14896	14718	14817	1916	0.007684983677910706
2021-07-13	14930	14994	14876	14990	2069	0.011675777822771183
2021-07-14	15029	15029	14866	14965	2145	-0.0016677785190126748
2021-07-15	15083	15186	15043	15187	14893	0.014834614099565657
2021-07-16	15186	15186	15034	15103	7323	-0.0055310462895897805
2021-07-19	15053	15053	14905	14965	43486	-0.009137257498510243
2021-07-20	14896	14940	14807	14916	10430	-0.0032743067156698613
2021-07-21	15103	15103	14925	14985	3333	0.004625905068383007
2021-07-22	15078	15117	15019	15118	6681	0.008875542208875542
2021-07-23	15221	15221	15083	15123	3427	0.00033073157825103117
2021-07-26	15122	15122	14960	14965	8053	-0.010447662500826516
2021-07-27	15063	15132	15019	15029	2296	0.00427664550618112
2021-07-28	15019	15122	14866	14995	8532	-0.002262292900392593
2021-07-29	15093	15107	15038	15078	8956	0.005535178392797491
2021-07-30	15088	15112	14915	14970	7881	-0.007162753680859502
2021-08-02	15029	15029	14871	14945	7068	-0.0016700066800267033
2021-08-03	14905	14905	14728	14827	1481	-0.007895617263298793
2021-08-04	14817	15073	14817	15073	7806	0.016591353611654425
2021-08-05	15068	15157	15043	15103	2023	0.001990313806143451
2021-08-06	15152	15152	15063	15088	2344	-0.000993180162881524
2021-08-09	15088	15088	14905	14970	61767	-0.007820784729586472
2021-08-10	14999	14999	14827	14931	9013	-0.0026052104208417193
2021-08-11	14881	14955	14797	14837	3023	-0.006295626548791122
2021-08-12	14901	14960	14832	14926	3574	0.005998517220462407
2021-08-13	15019	15019	14551	14684	5013	-0.016213319040600305
2021-08-17	14694	14694	14290	14335	2761	-0.023767365840370425
2021-08-18	14314	14482	14255	14482	1324	0.01025462155563317
2021-08-19	14260	14393	13984	13985	6374	-0.034318464300511
2021-08-20	14073	14073	13630	13724	5278	-0.018662853056846673
2021-08-23	13841	14024	13792	13901	5944	0.012897114543864774
2021-08-24	14162	14334	14127	14285	5316	0.027623911948780666
2021-08-25	14369	14506	14334	14497	4388	0.01484074203710195
2021-08-26	14521	14605	14433	14497	710	0.0
2021-08-27	14457	14664	14408	14625	2176	0.008829412981996354
2021-08-30	14777	14787	14718	14773	4002	0.010119658119658093
2021-08-31	14827	14935	14699	14916	10707	0.00967982129560685
2021-09-01	14772	14989	14772	14936	12367	0.0013408420488065786
2021-09-02	14989	14989	14832	14876	1677	-0.004017139796464897
2021-09-03	14925	14950	14886	14906	1695	0.002016671148158178
2021-09-06	14891	15043	14891	15019	3351	0.00758083993022951
2021-09-07	15068	15098	15004	15059	3400	0.002663293161994762
2021-09-08	15009	15157	15009	15098	23087	0.0025898134006241413
2021-09-09	15098	15132	14851	14852	2248	-0.016293548814412473
2021-09-10	14955	15048	14876	15049	4447	0.013264206840829518
2021-09-13	15014	15117	14965	15069	3824	0.0013289919595986799
2021-09-14	15122	15319	15068	15246	7742	0.01174596854469434
2021-09-15	15245	15270	15117	15221	4031	-0.0016397743670470977
2021-09-16	15393	15393	15231	15266	5148	0.0029564417580973945
2021-09-17	15250	15250	15122	15187	12814	-0.005174898467181999
2021-09-23	15024	15137	14945	15138	2863	-0.0032264436689273257
2021-09-24	15176	15270	15068	15113	4108	-0.0016514731140176986
2021-09-27	15117	15285	15117	15231	1331	0.007807847548468194
2021-09-28	15231	15280	15093	15147	6202	-0.005515067953515862
2021-09-29	14827	15024	14827	14990	7375	-0.010365088796461364
2021-09-30	15029	15029	14832	14876	2015	-0.007605070046697748
2021-10-01	14832	14832	14571	14571	1585	-0.0205028233396074
2021-10-05	14447	14571	14236	14463	2632	-0.0074119827053736875
2021-10-06	14654	14654	13970	13970	3566	-0.03408698057111248
2021-10-07	14157	14255	13979	14256	15751	0.020472440944881987
2021-10-08	14334	14334	14186	14261	1737	0.00035072951739612
2021-10-12	14176	14231	14127	14138	847	-0.008624921113526418
2021-10-13	14176	14442	14176	14408	913	0.019097467817230207
2021-10-14	14536	14639	14526	14591	4063	0.012701277068295491
2021-10-15	14664	14763	14630	14729	1994	0.009457884997601251
2021-10-18	14763	14763	14620	14689	2128	-0.0027157308710706873
2021-10-19	14827	14851	14704	14768	1017	0.005378174143917169
2021-10-20	14807	14807	14541	14591	3809	-0.01198537378114839
2021-10-21	14600	14639	14506	14546	1661	-0.0030840929340003598
2021-10-22	14531	14585	14438	14497	933	-0.00336862367661217
2021-10-25	14438	14654	14373	14655	548	0.010898806649651593
2021-10-26	14689	14743	14689	14709	1507	0.0036847492323439646
2021-10-27	14718	14718	14585	14610	1304	-0.006730573118498895
2021-10-28	14610	14630	14378	14384	1424	-0.015468856947296383
2021-10-29	14403	14423	14231	14285	805	-0.006882647385984431
2021-11-01	14383	14383	14147	14147	1009	-0.009660483024151234
2021-11-02	14314	14442	14295	14335	489	0.013289036544850585
2021-11-03	14349	14369	14191	14192	570	-0.009975584234391377
2021-11-04	14275	14393	14172	14172	19218	-0.0014092446448703555
2021-11-05	14226	14240	13965	14059	1283	-0.007973468811741435
2021-11-08	14014	14191	13970	14182	1183	0.008748844156767799
2021-11-09	14186	14280	14122	14187	1548	0.0003525595825695227
2021-11-10	14132	14132	13841	13881	1037	-0.021569042080778145
2021-11-11	13704	13797	13664	13748	1624	-0.00958144225920321
2021-11-12	13832	13994	13832	13990	1167	0.017602560372417697
2021-11-15	14083	14117	13994	14118	2112	0.009149392423159375
2021-11-16	14117	14142	14004	14078	530	-0.002833262501770739
2021-11-17	14004	14004	13876	13901	1059	-0.012572808637590582
2021-11-18	13792	13965	13763	13955	645	0.0038846126177973783
2021-11-19	13965	13984	13876	13940	1122	-0.001074883554281647
2021-11-22	13871	13974	13773	13936	483	-0.0002869440459110084
2021-11-23	13940	13974	13901	13945	588	0.0006458094144661253
2021-11-24	13920	13920	13763	13896	1204	-0.0035138042309070805
2021-11-25	13851	13861	13792	13793	523	-0.007412204951065093
2021-11-26	13773	13773	13511	13532	955	-0.01892264191981441
2021-11-29	13152	13408	13152	13266	1175	-0.019657109074785684
2021-11-30	13408	13467	12689	12793	14540	-0.03565505804311775
2021-12-01	12876	12925	12644	12911	3254	0.009223794262487317
2021-12-02	12851	13176	12792	13177	21071	0.02060258694136774
2021-12-03	13181	13374	13176	13374	540	0.014950292175760715
2021-12-06	13309	13438	13236	13359	957	-0.0011215791834903177
2021-12-07	13438	13536	13433	13537	1409	0.013324350625046888
2021-12-08	13635	13694	13467	13532	1140	-0.0003693580556991538
2021-12-09	13556	13630	13556	13630	164	0.007242092817026258
2021-12-10	13590	13610	13541	13561	131	-0.00506236243580338
2021-12-13	13566	13679	13497	13517	526	-0.0032445984809379436
2021-12-14	13477	13487	13339	13379	1101	-0.010209365983576246
2021-12-15	13378	13378	13295	13344	700	-0.00261604006278493
2021-12-16	13428	13428	13270	13349	161	0.0003747002398082344
2021-12-17	13329	13497	13329	13497	2209	0.011086972806951811
2021-12-20	13388	13452	13295	13305	265	-0.014225383418537407
2021-12-21	13290	13364	13236	13344	1539	0.0029312288613303483
2021-12-22	13428	13462	13378	13379	271	0.0026229016786569748
2021-12-23	13457	13457	13364	13389	239	0.0007474400179385832
2021-12-24	13516	13585	13516	13541	292	0.01135260288296358
2021-12-27	13615	13630	13531	13532	385	-0.0006646481057529519
2021-12-28	13531	13590	13457	13591	887	0.00436003547147501
2021-12-29	13654	13787	13649	13758	3046	0.012287543227135655
2021-12-30	13738	13768	13694	13714	1830	-0.0031981392644280238
2022-01-03	13728	13797	13669	13719	2040	0.00036459092897778156
2022-01-04	13763	13925	13733	13926	4405	0.015088563306363545
2022-01-05	13891	13984	13782	13822	1209	-0.007468045382737376
2022-01-06	13669	13773	13536	13537	590	-0.020619302561134423
2022-01-07	13654	13748	13654	13748	225	0.015586909950505934
2022-01-10	13738	13738	13585	13630	368	-0.008583066627873115
2022-01-11	13679	13679	13438	13448	298	-0.013352898019075576
2022-01-12	13615	13679	13615	13674	621	0.01680547293277801
2022-01-13	13753	13753	13713	13714	278	0.0029252596167910205
2022-01-14	13561	13575	13497	13556	166	-0.011521073355694855
2022-01-17	13497	13497	13339	13389	621	-0.012319268220714052
2022-01-18	13398	13398	13186	13187	618	-0.015087011726043764
2022-01-19	13043	13236	13043	13078	528	-0.008265716235686615
2022-01-20	13181	13245	13137	13231	391	0.011699036549931208
2022-01-21	13142	13142	12975	13034	320	-0.014889275187060735
2022-01-24	12965	12970	12694	12709	10434	-0.024934785944452975
2022-01-25	12615	12615	12295	12330	2811	-0.02982138641907306
2022-01-26	12349	12467	12275	12295	17577	-0.0028386050283860653
2022-01-27	12275	12295	11817	11817	2522	-0.0388775925172834
2022-01-28	11842	12108	11659	12108	3345	0.024625539477024727
2022-02-03	12275	12467	12275	12379	1652	0.02238189626693088
2022-02-04	12378	12625	12378	12615	10348	0.01906454479360198
2022-02-07	12625	12640	12507	12630	861	0.0011890606420927874
2022-02-08	12733	12768	12487	12640	1033	0.0007917656373712667
2022-02-09	12699	12841	12699	12842	2183	0.015981012658227822
2022-02-10	12871	12876	12758	12768	2886	-0.005762342314281299
2022-02-11	12644	12718	12590	12596	81	-0.01347117794486219
2022-02-14	12393	12408	12285	12335	454	-0.02072086376627502
2022-02-15	12309	12309	12034	12083	815	-0.020429671665991078
2022-02-16	12280	12457	12280	12448	217	0.03020772986841025
2022-02-17	12516	12684	12324	12507	15496	0.004739717223650297
2022-02-18	12364	12644	12314	12645	390	0.011033821060206339
2022-02-21	12492	12689	12467	12684	90	0.0030842230130485593
2022-02-22	12630	12630	12482	12482	183	-0.01592557552822449
2022-02-23	12664	12763	12659	12763	9063	0.022512417881749736
2022-02-24	12644	12674	12398	12463	815	-0.023505445428190885
2022-02-25	12635	12743	12635	12739	841	0.022145550830458216
2022-02-28	12708	12891	12708	12773	803	0.0026689693068528975
2022-03-02	12837	12940	12837	12881	832	0.008455335473263936
2022-03-03	12975	13078	12975	13078	1431	0.015293843645679761
2022-03-04	13053	13053	12950	13049	736	-0.0022174644441046443
2022-03-07	12906	12940	12728	12729	1010	-0.024522951950341043
2022-03-08	12610	12679	12482	12482	3226	-0.019404509388011637
2022-03-10	12694	12743	12669	12739	275	0.020589649094696405
2022-03-11	12822	12940	12817	12941	634	0.015856817646596966
2022-03-14	12935	12940	12792	12817	9360	-0.009581948844756938
2022-03-15	12753	12753	12620	12630	605	-0.014589997659358644
2022-03-16	12743	12777	12699	12778	484	0.011718131433095857
2022-03-17	12886	12994	12886	12891	9357	0.00884332446392233
2022-03-18	12881	12955	12856	12926	1001	0.0027150725312232726
2022-03-21	12999	13019	12910	12911	473	-0.0011604518025685184
2022-03-22	13024	13043	12994	13044	440	0.01030129347068387
2022-03-23	13147	13162	13039	13147	1001	0.007896350812634179
2022-03-24	13078	13172	13063	13172	906	0.0019015745036889964
2022-03-25	13186	13191	13093	13093	2075	-0.0059975706043121635
2022-03-28	13039	13191	13039	13192	2379	0.007561292293591926
2022-03-29	13265	13265	13122	13162	258	-0.00227410551849605
2022-03-30	13196	13236	13152	13167	583	0.0003798814769790937
2022-03-31	13186	13369	13186	13369	961	0.015341383762436323
2022-04-01	13305	13305	13241	13295	435	-0.005535193357767976
2022-04-04	13280	13359	13280	13330	1586	0.002632568634825194
2022-04-05	13393	13393	13300	13364	290	0.0025506376594148783
2022-04-06	13314	13339	13250	13295	801	-0.005163124812930242
2022-04-07	13211	13211	13043	13044	1326	-0.018879277924031546
2022-04-08	13068	13117	12975	13083	480	0.0029898804047838734
2022-04-11	13068	13196	13043	13123	736	0.0030574027363754475
2022-04-12	12984	13048	12940	13005	13802	-0.008991846376590673
2022-04-13	13058	13191	13058	13192	1300	0.01437908496732021
2022-04-14	13300	13339	13236	13340	1311	0.011218920557913847
2022-04-15	13260	13260	13191	13241	6540	-0.00742128935532238
2022-04-18	13176	13236	13162	13197	157	-0.0033230118571104805
2022-04-19	13236	13314	13196	13315	430	0.008941426081685133
2022-04-20	13285	13339	13255	13300	664	-0.0011265490048817384
2022-04-21	13383	13462	13369	13399	1776	0.007443609022556474
2022-04-22	13295	13359	13236	13340	650	-0.004403313680125365
2022-04-25	13167	13191	13053	13054	1338	-0.021439280359820123
2022-04-26	13103	13103	13043	13074	538	0.0015320974413972621
2022-04-27	12787	12975	12777	12975	1422	-0.007572280862781056
2022-04-28	13025	13060	12945	13060	1997	0.006551059730250497
2022-04-29	13130	13145	13105	13115	336	0.004211332312404226
2022-05-02	13005	13155	13005	13155	1400	0.0030499428135721818
2022-05-03	13150	13180	13065	13065	2675	-0.0068415051311288
2022-05-04	13140	13140	13065	13065	438	0.0
2022-05-06	12910	13050	12910	13025	2658	-0.003061615001913487
2022-05-09	12995	12995	12680	12680	1001	-0.02648752399232246
2022-05-10	12550	12655	12355	12640	619	-0.003154574132492094
2022-05-11	12575	12585	12480	12535	2734	-0.008306962025316444
2022-05-12	12390	12520	12275	12325	922	-0.016753091344236193
2022-05-13	12425	12575	12425	12575	434	0.020283975659229236
2022-05-16	12685	12685	12540	12590	736	0.0011928429423460063
2022-05-17	12680	12735	12635	12735	341	0.011517077045273938
2022-05-18	12770	12770	12635	12675	826	-0.004711425206124886
2022-05-19	12365	12475	12365	12445	400	-0.018145956607495073
2022-05-20	12625	12705	12625	12680	57	0.01888308557653673
2022-05-23	12710	12740	12670	12730	473	0.0039432176656151174
2022-05-24	12745	12745	12565	12565	102	-0.0129615082482325
2022-05-25	12610	12675	12610	12655	86	0.007162753680859613
2022-05-26	12650	12760	12650	12665	69	0.000790201501382759
2022-05-27	12790	12855	12790	12795	532	0.010264508487958901
2022-05-30	12950	13005	12950	12955	557	0.012504884720593967
2022-05-31	13035	13065	13025	13050	74	0.0073330760324199495
2022-06-02	13015	13015	12925	12980	250	-0.005363984674329525
2022-06-03	13045	13080	13005	13050	125	0.005392912172573094
2022-06-07	13030	13030	12900	12900	108	-0.011494252873563204
2022-06-08	12950	12975	12890	12910	37	0.0007751937984497026
2022-06-09	12775	12885	12775	12850	77	-0.004647560030983766
2022-06-10	12805	12860	12780	12860	215	0.0007782101167315147
2022-06-13	12625	12625	12310	12310	1990	-0.0427682737169518
2022-06-14	12090	12160	12005	12160	1069	-0.012185215272136452
2022-06-15	12050	12050	11800	11885	868	-0.022615131578947345
2022-06-16	12040	12095	11845	11845	1178	-0.0033655868742111794
2022-06-17	11580	11745	11555	11700	2158	-0.012241452089489235
2022-06-20	11780	11780	11340	11340	849	-0.03076923076923077
2022-06-21	11490	11600	11430	11575	461	0.02072310405643729
2022-06-22	11465	11465	11110	11110	1434	-0.040172786177105846
2022-06-23	11180	11190	10810	10835	1627	-0.024752475247524774
2022-06-24	10920	11195	10835	11175	264	0.0313797877249653
2022-06-27	11245	11410	11175	11375	2948	0.017897091722595126
2022-06-28	11370	11505	11370	11495	940	0.010549450549450556
2022-06-29	11395	11510	11395	11485	1077	-0.0008699434536755257
2022-06-30	11445	11450	11300	11300	567	-0.016107966913365246
2022-07-01	11420	11440	11170	11275	1127	-0.0022123893805309214
2022-07-04	11235	11235	10920	11080	1191	-0.017294900221729526
2022-07-05	11145	11270	11050	11270	2134	0.017148014440433235
2022-07-06	11125	11125	10855	10855	1119	-0.03682342502218283
2022-07-07	10955	11050	10900	10990	789	0.012436665131275948
2022-07-08	11110	11195	11075	11075	1328	0.007734303912647844
2022-07-11	11075	11080	10930	10930	1250	-0.01309255079006777
2022-07-12	10900	10900	10640	10680	300	-0.02287282708142724
2022-07-13	10680	10790	10655	10735	233	0.005149812734082326
2022-07-14	10680	10800	10680	10750	663	0.0013972985561248041
