Date	Open	High	Low	Close	Volume	Change
2016-02-24	9699	9699	9685	9691	62	
2016-02-25	9694	9707	9675	9696	72	0.0005159426271799106
2016-02-26	9699	9703	9685	9691	58	-0.0005156765676567199
2016-02-29	9690	9690	9675	9686	118	-0.0005159426271799106
2016-03-02	9680	9707	9680	9701	55	0.001548626884162685
2016-03-03	9699	9703	9680	9706	71	0.0005154107823934773
2016-03-04	9707	9707	9680	9686	51	-0.0020605810838656424
2016-03-07	9694	9694	9675	9681	51	-0.0005162089613875986
2016-03-08	9685	9685	9670	9686	51	0.0005164755707054436
2016-03-09	9690	9717	9690	9716	81	0.00309725376832537
2016-03-10	9726	9726	9707	9730	50	0.0014409221902016434
2016-03-11	9707	9712	9694	9706	63	-0.0024665981500513467
2016-03-14	9699	9703	9680	9686	67	-0.0020605810838656424
2016-03-15	9670	9694	9660	9671	84	-0.001548626884162685
2016-03-16	9685	9707	9685	9701	108	0.0031020576982732084
2016-03-17	9707	9741	9707	9730	50	0.002989382537882612
2016-03-18	9726	9731	9712	9726	51	-0.00041109969167518745
2016-03-21	9741	9741	9712	9726	51	0.0
2016-03-22	9722	9722	9707	9726	51	0.0
2016-03-23	9712	9722	9707	9716	50	-0.001028171910343434
2016-03-24	9707	9717	9703	9711	1132	-0.0005146150679291583
2016-03-25	9712	9712	9703	9711	1170	0.0
2016-03-28	9707	9717	9694	9711	301	0.0
2016-03-29	9717	9726	9707	9730	437	0.0019565441252187288
2016-03-30	9741	9741	9726	9735	796	0.0005138746145940676
2016-03-31	9736	9736	9707	9730	241	-0.0005136106831021836
2016-04-01	9722	9722	9694	9696	432	-0.003494347379239482
2016-04-04	9690	9703	9680	9701	367	0.0005156765676568309
2016-04-05	9690	9694	9675	9691	206	-0.0010308215647871766
2016-04-06	9685	9694	9665	9691	535	0.0
2016-04-07	9694	9694	9680	9691	499	0.0
2016-04-08	9675	9694	9660	9696	338	0.0005159426271799106
2016-04-11	9685	9685	9665	9686	1182	-0.0010313531353135508
2016-04-12	9685	9699	9680	9701	604	0.001548626884162685
2016-04-14	9699	9717	9699	9721	4571	0.002061643129574353
2016-04-15	9722	9736	9722	9740	438	0.001954531426807904
2016-04-18	9717	9741	9707	9740	222	0.0
2016-04-19	9741	9750	9736	9755	201	0.0015400410677617327
2016-04-20	9755	9760	9731	9735	111	-0.002050230650948226
2016-04-21	9745	9750	9722	9755	364	0.0020544427324087344
2016-04-22	9741	9745	9736	9750	874	-0.0005125576627370565
2016-04-25	9750	9760	9745	9760	249	0.0010256410256410664
2016-04-26	9750	9755	9745	9760	201	0.0
2016-04-27	9745	9745	9736	9745	153	-0.0015368852459016757
2016-04-28	9750	9765	9750	9760	1245	0.001539250897896416
2016-04-29	9750	9760	9736	9765	608	0.0005122950819671512
2016-05-02	9745	9745	9717	9726	1684	-0.0039938556067588005
2016-05-03	9722	9731	9722	9735	288	0.0009253547193091016
2016-05-04	9712	9717	9707	9716	205	-0.0019517205957884087
2016-05-09	9717	9717	9694	9716	547	0.0
2016-05-10	9717	9726	9707	9730	134	0.0014409221902016434
2016-05-11	9726	9726	9699	9721	1228	-0.000924974306269255
2016-05-12	9707	9717	9703	9716	80	-0.0005143503754757583
2016-05-13	9717	9722	9707	9721	149	0.0005146150679291583
2016-05-16	9712	9726	9712	9730	191	0.0009258306758563872
2016-05-17	9726	9726	9707	9711	112	-0.0019527235354573902
2016-05-18	9699	9699	9680	9686	192	-0.0025744001647616255
2016-05-19	9675	9680	9645	9666	420	-0.0020648358455502835
2016-05-20	9660	9680	9655	9681	132	0.0015518311607696234
2016-05-23	9680	9680	9660	9676	352	-0.0005164755707055546
2016-05-24	9670	9680	9670	9676	102	0.0
2016-05-25	9694	9707	9694	9701	258	0.0025837122778007426
2016-05-26	9703	9707	9690	9691	146	-0.0010308215647871766
2016-05-27	9703	9703	9685	9701	80	0.0010318852543598211
2016-05-30	9694	9694	9675	9696	395	-0.0005154107823935883
2016-05-31	9680	9722	9680	9716	170	0.0020627062706271015
2016-06-01	9712	9722	9707	9726	157	0.0010292301358583167
2016-06-02	9712	9722	9703	9716	1124	-0.001028171910343434
2016-06-03	9717	9717	9703	9716	50	0.0
2016-06-07	9731	9755	9731	9760	527	0.0045286125977768155
2016-06-08	9740	9780	9740	9784	134	0.0024590163934425924
2016-06-09	9790	9800	9755	9789	168	0.0005110384300899273
2016-06-10	9785	9785	9775	9789	134	0.0
2016-06-13	9765	9765	9741	9745	84	-0.004494841148227624
2016-06-14	9736	9741	9717	9726	89	-0.0019497178040021046
2016-06-15	9707	9722	9703	9716	231	-0.001028171910343434
2016-06-16	9712	9712	9670	9676	50	-0.004116920543433489
2016-06-17	9690	9694	9660	9666	309	-0.0010334849111203193
2016-06-20	9694	9707	9694	9711	121	0.004655493482309092
2016-06-21	9699	9703	9690	9696	232	-0.0015446400988570197
2016-06-22	9699	9717	9699	9706	110	0.0010313531353134398
2016-06-23	9699	9712	9690	9711	202	0.0005151452709664106
2016-06-24	9726	9726	9601	9629	662	-0.008444032540418034
2016-06-27	9616	9645	9606	9646	377	0.0017655000519265496
2016-06-28	9625	9665	9625	9666	146	0.002073398299813345
2016-06-29	9680	9712	9680	9706	223	0.004138216428719144
2016-06-30	9717	9726	9699	9730	739	0.0024726973006388153
2016-07-01	9731	9741	9707	9740	523	0.0010277492291881352
2016-07-04	9731	9745	9726	9750	153	0.0010266940451746365
2016-07-05	9726	9741	9722	9735	495	-0.0015384615384614886
2016-07-06	9726	9726	9675	9691	81	-0.004519774011299438
2016-07-07	9699	9717	9685	9711	191	0.0020637705087194202
2016-07-08	9712	9712	9670	9686	186	-0.0025744001647616255
2016-07-11	9712	9717	9707	9721	98	0.0036134627297130795
2016-07-12	9717	9731	9699	9735	112	0.0014401810513322566
2016-07-13	9755	9755	9722	9745	310	0.0010272213662043672
2016-07-14	9745	9745	9717	9745	143	0.0
2016-07-15	9755	9755	9712	9735	301	-0.0010261672652642773
2016-07-18	9731	9745	9731	9740	111	0.0005136106831022946
2016-07-19	9745	9745	9717	9735	89	-0.0005133470225873182
2016-07-20	9726	9726	9717	9726	69	-0.0009244992295839305
2016-07-21	9731	9731	9699	9721	397	-0.0005140859551716614
2016-07-22	9680	9731	9680	9730	231	0.0009258306758563872
2016-07-25	9731	9731	9699	9716	729	-0.0014388489208633226
2016-07-26	9707	9731	9707	9735	295	0.0019555372581310237
2016-07-27	9731	9736	9731	9735	215	0.0
2016-07-28	9760	9760	9722	9735	197	0.0
2016-07-29	9741	9741	9707	9711	364	-0.0024653312788905923
2016-08-01	9722	9722	9703	9721	690	0.0010297600659046058
2016-08-02	9707	9712	9694	9716	171	-0.0005143503754757583
2016-08-03	9685	9690	9660	9681	405	-0.0036023054755043304
2016-08-04	9690	9694	9670	9696	155	0.0015494267121165528
2016-08-05	9703	9707	9694	9711	466	0.0015470297029702706
2016-08-08	9707	9722	9685	9716	269	0.0005148800329524139
2016-08-09	9717	9736	9717	9740	120	0.002470152326060182
2016-08-10	9741	9760	9736	9765	354	0.002566735112936369
2016-08-11	9755	9760	9736	9750	405	-0.001536098310291889
2016-08-12	9760	9775	9755	9765	309	0.0015384615384614886
2016-08-16	9775	9775	9741	9745	336	-0.0020481310803891484
2016-08-17	9726	9726	9685	9711	698	-0.0034889687018984095
2016-08-18	9722	9722	9685	9696	288	-0.0015446400988570197
2016-08-19	9694	9694	9675	9676	362	-0.0020627062706271015
2016-08-22	9645	9665	9640	9646	605	-0.0031004547333608468
2016-08-23	9645	9645	9621	9646	361	0.0
2016-08-24	9645	9660	9635	9651	393	0.0005183495749534472
2016-08-25	9650	9650	9630	9646	531	-0.0005180810278727632
2016-08-26	9665	9675	9625	9656	507	0.0010366991499066724
2016-08-29	9655	9655	9606	9624	721	-0.003314001657000798
2016-08-30	9635	9645	9625	9632	267	0.0008312551953448821
2016-08-31	9645	9645	9601	9624	600	-0.0008305647840531893
2016-09-01	9596	9611	9576	9604	701	-0.0020781379883624274
2016-09-02	9625	9625	9586	9619	535	0.0015618492294877662
2016-09-05	9635	9655	9635	9656	721	0.0038465536958103286
2016-09-06	9675	9675	9635	9646	308	-0.0010356255178127771
2016-09-07	9650	9660	9640	9656	501	0.0010366991499066724
2016-09-08	9675	9675	9625	9656	329	0.0
2016-09-09	9635	9635	9606	9619	665	-0.0038318144159071865
2016-09-12	9616	9616	9566	9581	949	-0.003950514606507971
2016-09-13	9616	9616	9557	9571	437	-0.0010437323870159387
2016-09-19	9566	9586	9566	9591	917	0.002089645805036122
2016-09-20	9596	9596	9571	9599	352	0.0008341153164423964
2016-09-21	9591	9616	9591	9619	645	0.0020835503698302116
2016-09-22	9650	9665	9645	9656	598	0.0038465536958103286
2016-09-23	9655	9670	9645	9666	601	0.0010356255178127771
2016-09-26	9665	9675	9645	9661	1449	-0.0005172770535899485
2016-09-27	9650	9694	9645	9696	232	0.0036228133733569035
2016-09-28	9694	9703	9685	9691	567	-0.0005156765676567199
2016-09-29	9703	9717	9703	9721	717	0.0030956557630792414
2016-09-30	9712	9712	9665	9696	1454	-0.0025717518773789028
2016-10-04	9694	9694	9665	9691	1699	-0.0005156765676567199
2016-10-05	9690	9690	9655	9676	660	-0.0015478278815396207
2016-10-06	9694	9694	9640	9661	370	-0.0015502273666804234
2016-10-07	9650	9650	9621	9632	432	-0.0030017596522099455
2016-10-10	9670	9675	9655	9656	1733	0.002491694352159568
2016-10-11	9675	9680	9635	9651	841	-0.0005178127589063886
2016-10-12	9655	9670	9655	9661	287	0.0010361620557455264
2016-10-13	9655	9655	9616	9629	484	-0.003312286512783369
2016-10-14	9635	9635	9611	9619	299	-0.0010385294423096436
2016-10-17	9630	9630	9586	9609	1211	-0.0010396091069757585
2016-10-18	9630	9630	9596	9619	499	0.001040691018836526
2016-10-19	9621	9621	9601	9604	371	-0.0015594136604636377
2016-10-20	9655	9660	9586	9609	3901	0.0005206164098292554
2016-10-21	9606	9606	9576	9586	1198	-0.0023935893433240096
2016-10-24	9591	9596	9571	9599	868	0.0013561443772167614
2016-10-25	9596	9596	9571	9581	1739	-0.0018751953328471904
2016-10-26	9566	9566	9528	9556	1684	-0.0026093309675399023
2016-10-27	9557	9576	9552	9571	1175	0.0015696944328171814
2016-10-28	9557	9557	9542	9546	1725	-0.0026120572562950972
2016-10-31	9542	9542	9504	9521	2076	-0.0026188979677351787
2016-11-01	9524	9524	9485	9507	931	-0.0014704337779645194
2016-11-02	9489	9494	9461	9473	317	-0.0035763121910171725
2016-11-03	9485	9504	9471	9502	650	0.003061332207326073
2016-11-04	9519	9519	9494	9497	512	-0.0005262050094716475
2016-11-07	9532	9532	9494	9512	1538	0.0015794461408866756
2016-11-08	9552	9552	9514	9526	403	0.0014718250630783025
2016-11-09	9557	9557	9431	9458	330	-0.007138358177619097
2016-11-10	9494	9494	9471	9492	1624	0.0035948403467964685
2016-11-11	9504	9504	9461	9463	440	-0.003055204382638066
2016-11-14	9461	9466	9441	9443	992	-0.00211349466342603
2016-11-15	9461	9461	9421	9443	685	0.0
2016-11-16	9480	9480	9446	9468	352	0.0026474637297468906
2016-11-17	9456	9461	9426	9463	860	-0.0005280946345584958
2016-11-18	9451	9451	9436	9443	421	-0.00211349466342603
2016-11-21	9461	9461	9403	9420	3285	-0.0024356666313671838
2016-11-22	9451	9451	9426	9438	470	0.0019108280254778176
2016-11-23	9446	9446	9421	9424	352	-0.0014833651197287967
2016-11-24	9431	9431	9378	9386	424	-0.0040322580645161255
2016-11-25	9403	9403	9358	9386	3675	0.0
2016-11-28	9373	9403	9373	9395	2644	0.0009588749200937219
2016-11-29	9393	9426	9393	9429	837	0.0036189462480042955
2016-11-30	9446	9446	9398	9434	1280	0.0005302789267154218
2016-12-01	9426	9426	9388	9415	913	-0.0020139919440321785
2016-12-02	9403	9403	9373	9395	263	-0.0021242697822623224
2016-12-05	9358	9407	9358	9386	7045	-0.0009579563597658103
2016-12-06	9416	9431	9416	9429	230	0.004581291284892375
2016-12-07	9446	9446	9412	9424	302	-0.0005302789267154218
2016-12-08	9471	9480	9451	9483	446	0.006260611205432864
2016-12-09	9499	9499	9471	9488	478	0.0005272593061267372
2016-12-12	9499	9514	9466	9497	2417	0.0009485666104553925
2016-12-13	9514	9528	9499	9531	589	0.0035800779193428944
2016-12-14	9528	9542	9528	9536	438	0.0005246039240374145
2016-12-15	9519	9537	9489	9541	758	0.0005243288590603967
2016-12-16	9532	9532	9509	9526	212	-0.00157216224714396
2016-12-19	9524	9524	9514	9521	1144	-0.0005248792777661215
2016-12-20	9514	9524	9499	9512	1835	-0.0009452788572629212
2016-12-21	9509	9524	9494	9521	1625	0.0009461732548359247
2016-12-22	9514	9514	9494	9512	1074	-0.0009452788572629212
2016-12-23	9514	9524	9480	9526	12187	0.0014718250630783025
2016-12-26	9524	9524	9480	9516	3377	-0.001049758555532243
2016-12-27	9514	9532	9514	9536	423	0.0021017234131988083
2016-12-28	9528	9552	9509	9556	1483	0.002097315436241587
2016-12-29	9547	9561	9537	9566	703	0.0010464629552113802
2017-01-02	9547	9561	9514	9561	4124	-0.0005226845076311548
2017-01-03	9532	9576	9528	9581	3493	0.00209183139838931
2017-01-04	9576	9581	9542	9586	3011	0.0005218661935080249
2017-01-05	9581	9596	9557	9594	1996	0.0008345503859794601
2017-01-06	9591	9596	9542	9546	1098	-0.00500312695434646
2017-01-09	9542	9571	9514	9556	1771	0.0010475591870939827
2017-01-10	9537	9542	9494	9546	2866	-0.0010464629552113802
2017-01-11	9542	9576	9504	9581	1409	0.0036664571548292724
2017-01-12	9576	9596	9547	9599	1179	0.0018787182966286675
2017-01-13	9596	9616	9552	9619	1647	0.0020835503698302116
2017-01-16	9581	9620	9561	9614	1981	-0.0005198045534878792
2017-01-17	9611	9616	9591	9619	1435	0.0005200748907843167
2017-01-18	9616	9616	9591	9614	588	-0.0005198045534878792
2017-01-19	9611	9625	9581	9604	1185	-0.0010401497815685223
2017-01-20	9571	9606	9571	9604	1258	0.0
2017-01-23	9591	9625	9586	9609	1369	0.0005206164098292554
2017-01-24	9581	9601	9571	9594	544	-0.0015610365282547889
2017-01-25	9606	9606	9557	9576	1025	-0.0018761726078799779
2017-01-26	9571	9571	9552	9576	774	0.0
2017-01-31	9557	9566	9537	9571	1247	-0.0005221386800333683
2017-02-01	9566	9586	9552	9586	871	0.001567234353776925
2017-02-02	9576	9591	9561	9571	961	-0.001564781973711682
2017-02-03	9552	9576	9547	9571	632	0.0
2017-02-06	9586	9586	9561	9591	1614	0.002089645805036122
2017-02-07	9586	9591	9566	9586	1570	-0.0005213220727765533
2017-02-08	9576	9576	9537	9576	1038	-0.0010431879824744916
2017-02-09	9576	9581	9552	9581	1070	0.0005221386800333683
2017-02-10	9581	9601	9576	9599	1436	0.0018787182966286675
2017-02-13	9611	9616	9596	9619	1222	0.0020835503698302116
2017-02-14	9625	9625	9591	9619	1002	0.0
2017-02-15	9616	9630	9611	9629	1223	0.0010396091069757585
2017-02-16	9625	9625	9596	9619	1544	-0.0010385294423096436
2017-02-17	9616	9620	9591	9614	1105	-0.0005198045534878792
2017-02-20	9616	9616	9591	9604	1337	-0.0010401497815685223
2017-02-21	9606	9625	9591	9624	1786	0.0020824656393170216
2017-02-22	9621	9630	9611	9629	266	0.0005195344970905236
2017-02-23	9621	9625	9601	9629	1004	0.0
2017-02-24	9630	9645	9611	9641	579	0.0012462353307716167
2017-02-27	9660	9660	9630	9641	1330	0.0
2017-02-28	9635	9635	9611	9624	1033	-0.0017633025619748777
2017-03-02	9630	9630	9581	9599	929	-0.002597672485453062
2017-03-03	9581	9581	9552	9566	109	-0.0034378581102197936
2017-03-06	9557	9557	9532	9551	1787	-0.0015680535228935755
2017-03-07	9547	9561	9528	9566	1212	0.0015705161763166497
2017-03-08	9557	9561	9537	9566	561	0.0
2017-03-09	9566	9566	9537	9556	1136	-0.0010453690152624207
2017-03-10	9552	9557	9532	9561	1805	0.0005232314776058011
2017-03-13	9566	9581	9561	9581	410	0.00209183139838931
2017-03-14	9591	9591	9566	9591	2573	0.0010437323870160498
2017-03-15	9586	9591	9566	9586	1598	-0.0005213220727765533
2017-03-16	9621	9625	9596	9619	1195	0.0034425203421657447
2017-03-17	9616	9640	9601	9641	444	0.002287140035346802
2017-03-20	9640	9640	9625	9636	852	-0.0005186184005808725
2017-03-21	9655	9660	9645	9656	1078	0.0020755500207554345
2017-03-22	9630	9655	9625	9646	849	-0.0010356255178127771
2017-03-23	9660	9675	9640	9671	815	0.002591747874766792
2017-03-24	9670	9685	9655	9671	681	0.0
2017-03-27	9670	9675	9655	9666	1196	-0.0005170096163789051
2017-03-28	9660	9670	9645	9671	739	0.0005172770535899485
2017-03-29	9670	9670	9640	9671	1138	0.0
2017-03-30	9670	9675	9645	9666	994	-0.0005170096163789051
2017-03-31	9670	9699	9665	9701	684	0.003620939375129417
2017-04-03	9685	9690	9660	9686	1581	-0.0015462323471806538
2017-04-04	9680	9680	9660	9676	2285	-0.0010324179227750863
2017-04-05	9680	9685	9655	9661	725	-0.0015502273666804234
2017-04-06	9655	9665	9635	9661	171	0.0
2017-04-07	9670	9675	9645	9671	1011	0.001035089535244893
2017-04-10	9655	9655	9596	9629	2970	-0.004342880777582492
2017-04-11	9621	9630	9586	9609	480	-0.0020770588846193982
2017-04-12	9635	9645	9611	9646	123	0.003850556769695146
2017-04-13	9665	9690	9665	9691	288	0.004665146174580137
2017-04-14	9690	9699	9675	9681	282	-0.0010318852543597101
2017-04-17	9694	9699	9670	9691	3858	0.0010329511414111092
2017-04-18	9694	9699	9675	9701	394	0.0010318852543598211
2017-04-19	9675	9680	9665	9671	350	-0.0030924646943614187
2017-04-20	9675	9699	9670	9701	877	0.0031020576982732084
2017-04-21	9703	9703	9694	9706	1233	0.0005154107823934773
2017-04-24	9726	9726	9690	9711	988	0.0005151452709664106
2017-04-25	9712	9726	9690	9730	1230	0.0019565441252187288
2017-04-26	9736	9745	9712	9745	1204	0.0015416238437822027
2017-04-27	9722	9722	9699	9716	610	-0.002975885069266271
2017-04-28	9717	9717	9680	9711	1658	-0.0005146150679291583
2017-05-02	9717	9726	9707	9721	1797	0.0010297600659046058
2017-05-04	9717	9736	9717	9740	527	0.001954531426807904
2017-05-08	9736	9791	9736	9794	2407	0.005544147843942415
2017-05-10	9801	9849	9776	9794	2681	0.0
2017-05-11	9801	9835	9796	9836	1897	0.004288339799877416
2017-05-12	9811	9811	9776	9789	1086	-0.004778365189101241
2017-05-15	9801	9816	9791	9808	1580	0.0019409541321890877
2017-05-16	9806	9806	9776	9789	808	-0.0019371941272430249
2017-05-17	9806	9806	9776	9808	741	0.0019409541321890877
2017-05-18	9796	9796	9771	9798	315	-0.001019575856443744
2017-05-19	9806	9816	9796	9818	285	0.002041232904674395
2017-05-22	9831	9835	9806	9836	2260	0.0018333672845793902
2017-05-23	9821	9854	9816	9841	1285	0.0005083367222447066
2017-05-24	9844	9854	9831	9851	931	0.0010161568946245314
2017-05-25	9864	9879	9844	9881	1752	0.003045376103948838
2017-05-26	9879	9898	9864	9891	1308	0.0010120433154539032
2017-05-29	9879	9898	9879	9891	1107	0.0
2017-05-30	9893	9913	9889	9911	1733	0.002022040238600642
2017-05-31	9903	9922	9903	9911	1052	0.0
2017-06-01	9908	9908	9893	9906	893	-0.0005044899606497788
2017-06-02	9903	9918	9903	9920	709	0.0014132848778518614
2017-06-05	9922	9932	9913	9920	1434	0.0
2017-06-07	9908	9908	9893	9906	1919	-0.0014112903225806939
2017-06-08	9922	9922	9889	9911	623	0.0005047445992327759
2017-06-09	9918	9932	9918	9935	811	0.002421551811119027
2017-06-12	9922	9922	9884	9891	2217	-0.004428787116255717
2017-06-13	9893	9908	9893	9911	782	0.002022040238600642
2017-06-14	9903	9908	9884	9896	1011	-0.0015134698819493364
2017-06-15	9903	9903	9869	9886	1970	-0.0010105092966855578
2017-06-16	9884	9884	9879	9886	1237	0.0
2017-06-19	9874	9898	9874	9891	667	0.000505765729314156
2017-06-20	9884	9884	9854	9856	2389	-0.0035385704175513455
2017-06-21	9859	9874	9854	9876	973	0.0020292207792207417
2017-06-22	9874	9874	9859	9871	112	-0.0005062778452814554
2017-06-23	9879	9884	9859	9886	383	0.001519602877114723
2017-06-26	9869	9869	9854	9866	2486	-0.002023062917256735
2017-06-27	9879	9893	9859	9886	2204	0.002027163997567305
2017-06-28	9879	9884	9859	9876	902	-0.001011531458628312
2017-06-29	9864	9884	9864	9881	433	0.0005062778452815664
2017-06-30	9874	9893	9874	9896	814	0.0015180649731807438
2017-07-03	9898	9898	9874	9901	1831	0.0005052546483428344
2017-07-04	9879	9879	9849	9851	1292	-0.005049994950005021
2017-07-05	9864	9874	9849	9871	970	0.002030250735965966
2017-07-06	9859	9864	9840	9861	524	-0.0010130685847431486
2017-07-07	9831	9854	9831	9856	822	-0.0005070479667376171
2017-07-10	9854	9864	9835	9856	1343	0.0
2017-07-11	9869	9874	9844	9871	1345	0.0015219155844155008
2017-07-12	9869	9869	9844	9846	64	-0.0025326714618579826
2017-07-13	9844	9879	9844	9881	680	0.0035547430428599647
2017-07-14	9854	9874	9849	9876	638	-0.0005060216577269516
2017-07-17	9874	9893	9854	9896	1121	0.0020251113811260435
2017-07-18	9889	9898	9879	9891	1464	-0.0005052546483427234
2017-07-19	9869	9893	9869	9886	1238	-0.0005055100596501605
2017-07-20	9903	9908	9879	9906	1608	0.002023062917256624
2017-07-21	9869	9908	9859	9901	1572	-0.0005047445992327759
2017-07-24	9898	9922	9893	9920	965	0.0019189980810019325
2017-07-25	9941	9941	9922	9940	1459	0.002016129032258007
2017-07-26	9932	9932	9918	9925	782	-0.0015090543259557165
2017-07-27	9932	9946	9932	9949	585	0.0024181360201511737
2017-07-28	9956	9966	9946	9959	152	0.0010051261433310366
2017-07-31	9946	9946	9918	9930	5582	-0.002911938949693771
2017-08-01	9927	9961	9922	9940	673	0.001007049345417954
2017-08-02	9956	9966	9927	9959	461	0.0019114688128771817
2017-08-03	9946	9946	9898	9925	89	-0.003413997389296153
2017-08-04	9936	9951	9918	9954	770	0.002921914357682631
2017-08-07	9922	9932	9918	9920	1345	-0.0034157122764717496
2017-08-08	9941	9941	9898	9925	1145	0.0005040322580645018
2017-08-09	9893	9903	9889	9896	1691	-0.002921914357682631
2017-08-10	9918	9932	9889	9916	1101	0.0020210185933711156
2017-08-11	9976	9976	9854	9886	706	-0.003025413473174643
2017-08-14	9884	9889	9869	9871	894	-0.001517297187942579
2017-08-16	9869	9869	9844	9861	712	-0.0010130685847431486
2017-08-17	9854	9874	9849	9876	1229	0.0015211439002129623
2017-08-18	9859	9864	9840	9861	1049	-0.0015188335358444771
2017-08-21	9859	9859	9844	9851	1044	-0.0010140959334753452
2017-08-22	9859	9864	9840	9856	924	0.000507562683991436
2017-08-23	9859	9859	9831	9861	4791	0.0005073051948052409
2017-08-24	9859	9884	9859	9881	272	0.0020281918669506904
2017-08-25	9903	9903	9864	9891	1496	0.0010120433154539032
2017-08-28	9869	9898	9869	9881	710	-0.001011020119300321
2017-08-29	9864	9889	9844	9891	1586	0.0010120433154539032
2017-08-30	9889	9889	9864	9891	1350	0.0
2017-08-31	9889	9889	9864	9886	459	-0.0005055100596501605
2017-09-01	9879	9879	9854	9866	637	-0.002023062917256735
2017-09-04	10180	10180	9821	9841	863	-0.002533954996959298
2017-09-05	9849	9849	9826	9836	544	-0.0005080784473122657
2017-09-06	9821	9821	9796	9798	357	-0.0038633590890605474
2017-09-07	9811	9835	9806	9831	373	0.003368034292712707
2017-09-08	9831	9831	9816	9822	616	-0.0009154714678059062
2017-09-11	10180	10180	9831	9856	1502	0.0034616167786600816
2017-09-12	9840	9864	9831	9846	487	-0.0010146103896103709
2017-09-13	9840	9874	9840	9851	1027	0.0005078204346942172
2017-09-14	10180	10180	9831	9866	707	0.001522688051974308
2017-09-15	10180	10180	9840	9881	1006	0.0015203729981756453
2017-09-18	10180	10180	9854	9876	769	-0.0005060216577269516
2017-09-19	9840	9844	9831	9836	161	-0.004050222762251976
2017-09-20	10180	10180	9826	9826	480	-0.0010166734444896353
2017-09-21	9796	9811	9786	9789	755	-0.003765520048850002
2017-09-22	9796	9796	9761	9775	153	-0.0014301767289814915
2017-09-25	9761	9761	9722	9726	965	-0.005012787723785217
2017-09-26	9746	9771	9741	9770	946	0.004523956405511065
2017-09-27	8816	9761	8816	9726	953	-0.004503582395086969
2017-09-28	9726	9766	9717	9770	59	0.004523956405511065
2017-09-29	9781	9796	9761	9798	510	0.002865916069600738
2017-10-10	9796	9811	9786	9794	3096	-0.0004082465809348568
2017-10-11	9766	9786	9766	9789	325	-0.0005105166428425179
2017-10-12	9771	9806	9771	9808	1002	0.0019409541321890877
2017-10-13	9801	9826	9796	9808	302	0.0
2017-10-16	9864	9864	9816	9851	850	0.004384176182707922
2017-10-17	9816	9835	9816	9836	519	-0.001522688051974419
2017-10-18	9854	9884	9854	9886	155	0.005083367222448176
2017-10-19	9869	9879	9854	9861	236	-0.002528828646570891
2017-10-20	9854	9859	9835	9851	470	-0.0010140959334753452
2017-10-23	9859	9864	9844	9866	987	0.001522688051974308
2017-10-24	9844	9859	9840	9861	907	-0.0005067909993918818
2017-10-25	9854	9854	9831	9846	4056	-0.0015211439002129623
2017-10-26	9831	9859	9831	9846	525	0.0
2017-10-27	9893	9893	9844	9876	1197	0.0030469226081657474
2017-10-30	9854	9859	9844	9856	421	-0.0020251113811259325
2017-10-31	9874	9884	9849	9886	959	0.0030438311688312236
2017-11-01	9840	9859	9840	9861	1460	-0.002528828646570891
2017-11-02	9913	9913	9859	9891	171	0.0030422878004259246
2017-11-03	9908	9908	9898	9911	50	0.002022040238600642
2017-11-06	9941	9941	9874	9901	1491	-0.0010089799212995576
2017-11-07	9879	9893	9879	9896	600	-0.000504999495000491
2017-11-08	9898	9932	9898	9935	461	0.00394098625707362
2017-11-09	9936	9946	9922	9940	167	0.0005032712632109249
2017-11-10	9903	9913	9903	9911	935	-0.0029175050301810668
2017-11-13	9961	9961	9893	9911	404	0.0
2017-11-14	9874	9898	9874	9896	1114	-0.0015134698819493364
2017-11-15	9908	9918	9889	9916	512	0.0020210185933711156
2017-11-16	9946	9946	9908	9930	50	0.0014118596208148038
2017-11-17	9908	9941	9898	9920	1223	-0.001007049345417954
2017-11-20	9884	9922	9884	9920	906	0.0
2017-11-21	9976	9976	9941	9954	428	0.003427419354838701
2017-11-22	9956	9966	9932	9959	852	0.0005023106288928325
2017-11-23	9927	9941	9927	9940	219	-0.001907822070489007
2017-11-24	9961	9986	9961	9984	161	0.004426559356136783
2017-11-27	9946	9981	9946	9964	1455	-0.0020032051282051766
2017-11-28	10015	10015	9971	9989	1379	0.0025090325170613603
2017-11-29	10015	10015	9966	9998	411	0.0009009910901991436
2017-11-30	10020	10025	10000	10008	1107	0.0010002000400080036
2017-12-01	9971	9990	9966	9984	423	-0.0023980815347721673
2017-12-04	10000	10015	9990	10003	329	0.0019030448717949344
2017-12-05	10049	10059	10030	10051	575	0.004798560431870547
2017-12-06	10084	10084	10010	10022	3336	-0.0028852850462640633
2017-12-07	10000	10000	9961	9964	226	-0.005787268010377211
2017-12-08	9966	9966	9927	9935	616	-0.002910477719791249
2017-12-11	9922	9956	9922	9959	1125	0.0024157020634121285
2017-12-12	10010	10010	9936	9959	102	0.0
2017-12-13	9976	10015	9951	10018	295	0.0059242895873079515
2017-12-14	10030	10040	10020	10022	111	0.00039928129367128307
2017-12-15	9080	10010	9080	10008	550	-0.001396926761125572
2017-12-18	10030	10040	10020	10022	218	0.0013988808952838383
2017-12-19	10005	10010	9956	9969	867	-0.005288365595689459
2017-12-20	9971	10005	9971	9989	513	0.002006219279767185
2017-12-21	9981	9981	9946	9949	727	-0.004004404845329823
2017-12-22	9951	9956	9932	9954	261	0.0005025630716655183
2017-12-26	9941	9951	9932	9940	1203	-0.0014064697609000865
2017-12-27	9976	10005	9956	10008	638	0.006841046277666019
2017-12-28	10015	10035	9990	10037	296	0.002897681854516332
2018-01-02	10025	10025	10005	10018	1610	-0.0018929959151140485
2018-01-03	10015	10015	9995	10003	1279	-0.0014973048512677556
2018-01-04	10030	10030	9971	9989	2008	-0.0013995801259621965
2018-01-05	9976	9986	9976	9989	1734	0.0
2018-01-08	10030	10035	10005	10037	567	0.0048052858143958765
2018-01-09	10015	10040	10015	10037	2402	0.0
2018-01-10	10064	10089	10040	10085	1010	0.004782305469761772
2018-01-11	10074	10079	10045	10065	206	-0.00198314328210214
2018-01-12	10084	10094	10035	10060	1137	-0.0004967709885742577
2018-01-15	10074	10074	10049	10056	314	-0.00039761431411533543
2018-01-16	10030	10059	10025	10056	882	0.0
2018-01-17	10079	10098	10059	10100	1509	0.004375497215592716
2018-01-18	10084	10089	10059	10065	1852	-0.0034653465346534684
2018-01-19	10059	10094	10059	10090	741	0.0024838549428713996
2018-01-22	10146	10146	10089	10115	771	0.0024777006937561907
2018-01-23	10094	10127	10079	10125	1022	0.000988630746416197
2018-01-24	10131	10141	10122	10130	1108	0.0004938271604937317
2018-01-25	10127	10131	10117	10130	561	0.0
2018-01-26	10122	10141	10117	10145	258	0.0014807502467917288
2018-01-29	10195	10195	10165	10174	357	0.002858551010349819
2018-01-30	10131	10156	10117	10125	83	-0.004816198152152507
2018-01-31	10098	10113	10069	10105	473	-0.0019753086419752597
2018-02-01	10113	10117	10094	10115	658	0.0009896091044037103
2018-02-02	10117	10122	10054	10085	394	-0.002965892239248591
2018-02-05	10030	10040	10015	10018	1467	-0.006643529995042141
2018-02-06	9971	10000	9936	9994	55	-0.0023956877620283645
2018-02-07	10010	10010	9927	9930	306	-0.006403842305383267
2018-02-08	9903	9936	9898	9930	1724	0.0
2018-02-09	9884	9918	9884	9906	1111	-0.0024169184290030454
2018-02-12	9893	9893	9864	9881	473	-0.0025237229961639907
2018-02-13	9879	9893	9859	9876	203	-0.0005060216577269516
2018-02-14	9908	9913	9889	9911	63	0.0035439449169705206
2018-02-19	9936	9946	9922	9949	444	0.0038341237009382745
2018-02-20	9913	9918	9893	9901	365	-0.004824605487988798
2018-02-21	9898	9922	9889	9916	805	0.001514998485001584
2018-02-22	9893	9898	9879	9901	467	-0.0015127067365873215
2018-02-23	9936	9966	9932	9969	143	0.006867993132006811
2018-02-26	9981	9981	9961	9974	555	0.0005015548199418518
2018-02-27	9966	9971	9946	9949	250	-0.002506516944054571
2018-02-28	9986	9986	9903	9930	787	-0.0019097396723288806
2018-03-02	9879	9889	9854	9876	56	-0.005438066465256797
2018-03-05	9849	9869	9831	9831	1484	-0.004556500607533431
2018-03-06	9844	9849	9840	9851	251	0.0020343810395686557
2018-03-07	9864	9874	9840	9856	69	0.000507562683991436
2018-03-08	9840	9849	9835	9851	318	-0.0005073051948052409
2018-03-09	9874	9932	9874	9916	176	0.006598314891889112
2018-03-12	9941	9966	9932	9964	878	0.0048406615570795175
2018-03-13	9922	9932	9922	9925	1302	-0.00391409072661586
2018-03-14	9927	9941	9927	9944	103	0.0019143576826197162
2018-03-15	9936	9966	9908	9964	2525	0.002011263073209868
2018-03-16	9951	9951	9932	9949	1042	-0.0015054195102368606
2018-03-19	9971	9971	9927	9959	784	0.0010051261433310366
2018-03-20	9932	9951	9913	9954	1827	-0.0005020584396023819
2018-03-21	9946	9961	9936	9954	395	0.0
2018-03-22	9946	9966	9941	9954	50	0.0
2018-03-23	9903	9903	9874	9876	1212	-0.007836045810729386
2018-03-26	9889	9927	9884	9930	547	0.005467800729040073
2018-03-27	9941	9961	9927	9959	2235	0.0029204431017120225
2018-03-28	9936	9946	9927	9940	60	-0.001907822070489007
2018-03-29	9966	9966	9922	9944	310	0.0004024144869214652
2018-03-30	9966	9986	9961	9984	79	0.004022526146419958
2018-04-02	9995	10020	9956	9989	1374	0.0005008012820513219
2018-04-03	9966	10000	9946	9998	566	0.0009009910901991436
2018-04-04	9971	9976	9932	9944	1220	-0.005401080216043241
2018-04-05	9971	9976	9951	9959	740	0.001508447304907401
2018-04-06	9966	9981	9961	9979	201	0.0020082337584095278
2018-04-09	9976	9986	9961	9989	308	0.0010021044192805029
2018-04-10	9971	9986	9956	9989	218	0.0
2018-04-11	9956	9956	9941	9959	50	-0.0030033036339973673
2018-04-12	9981	9981	9966	9974	50	0.0015061753188070348
2018-04-13	9995	9995	9956	9969	151	-0.0005013033888109364
2018-04-16	9951	9951	9927	9935	249	-0.0034105727756044146
2018-04-17	9990	9990	9956	9969	76	0.003422244589833978
2018-04-18	9981	9995	9971	9984	510	0.0015046644598255554
2018-04-19	9961	9971	9956	9964	492	-0.0020032051282051766
2018-04-20	9981	9995	9976	9994	288	0.003010839020473721
2018-04-23	9976	9976	9956	9964	506	-0.003001801080648403
2018-04-24	9995	10000	9971	9994	1335	0.003010839020473721
2018-04-25	9956	9956	9941	9949	468	-0.004502701620972549
2018-04-26	9966	9990	9966	9989	195	0.004020504573323924
2018-04-27	9976	9991	9966	9969	111	-0.0020022024226649116
2018-04-30	10011	10046	10011	10046	369	0.007723944227103985
2018-05-02	10099	10099	10050	10061	54	0.0014931315946644652
2018-05-03	10036	10036	10016	10018	59	-0.0042739290328993595
2018-05-04	10026	10031	10006	10008	98	-0.0009982032341784297
2018-05-08	9986	9986	9946	9949	130	-0.005895283772981652
2018-05-09	9961	9986	9956	9984	179	0.003517941501658406
2018-05-10	9966	9986	9961	9989	2088	0.0005008012820513219
2018-05-11	10006	10026	9996	10022	2613	0.003303633997397082
2018-05-14	10060	10075	10060	10066	50	0.004390341249251639
2018-05-15	10041	10055	10036	10042	220	-0.0023842638585336307
2018-05-16	10031	10041	10026	10037	50	-0.0004979087831109563
2018-05-17	10011	10031	10006	10013	59	-0.002391152734880886
2018-05-18	10041	10055	10036	10056	98	0.004294417257565186
2018-05-21	10036	10046	10016	10032	900	-0.0023866348448687846
2018-05-23	10021	10041	10021	10032	50	0.0
2018-05-24	10026	10031	10006	10022	59	-0.0009968102073365515
2018-05-25	10011	10011	9971	9974	2901	-0.0047894631810018184
2018-05-28	9991	10031	9991	10032	353	0.005815119310206507
2018-05-29	10026	10026	10001	10003	297	-0.002890749601275888
2018-05-30	10001	10001	9941	9954	1063	-0.004898530440867743
2018-05-31	9981	9986	9976	9979	101	0.0025115531444646066
2018-06-01	9932	9981	9932	9979	558	0.0
2018-06-04	10011	10026	10006	10013	98	0.0034071550255536653
2018-06-05	10016	10031	9996	10032	2156	0.00189753320683117
2018-06-07	10006	10031	10006	10032	59	0.0
2018-06-08	10060	10060	10046	10056	110	0.0023923444976077235
2018-06-11	10041	10080	10041	10081	259	0.0024860779634048313
2018-06-12	10090	10095	10075	10086	1586	0.0004959825414145858
2018-06-14	10075	10090	10060	10066	202	-0.0019829466587348854
2018-06-15	10046	10046	9996	10003	170	-0.006258692628650864
2018-06-18	10011	10016	9971	9974	110	-0.0028991302609217007
2018-06-19	9991	9996	9951	9954	50	-0.0020052135552436345
2018-06-20	9961	9976	9946	9969	409	0.0015069318866787196
2018-06-21	9932	9946	9913	9915	61	-0.0054167920553716
2018-06-22	9913	9951	9908	9954	50	0.003933434190620311
2018-06-25	9918	9951	9913	9954	481	0.0
2018-06-26	9951	9951	9918	9940	204	-0.0014064697609000865
2018-06-27	9927	9946	9908	9915	210	-0.0025150905432596016
2018-06-28	10766	12885	9884	9890	3302	-0.002521432173474558
2018-06-29	9932	9932	9859	9925	1052	0.003538928210313541
2018-07-02	9893	9893	9825	9825	81	-0.010075566750629705
2018-07-03	9834	9834	9780	9807	389	-0.001832061068702262
2018-07-04	9800	9820	9790	9812	1664	0.000509839910268095
2018-07-05	9815	9830	9795	9812	59	0.0
2018-07-06	9825	9859	9815	9855	53	0.004382388911536861
2018-07-09	9830	9830	9800	9825	245	-0.0030441400304414
2018-07-10	9834	9844	9830	9845	129	0.0020356234096692294
2018-07-11	9830	9849	9825	9840	50	-0.000507872016251909
2018-07-12	9854	9854	9834	9850	53	0.00101626016260159
2018-07-13	9854	9879	9854	9880	50	0.003045685279187804
2018-07-16	9854	9884	9854	9880	182	0.0
2018-07-17	9874	9884	9864	9875	616	-0.0005060728744938903
2018-07-18	9889	9889	9859	9865	403	-0.0010126582278481289
2018-07-19	9874	9874	9834	9845	166	-0.0020273694880892368
2018-07-20	9849	9864	9834	9860	383	0.001523616048755727
2018-07-23	9859	9869	9844	9850	59	-0.0010141987829614951
2018-07-24	9859	9884	9844	9880	59	0.003045685279187804
2018-07-25	9893	9898	9874	9885	431	0.0005060728744938903
2018-07-26	9903	9913	9903	9910	253	0.0025290844714214167
2018-07-27	9918	9918	9898	9900	150	-0.0010090817356205317
2018-07-30	9898	9908	9889	9900	321	0.0
2018-07-31	9918	9922	9908	9925	50	0.002525252525252597
2018-08-01	9932	9946	9922	9935	59	0.001007556675062915
2018-08-02	9893	9913	9864	9875	200	-0.006039255158530432
2018-08-03	9898	9913	9898	9915	50	0.0040506329113925155
2018-08-06	9922	9932	9893	9900	218	-0.001512859304084735
2018-08-07	9913	9913	9893	9910	50	0.0010101010101009056
2018-08-08	9918	9918	9889	9890	111	-0.0020181634712411745
2018-08-09	9898	9903	9889	9900	50	0.0010111223458038054
2018-08-10	9913	9918	9889	9915	93	0.0015151515151514694
2018-08-13	9922	9922	9869	9880	100	-0.0035300050428643814
2018-08-14	9889	9903	9874	9900	100	0.002024291497975783
2018-08-16	9908	9908	9869	9895	181	-0.0005050505050504528
2018-08-17	9908	9913	9898	9910	59	0.001515917129863542
2018-08-20	9869	9913	9869	9900	561	-0.0010090817356205317
2018-08-21	9879	9927	9879	9930	79	0.003030303030302939
2018-08-22	9922	9927	9893	9900	100	-0.0030211480362537513
2018-08-23	9908	9908	9893	9910	50	0.0010101010101009056
2018-08-24	9936	9946	9918	9949	59	0.003935418768920229
2018-08-27	9956	9956	9936	9959	691	0.0010051261433310366
2018-08-28	9961	9976	9961	9969	471	0.0010041168792047639
2018-08-29	9976	9976	9946	9969	311	0.0
2018-08-30	9927	9941	9918	9925	88	-0.004413682415488007
2018-08-31	9951	9961	9927	9964	240	0.003929471032745546
2018-09-03	9922	9946	9922	9935	151	-0.002910477719791249
2018-09-04	9908	9936	9908	9940	100	0.0005032712632109249
2018-09-05	9918	9941	9918	9920	180	-0.002012072434607659
2018-09-06	9898	9941	9898	9925	161	0.0005040322580645018
2018-09-07	9922	9946	9918	9940	1106	0.0015113350125943725
2018-09-10	9922	9941	9922	9940	1009	0.0
2018-09-11	9918	9941	9918	9935	101	-0.0005030181086519425
2018-09-12	9908	9946	9908	9944	204	0.0009058882737795759
2018-09-13	9927	9961	9927	9954	101	0.001005631536604934
2018-09-14	9932	9986	9932	9969	101	0.0015069318866787196
2018-09-17	9946	9951	9927	9944	380	-0.002507774099709148
2018-09-18	9918	9936	9918	9925	153	-0.0019106999195495078
2018-09-19	9913	9922	9898	9905	133	-0.002015113350125941
2018-09-20	9889	9908	9884	9885	1035	-0.002019182231196348
2018-09-21	9908	9908	9889	9895	133	0.001011633788568611
2018-09-27	9879	9936	9879	9925	1299	0.003031834259727084
2018-09-28	9951	9966	9946	9969	100	0.004433249370277004
2018-10-01	9971	9971	9946	9949	219	-0.002006219279767296
2018-10-02	9956	9956	9913	9935	126	-0.0014071766006633624
2018-10-04	9936	9936	9874	9880	1291	-0.005535983895319618
2018-10-05	9844	9874	9844	9875	50	-0.0005060728744938903
2018-10-08	9839	9839	9810	9812	68	-0.0063797468354430675
2018-10-10	9790	9820	9765	9768	200	-0.004484304932735439
2018-10-11	9750	9750	9668	9669	252	-0.010135135135135087
2018-10-12	9673	9697	9663	9689	204	0.002068466232288735
2018-10-15	9663	9692	9663	9684	846	-0.0005160491278769497
2018-10-16	9711	9721	9683	9709	142	0.0025815778603883732
2018-10-17	9755	9755	9725	9758	86	0.005046863734679219
2018-10-18	9716	9735	9706	9714	101	-0.00450912072145937
2018-10-19	9688	9725	9683	9728	105	0.0014412188593782016
2018-10-22	9702	9740	9702	9738	551	0.0010279605263157077
2018-10-23	9716	9725	9653	9679	317	-0.0060587389607722475
2018-10-24	9692	9692	9663	9664	519	-0.001549746874677127
2018-10-25	9648	9648	9604	9625	1250	-0.0040355960264900625
2018-10-26	9623	9628	9564	9587	618	-0.003948051948051923
2018-10-29	9589	9594	9530	9532	425	-0.0057369354333993705
2018-10-30	9539	9559	9515	9552	478	0.0020981955518253326
2018-10-31	9569	9609	9554	9605	352	0.00554857621440541
2018-11-01	9559	9604	9559	9582	345	-0.0023945861530453305
2018-11-02	9594	9668	9594	9669	306	0.009079524107701964
2018-11-05	9628	9628	9599	9605	217	-0.006619091943323996
2018-11-06	9623	9643	9623	9644	59	0.0040603852160332465
2018-11-07	9633	9658	9589	9592	113	-0.005391953546246331
2018-11-08	9638	9658	9633	9634	113	0.004378648874061808
2018-11-09	9633	9658	9633	9639	102	0.0005189952252440122
2018-11-12	9619	9648	9619	9634	301	-0.0005187260089221102
2018-11-13	9594	9633	9579	9629	103	-0.0005189952252439012
2018-11-14	9619	9633	9619	9629	101	0.0
2018-11-15	9609	9673	9609	9674	215	0.004673382490393507
2018-11-16	9663	9688	9663	9684	50	0.0010336985734960003
2018-11-19	9668	9706	9668	9709	60	0.0025815778603883732
2018-11-20	9668	9711	9668	9694	489	-0.00154495828612633
2018-11-21	9668	9706	9663	9709	430	0.0015473488755930465
2018-11-22	9692	9711	9692	9694	70	-0.00154495828612633
2018-11-23	9716	9716	9692	9699	50	0.0005157829585309415
2018-11-26	9716	9735	9706	9738	1450	0.004021033096195392
2018-11-27	9750	9770	9740	9763	123	0.002567262271513604
2018-11-28	9765	9780	9755	9783	50	0.002048550650414871
2018-11-29	9790	9800	9780	9788	354	0.0005110906674843374
2018-11-30	9805	9815	9795	9817	122	0.0029628116060482768
2018-12-03	9825	9830	9810	9812	101	-0.0005093205663644351
2018-12-04	9790	9825	9780	9793	2387	-0.0019364044027720961
2018-12-05	9820	9820	9785	9802	101	0.0009190237925047473
2018-12-06	9765	9780	9765	9768	101	-0.003468679861252766
2018-12-07	9785	9785	9755	9773	45	0.0005118755118755924
2018-12-10	9755	9765	9745	9758	230	-0.0015348408881612485
2018-12-11	9770	9770	9755	9763	111	0.0005124000819840546
2018-12-12	9770	9810	9770	9812	101	0.005018949093516412
2018-12-13	9775	9820	9775	9821	132	0.000917244190786759
2018-12-14	9825	9830	9785	9802	102	-0.0019346298747581203
2018-12-17	9834	9844	9834	9840	219	0.0038767598449296337
2018-12-18	9834	9844	9810	9821	50	-0.0019308943089431096
2018-12-19	9805	9834	9805	9835	102	0.0014255167498218313
2018-12-20	9839	9839	9805	9825	535	-0.0010167768174885738
2018-12-21	9820	9825	9780	9802	565	-0.002340966921119625
2018-12-24	9805	9805	9790	9797	124	-0.000510099979595946
2018-12-26	9805	9805	9725	9743	693	-0.0055118913953251525
2018-12-27	9706	9805	9706	9793	162	0.005131889561736713
2018-12-28	9830	9834	9820	9830	160	0.0037782089247422324
2019-01-02	9795	9820	9760	9768	1492	-0.006307222787385602
2019-01-03	9750	9770	9750	9753	101	-0.0015356265356265553
2019-01-04	9770	9810	9770	9812	376	0.006049420691069507
2019-01-07	9805	9825	9805	9817	286	0.0005095801059926686
2019-01-08	9790	9834	9790	9825	112	0.000814912906183185
2019-01-09	9859	9898	9859	9890	206	0.00661577608142494
2019-01-10	9854	9869	9854	9865	113	-0.0025278058645096246
2019-01-11	9859	9898	9859	9890	120	0.0025342118601114905
2019-01-14	9913	9913	9869	9905	108	0.0015166835187057082
2019-01-15	9908	9936	9908	9930	528	0.0025239777889953796
2019-01-16	9913	9922	9908	9915	287	-0.0015105740181269312
2019-01-17	9913	9936	9903	9940	590	0.002521432173474558
2019-01-18	9951	9956	9932	9954	98	0.0014084507042253502
2019-01-21	9961	9971	9951	9959	529	0.0005023106288928325
2019-01-22	9966	9966	9913	9944	213	-0.0015061753188071458
2019-01-23	9946	9976	9941	9974	198	0.003016894609815024
2019-01-24	9956	9976	9946	9974	109	0.0
2019-01-25	9976	10011	9976	10008	4964	0.00340886304391419
2019-01-28	10016	10021	9981	10013	356	0.0004996003197441645
2019-01-29	9966	9986	9966	9989	2448	-0.002396884050734016
2019-01-30	9966	10021	9966	10013	126	0.0024026429071979383
2019-01-31	10041	10050	10011	10032	81	0.00189753320683117
2019-02-01	10046	10046	10016	10022	110	-0.0009968102073365515
2019-02-07	10016	10026	10001	10018	409	-0.0003991219317501793
2019-02-08	10046	10046	10001	10018	189	0.0
2019-02-11	9976	10006	9976	10008	1928	-0.0009982032341784297
2019-02-12	9976	10006	9976	9984	494	-0.0023980815347721673
2019-02-13	9961	10011	9961	9998	167	0.0014022435897436125
2019-02-14	10001	10041	9991	10042	90	0.004400880176035127
2019-02-15	10070	10070	10001	10032	332	-0.0009958175662219126
2019-02-18	10041	10060	10036	10061	2916	0.0028907496012759992
2019-02-19	10016	10041	10016	10032	205	-0.002882417254746028
2019-02-20	10011	10075	10011	10066	518	0.003389154704944275
2019-02-21	10046	10060	10041	10051	127	-0.0014901649115836024
2019-02-22	10031	10065	10031	10066	188	0.0014923888170330635
2019-02-25	10095	10104	10090	10096	351	0.002980329823167205
2019-02-26	10050	10085	10050	10071	247	-0.0024762282091917998
2019-02-27	10099	10114	10075	10116	219	0.0044682752457552155
2019-02-28	10123	10123	10070	10071	372	-0.004448398576512469
2019-03-04	10075	10085	10060	10066	208	-0.000496475027306098
2019-03-05	10075	10075	10021	10046	119	-0.0019868865487780996
2019-03-06	10036	10060	10036	10051	53	0.0004977105315548958
2019-03-07	10050	10050	10016	10022	69	-0.0028852850462640633
2019-03-08	10036	10036	9991	9994	284	-0.002793853522251033
2019-03-11	9996	9996	9966	9998	91	0.0004002401440863501
2019-03-12	9966	10026	9966	9998	106	0.0
2019-03-13	10026	10026	9991	10027	1808	0.0029005801160231215
2019-03-14	10031	10041	10011	10042	158	0.0014959609055549272
2019-03-15	10001	10065	10001	10051	828	0.0008962358095996326
2019-03-18	10090	10090	10075	10086	41	0.003482240573077222
2019-03-19	10090	10090	10070	10076	32	-0.0009914733293674427
2019-03-20	10080	10080	10026	10066	549	-0.000992457324335061
2019-03-21	10026	10070	10021	10042	95	-0.0023842638585336307
2019-03-22	10016	10050	10016	10037	291	-0.0004979087831109563
2019-03-25	10060	10060	10016	10018	357	-0.0018929959151140485
2019-03-26	9971	10021	9971	10018	270	0.0
2019-03-27	9991	10046	9991	10042	62	0.0023956877620283645
2019-03-28	10070	10070	10036	10051	644	0.0008962358095996326
2019-03-29	10055	10085	10046	10086	407	0.003482240573077222
2019-04-01	10085	10114	10080	10106	987	0.0019829466587348854
2019-04-02	10060	10080	10060	10071	677	-0.003463289135167247
2019-04-03	10104	10123	10080	10126	35	0.005461225300367412
2019-04-04	10133	10138	10118	10136	195	0.000987556784515009
2019-04-05	10090	10128	10090	10121	153	-0.0014798737174427368
2019-04-08	10148	10148	10138	10146	98	0.002470111649046647
2019-04-09	10153	10158	10118	10156	4223	0.0009856100926473044
2019-04-10	10162	10177	10143	10180	76	0.0023631350925561456
2019-04-11	10128	10162	10128	10156	345	-0.0023575638506876384
2019-04-12	10128	10162	10128	10160	126	0.0003938558487592836
2019-04-15	10187	10187	10153	10175	457	0.001476377952756014
2019-04-16	10133	10158	10133	10160	179	-0.0014742014742015197
2019-04-17	10182	10182	10162	10170	161	0.0009842519685039353
2019-04-18	10177	10177	10138	10156	462	-0.0013765978367747955
2019-04-19	10109	10133	10109	10126	212	-0.002953918865695182
2019-04-22	10153	10153	10109	10136	669	0.000987556784515009
2019-04-23	10138	10143	10109	10146	121	0.0009865824782950838
2019-04-24	10099	10123	10075	10086	89	-0.005913660555884048
2019-04-25	10114	10123	10090	10111	295	0.0024786833234184957
2019-04-26	10118	10118	10080	10096	2934	-0.001483532786074604
2019-04-29	10095	10144	10080	10131	387	0.0034667194928683642
2019-04-30	10158	10158	10114	10151	164	0.0019741387819562917
2019-05-02	10139	10168	10105	10165	2704	0.001379174465569788
2019-05-03	10119	10129	10100	10111	102	-0.005312346286276415
2019-05-07	10100	10100	10070	10096	541	-0.001483532786074604
2019-05-08	10110	10114	10075	10111	149	0.0014857369255150132
2019-05-09	10060	10070	10006	10008	48	-0.010186925131045355
2019-05-10	10021	10046	10001	10027	376	0.0018984812150280028
2019-05-13	10036	10036	9991	9993	78	-0.0033908447192579905
2019-05-14	9976	10006	9961	9993	271	0.0
2019-05-15	10006	10006	9971	10008	57	0.001501050735514875
2019-05-16	10021	10021	9971	9983	128	-0.0024980015987210447
2019-05-17	9976	9981	9946	9948	88	-0.003505960132224817
2019-05-20	9991	9991	9961	9968	273	0.002010454362685987
2019-05-21	9971	9986	9956	9973	31	0.0005016051364366003
2019-05-22	9956	9956	9936	9953	113	-0.0020054146194725675
2019-05-23	9936	9946	9922	9934	130	-0.0019089721691951667
2019-05-24	9932	9946	9918	9924	73	-0.0010066438494060748
2019-05-27	9941	9966	9941	9968	649	0.00443369609028621
2019-05-28	9976	9986	9956	9988	218	0.0020064205457464013
2019-05-29	9986	9986	9941	9948	62	-0.004004805766920305
2019-05-30	9927	9946	9898	9943	330	-0.0005026135906714968
2019-05-31	9922	9951	9922	9948	47	0.0005028663381272391
2019-06-03	9927	9986	9927	9988	163	0.004020908725371974
2019-06-04	9986	9996	9981	9983	367	-0.0005006007208649965
2019-06-05	9981	9986	9966	9973	577	-0.001001702894921408
2019-06-07	10001	10006	9976	9988	74	0.0015040609646044256
2019-06-10	9986	10016	9976	10013	162	0.0025030036043252046
2019-06-11	10031	10060	10026	10061	150	0.004793768101468032
2019-06-12	10065	10075	10036	10061	292	0.0
2019-06-13	10041	10050	10016	10046	89	-0.0014909054765928076
2019-06-14	10050	10065	10046	10046	57	0.0
2019-06-17	10046	10060	10021	10042	248	-0.0003981684252438722
2019-06-18	10050	10055	10041	10046	32	0.00039832702648867624
2019-06-19	10065	10065	10055	10066	36	0.001990842126219361
2019-06-20	10055	10070	10055	10066	246	0.0
2019-06-21	10080	10080	10055	10071	527	0.0004967216371944971
2019-06-24	10075	10075	10060	10066	96	-0.000496475027306098
2019-06-25	10080	10085	10050	10051	336	-0.0014901649115836024
2019-06-26	10026	10031	10021	10022	371	-0.0028852850462640633
2019-06-27	10055	10070	10041	10061	58	0.0038914388345638873
2019-06-28	10070	10070	10041	10051	154	-0.000993936984395205
2019-07-01	10070	10070	10031	10046	259	-0.0004974629390110952
2019-07-02	10016	10031	10011	10027	157	-0.0018913000199084484
2019-07-03	10055	10055	10016	10022	281	-0.0004986536351849757
2019-07-04	10041	10055	10016	10056	390	0.0033925364198763575
2019-07-05	10075	10080	10036	10076	1177	0.0019888623707240427
2019-07-08	10046	10046	10011	10018	50	-0.005756252481143309
2019-07-09	10011	10011	9966	9988	61	-0.0029946097025354
2019-07-10	9951	9961	9951	9958	179	-0.003003604325190201
2019-07-11	10001	10016	9986	10013	117	0.005523197429202709
2019-07-12	9996	10011	9996	10013	178	0.0
2019-07-15	10021	10021	9981	10008	386	-0.000499350843902957
2019-07-16	9996	10001	9976	9988	162	-0.001998401278976769
2019-07-17	10001	10001	9971	9998	69	0.001001201441729993
2019-07-18	9966	9986	9966	9983	98	-0.0015003000600120053
2019-07-19	10016	10055	10011	10056	17	0.007312431132926012
2019-07-22	10050	10050	10026	10046	706	-0.0009944311853620214
2019-07-23	10041	10055	10041	10051	252	0.0004977105315548958
2019-07-24	10026	10055	10026	10042	93	-0.0008954332902199047
2019-07-25	10016	10016	9986	10008	333	-0.003385779725154303
2019-07-26	10006	10026	10006	10022	372	0.0013988808952838383
2019-07-29	10006	10006	9971	9978	283	-0.004390341249251639
2019-07-30	9966	9981	9951	9973	160	-0.0005011024253357421
2019-07-31	9996	10006	9991	10003	38	0.0030081219292088512
2019-08-01	9956	9986	9946	9958	158	-0.0044986504048785125
2019-08-02	9961	9976	9956	9958	51	0.0
2019-08-05	9932	9951	9908	9919	765	-0.003916449086161844
2019-08-06	9863	9908	9858	9864	649	-0.00554491380179456
2019-08-07	9873	9873	9834	9849	78	-0.0015206812652067692
2019-08-08	9853	9883	9843	9869	58	0.002030663011473255
2019-08-09	9898	9918	9888	9904	31	0.0035464586077615934
2019-08-12	9898	9913	9888	9899	507	-0.0005048465266559443
2019-08-13	9908	9908	9863	9874	137	-0.0025255076270330745
2019-08-14	9878	9888	9873	9879	439	0.0005063803929512556
2019-08-16	9878	9883	9858	9874	723	-0.0005061241016297569
2019-08-19	9888	9903	9883	9904	68	0.0030382823577070894
2019-08-20	9903	9922	9893	9924	216	0.0020193861066235552
2019-08-21	9922	9922	9908	9914	81	-0.0010076582023377245
2019-08-22	9893	9893	9868	9869	162	-0.004539035707080918
2019-08-23	9878	9878	9858	9869	34	0.0
2019-08-26	9834	9834	9824	9824	592	-0.004559732495693636
2019-08-27	9838	9838	9809	9816	34	-0.0008143322475570036
2019-08-28	9804	9819	9794	9820	376	0.00040749796251016157
2019-08-29	9843	9848	9838	9849	83	0.0029531568228104987
2019-08-30	9868	9893	9868	9889	61	0.00406132602294651
2019-09-02	9878	9888	9878	9884	152	-0.0005056122964910426
2019-09-03	9888	9903	9888	9894	60	0.0010117361392147917
2019-09-04	9873	9893	9873	9889	205	-0.0005053567818880111
2019-09-05	9922	9927	9913	9919	192	0.0030336737789462553
2019-09-06	9918	9918	9878	9904	6662	-0.0015122492186712133
2019-09-09	9893	9908	9883	9884	52	-0.0020193861066235552
2019-09-10	9913	9932	9903	9929	521	0.004552812626467118
2019-09-11	9946	9956	9941	9958	39	0.0029207372343640348
2019-09-16	9946	9956	9936	9939	271	-0.0019080136573609296
2019-09-17	9961	9966	9951	9963	171	0.0024147298520977856
2019-09-18	9966	9966	9951	9968	30	0.0005018568704204807
2019-09-19	9936	9951	9932	9934	52	-0.0034109149277689044
2019-09-20	9951	9966	9936	9968	449	0.003422589087980654
2019-09-23	9966	9981	9966	9983	89	0.001504815409309801
2019-09-24	9986	9996	9976	9998	39	0.001502554342382112
2019-09-25	9986	9986	9951	9953	250	-0.004500900180036016
2019-09-26	9981	9981	9956	9973	394	0.0020094443886264912
2019-09-27	9971	9971	9936	9948	31	-0.0025067682743407094
2019-09-30	9922	9976	9922	9978	257	0.003015681544028981
2019-10-01	9971	10001	9971	9993	397	0.0015033072760071153
2019-10-02	9976	9976	9941	9943	32	-0.005003502451716213
2019-10-04	9941	9941	9927	9929	134	-0.0014080257467564694
2019-10-07	9918	9918	9898	9909	403	-0.0020143015409407328
2019-10-08	9932	9946	9922	9929	82	0.002018367140983024
2019-10-10	9927	9927	9893	9909	506	-0.0020143015409407328
2019-10-11	9927	9927	9918	9919	32	0.001009183570491512
2019-10-14	9927	9927	9913	9924	204	0.0005040830728904044
2019-10-15	9941	9951	9941	9943	90	0.0019145505844417876
2019-10-16	9961	9966	9946	9963	31	0.0020114653525094006
2019-10-17	9941	9946	9922	9924	163	-0.003914483589280371
2019-10-18	9956	9961	9918	9934	546	0.0010076582023377245
2019-10-21	9941	9941	9903	9924	299	-0.0010066438494060748
2019-10-22	9936	9956	9918	9958	1104	0.0034260378879484854
2019-10-23	9918	9918	9893	9894	51	-0.006426993372163126
2019-10-24	9922	9932	9903	9934	60	0.004042854255104089
2019-10-25	9927	9932	9908	9929	416	-0.0005033219247030374
2019-10-28	9941	9951	9927	9929	362	0.0
2019-10-29	9922	9922	9903	9909	363	-0.0020143015409407328
2019-10-30	9927	9927	9893	9914	95	0.000504591785245756
2019-10-31	9927	9936	9918	9919	69	0.0005043373007866947
2019-11-01	9922	9936	9918	9934	80	0.0015122492186712133
2019-11-04	9927	9941	9927	9929	179	-0.0005033219247030374
2019-11-05	9956	9976	9956	9978	181	0.0049350387753046565
2019-11-06	9966	9976	9946	9968	84	-0.0010022048506714842
2019-11-07	9966	9986	9966	9983	34	0.001504815409309801
2019-11-08	9971	9986	9951	9988	53	0.000500851447460704
2019-11-11	9971	9971	9941	9963	524	-0.0025030036043252046
2019-11-12	9981	9981	9951	9978	626	0.001505570611261664
2019-11-13	9971	9971	9941	9953	93	-0.0025055121266787106
2019-11-14	9913	9956	9913	9953	71	0.0
2019-11-15	9976	10011	9971	10008	110	0.005525972068723073
2019-11-18	10016	10016	9966	9978	289	-0.002997601918465209
2019-11-19	9986	9986	9951	9983	164	0.0005011024253356311
2019-11-20	9946	9946	9932	9939	191	-0.004407492737654062
2019-11-21	9956	9956	9908	9909	536	-0.003018412315122232
2019-11-22	9932	9932	9908	9934	485	0.00252295892622878
2019-11-25	9927	9951	9927	9953	655	0.001912623313871542
2019-11-26	9976	9986	9961	9978	178	0.002511805485783114
2019-11-27	10001	10001	9956	9983	93	0.0005011024253356311
2019-11-28	9946	9966	9941	9948	1354	-0.003505960132224817
2019-11-29	9976	9976	9936	9948	61	0.0
2019-12-02	9936	9951	9922	9929	275	-0.0019099316445516656
2019-12-03	9922	9936	9908	9939	51	0.0010071507704703109
2019-12-04	9927	9927	9888	9929	230	-0.0010061374383740773
2019-12-05	9913	9913	9888	9899	297	-0.0030214523114110436
2019-12-06	9927	9941	9927	9943	26	0.004444893423578122
2019-12-09	9918	9918	9908	9914	69	-0.00291662476113852
2019-12-10	9936	9956	9936	9958	348	0.004438168246923446
2019-12-11	9956	9976	9951	9968	27	0.0010042177144005127
2019-12-12	9966	9991	9966	9983	278	0.001504815409309801
2019-12-13	10016	10031	10011	10022	28	0.003906641290193358
2019-12-16	10011	10016	9996	10008	144	-0.001396926761125572
2019-12-17	10021	10036	10011	10037	136	0.002897681854516332
2019-12-18	10031	10031	10026	10032	42	-0.0004981568197668373
2019-12-19	10006	10016	10001	10018	199	-0.001395534290271172
2019-12-20	10055	10055	10041	10051	205	0.0032940706727890845
2019-12-23	10031	10031	10021	10032	106	-0.001890359168241984
2019-12-24	10050	10050	10041	10046	27	0.001395534290271172
2019-12-26	10046	10055	10036	10056	252	0.0009954210631097915
2019-12-27	10080	10105	10070	10096	261	0.003977724741447863
2019-12-30	10105	10105	10095	10106	167	0.0009904912836766755
2020-01-02	10055	10065	10050	10056	130	-0.004947555907381718
2020-01-03	10090	10100	10075	10091	28	0.0034805091487668527
2020-01-06	10070	10070	10031	10051	470	-0.003963928252898596
2020-01-07	10046	10085	10046	10086	204	0.003482240573077222
2020-01-08	10021	10021	9991	9993	757	-0.009220701963117195
2020-01-09	10031	10031	10006	10013	48	0.002001400980686574
2020-01-10	10041	10050	10021	10046	566	0.003295715569759272
2020-01-13	10050	10085	10050	10086	795	0.003981684252438722
2020-01-14	10085	10095	10080	10096	446	0.0009914733293674427
2020-01-15	10110	10124	10110	10126	90	0.0029714738510300265
2020-01-16	10080	10095	10080	10091	48	-0.0034564487458028648
2020-01-17	10119	10119	10100	10106	153	0.0014864730948369598
2020-01-20	10095	10105	10070	10071	1018	-0.003463289135167247
2020-01-21	10085	10095	10075	10086	85	0.0014894250819184052
2020-01-22	10085	10105	10080	10106	35	0.0019829466587348854
2020-01-23	10070	10080	10060	10066	1239	-0.003958044725905441
2020-01-28	10041	10041	9991	9998	409	-0.006755414265845472
2020-01-29	9976	10016	9976	10013	479	0.0015003000600120053
2020-01-30	9971	9996	9956	9963	143	-0.004993508439029237
2020-01-31	9976	9991	9946	9953	62	-0.0010037137408410723
2020-02-03	9913	9927	9888	9924	535	-0.0029136943635085233
2020-02-04	9913	9951	9903	9934	407	0.0010076582023377245
2020-02-05	9941	9961	9936	9953	240	0.001912623313871542
2020-02-06	9951	10016	9951	10013	78	0.006028333165879696
2020-02-07	10011	10016	10001	10013	38	0.0
2020-02-10	9981	9996	9971	9998	42	-0.00149805253170876
2020-02-11	10031	10046	10031	10042	26	0.004400880176035127
2020-02-12	10001	10060	10001	10061	1182	0.0018920533758215452
2020-02-13	10046	10046	10021	10022	59	-0.003876354239141233
2020-02-14	10011	10050	10011	10027	327	0.0004989024146877519
2020-02-17	10006	10036	9986	10037	296	0.0009973072703699515
2020-02-18	10031	10031	9996	10018	1022	-0.0018929959151140485
2020-02-19	10016	10016	9981	9988	147	-0.0029946097025354
2020-02-20	10016	10016	9966	9993	353	0.0005006007208649965
2020-02-21	9956	9961	9936	9943	32	-0.005003502451716213
2020-02-24	9903	9903	9848	9849	1383	-0.009453887156793739
2020-02-25	9843	9868	9843	9869	144	0.002030663011473255
2020-02-26	9824	9853	9824	9839	157	-0.003039821663795683
2020-02-27	9838	9838	9789	9811	59	-0.0028458176643968436
2020-02-28	9764	9764	9715	9731	148	-0.00815411273060851
2020-03-02	9725	9744	9701	9727	126	-0.0004110574452780291
2020-03-03	9769	9784	9729	9731	490	0.0004112264829854162
2020-03-04	9744	9814	9744	9811	162	0.008221148905559472
2020-03-05	9858	9868	9848	9869	133	0.005911731729691061
2020-03-06	9843	9843	9794	9801	30	-0.006890262437937
2020-03-09	9734	9734	9681	9692	91	-0.011121314151617212
2020-03-10	9696	9696	9671	9697	41	0.0005158893933141506
2020-03-11	9696	9696	9612	9628	272	-0.007115602763741347
2020-03-12	9567	9567	9454	9470	5436	-0.016410469464063104
2020-03-13	9271	9395	9227	9352	8256	-0.012460401267159416
2020-03-16	9360	9390	9296	9298	92	-0.0057741659538066425
2020-03-17	9193	9296	9193	9248	712	-0.005377500537750102
2020-03-18	9237	9237	9129	9130	30	-0.012759515570934243
2020-03-19	9074	9074	8788	8790	157	-0.03723986856516981
2020-03-20	8887	8971	8827	8972	202	0.020705346985210538
2020-03-23	8862	8862	8783	8805	25	-0.01861346411056619
2020-03-24	8882	8961	8882	8952	36	0.016695059625212894
2020-03-25	9124	9212	9099	9214	130	0.029267202859696084
2020-03-26	9193	9296	9193	9298	455	0.009116561753852892
2020-03-27	9326	9331	9212	9283	56	-0.001613250161324964
2020-03-30	9207	9266	9173	9263	159	-0.0021544759237315247
2020-03-31	9301	9306	9256	9307	60	0.0047500809672891275
2020-04-01	9286	9350	9237	9239	85	-0.007306328569893661
2020-04-02	9227	9296	9193	9298	294	0.006385972507847226
2020-04-03	9316	9316	9271	9312	44	0.0015057001505700551
2020-04-06	9395	9454	9370	9455	167	0.01535652920962205
2020-04-07	9523	9523	9459	9505	95	0.005288207297726055
2020-04-08	9493	9562	9488	9524	28	0.001998947922146277
2020-04-09	9557	9592	9537	9594	51	0.007349853002939888
2020-04-10	9577	9617	9557	9618	42	0.00250156347717323
2020-04-13	9602	9602	9542	9544	190	-0.007693907257226074
2020-04-14	9582	9602	9577	9603	468	0.006181894383906039
2020-04-16	9577	9612	9537	9613	147	0.0010413412475267503
2020-04-17	9676	9691	9676	9692	112	0.008218038073442235
2020-04-20	9720	9729	9691	9707	260	0.0015476681799422298
2020-04-21	9691	9691	9597	9682	1114	-0.0025754610075203743
2020-04-22	9646	9696	9607	9697	456	0.0015492666804379773
2020-04-23	9686	9739	9686	9741	113	0.004537485820356846
2020-04-24	9725	9725	9676	9692	32	-0.005030284365054927
2020-04-27	9686	9734	9686	9727	641	0.0036112257531986103
2020-04-28	9750	9765	9735	9766	193	0.004009458209108585
2020-04-29	9780	9795	9780	9796	104	0.0030718820397297453
2020-05-04	9730	9745	9706	9717	243	-0.008064516129032251
2020-05-06	9720	9735	9710	9736	273	0.0019553360090562855
2020-05-07	9745	9770	9735	9766	45	0.0030813475760065323
2020-05-08	9805	9815	9800	9806	38	0.004095842719639586
2020-05-11	9810	9810	9790	9796	79	-0.0010197838058331188
2020-05-12	9775	9780	9730	9771	182	-0.002552062066149441
2020-05-13	9765	9800	9715	9801	30	0.003070310101320306
2020-05-14	9775	9790	9760	9771	510	-0.003060912151821249
2020-05-15	9775	9800	9765	9801	3094	0.003070310101320306
2020-05-18	9785	9785	9785	9786	11	-0.0015304560759106245
2020-05-19	9889	9889	9889	9890	555	0.010627426936439921
2020-05-20	9864	9909	9864	9890	214	0.0
2020-05-21	9919	9924	9889	9920	3126	0.0030333670374114163
2020-05-22	9914	9919	9839	9875	2080	-0.004536290322580627
2020-05-25	9879	9904	9859	9905	2284	0.0030379746835442756
2020-05-26	9924	9968	9924	9964	98	0.005956587582029327
2020-05-27	9978	9993	9958	9989	63	0.0025090325170613603
2020-05-28	9968	9993	9929	9935	510	-0.005405946541195306
2020-05-29	9948	9983	9933	9974	637	0.003925515853044681
2020-06-01	9963	10018	9963	10019	697	0.0045117304992980944
2020-06-02	10038	10067	10038	10068	182	0.00489070765545474
2020-06-03	10107	10107	10077	10108	32	0.003972983710766709
2020-06-04	10142	10142	10097	10103	1146	-0.0004946576968737348
2020-06-05	10107	10127	10077	10128	165	0.0024745125210332564
2020-06-08	10152	10152	10102	10138	147	0.000987361769352324
2020-06-09	10161	10161	10102	10128	32	-0.000986387847701664
2020-06-10	10102	10122	10102	10113	303	-0.001481042654028486
2020-06-11	10127	10132	10062	10073	785	-0.003955305052902203
2020-06-12	9968	10013	9963	10014	330	-0.005857242132433216
2020-06-15	9978	9978	9839	9840	45	-0.017375674056321122
2020-06-16	9904	10008	9904	10009	49	0.017174796747967402
2020-06-17	9973	9993	9929	9949	313	-0.00599460485562997
2020-06-18	9978	10003	9968	9994	148	0.0045230676449894425
2020-06-19	10013	10013	9968	9979	150	-0.001500900540324146
2020-06-22	9963	9978	9953	9959	182	-0.0020042088385610057
2020-06-23	9988	9988	9938	9969	31	0.0010041168792047639
2020-06-24	9983	9998	9978	9999	49	0.0030093289196508888
2020-06-25	9968	9968	9919	9920	32	-0.007900790079007902
2020-06-26	9933	9958	9924	9959	138	0.003931451612903203
2020-06-29	9929	9929	9889	9895	136	-0.0064263480269103335
2020-06-30	9933	9938	9924	9925	97	0.003031834259727084
2020-07-01	9909	9953	9909	9925	118	0.0
2020-07-02	9953	9993	9953	9994	30	0.006952141057934513
2020-07-03	9993	10008	9988	10009	34	0.001500900540324146
2020-07-06	10008	10038	10008	10034	160	0.002497752023179034
2020-07-07	10033	10043	10003	10004	30	-0.002989834562487581
2020-07-08	10008	10013	9998	10009	32	0.0004998000799680824
2020-07-09	10028	10028	10008	10029	625	0.0019982016185433604
2020-07-10	10008	10008	9973	9994	486	-0.0034898793498853165
2020-07-13	9998	10033	9998	10034	180	0.004002401440864611
2020-07-14	10028	10043	10003	10044	316	0.0009966115208290827
2020-07-15	10018	10077	10018	10053	467	0.0008960573476701761
2020-07-16	10077	10077	10052	10073	31	0.001989455883815827
2020-07-17	10092	10092	10067	10078	40	0.0004963764519010372
2020-07-20	10082	10087	10057	10088	244	0.000992260369120812
2020-07-21	10102	10122	10097	10118	36	0.0029738302934179117
2020-07-22	10097	10112	10097	10098	402	-0.001976675232259306
2020-07-23	10092	10107	10067	10108	68	0.0009902951079421296
2020-07-24	10082	10102	10072	10078	2129	-0.002967946181242631
2020-07-27	10087	10122	10087	10123	2100	0.004465171661043765
2020-07-28	10107	10137	10107	10113	504	-0.000987849451743572
2020-07-29	10122	10142	10112	10143	30	0.0029664787896765965
2020-07-30	10147	10161	10147	10157	64	0.0013802622498275685
2020-07-31	10147	10157	10137	10148	1639	-0.0008860884119326062
2020-08-03	10137	10137	10107	10133	236	-0.0014781237682301995
2020-08-04	10152	10161	10152	10162	129	0.0028619362479029853
2020-08-05	10171	10186	10171	10187	298	0.0024601456406219135
2020-08-06	10152	10231	10152	10227	203	0.003926573083341545
2020-08-07	10261	10261	10236	10257	30	0.0029334115576415964
2020-08-10	10265	10300	10265	10301	258	0.004289753339183022
2020-08-11	10295	10340	10295	10341	77	0.003883118143869435
2020-08-12	10320	10360	10290	10361	526	0.0019340489314378928
2020-08-13	10384	10384	10345	10366	750	0.0004825789016504878
2020-08-14	10384	10384	10345	10385	574	0.0018329153000193887
2020-08-18	10340	10340	10275	10281	1608	-0.010014443909484805
2020-08-19	10300	10310	10285	10311	162	0.0029180040852057054
2020-08-20	10285	10285	10152	10162	4207	-0.014450586752012384
2020-08-21	10221	10246	10201	10247	37	0.00836449517811455
2020-08-24	10226	10261	10206	10262	114	0.0014638430760223198
2020-08-25	10280	10315	10280	10316	757	0.005262132137984876
2020-08-26	10295	10295	10265	10291	167	-0.0024234199302055615
2020-08-27	10275	10275	10231	10252	35	-0.003789719172092143
2020-08-28	10231	10261	10221	10232	456	-0.0019508388607101246
2020-08-31	10300	10300	10231	10232	633	0.0
2020-09-01	10216	10251	10216	10252	55	0.001954652071931129
2020-09-02	10241	10251	10221	10252	1436	0.0
2020-09-03	10251	10275	10251	10276	554	0.002341006632852194
2020-09-04	10206	10231	10191	10232	730	-0.004281821720513834
2020-09-07	10211	10241	10211	10242	252	0.0009773260359655644
2020-09-08	10261	10261	10226	10242	558	0.0
2020-09-09	10221	10226	10221	10227	30	-0.0014645577035735657
2020-09-10	10226	10246	10226	10247	2652	0.0019556077050943976
2020-09-11	10216	10236	10211	10237	30	-0.0009758953840148799
2020-09-14	10261	10280	10261	10281	75	0.004298134219009375
2020-09-15	10261	10270	10256	10267	211	-0.0013617352397626847
2020-09-16	10280	10285	10265	10286	1220	0.0018505892665823254
2020-09-17	10261	10280	10256	10281	627	-0.00048609760839979366
2020-09-18	10280	10285	10241	10286	64	0.0004863340142009509
2020-09-21	10290	10290	10265	10276	55	-0.0009721952167995873
2020-09-22	10256	10256	10191	10202	175	-0.007201245620864105
2020-09-23	10201	10226	10181	10227	59	0.0024504999019800966
2020-09-24	10161	10161	10142	10153	31	-0.007235748508849116
2020-09-25	10152	10171	10147	10162	102	0.0008864375061559127
2020-09-28	10181	10226	10181	10227	452	0.006396378665616931
2020-09-29	10246	10256	10241	10257	52	0.0029334115576415964
2020-10-05	10280	10310	10280	10311	297	0.005264697279906416
2020-10-06	10285	10290	10261	10262	1375	-0.004752206381534285
2020-10-07	10270	10310	10270	10311	330	0.004774897680764001
2020-10-08	10335	10335	10310	10336	64	0.002424595092619608
2020-10-12	10325	10340	10325	10341	59	0.00048374613003088207
2020-10-13	10325	10325	10290	10306	135	-0.0033845856300164234
2020-10-14	10305	10305	10280	10306	362	0.0
2020-10-15	10285	10300	10270	10301	427	-0.00048515427906070663
2020-10-16	10295	10295	10261	10296	130	-0.0004853897679837349
2020-10-19	10310	10310	10295	10296	39	0.0
2020-10-20	10290	10310	10261	10306	986	0.0009712509712509476
2020-10-21	10285	10310	10285	10306	204	0.0
2020-10-22	10300	10320	10300	10321	23	0.0014554628371821199
2020-10-23	10330	10335	10330	10336	4	0.0014533475438427423
2020-10-26	10315	10315	10285	10291	282	-0.004353715170278605
2020-10-27	10270	10270	10256	10267	59	-0.002332134875133618
2020-10-28	10246	10295	10246	10296	128	0.0028245836174149996
2020-10-29	10231	10236	10206	10227	100	-0.006701631701631738
2020-10-30	10221	10221	10171	10187	776	-0.003911215410188684
2020-11-02	10191	10191	10171	10192	704	0.0004908216354175821
2020-11-03	10216	10231	10216	10232	30	0.00392464678178972
2020-11-04	10231	10256	10226	10257	191	0.002443315089913911
2020-11-05	10270	10305	10270	10306	67	0.004777225309544608
2020-11-06	10300	10300	10280	10291	138	-0.001455462837182231
2020-11-09	10315	10315	10310	10316	30	0.002429307161597505
2020-11-10	10310	10315	10285	10311	416	-0.0004846839860410679
2020-11-11	10330	10380	10330	10380	274	0.006691882455629905
2020-11-12	10355	10375	10355	10375	77	-0.0004816955684007196
2020-11-13	10355	10375	10345	10375	77	0.0
2020-11-16	10394	10394	10394	10395	32	0.001927710843373509
2020-11-17	10394	10404	10389	10405	48	0.0009620009620010528
2020-11-18	10404	10424	10399	10425	147	0.001922152811148381
2020-11-19	10394	10424	10389	10410	354	-0.0014388489208633226
2020-11-20	10434	10459	10434	10460	55	0.004803073967339033
2020-11-23	10454	10483	10449	10475	147	0.001434034416825991
2020-11-24	10444	10454	10439	10445	176	-0.0028639618138425194
2020-11-25	10449	10464	10409	10430	2081	-0.0014360938247965915
2020-11-26	10419	10434	10409	10435	298	0.0004793863854266611
2020-11-27	10424	10454	10424	10455	52	0.001916626736943039
2020-11-30	10439	10439	10424	10425	133	-0.0028694404591105283
2020-12-01	10449	10469	10434	10470	20	0.004316546762589857
2020-12-02	10459	10478	10459	10480	110	0.0009551098376312517
2020-12-03	10469	10488	10469	10490	642	0.000954198473282375
2020-12-04	10503	10503	10503	10504	110	0.0013346043851287792
2020-12-07	10493	10493	10464	10480	369	-0.0022848438690022954
2020-12-08	10493	10493	10474	10490	156	0.000954198473282375
2020-12-09	10528	10543	10518	10544	30	0.005147759771210625
2020-12-10	10543	10568	10538	10559	25	0.001422610015174408
2020-12-11	10523	10588	10523	10588	1115	0.002746472203807082
2020-12-14	10583	10583	10583	10583	16	-0.00047223271628260566
2020-12-15	10563	10578	10558	10579	2562	-0.0003779646603042641
2020-12-16	10553	10588	10553	10574	973	-0.00047263446450518387
2020-12-17	10583	10603	10573	10603	1922	0.002742576130130514
2020-12-18	10632	10647	10627	10648	971	0.004244081863623572
2020-12-21	10647	10696	10647	10698	4168	0.0046957175056348
2020-12-22	10696	10696	10632	10633	63	-0.0060759020377640915
2020-12-23	10622	10652	10593	10618	25	-0.001410702529859864
2020-12-24	10608	10627	10608	10628	78	0.0009417969485778777
2020-12-28	10642	10642	10612	10623	166	-0.0004704554008280182
2020-12-29	10642	10652	10632	10648	139	0.0023533841664313826
2020-12-30	10667	10721	10667	10723	507	0.0070435762584522
2021-01-04	10721	10756	10682	10757	2224	0.0031707544530448217
2021-01-05	10756	10826	10751	10826	840	0.006414427814446455
2021-01-06	10801	10826	10786	10797	85	-0.0026787363753926208
2021-01-07	10811	10865	10811	10866	683	0.006390664073353758
2021-01-08	10885	10914	10885	10916	106	0.004601509295048878
2021-01-11	10880	10904	10821	10866	4056	-0.0045804323928179125
2021-01-12	10835	10850	10776	10816	239	-0.004601509295048767
2021-01-13	10860	10880	10840	10881	533	0.006009615384615419
2021-01-14	10860	10885	10860	10886	1348	0.00045951658854881394
2021-01-15	10870	10870	10826	10831	118	-0.005052360830424374
2021-01-18	10816	10821	10771	10772	29	-0.005447327116609779
2021-01-19	10806	10835	10801	10836	2259	0.005941329372447068
2021-01-20	10811	10826	10791	10826	345	-0.0009228497600590746
2021-01-21	10826	10924	10826	10926	616	0.009237021984112248
2021-01-22	10934	10944	10929	10931	26	0.0004576240161082712
2021-01-25	10959	10989	10959	10990	541	0.005397493367486961
2021-01-26	10984	10984	10909	10936	784	-0.004913557779799849
2021-01-27	10934	10954	10914	10941	1711	0.0004572055596197
2021-01-28	10904	10904	10860	10891	5076	-0.004569966182250251
2021-01-29	10880	10880	10781	10811	79	-0.007345514645119788
2021-02-01	10796	10909	10796	10911	1132	0.009249838127832755
2021-02-02	10885	10954	10885	10941	151	0.0027495188342039345
2021-02-03	10949	10994	10919	10995	2115	0.004935563476830218
2021-02-04	10974	10984	10939	10985	406	-0.0009095043201454711
2021-02-05	10994	11044	10989	11044	590	0.0053709604005462985
2021-02-08	11039	11073	11039	11064	417	0.001810938065918144
2021-02-09	11044	11063	11044	11054	156	-0.0009038322487345818
2021-02-10	11049	11093	11029	11094	200	0.0036185996019539868
2021-02-15	11083	11103	11078	11089	2094	-0.00045069406886610874
2021-02-16	11093	11103	11063	11104	1271	0.0013526918567949853
2021-02-17	11108	11108	11039	11064	367	-0.0036023054755043304
2021-02-18	11108	11108	11054	11064	123	0.0
2021-02-19	11068	11083	11009	11084	455	0.0018076644974691636
2021-02-22	11108	11127	11068	11069	67	-0.0013533020570191123
2021-02-23	11073	11073	11019	11059	446	-0.0009034239768723751
2021-02-24	11073	11073	10934	10936	73	-0.011122162944208314
2021-02-25	10924	11029	10924	11010	1319	0.006766642282370228
2021-02-26	10934	10954	10919	10950	69	-0.00544959128065392
2021-03-02	11019	11024	10959	10975	577	0.0022831050228311334
2021-03-03	10974	11019	10974	11019	277	0.004009111617311989
2021-03-04	10999	11024	10979	11010	1103	-0.0008167710318540689
2021-03-05	11004	11004	10929	10955	28	-0.004995458673932807
2021-03-08	10969	10969	10900	10901	636	-0.004929256047466857
2021-03-09	10909	10909	10811	10856	325	-0.004128061645720549
2021-03-10	10880	10880	10831	10836	245	-0.0018422991893883855
2021-03-11	10870	10919	10860	10906	76	0.006459948320413522
2021-03-12	10934	10949	10919	10946	374	0.0036677058499907655
2021-03-15	10954	10954	10909	10921	406	-0.0022839393385711837
2021-03-16	10944	10974	10944	10975	208	0.004944602142660903
2021-03-17	10974	10974	10949	10970	895	-0.0004555808656035998
2021-03-18	11009	11039	11004	11029	1017	0.00537830446672749
2021-03-19	10994	11009	10944	11005	1031	-0.002176081240366279
2021-03-22	11039	11039	10984	11039	320	0.003089504770558804
2021-03-23	11059	11059	11014	11019	132	-0.0018117583114412028
2021-03-24	10979	10999	10969	11000	141	-0.0017242944005808614
2021-03-25	10989	11009	10989	11005	866	0.00045454545454548523
2021-03-26	11049	11078	11044	11079	93	0.006724216265334038
2021-03-29	11078	11088	11059	11074	955	-0.00045130426933837064
2021-03-30	11088	11093	11078	11079	134	0.000451508036843018
2021-03-31	11083	11093	11073	11079	159	0.0
2021-04-01	11063	11073	11059	11074	2261	-0.00045130426933837064
2021-04-02	11088	11103	11068	11084	435	0.000903016073686036
2021-04-05	11083	11083	11063	11074	448	-0.0009022013713461119
2021-04-06	11098	11108	11088	11094	866	0.001806032147372294
2021-04-07	11068	11073	11068	11074	303	-0.001802776275464213
2021-04-08	11073	11117	11063	11109	2781	0.003160556257901348
2021-04-09	11122	11132	11103	11124	2042	0.0013502565487442109
2021-04-12	11103	11127	11098	11129	278	0.0004494786048183652
2021-04-13	11162	11177	11157	11174	704	0.004043489981130355
2021-04-14	11157	11177	11152	11178	723	0.00035797386790759056
2021-04-15	11182	11197	11177	11178	873	0.0
2021-04-16	11187	11207	11177	11183	973	0.0004473072105921627
2021-04-19	11207	11237	11202	11232	747	0.004381650719842645
2021-04-20	11237	11272	11237	11272	1604	0.0035612535612534746
2021-04-21	11237	11247	11202	11218	439	-0.00479063165365512
2021-04-22	11207	11267	11207	11237	446	0.001693706543055784
2021-04-23	11227	11272	11222	11257	223	0.001779834475393871
2021-04-26	11287	11291	11267	11292	295	0.0031091765123922865
2021-04-27	11326	11326	11291	11327	721	0.0030995394969890455
2021-04-28	11321	11321	11252	11287	795	-0.0035313851858391754
2021-04-29	11267	11287	11232	11252	5000	-0.003100912554265922
2021-04-30	11282	11386	11232	11242	521	-0.000888730892285805
2021-05-03	11222	11242	11187	11193	260	-0.004358655043586568
2021-05-04	11182	11202	11162	11203	1372	0.0008934155275619471
2021-05-06	11212	11277	11207	11277	545	0.006605373560653494
2021-05-07	11292	11307	11292	11302	146	0.0022169016582425094
2021-05-10	11327	11381	11327	11382	2164	0.007078393204742461
2021-05-11	11366	11396	11346	11397	553	0.0013178703215603882
2021-05-12	11396	11396	11312	11332	1732	-0.00570325524260773
2021-05-13	11277	11346	11277	11337	735	0.00044122837980942187
2021-05-14	11327	11351	11327	11347	109	0.000882067566375655
2021-05-17	11361	11361	11287	11327	224	-0.0017625804177315851
2021-05-18	11327	11386	11327	11382	1852	0.004855654630528727
2021-05-20	11331	11356	11331	11357	63	-0.0021964505359339803
2021-05-21	11336	11366	11322	11337	275	-0.0017610284406093246
2021-05-24	11322	11341	11307	11317	154	-0.001764135132751199
2021-05-25	11331	11371	11327	11357	530	0.0035345056110276385
2021-05-26	11346	11371	11346	11367	619	0.0008805142203045513
2021-05-27	11371	11381	11351	11382	372	0.0013196093956189259
2021-05-28	11376	11386	11371	11382	283	0.0
2021-05-31	11416	11416	11361	11397	128	0.0013178703215603882
2021-06-01	11376	11386	11361	11372	325	-0.0021935597086952807
2021-06-02	11406	11421	11401	11417	129	0.00395708758353841
2021-06-03	11421	11421	11386	11407	511	-0.000875886835420836
2021-06-04	11391	11416	11391	11407	264	0.0
2021-06-07	11401	11416	11381	11407	3286	0.0
2021-06-08	11406	11416	11396	11402	329	-0.0004383273428596457
2021-06-09	11411	11411	11391	11397	1167	-0.00043851955797225006
2021-06-10	11386	11396	11381	11382	43	-0.0013161358252171684
2021-06-11	11381	11426	11381	11422	155	0.0035143208574943685
2021-06-14	11421	11421	11391	11397	1582	-0.0021887585361582973
2021-06-15	11386	11416	11386	11412	285	0.0013161358252171684
2021-06-16	11401	11431	11391	11432	594	0.001752541184717904
2021-06-17	11431	11431	11366	11387	1268	-0.003936319104268726
2021-06-18	11416	11421	11386	11422	71	0.0030736805128654954
2021-06-21	11421	11421	11351	11362	511	-0.005253020486779891
2021-06-22	11361	11406	11361	11407	117	0.003960570322126378
2021-06-23	11406	11421	11386	11412	63	0.0004383273428596457
2021-06-24	11416	11421	11411	11412	1539	0.0
2021-06-25	11441	11446	11426	11437	607	0.0021906764808972135
2021-06-28	11436	11436	11401	11417	887	-0.0017487103261344394
2021-06-29	11421	11431	11411	11417	470	0.0
2021-06-30	11416	11456	11416	11456	135	0.0034159586581412604
2021-07-01	11461	11466	11431	11451	734	-0.0004364525139665121
2021-07-02	11466	11466	11416	11437	2838	-0.0012226006462318084
2021-07-05	11426	11451	11426	11432	57	-0.00043717758153360986
2021-07-06	11441	11441	11416	11422	298	-0.0008747375787263589
2021-07-07	11406	11436	11406	11407	504	-0.0013132551216950006
2021-07-08	11441	11446	11401	11412	383	0.0004383273428596457
2021-07-09	11371	11371	11317	11362	3027	-0.004381352961794649
2021-07-12	11361	11406	11356	11377	370	0.0013201901073753852
2021-07-13	11396	11416	11396	11417	79	0.0035158653423574826
2021-07-14	11416	11456	11406	11456	71	0.0034159586581412604
2021-07-15	11466	11466	11436	11437	296	-0.0016585195530726127
2021-07-16	11456	11456	11426	11446	58	0.0007869196467604755
2021-07-19	11416	11421	11406	11422	908	-0.0020968023763759946
2021-07-20	11386	11421	11381	11422	283	0.0
2021-07-21	11411	11426	11396	11402	756	-0.0017510068289265934
2021-07-22	11401	11446	11401	11422	323	0.0017540782318892223
2021-07-23	11451	11451	11426	11451	584	0.002538959901943638
2021-07-26	11451	11466	11426	11427	2187	-0.0020958868221115923
2021-07-27	11476	11476	11441	11451	40	0.002100288789708582
2021-07-28	11451	11466	11421	11427	113	-0.0020958868221115923
2021-07-29	11416	11461	11416	11451	796	0.002100288789708582
2021-07-30	11451	11451	11411	11422	239	-0.002532529910051484
2021-08-02	11436	11436	11376	11402	650	-0.0017510068289265934
2021-08-03	11426	11426	11391	11417	553	0.0013155586739168612
2021-08-04	11416	11461	11416	11461	873	0.0038539020758519005
2021-08-05	11461	11471	11451	11466	69	0.0004362621062734551
2021-08-06	11471	11471	11441	11441	865	-0.002180359323216474
2021-08-09	11441	11441	11396	11407	982	-0.002971768202080227
2021-08-10	11406	11406	11351	11362	106	-0.003944946085736811
2021-08-11	11356	11396	11356	11372	1056	0.0008801267382503308
2021-08-12	11401	11401	11376	11392	1074	0.0017587055926837625
2021-08-13	11391	11391	11307	11332	210	-0.005266853932584303
2021-08-17	11361	11361	11267	11287	969	-0.003971055418284464
2021-08-18	11287	11312	11262	11312	953	0.0022149375387614523
2021-08-19	11307	11307	11202	11203	1079	-0.009635785007072184
2021-08-20	11202	11202	11132	11133	101	-0.006248326341158572
2021-08-23	11182	11207	11162	11188	91	0.0049402676726848505
2021-08-24	11217	11252	11212	11237	216	0.004379692527708201
2021-08-25	11242	11257	11212	11247	44	0.0008899172376968245
2021-08-26	11227	11257	11227	11227	258	-0.0017782519783052786
2021-08-27	11212	11262	11212	11242	509	0.001336064843680429
2021-08-30	11272	11297	11257	11267	759	0.0022238035936665845
2021-08-31	11292	11341	11272	11342	699	0.006656607792668856
2021-09-01	11331	11346	11327	11342	288	0.0
2021-09-02	11302	11336	11302	11302	42	-0.003526714865103142
2021-09-03	11327	11351	11307	11337	75	0.0030967970270747713
2021-09-06	11322	11336	11322	11332	608	-0.0004410337831878275
2021-09-07	11336	11341	11322	11337	315	0.00044122837980942187
2021-09-08	11322	11331	11317	11317	1721	-0.001764135132751199
2021-09-09	11297	11312	11272	11272	704	-0.003976318812406121
2021-09-10	11297	11302	11262	11302	618	0.002661462029808437
2021-09-13	11287	11307	11262	11282	278	-0.0017695983011856153
2021-09-14	11282	11312	11282	11287	497	0.0004431838326537374
2021-09-15	11277	11292	11277	11287	186	0.0
2021-09-16	11297	11307	11277	11282	228	-0.00044298750775229045
2021-09-17	11292	11297	11272	11292	48	0.0008863676653074748
2021-09-23	11292	11292	11222	11262	121	-0.002656748140276277
2021-09-24	11267	11272	11222	11232	1358	-0.002663825253063412
2021-09-27	11217	11257	11217	11237	58	0.00044515669515665657
2021-09-28	11207	11227	11192	11193	329	-0.003915635845866294
2021-09-29	11117	11147	11088	11123	81	-0.0062539086929330745
2021-09-30	11152	11172	11147	11168	31	0.004045671131888806
2021-10-01	11122	11127	11093	11093	258	-0.006715616045845252
2021-10-05	11073	11098	11043	11083	72	-0.0009014693951140407
2021-10-06	11083	11103	10998	10999	591	-0.0075791753135432405
2021-10-07	11018	11043	11018	11043	31	0.004000363669424578
2021-10-08	11033	11033	11008	11009	29	-0.003078873494521406
2021-10-12	11008	11008	10938	10944	755	-0.005904260150785712
2021-10-13	10963	10993	10963	10989	31	0.004111842105263053
2021-10-14	11038	11063	11038	11063	260	0.006734006734006703
2021-10-15	11093	11108	11078	11108	163	0.0040676127632648384
2021-10-18	11103	11103	11043	11068	5187	-0.003601008282319018
2021-10-19	11068	11073	11058	11073	397	0.0004517528008673999
2021-10-20	11103	11103	11053	11078	542	0.0004515488124265943
2021-10-21	11083	11093	11073	11073	200	-0.0004513450081241599
2021-10-22	11043	11063	11033	11038	155	-0.003160841686986382
2021-10-25	11023	11068	11018	11053	143	0.0013589418372894624
2021-10-26	11063	11073	11038	11053	72	0.0
2021-10-27	11043	11043	11003	11009	464	-0.003980819686962844
2021-10-28	10993	10993	10978	10979	472	-0.002725043146516448
2021-10-29	10993	11003	10928	10929	577	-0.004554148829583715
2021-11-01	10913	10918	10903	10909	207	-0.00182999359502245
2021-11-02	10938	10983	10923	10974	1629	0.005958382986524846
2021-11-03	10978	10978	10938	10944	260	-0.0027337342810278553
2021-11-04	10973	10988	10943	10949	178	0.00045687134502925275
2021-11-05	10968	10973	10908	10949	536	0.0
2021-11-08	10938	10968	10913	10964	844	0.0013699881267694725
2021-11-09	10963	10963	10928	10949	29	-0.0013681138270703608
2021-11-10	10913	10923	10884	10884	206	-0.005936615216001417
2021-11-11	10859	10864	10844	10859	222	-0.002296949650863689
2021-11-12	10869	10908	10864	10899	56	0.0036835804401877947
2021-11-15	10908	10948	10903	10939	243	0.003670061473529662
2021-11-16	10938	10963	10918	10924	467	-0.0013712405155864582
2021-11-17	10908	10908	10874	10879	38	-0.0041193701940681615
2021-11-18	10869	10874	10859	10864	524	-0.0013788031988234417
2021-11-19	10844	10894	10844	10889	34	0.0023011782032400507
2021-11-22	10894	10918	10894	10914	120	0.002295894939847498
2021-11-23	10913	10913	10874	10904	1351	-0.0009162543522082123
2021-11-24	10889	10903	10864	10884	1459	-0.0018341892883345645
2021-11-25	10849	10864	10844	10854	564	-0.002756339581036382
2021-11-26	10844	10849	10804	10834	200	-0.0018426386585590482
2021-11-29	10779	10799	10764	10770	618	-0.005907328779767407
2021-11-30	10814	10814	10699	10715	52	-0.00510677808727944
2021-12-01	10690	10754	10690	10745	77	0.002799813345776947
2021-12-02	10724	10799	10724	10795	53	0.0046533271288971
2021-12-03	10779	10829	10779	10819	21	0.002223251505326651
2021-12-06	10804	10854	10789	10849	174	0.0027728995286071534
2021-12-07	10824	10874	10824	10869	41	0.001843487879067185
2021-12-08	10859	10908	10859	10869	20	0.0
2021-12-09	10874	10889	10874	10889	594	0.0018400956849755623
2021-12-10	10889	10923	10884	10894	1533	0.00045917898796954404
2021-12-13	10908	10943	10894	10899	425	0.00045896823939783893
2021-12-14	10824	10899	10824	10879	71	-0.001835030736764831
2021-12-15	10864	10869	10854	10864	1333	-0.0013788031988234417
2021-12-16	10849	10913	10849	10889	25	0.0023011782032400507
2021-12-17	10918	10938	10903	10934	34	0.004132610891725674
2021-12-20	10943	10943	10874	10884	4110	-0.004572891896835518
2021-12-21	10884	10903	10874	10899	131	0.001378169790518191
2021-12-22	10899	10903	10889	10894	22	-0.0004587576841912355
2021-12-23	10899	10913	10889	10904	206	0.0009179364787956779
2021-12-24	10913	10943	10913	10944	863	0.003668378576669129
2021-12-27	10943	10953	10933	10939	39	-0.00045687134502925275
2021-12-28	10943	10958	10913	10959	814	0.001828320687448537
2021-12-29	10963	10993	10963	10984	25	0.002281230039237192
2021-12-30	10963	10968	10943	10944	173	-0.0036416605972323657
2022-01-03	10948	10963	10903	10929	438	-0.0013706140350877583
2022-01-04	10948	10948	10908	10949	75	0.001829993595022339
2022-01-05	10948	10948	10913	10929	22	-0.001826650835692778
2022-01-06	10933	10933	10874	10889	74	-0.003659987190044789
2022-01-07	10884	10918	10884	10919	152	0.002755073927817042
2022-01-10	10923	10923	10874	10884	48	-0.0032054217419177355
2022-01-11	10889	10894	10854	10869	219	-0.001378169790518191
2022-01-12	10869	10933	10869	10934	22	0.0059803109761706885
2022-01-13	10938	10958	10933	10949	52	0.001371867569050611
2022-01-14	10953	10953	10889	10904	337	-0.0041099643803087504
2022-01-17	10869	10869	10804	10824	555	-0.007336757153338258
2022-01-18	10829	10839	10769	10799	114	-0.002309682187730977
2022-01-19	10804	10809	10759	10795	175	-0.0003704046670988115
2022-01-20	10804	10819	10789	10814	150	0.0017600741083834137
2022-01-21	10819	10819	10764	10785	50	-0.002681708895875712
2022-01-24	10784	10784	10714	10740	414	-0.004172461752433909
2022-01-25	10729	10729	10620	10620	578	-0.011173184357541888
2022-01-26	10645	10670	10640	10645	184	0.002354048964218425
2022-01-27	10650	10650	10515	10536	145	-0.010239549084076982
2022-01-28	10530	10625	10515	10625	1106	0.008447228549734342
2022-02-03	10590	10709	10590	10690	158	0.006117647058823561
2022-02-04	10650	10714	10650	10715	336	0.002338634237605275
2022-02-07	10719	10719	10660	10700	120	-0.0013999066728884735
2022-02-08	10699	10714	10650	10660	1369	-0.0037383177570093906
2022-02-09	10665	10704	10660	10690	226	0.0028142589118198558
2022-02-10	10719	10724	10694	10725	49	0.003274087932647385
2022-02-11	10719	10719	10660	10660	33	-0.0060606060606061
2022-02-14	10640	10640	10610	10620	20	-0.0037523452157598447
2022-02-15	10620	10630	10595	10610	32	-0.0009416195856873921
2022-02-16	10610	10665	10610	10660	51	0.004712535344015167
2022-02-17	10670	10714	10660	10690	10182	0.0028142589118198558
2022-02-18	10690	10699	10670	10690	81	0.0
2022-02-21	10694	10694	10645	10675	10194	-0.001403180542563165
2022-02-22	10680	10680	10630	10650	70	-0.0023419203747072626
2022-02-23	10650	10680	10650	10680	465	0.0028169014084507005
2022-02-24	10680	10680	10625	10640	720	-0.0037453183520599342
2022-02-25	10640	10670	10635	10665	99	0.0023496240601503793
2022-02-28	10670	10699	10665	10700	226	0.003281762775433572
2022-03-02	10699	10724	10699	10715	492	0.0014018691588784105
2022-03-03	10709	10759	10709	10760	26	0.0041997200186654204
2022-03-04	10754	10754	10739	10745	241	-0.0013940520446096283
2022-03-07	10749	10749	10670	10685	389	-0.0055839925546765645
2022-03-08	10685	10685	10635	10635	272	-0.004679457182966806
2022-03-10	10680	10690	10670	10680	1401	0.004231311706629048
2022-03-11	10694	10709	10665	10710	21	0.002808988764045006
2022-03-14	10704	10714	10660	10690	460	-0.0018674136321195078
2022-03-15	10660	10680	10660	10670	332	-0.00187090739008422
2022-03-16	10670	10699	10670	10700	397	0.00281162136832247
2022-03-17	10704	10749	10704	10735	2124	0.0032710280373831058
2022-03-18	10724	10749	10724	10750	40	0.0013972985561248041
2022-03-21	10754	10754	10729	10730	60	-0.0018604651162790198
2022-03-22	10729	10739	10704	10730	2139	0.0
2022-03-23	10709	10764	10709	10760	684	0.002795899347623587
2022-03-24	10759	10759	10724	10760	45	0.0
2022-03-25	10764	10764	10734	10740	39	-0.0018587360594795044
2022-03-28	10734	10734	10650	10680	1461	-0.005586592178770999
2022-03-29	10685	10709	10675	10710	40	0.002808988764045006
2022-03-30	10739	10739	10694	10725	41	0.0014005602240896309
2022-03-31	10724	10769	10724	10750	33	0.002331002331002363
2022-04-01	10749	10749	10694	10710	2716	-0.0037209302325581506
2022-04-04	10699	10719	10680	10720	1151	0.0009337068160597539
2022-04-05	10729	10739	10719	10720	71	0.0
2022-04-06	10714	10714	10655	10680	51	-0.003731343283582045
2022-04-07	10690	10690	10650	10655	36	-0.002340823970037431
2022-04-08	10655	10660	10635	10655	88	0.0
2022-04-11	10655	10660	10605	10625	157	-0.002815579540122015
2022-04-12	10625	10625	10580	10625	491	0.0
2022-04-13	10650	10680	10625	10680	3909	0.005176470588235338
2022-04-14	10694	10734	10694	10700	5016	0.001872659176029856
2022-04-15	10729	10729	10690	10695	29	-0.00046728971962617383
2022-04-18	10690	10699	10645	10695	32	0.0
2022-04-19	10694	10749	10694	10740	160	0.004207573632538653
2022-04-20	10744	10769	10690	10760	558	0.0018621973929235924
2022-04-21	10759	10794	10754	10790	23	0.0027881040892192566
2022-04-22	10784	10784	10724	10765	612	-0.0023169601482854185
2022-04-25	10769	10769	10709	10725	260	-0.003715745471435161
2022-04-26	10719	10734	10699	10730	120	0.0004662004662003838
2022-04-27	10734	10734	10665	10690	510	-0.0037278657968312645
2022-04-28	10705	10740	10690	10740	20	0.00467726847521055
2022-04-29	10760	10760	10735	10745	56	0.0004655493482308426
2022-05-02	10760	10760	10710	10725	4331	-0.0018613308515588178
2022-05-03	10725	10730	10685	10710	93	-0.0013986013986013734
2022-05-04	10710	10715	10685	10685	32	-0.002334267040149385
2022-05-06	10695	10695	10645	10675	20	-0.0009358914365933391
2022-05-09	10665	10665	10600	10630	1811	-0.004215456674473095
2022-05-10	10635	10640	10580	10635	112	0.0004703668861711918
2022-05-11	10635	10660	10615	10660	139	0.002350728725905027
2022-05-12	10660	10660	10600	10625	33	-0.0032833020637899057
2022-05-13	10630	10690	10630	10685	1040	0.005647058823529338
2022-05-16	10640	10665	10630	10650	198	-0.0032756200280767978
2022-05-17	10620	10645	10620	10630	41	-0.00187793427230043
2022-05-18	10635	10640	10615	10620	21	-0.0009407337723423836
2022-05-19	10620	10620	10565	10580	134	-0.0037664783427495685
2022-05-20	10570	10660	10570	10625	135	0.0042533081285445196
2022-05-23	10625	10660	10625	10640	2017	0.0014117647058824456
2022-05-24	10635	10650	10615	10615	50	-0.0023496240601503793
2022-05-25	10615	10660	10615	10645	319	0.0028261893546868144
2022-05-26	10640	10655	10630	10635	92	-0.0009394081728510972
2022-05-27	10665	10675	10660	10670	29	0.0032910202162670377
2022-05-30	10665	10735	10665	10695	1517	0.0023430178069352436
2022-05-31	10685	10700	10685	10695	35	0.0
2022-06-02	10690	10690	10645	10645	68	-0.004675081813931725
2022-06-03	10645	10700	10645	10665	231	0.0018788163457021945
2022-06-07	10665	10670	10605	10605	1477	-0.005625879043600568
2022-06-08	10625	10655	10610	10620	32	0.0014144271570013522
2022-06-09	10605	10625	10590	10620	32	0.0
2022-06-10	10600	10635	10600	10635	230	0.0014124293785311437
2022-06-13	10595	10595	10445	10445	75	-0.017865538316878204
2022-06-14	10435	10440	10365	10435	740	-0.0009573958831976537
2022-06-15	10400	10430	10340	10340	995	-0.009103977000479158
2022-06-16	10345	10420	10325	10325	577	-0.0014506769825918253
2022-06-17	10315	10350	10265	10310	836	-0.0014527845036319542
2022-06-20	10300	10310	10240	10265	38	-0.004364694471386987
2022-06-21	10265	10320	10265	10285	110	0.00194836824159772
2022-06-22	10290	10315	10235	10235	153	-0.004861448711716121
2022-06-23	10235	10300	10200	10200	40	-0.0034196384953590897
2022-06-24	10190	10295	10190	10275	28	0.007352941176470562
2022-06-27	10265	10355	10265	10310	311	0.003406326034063323
2022-06-28	10310	10360	10310	10340	46	0.0029097963142579175
2022-06-29	10335	10340	10300	10315	49	-0.0024177949709864865
2022-06-30	10310	10320	10280	10280	20	-0.0033931168201648543
2022-07-01	10270	10340	10270	10305	163	0.0024319066147859836
2022-07-04	10300	10340	10265	10295	67	-0.0009704027171275609
2022-07-05	10290	10375	10290	10345	584	0.004856726566294212
2022-07-06	10345	10350	10295	10300	1486	-0.004349927501208328
2022-07-07	10320	10380	10320	10365	27	0.006310679611650549
2022-07-08	10325	10360	10325	10345	24	-0.0019295706705257931
2022-07-11	10335	10335	10305	10310	48	-0.003383276945384206
2022-07-12	10305	10305	10265	10280	153	-0.0029097963142580285
2022-07-13	10315	10360	10315	10345	162	0.006322957198443557
2022-07-14	10345	10345	10320	10330	475	-0.0014499758337360724
