Date	Open	High	Low	Close	Volume	Change
2016-05-13	9759	9815	9731	9813	56449	
2016-05-16	9782	9881	9773	9884	46960	0.007235300112096166
2016-05-17	9914	9960	9838	9940	9957	0.0056657223796034994
2016-05-18	10115	10206	9969	10038	15213	0.009859154929577452
2016-05-19	10051	10051	9899	9969	14655	-0.006873879258816551
2016-05-20	9942	10192	9942	10175	13506	0.020664058581602918
2016-05-23	10234	10238	10167	10241	4204	0.00648648648648642
2016-05-24	10238	10539	10238	10373	74788	0.012889366272824887
2016-05-25	10501	10501	9876	9897	16719	-0.045888364021980155
2016-05-26	9891	9924	9664	9790	16656	-0.010811356976861641
2016-05-27	9744	9899	9744	9902	9498	0.011440245148110373
2016-05-30	9891	9891	9622	9790	9566	-0.011310846293678067
2016-05-31	9773	9924	9759	9925	7072	0.013789581205311485
2016-06-01	9942	10041	9942	10043	1741	0.011889168765742975
2016-06-02	10074	10106	10046	10095	6525	0.005177735736333844
2016-06-03	10135	10167	10065	10171	7093	0.007528479445269909
2016-06-07	10224	10328	10192	10302	6915	0.012879756169501544
2016-06-08	10346	10427	10275	10429	2667	0.01232770335857114
2016-06-09	10431	10535	10299	10405	1495	-0.002301275290056526
2016-06-10	10427	10435	10374	10439	2303	0.003267659778952492
2016-06-13	10341	10341	10201	10213	260	-0.021649583293418928
2016-06-14	10130	10159	10022	10161	2897	-0.005091549985312804
2016-06-15	10149	10149	10036	10052	38	-0.010727290621001861
2016-06-16	10051	10060	9735	9799	5260	-0.025169120573020343
2016-06-17	9852	9881	9697	9761	3531	-0.0038779467292581193
2016-06-20	9847	9909	9825	9912	947	0.015469726462452593
2016-06-21	9969	9969	9894	9974	500	0.00625504439063751
2016-06-22	9984	9984	9852	9856	4064	-0.01183075997593741
2016-06-23	9800	9800	9626	9780	5772	-0.007711038961038974
2016-06-24	9847	9876	9076	9357	21114	-0.04325153374233126
2016-06-27	9090	9454	9090	9427	171445	0.007481030244736564
2016-06-28	9358	9692	9358	9696	13017	0.028535058873448538
2016-06-29	9795	9820	9768	9822	8271	0.012995049504950451
2016-06-30	9847	9876	9805	9809	724	-0.0013235593565464887
2016-07-01	9838	9876	9838	9846	61	0.0037720460801304867
2016-07-04	9834	9834	9754	9794	668	-0.005281332520820636
2016-07-05	9790	9790	9739	9757	323	-0.0037778231570348986
2016-07-06	9754	9754	9613	9667	622	-0.009224146766424135
2016-07-07	9721	9790	9721	9794	758	0.01313747801799936
2016-07-08	9778	9782	9664	9691	343	-0.010516642842556712
2016-07-11	9716	9716	9679	9709	99	0.0018573934578474116
2016-07-12	9716	9731	9697	9733	4857	0.002471933257802039
2016-07-13	9754	9754	9716	9718	209	-0.0015411486694749676
2016-07-14	9650	9664	9618	9667	3447	-0.005247993414282726
2016-07-15	9674	9692	9640	9653	389	-0.0014482259232440065
2016-07-18	9650	9655	9645	9648	222	-0.0005179736869367346
2016-07-19	9706	9706	9660	9662	112	0.0014510779436152088
2016-07-20	9679	9735	9674	9738	215	0.007865866280273304
2016-07-21	9778	9778	9664	9677	20	-0.006264119942493318
2016-07-22	9674	9697	9669	9701	87	0.002480107471323656
2016-07-25	9697	9702	9593	9597	367	-0.010720544273786214
2016-07-26	9650	9650	9650	9653	107	0.005835156819839593
2016-07-27	9669	9679	9571	9583	1114	-0.007251631617113841
2016-07-28	9593	9593	9519	9521	60	-0.0064697902535740814
2016-07-29	9593	9593	9519	9521	109	0.0
2016-08-01	9519	9519	9453	9465	1249	-0.005881735111857966
2016-08-02	9449	9449	9406	9412	1137	-0.005599577390385635
2016-08-03	9367	9449	9367	9408	46	-0.0004249893752655831
2016-08-04	9420	9430	9396	9427	44	0.0020195578231292366
2016-08-05	9377	9377	9279	9300	1403	-0.013471942293412531
2016-08-08	9311	9316	9246	9263	425	-0.003978494623655959
2016-08-09	9311	9311	9311	9314	181	0.005505775666630575
2016-08-10	9382	9420	9367	9422	33	0.011595447713119933
2016-08-11	9372	9386	9372	9390	64	-0.0033963065166631168
2016-08-12	9415	9449	9386	9390	400	0.0
2016-08-16	9386	9386	9344	9357	531	-0.003514376996805124
2016-08-17	9284	9284	9246	9272	349	-0.009084108154322923
2016-08-18	9330	9340	9321	9342	154	0.007549611734253725
2016-08-19	9259	9259	9232	9234	108	-0.011560693641618491
2016-08-22	9232	9232	9151	9154	188	-0.008663634394628583
2016-08-23	9232	9255	9232	9258	2	0.011361153594057205
2016-08-24	9306	9306	9251	9277	123	0.0020522791099588655
2016-08-25	9255	9255	9241	9243	3	-0.003664977902339106
2016-08-26	9237	9246	9207	9248	163	0.000540949908038435
2016-08-29	9246	9246	9104	9108	84	-0.015138408304498308
2016-08-30	9143	9151	9094	9098	42	-0.0010979358805446315
2016-08-31	9124	9129	9010	9074	169787	-0.0026379424049242095
2016-09-01	9039	9076	9010	9079	86	0.0005510249063258588
2016-09-02	9099	9139	9085	9139	155935	0.006608657341116819
2016-09-05	9143	9175	9143	9178	290	0.004267425320056972
2016-09-06	9139	9139	9139	9139	0	-0.004249291784702569
2016-09-07	9104	9114	9043	9046	5763	-0.010176168070904934
2016-09-08	9053	9058	9000	9061	336	0.001658191465841341
2016-09-09	8995	8995	8859	8905	513	-0.017216642754662836
2016-09-12	8733	8823	8728	8745	555	-0.017967434025828233
2016-09-13	8819	8841	8784	8788	11	0.004917095483133238
2016-09-19	8845	8978	8845	8981	152	0.021961766044606312
2016-09-20	8973	9025	8973	9027	187	0.005121924061908478
2016-09-21	9035	9067	9035	9056	215	0.0032125844688157823
2016-09-22	9124	9251	9114	9238	456	0.020097173144876246
2016-09-23	9241	9284	9241	9286	36	0.005195929854946879
2016-09-26	9316	9349	9284	9333	194	0.005061382726685437
2016-09-27	9311	9480	9311	9485	4111	0.01628629593914077
2016-09-28	9480	9480	9396	9398	3995	-0.009172377438060098
2016-09-29	9475	9485	9411	9412	619	0.001489678655032911
2016-09-30	9372	9372	9198	9238	2876	-0.018487037824054364
2016-10-04	9194	9217	9114	9139	1994	-0.010716605325828077
2016-10-05	9124	9180	9119	9183	189	0.0048145311303207095
2016-10-06	9160	9160	9104	9108	18	-0.008167265599477336
2016-10-07	9124	9124	8986	8991	129	-0.012845849802371578
2016-10-10	8990	8990	8978	8981	29	-0.0011122233344456056
2016-10-11	9015	9015	8887	8892	471	-0.009909809598040331
2016-10-12	8850	8887	8845	8892	34	0.0
2016-10-13	8887	8887	8747	8754	139	-0.015519568151147078
2016-10-14	8770	8804	8770	8801	124	0.005368974183230568
2016-10-17	8823	8823	8685	8763	4587	-0.004317691171457749
2016-10-18	8761	8761	8761	8763	46	0.0
2016-10-19	8794	8819	8794	8815	20	0.005934040853589062
2016-10-20	8728	8728	8654	8655	185	-0.018150879183210455
2016-10-21	8640	8640	8568	8572	433	-0.009589832466782244
2016-10-24	8610	8615	8512	8529	1761	-0.00501633224451703
2016-10-25	8507	8507	8379	8473	357	-0.006565834212686084
2016-10-26	8418	8433	8343	8434	123	-0.0046028561312404515
2016-10-27	8438	8606	8438	8608	217	0.020630780175480146
2016-10-28	8503	8503	8464	8468	9	-0.016263940520446107
2016-10-31	9202	9202	8339	8374	1192	-0.011100614076523407
2016-11-01	8339	8474	8329	8477	48	0.012299976116551203
2016-11-02	8423	8423	8182	8186	1476	-0.03432818213990796
2016-11-03	8182	8272	8182	8275	124	0.010872220864891258
2016-11-04	8192	8239	8182	8242	11	-0.003987915407855036
2016-11-07	8329	8370	8329	8374	28	0.016015530211113793
2016-11-08	8443	8443	8329	8330	438	-0.005254358729400499
2016-11-09	8225	8239	7840	8068	1376	-0.031452581032412996
2016-11-10	8235	8272	8210	8275	424	0.025656916212196235
2016-11-11	8164	8248	8164	8252	374	-0.0027794561933535133
2016-11-14	8230	8230	8159	8161	14	-0.01102762966553561
2016-11-15	8159	8174	8097	8120	257	-0.005023894130621209
2016-11-16	8182	8272	8182	8275	338	0.01908866995073888
2016-11-17	8276	8286	8276	8289	1656	0.0016918429003021096
2016-11-18	8220	8220	8220	8223	1	-0.007962359753890702
2016-11-21	8159	8159	8087	8093	65	-0.015809315335035823
2016-11-22	8164	8164	8117	8132	38	0.00481897936488318
2016-11-23	8131	8131	8051	8053	37	-0.009714707329070316
2016-11-24	8127	8127	7999	8002	42	-0.006333043586241205
2016-11-25	8038	8060	7820	7823	262	-0.022369407648087924
2016-11-28	8047	8047	7966	7969	331	0.01866291703949896
2016-11-29	7974	8069	7974	8010	66	0.005144936629439156
2016-11-30	7948	8019	7948	8020	11	0.0012484394506866447
2016-12-01	7934	7934	7934	7936	5	-0.010473815461346625
2016-12-02	7890	7890	7815	7841	139	-0.011970766129032251
2016-12-05	7797	7797	7722	7724	103	-0.014921566126769537
2016-12-06	7924	7924	7890	7912	213	0.024339720352149152
2016-12-07	7900	7900	7731	7841	55	-0.008973710819009106
2016-12-08	7900	7948	7881	7889	1835	0.006121668154572157
2016-12-09	7956	8033	7956	8034	67	0.01838002281658002
2016-12-12	8069	8117	8069	8102	66	0.008464027881503577
2016-12-13	8117	8319	8117	8321	427	0.027030362873364577
2016-12-14	8360	8398	8339	8360	133	0.004686936666266073
2016-12-15	8324	8469	8324	8473	180	0.01351674641148315
2016-12-16	8469	8474	8446	8448	38	-0.0029505488020772352
2016-12-19	8450	8450	8418	8421	24	-0.003196022727272707
2016-12-20	8418	8418	8384	8402	10	-0.0022562641016505847
2016-12-21	8389	8398	8365	8369	60	-0.003927636277076929
2016-12-22	8365	8443	8365	8379	32	0.0011948858883976676
2016-12-23	8418	8443	8398	8402	32	0.0027449576321756375
2016-12-26	8403	8403	8365	8369	104	-0.003927636277076929
2016-12-27	8375	8398	8375	8383	49	0.0016728402437566903
2016-12-28	8450	8488	8450	8487	1107	0.012406059883096843
2016-12-29	8446	8536	8446	8537	937	0.005891363261458782
2017-01-02	8581	8635	8536	8586	184	0.005739721213541049
2017-01-03	8615	8620	8558	8623	6560	0.004309340787328253
2017-01-04	8620	8620	8521	8524	4319	-0.011480923112605845
2017-01-05	8568	8568	8517	8519	328	-0.0005865790708587948
2017-01-06	8521	8596	8521	8582	2027	0.007395234182415722
2017-01-09	8649	8649	8630	8632	3120	0.005826147751107014
2017-01-10	8606	8606	8586	8591	62	-0.0047497683039852134
2017-01-11	8601	8635	8601	8618	1737	0.0031428238854616097
2017-01-12	8615	8615	8546	8586	24	-0.0037131585054537286
2017-01-13	8635	8635	8635	8636	1	0.005823433496389363
2017-01-16	8635	8635	8507	8532	1563	-0.01204261232051873
2017-01-17	8591	8591	8526	8529	1551	-0.00035161744022504937
2017-01-18	8507	8577	8507	8582	402	0.006214093094149442
2017-01-19	8625	8625	8546	8562	420213	-0.0023304591004428277
2017-01-20	8577	8577	8568	8572	2563	0.0011679514132212354
2017-01-23	8568	8568	8555	8557	6	-0.0017498833411105919
2017-01-24	8512	8512	8459	8463	1447	-0.010985158349889002
2017-01-25	8459	8459	8446	8448	1328	-0.0017724211272598378
2017-01-26	8446	8488	8446	8492	2	0.005208333333333259
2017-01-31	8418	8438	8418	8434	32	-0.0068299576071596535
2017-02-01	8478	8546	8478	8547	142	0.013398150343846282
2017-02-02	8483	8483	8483	8487	4	-0.007020007020007046
2017-02-03	8474	8474	8398	8402	800	-0.010015317544479818
2017-02-06	8433	8433	8389	8421	389	0.002261366341347326
2017-02-07	8379	8379	8276	8280	1936	-0.01674385464909156
2017-02-08	8276	8300	8276	8289	7	0.0010869565217390686
2017-02-09	8310	8384	8310	8388	10	0.011943539630836053
2017-02-10	8418	8418	8403	8406	1260	0.0021459227467810482
2017-02-13	8403	8403	8403	8406	0	0.0
2017-02-14	8418	8464	8418	8448	130	0.0049964311206280865
2017-02-15	8474	8493	8464	8473	45	0.002959280303030276
2017-02-16	8483	8483	8443	8482	24	0.0010621975687477025
2017-02-17	8478	8512	8478	8514	13	0.003772695119075742
2017-02-20	8546	8546	8464	8514	125	0.0
2017-02-21	8483	8483	8474	8482	1067	-0.0037585153864223564
2017-02-22	8478	8478	8464	8468	140	-0.0016505541145955815
2017-02-23	8446	8483	8446	8487	2	0.002243741143127087
2017-02-24	8423	8433	8389	8434	1272	-0.0062448450571461755
2017-02-27	8408	8454	8408	8443	1215	0.0010671093194214443
2017-02-28	8443	8443	8443	8443	0	0.0
2017-03-02	8469	8469	8319	8321	3183	-0.01444984010422834
2017-03-03	8276	8276	8205	8218	1925	-0.012378319913471936
2017-03-06	8187	8272	8187	8275	747	0.006935994159162906
2017-03-07	8315	8315	8310	8312	662	0.004471299093655512
2017-03-08	8334	8347	8319	8350	729	0.004571703561116358
2017-03-09	8398	8398	8347	8350	2153	0.0
2017-03-10	8324	8450	8305	8453	1272	0.012335329341317314
2017-03-13	8464	8507	8464	8468	44	0.001774517922630947
2017-03-14	8450	8450	8450	8453	0	-0.0017713745866793085
2017-03-15	8403	8403	8403	8406	0	-0.005560156157577212
2017-03-16	8379	8379	8379	8383	1	-0.0027361408517725394
2017-03-17	8403	8403	8403	8406	0	0.0027436478587616886
2017-03-20	8356	8356	8356	8360	11	-0.005472281703545079
2017-03-21	8413	8413	8324	8326	61	-0.004066985645932997
2017-03-22	8286	8286	8276	8280	20	-0.0055248618784530246
2017-03-23	8230	8230	8182	8196	194	-0.010144927536231862
2017-03-24	8182	8182	8178	8181	47	-0.0018301610541727742
2017-03-27	8196	8262	8192	8232	81	0.006233956729006174
2017-03-28	8225	8324	8220	8326	3090	0.01141885325558789
2017-03-29	8334	8334	8290	8294	44	-0.003843382176315191
2017-03-30	8370	8370	8324	8326	2	0.003858210754762448
2017-03-31	8334	8370	8334	8374	160	0.005765073264472731
2017-04-03	8370	8464	8370	8468	70	0.011225220921901036
2017-04-04	8464	8464	8464	8468	10	0.0
2017-04-05	8428	8428	8428	8429	118	-0.004605573925366091
2017-04-06	8403	8403	8403	8406	117	-0.0027286748131450933
2017-04-07	8423	8428	8389	8429	103188	0.0027361408517725394
2017-04-10	8352	8352	8310	8312	147	-0.013880650136433692
2017-04-11	8276	8276	8276	8280	10	-0.0038498556304138454
2017-04-12	8334	8334	8315	8316	2	0.004347826086956497
2017-04-13	8379	8379	8379	8383	2	0.008056758056758095
2017-04-14	8370	8370	8370	8374	0	-0.0010736013360371777
2017-04-17	8418	8438	8418	8434	25	0.007165034631000822
2017-04-18	8474	8488	8469	8492	107	0.0068769267251600485
2017-04-19	8478	8478	8478	8482	1	-0.0011775788977861357
2017-04-20	8469	8478	8469	8482	93	0.0
2017-04-21	8478	8478	8478	8482	0	0.0
2017-04-24	8459	8459	8433	8434	2	-0.005659042678613502
2017-04-25	8469	8512	8438	8514	42	0.009485416172634542
2017-04-26	8526	8555	8526	8557	112	0.005050505050504972
2017-04-27	8498	8517	8474	8510	467831	-0.005492579174944501
2017-04-28	8483	8483	8483	8486	20	-0.0028202115158636465
2017-05-02	8521	8531	8521	8532	126	0.0054206929059628095
2017-05-04	8587	8641	8587	8619	237	0.010196905766526099
2017-05-08	8660	8797	8660	8798	552	0.020768070541826278
2017-05-10	8822	8843	8754	8756	13523	-0.004773812230052243
2017-05-11	8825	8839	8825	8842	12	0.00982183645500223
2017-05-12	8853	8858	8834	8837	26	-0.0005654829224157609
2017-05-15	8822	8886	8822	8890	343	0.005997510467353084
2017-05-16	8797	8825	8787	8790	88	-0.011248593925759276
2017-05-17	8797	8817	8787	8818	1379	0.0031854379977247493
2017-05-18	8797	8873	8754	8876	80	0.006577455205261984
2017-05-19	8926	8926	8886	8890	519	0.001577287066246047
2017-05-22	8930	8930	8843	8912	128	0.002474690663667012
2017-05-23	8935	8973	8935	8951	193	0.00437612208258531
2017-05-24	8944	8958	8944	8960	111	0.0010054742486873547
2017-05-25	8973	8990	8958	8960	3803	0.0
2017-05-26	9000	9005	8944	8980	244	0.0022321428571427937
2017-05-29	9020	9020	8968	8995	231	0.0016703786191536452
2017-05-30	8990	9039	8990	9041	21	0.00511395219566424
2017-05-31	9039	9077	9039	9079	21	0.0042030748810972796
2017-06-01	9063	9082	9063	9084	45	0.0005507214450930498
2017-06-02	9095	9140	9095	9122	184	0.004183179216204369
2017-06-05	9152	9172	9144	9174	23	0.00570050427537816
2017-06-07	9196	9224	9152	9227	478	0.0057771964246784435
2017-06-08	9224	9319	9224	9322	6	0.010295870813915586
2017-06-09	9371	9371	9328	9332	286	0.0010727311735678757
2017-06-12	9239	9239	9204	9231	141	-0.01082297471067295
2017-06-13	9214	9214	9214	9218	0	-0.0014082981258801697
2017-06-14	9234	9314	9234	9236	3	0.0019527012367108743
2017-06-15	9140	9243	9140	9245	30	0.0009744478129061207
2017-06-16	9234	9272	9234	9274	436	0.003136830719307815
2017-06-19	9272	9272	9262	9265	540	-0.0009704550355833508
2017-06-20	9224	9224	9152	9155	50	-0.011872638963842386
2017-06-21	9068	9115	9000	9089	101	-0.007209175314036087
2017-06-22	9073	9073	9053	9056	6	-0.003630762460116621
2017-06-23	9095	9144	9095	9145	110	0.00982773851590113
2017-06-26	9219	9229	9219	9231	195	0.009404045926735938
2017-06-27	9352	9352	9352	9355	125	0.01343299750839555
2017-06-28	9272	9338	9243	9245	1644	-0.011758417958311118
2017-06-29	9243	9243	9229	9240	93	-0.0005408328826392861
2017-06-30	9204	9252	9204	9255	3	0.0016233766233766378
2017-07-03	9120	9167	9086	9113	2162	-0.015343057806591065
2017-07-04	9043	9043	9010	9013	8	-0.01097333479644469
2017-07-05	9082	9082	9082	9084	1	0.00787751026295358
2017-07-06	9110	9162	9110	9165	129	0.008916776750330202
2017-07-07	9091	9091	9091	9094	20	-0.007746863066012022
2017-07-10	9086	9095	9053	9089	506	-0.0005498130635583909
2017-07-11	9115	9115	9095	9098	12	0.0009902079436681088
2017-07-12	9091	9095	9086	9094	9	-0.00043965706748738675
2017-07-13	9191	9214	9191	9208	50	0.012535737849131312
2017-07-14	9214	9229	9209	9227	179	0.0020634231103389133
2017-07-17	9272	9301	9272	9297	126	0.0075864311260431805
2017-07-18	9296	9296	9296	9297	0	0.0
2017-07-19	9366	9366	9352	9355	36	0.006238571582230845
2017-07-20	9352	9414	9352	9416	55	0.0065205772314269606
2017-07-21	9400	9410	9361	9365	278	-0.005416312659303313
2017-07-24	9453	9485	9453	9489	1809	0.013240790176187955
2017-07-25	9494	9494	9414	9416	128	-0.007693118347560368
2017-07-26	9381	9381	9301	9302	117	-0.01210705182667804
2017-07-27	9338	9338	9309	9312	16	0.0010750376263168882
2017-07-28	9148	9148	9086	9089	169	-0.02394759450171824
2017-07-31	9048	9209	9048	9213	20	0.01364286500165024
2017-08-01	9209	9209	9209	9213	51	0.0
2017-08-02	9314	9319	9314	9322	8	0.011831108216650454
2017-08-03	9186	9186	9110	9118	102	-0.021883715940785198
2017-08-04	9082	9125	9048	9118	169	0.0
2017-08-07	9144	9191	9144	9155	237	0.004057907435841113
2017-08-08	9125	9172	9073	9174	187	0.002075368651010434
2017-08-09	9063	9068	9005	9009	7	-0.017985611510791366
2017-08-10	9000	9048	8906	9036	212	0.0029970029970030065
2017-08-11	8843	8921	8839	8899	174	-0.015161575918548054
2017-08-14	8926	8935	8916	8927	993	0.003146420946173789
2017-08-16	8995	8995	8940	8941	2	0.00156827601657894
2017-08-17	9058	9110	9058	9113	444	0.019237221787272052
2017-08-18	9125	9152	8953	9150	496391	0.004060133874684624
2017-08-21	9147	9186	9140	9140	272	-0.0010928961748634114
2017-08-22	9152	9200	9152	9203	92	0.006892778993435433
2017-08-23	9224	9224	9219	9223	11	0.002173204389872785
2017-08-24	9262	9347	9262	9350	22	0.01376992301854063
2017-08-25	9338	9347	9324	9332	181	-0.0019251336898395977
2017-08-28	9300	9300	9286	9292	182	-0.004286326618088254
2017-08-29	9186	9282	9186	9283	22	-0.0009685751183814428
2017-08-30	9328	9376	9324	9380	94	0.010449208230097984
2017-08-31	9414	9462	9414	9464	950	0.008955223880596996
2017-09-01	9470	9504	9465	9497	550	0.00348689771766697
2017-09-04	9229	9400	9229	9336	597	-0.016952721912182778
2017-09-05	9386	9386	9209	9265	1230	-0.0076049700085689675
2017-09-06	9262	9286	9234	9236	46	-0.0031300593631947704
2017-09-07	9338	9366	9338	9370	283	0.01450844521437844
2017-09-08	9352	9352	9272	9297	266	-0.0077908217716115
2017-09-11	9361	9429	9361	9431	302	0.014413251586533393
2017-09-12	9509	9514	9499	9507	1073	0.008058530378538764
2017-09-13	9514	9599	9514	9531	3432	0.002524455664247416
2017-09-14	9576	9599	9557	9601	303	0.007344454936522915
2017-09-15	9572	9580	9538	9573	43	-0.002916362878866763
2017-09-18	9632	9676	9609	9644	1580	0.0074166927817820305
2017-09-19	9685	9685	9514	9531	392	-0.01171712982165074
2017-09-20	9609	9609	9376	9380	132	-0.015843038505928053
2017-09-21	9277	9296	9209	9288	4477	-0.009808102345415737
2017-09-22	9209	9248	9140	9140	225	-0.015934539190353147
2017-09-25	9148	9186	9140	9189	1141	0.005361050328227535
2017-09-26	9144	9172	9144	9160	36	-0.0031559473283273576
2017-09-27	9204	9204	9204	9208	1	0.005240174672489051
2017-09-28	9296	9352	9296	9327	582	0.012923544743701054
2017-09-29	9324	9357	9324	9360	596	0.0035381151495657015
2017-10-10	9462	9509	9462	9512	1215	0.01623931623931618
2017-10-11	9585	9585	9552	9558	282	0.0048359966358284545
2017-10-12	9614	9614	9552	9553	2430	-0.0005231219920485142
2017-10-13	9462	9475	9405	9459	49	-0.009839840887679308
2017-10-16	9338	9381	9324	9385	1937	-0.00782323712866051
2017-10-17	9475	9475	9405	9426	111	0.004368673415023894
2017-10-18	9429	9429	9386	9406	4	-0.0021217907914279355
2017-10-19	9414	9509	9414	9512	21	0.011269402509036741
2017-10-20	9494	9519	9475	9521	670	0.0009461732548359247
2017-10-23	9576	9623	9557	9626	206	0.011028253334733673
2017-10-24	9623	9623	9585	9588	8	-0.003947641803448976
2017-10-25	9623	9661	9623	9663	31	0.007822277847309156
2017-10-26	9623	9632	9585	9606	35	-0.005898789195901921
2017-10-27	9604	9604	9557	9601	700	-0.0005205080158234843
2017-10-30	9632	9632	9552	9568	241	-0.0034371419643787204
2017-10-31	9585	9651	9585	9653	2	0.00888377926421402
2017-11-01	9661	9694	9632	9683	33970	0.0031078421216201857
2017-11-02	9685	9685	9609	9636	111	-0.004853867603015649
2017-11-03	9704	9713	9699	9715	98	0.008198422581984222
2017-11-06	9737	9793	9713	9715	368	0.0
2017-11-07	9813	9832	9780	9835	28	0.012352032938754531
2017-11-08	9840	9959	9840	9963	307	0.013014743263853656
2017-11-09	10022	10022	10017	10020	427	0.0057211683227942345
2017-11-10	10007	10140	10007	10139	86	0.011876247504990056
2017-11-13	10135	10216	10135	10209	429	0.006904033928395226
2017-11-14	10307	10312	10264	10281	758	0.007052600646488383
2017-11-15	10383	10393	10344	10347	61	0.006419608987452641
2017-11-16	10426	10539	10359	10542	75	0.018846042331110535
2017-11-17	10568	10578	10473	10476	29904	-0.00626067159931698
2017-11-20	10535	10568	10496	10547	14339	0.0067773959526535865
2017-11-21	10544	10634	10526	10561	655	0.0013273916753580028
2017-11-22	10605	10743	10605	10747	523	0.017611968563582936
2017-11-23	10711	10752	10673	10756	1066	0.0008374430073507799
2017-11-24	10752	10896	10752	10851	28727	0.008832279657865483
2017-11-27	10900	10933	10748	10803	5840	-0.004423555432679027
2017-11-28	10801	10801	10630	10674	7599	-0.011941127464593193
2017-11-29	10658	10752	10658	10737	2411	0.00590219224283306
2017-11-30	10591	10909	10559	10570	45585	-0.015553692837850464
2017-12-01	10600	10615	10478	10594	151171	0.0022705771050142154
2017-12-04	10591	10591	10468	10532	31682	-0.005852369265622048
2017-12-05	10487	10549	10444	10456	3639	-0.007216103304215737
2017-12-06	10444	10573	10335	10395	2247	-0.005833970925784193
2017-12-07	10393	10393	10097	10224	10955	-0.016450216450216493
2017-12-08	10264	10264	10111	10115	720	-0.010661189358372458
2017-12-11	10111	10397	10111	10400	802	0.02817597627286217
2017-12-12	10335	10374	10245	10281	12161	-0.011442307692307696
2017-12-13	10278	10421	10278	10403	91512	0.011866549946503158
2017-12-14	10439	10521	10430	10523	699	0.011535134095933763
2017-12-15	10492	10549	10444	10476	7566	-0.004466406918179233
2017-12-18	10535	10549	10439	10443	15199	-0.003150057273768603
2017-12-19	10454	10454	10378	10418	2599	-0.002393948099205234
2017-12-20	10421	10521	10388	10448	1278	0.00287963140717995
2017-12-21	10402	10402	10174	10199	32195	-0.023832312404287848
2017-12-22	10145	10402	10140	10371	14876	0.01686439847043819
2017-12-26	10359	10439	10344	10361	13232	-0.0009642271719216833
2017-12-27	10473	10605	10444	10609	10636	0.023935913521860863
2017-12-28	10605	10693	10605	10688	457	0.0074465076821566
2018-01-02	10729	10729	10610	10688	26869	0.0
2018-01-03	10733	10767	10634	10688	10419	0.0
2018-01-04	10615	10653	10397	10400	62447	-0.026946107784431184
2018-01-05	10482	10564	10482	10565	1626	0.01586538461538467
2018-01-08	10588	10588	10312	10428	1175	-0.012967345007098952
2018-01-09	10407	10444	10335	10366	1838	-0.005945531261986936
2018-01-10	10388	10468	10331	10471	399	0.010129268763264587
2018-01-11	10539	10658	10535	10660	6137	0.018049851972113506
2018-01-12	10693	10738	10625	10742	1865	0.007692307692307665
2018-01-15	10805	10820	10767	10822	75025	0.007447402718302021
2018-01-16	10882	11033	10882	11036	738	0.01977453335797441
2018-01-17	11015	11057	10933	11050	107816	0.0012685755708590207
2018-01-18	11109	11167	11067	11112	1909	0.005610859728506723
2018-01-19	11109	11228	11052	11102	1694	-0.0008999280057595538
2018-01-22	11076	11076	10914	11031	1601	-0.006395244100162123
2018-01-23	11038	11132	11038	11136	1705	0.009518629317378346
2018-01-24	11132	11152	11062	11154	3083	0.001616379310344751
2018-01-25	11128	11281	11128	11282	6383	0.01147570378339613
2018-01-26	11271	11504	11241	11506	18895	0.019854635702889478
2018-01-29	11560	11599	11456	11516	37145	0.0008691117677732674
2018-01-30	11485	11485	11356	11425	19364	-0.00790204932268146
2018-01-31	11365	11461	11261	11392	3516	-0.002888402625820574
2018-02-01	11451	11485	11360	11420	202534	0.002457865168539408
2018-02-02	11418	11418	11132	11163	23747	-0.022504378283712767
2018-02-05	10909	11062	10820	10822	3906	-0.030547343903968516
2018-02-06	10407	10867	10349	10846	14802	0.0022177046756606256
2018-02-07	11081	11109	10767	10771	10620	-0.006914991702009932
2018-02-08	10877	11024	10757	10960	13455	0.017547117259307354
2018-02-09	10573	10862	10573	10783	16588	-0.016149635036496357
2018-02-12	10909	10971	10909	10932	892	0.01381804692571631
2018-02-13	11001	11001	10683	10684	2994	-0.022685693377241134
2018-02-14	10643	10848	10643	10851	1759	0.015630849868963015
2018-02-19	10867	11047	10857	11050	1916	0.018339323564648513
2018-02-20	11005	11042	10839	10860	3785	-0.017194570135746656
2018-02-21	10919	11015	10843	10974	1003	0.010497237569060847
2018-02-22	10919	10938	10872	10936	687	-0.0034627300893019797
2018-02-23	10919	11024	10919	11027	2658	0.008321141185076764
2018-02-26	11067	11181	11033	11168	10983	0.012786796046068805
2018-02-27	11172	11241	11162	11206	5177	0.003402578796561695
2018-02-28	11076	11095	10953	10955	1529	-0.022398714974121048
2018-03-02	10782	10966	10782	10927	355162	-0.002555910543130979
2018-03-05	10867	10867	10733	10737	5399	-0.01738812116774957
2018-03-06	10905	10948	10862	10951	1371	0.019931079444910127
2018-03-07	10900	10986	10772	10776	1362	-0.01598027577390193
2018-03-08	10843	10919	10801	10907	1344	0.012156644394951677
2018-03-09	11015	11162	11015	11117	1525	0.01925369029063906
2018-03-12	11285	11314	11191	11315	4402	0.017810560402986342
2018-03-13	11276	11351	11261	11315	729	0.0
2018-03-14	11223	11342	11209	11311	821	-0.00035351303579322924
2018-03-15	11324	11437	11251	11378	14294	0.005923437361860184
2018-03-16	11399	11413	11356	11402	7956	0.0021093338020741204
2018-03-19	11446	11451	11399	11430	2904	0.002455709524644689
2018-03-20	11342	11428	11290	11430	1390	0.0
2018-03-21	11451	11565	11413	11525	1667	0.008311461067366688
2018-03-22	11580	11660	11451	11521	5147	-0.0003470715835141025
2018-03-23	11246	11261	10900	10903	4167	-0.053641176981164884
2018-03-26	10938	11309	10919	11311	9221	0.037420893332110516
2018-03-27	11437	11466	11324	11458	7487	0.01299619839094679
2018-03-28	11324	11346	11181	11282	8385	-0.015360446849362885
2018-03-29	11309	11446	11300	11397	4174	0.01019322815103707
2018-03-30	11485	11784	11451	11454	153359	0.005001316135825107
2018-04-02	11490	11555	11356	11449	97492	-0.0004365287235900128
2018-04-03	11346	11522	11300	11525	12652	0.006638134334876478
2018-04-04	11536	11536	11309	11392	2186	-0.011540130151843853
2018-04-05	11513	11531	11428	11472	8623	0.0070224719101124045
2018-04-06	11442	11565	11385	11554	13883	0.007147838214783819
2018-04-09	11536	11626	11536	11630	16152	0.0065778085511511986
2018-04-10	11651	11694	11551	11695	19991	0.005588993981083368
2018-04-11	11730	11730	11660	11710	11150	0.001282599401453588
2018-04-12	11694	11712	11551	11554	12454	-0.013321947053800187
2018-04-13	11641	11712	11590	11710	2574	0.013501817552362905
2018-04-16	11740	11809	11689	11777	182750	0.005721605465414115
2018-04-17	11849	11854	11740	11814	6329	0.003141716905833425
2018-04-18	11835	11903	11735	11762	40774	-0.004401557474183138
2018-04-19	11755	11818	11651	11730	127021	-0.002720625743921068
2018-04-20	11760	11760	11585	11659	103004	-0.006052855924978728
2018-04-23	11607	11607	11423	11516	23959	-0.012265202847585588
2018-04-24	11513	11513	11360	11364	13028	-0.013199027440083388
2018-04-25	11261	11370	11162	11325	26546	-0.0034318901795142853
2018-04-26	11329	11432	11290	11430	56367	0.009271523178807861
2018-04-27	11514	11538	11385	11435	29845	0.00043744531933498365
2018-04-30	11467	11467	11184	11254	46778	-0.015828596414516838
2018-05-02	11165	11289	11088	11180	18917	-0.006575439843611197
2018-05-03	11160	11194	11097	11104	20877	-0.006797853309481239
2018-05-04	11135	11140	10963	10979	145253	-0.011257204610951033
2018-05-08	11049	11217	10824	10826	59609	-0.01393569541852624
2018-05-09	10877	11150	10742	11152	37834	0.030112691668206182
2018-05-10	11170	11170	10977	11099	23703	-0.004752510760401729
2018-05-11	11160	11265	11160	11262	68990	0.014686007748445862
2018-05-14	11240	11240	11078	11138	20445	-0.011010477712662059
2018-05-15	11135	11150	11073	11152	39370	0.0012569581612498215
2018-05-16	11121	11194	11121	11170	28543	0.0016140602582497277
2018-05-17	11165	11212	11064	11070	3240	-0.008952551477171
2018-05-18	11088	11270	11088	11267	32289	0.017795844625112966
2018-05-21	11245	11337	11217	11314	4155	0.004171474216739135
2018-05-23	11313	11323	11265	11324	3396	0.0008838607035530632
2018-05-24	11346	11433	11333	11416	25293	0.008124337689862315
2018-05-25	11275	11408	11275	11387	35960	-0.0025402943237561315
2018-05-28	11337	11408	11308	11344	41669	-0.003776236058663396
2018-05-29	11356	11404	11294	11300	76801	-0.00387870239774335
2018-05-30	11299	11299	11140	11277	52513	-0.00203539823008847
2018-05-31	11313	11423	11313	11425	5033	0.013124057816795265
2018-06-01	11346	11486	11308	11487	63963	0.005426695842450702
2018-06-04	11486	11587	11443	11444	10686	-0.0037433620614607532
2018-06-05	11509	11548	11491	11507	6668	0.005505068157986681
2018-06-07	11543	11724	11538	11728	14804	0.01920570087772666
2018-06-08	11724	11724	11552	11555	2396	-0.014751023192360213
2018-06-11	11518	11605	11471	11502	67660	-0.004586758978797012
2018-06-12	11552	11724	11552	11684	1342	0.01582333507216127
2018-06-14	11672	11798	11654	11664	13418	-0.001711742553919926
2018-06-15	11724	11729	11552	11555	41042	-0.009344993141289448
2018-06-18	11538	11538	11040	11170	64129	-0.0333189095629598
2018-06-19	11170	11230	10891	10893	9227	-0.024798567591763687
2018-06-20	10959	11323	10959	11285	3323	0.03598641329294039
2018-06-21	11294	11404	11265	11267	8231	-0.0015950376606114203
2018-06-22	11179	11333	11040	11295	37970	0.002485133575929721
2018-06-25	11365	11390	11240	11382	1036	0.007702523240371795
2018-06-26	11221	11304	11116	11290	1128	-0.008082937972236914
2018-06-27	11356	11399	11240	11257	6246	-0.0029229406554472925
2018-06-28	11140	11175	11002	11008	56112	-0.02211957004530518
2018-06-29	11083	11097	10934	11099	40760	0.008266715116278966
2018-07-02	11097	11160	10867	10869	145692	-0.020722587620506383
2018-07-03	10972	11049	10814	10955	5859	0.007912411445395229
2018-07-04	10944	11044	10872	10998	9691	0.003925148334094075
2018-07-05	11059	11135	10843	11032	5161	0.003091471176577487
2018-07-06	11030	11125	10804	11109	18261	0.006979695431472033
2018-07-09	11073	11155	11011	11148	28264	0.0035106670267350815
2018-07-10	11155	11245	11155	11200	3318	0.004664513814137017
2018-07-11	11097	11130	11054	11055	868	-0.012946428571428581
2018-07-12	11121	11351	11121	11354	1040	0.02704658525554038
2018-07-13	11370	11538	11370	11540	9810	0.016381891844283958
2018-07-16	11538	11577	11413	11468	3302	-0.006239168110918514
2018-07-17	11428	11428	11342	11344	210	-0.010812696198116534
2018-07-18	11413	11413	11179	11219	370	-0.0110190409026798
2018-07-19	11207	11207	11002	11055	490	-0.014618058650503585
2018-07-20	11035	11130	10909	11046	8945	-0.0008141112618724744
2018-07-23	10939	11289	10493	10509	16256	-0.04861488321564367
2018-07-24	10527	10747	10527	10686	12599	0.01684270625178419
2018-07-25	10686	10686	10541	10581	22885	-0.009825940482874773
2018-07-26	10566	10756	10551	10759	10288	0.016822606558926312
2018-07-27	10747	10839	10747	10840	1120	0.007528580723115574
2018-07-30	10814	10814	10637	10640	12487	-0.01845018450184499
2018-07-31	10627	10651	10497	10652	18331	0.0011278195488721998
2018-08-01	10646	10839	10646	10835	68244	0.017179872324446066
2018-08-02	10727	10786	10585	10630	94191	-0.018920166128287952
2018-08-03	10651	10756	10651	10750	1783	0.011288805268109048
2018-08-06	10796	10796	10561	10562	26561	-0.01748837209302323
2018-08-07	10597	10597	10460	10576	97264	0.001325506532853682
2018-08-08	10561	10612	10546	10552	1783	-0.0022692889561271024
2018-08-09	10570	10580	10551	10581	244	0.0027482941622440915
2018-08-10	10561	10561	10464	10543	11422	-0.0035913429732539193
2018-08-13	10450	10450	10214	10237	9059	-0.029023996964810728
2018-08-14	10339	10416	10272	10418	491	0.017680961219107116
2018-08-16	10349	10612	10339	10606	3557	0.018045690151660576
2018-08-17	10627	10737	10627	10740	242	0.012634357910616734
2018-08-20	10732	10786	10602	10635	23366	-0.009776536312849138
2018-08-21	10671	10872	10671	10864	125798	0.021532675129290135
2018-08-22	10882	10882	10737	10769	14841	-0.008744477172312193
2018-08-23	10819	11002	10771	10998	53552	0.02126474138731549
2018-08-24	10967	11207	10939	11155	51984	0.014275322785961109
2018-08-27	11226	11375	11175	11377	2717	0.019901389511429946
2018-08-28	11413	11514	11299	11300	2333	-0.006768040784037921
2018-08-29	11299	11318	11230	11290	467	-0.0008849557522123686
2018-08-30	11289	11318	11160	11257	4003	-0.0029229406554472925
2018-08-31	11189	11433	11135	11430	6840	0.015368215332681956
2018-09-03	11428	11428	11284	11339	20700	-0.007961504811898501
2018-09-04	11404	11447	11337	11449	18646	0.009701031837022756
2018-09-05	11443	11505	11399	11407	5271	-0.0036684426587474395
2018-09-06	11370	11404	11275	11310	9714	-0.008503550451477215
2018-09-07	11284	11284	11088	11224	11775	-0.007603890362511079
2018-09-10	11203	11240	11135	11239	1424	0.0013364219529579113
2018-09-11	11194	11333	11194	11334	1395	0.008452709315775353
2018-09-12	11346	11457	11313	11402	2447	0.005999647079583559
2018-09-13	11423	11443	11360	11444	46317	0.003683564286967256
2018-09-14	11438	11462	11385	11397	1628	-0.004106955609926577
2018-09-17	11394	11394	11203	11239	1595	-0.013863297358954085
2018-09-18	11189	11289	11175	11277	25723	0.0033810837263101856
2018-09-19	11328	11333	11203	11234	34851	-0.0038130708521769696
2018-09-20	11230	11240	11155	11185	11045	-0.004361758946056615
2018-09-21	11203	11260	11150	11262	14201	0.0068842199374161694
2018-09-27	11203	11265	11194	11244	14293	-0.0015982951518380695
2018-09-28	11217	11413	11217	11257	7203	0.0011561721807185066
2018-10-01	11203	11221	11064	11109	102568	-0.013147374966687386
2018-10-02	11035	11035	10756	10816	41187	-0.026375011252137925
2018-10-04	10809	10809	10597	10716	14768	-0.009245562130177465
2018-10-05	10646	10681	10411	10490	201504	-0.021089958939902953
2018-10-08	10407	10580	10316	10350	62237	-0.013346043851286904
2018-10-10	10344	10374	9990	10017	59577	-0.032173913043478275
2018-10-11	9706	9760	9495	9498	117813	-0.05181191973644805
2018-10-12	9495	9731	9495	9723	114442	0.023689197725837108
2018-10-15	9716	9750	9515	9518	62666	-0.021084027563509244
2018-10-16	9606	9731	9549	9633	30088	0.012082370245849905
2018-10-17	9770	9836	9659	9757	371	0.012872417730717345
2018-10-18	9784	9792	9582	9613	2072	-0.014758634826278594
2018-10-19	9505	9688	9376	9690	4815	0.008009986476646302
2018-10-22	9591	9750	9559	9752	734	0.006398348813209553
2018-10-23	9679	9711	9342	9391	42184	-0.037018047579983615
2018-10-24	9481	9519	9127	9147	36467	-0.025982323501224536
2018-10-25	8877	9026	8718	8951	219062	-0.021427790532414948
2018-10-26	9016	9016	8579	8707	54634	-0.027259524075522235
2018-10-29	8714	8838	8397	8405	76219	-0.034684736418973294
2018-10-30	8317	8547	8187	8548	279911	0.017013682331945335
2018-10-31	8604	8604	8412	8553	161815	0.0005849321478708092
2018-11-01	8552	8816	8542	8678	133017	0.014614755056705286
2018-11-02	8806	9031	8806	9033	21872	0.040908043327955834
2018-11-05	8974	8974	8838	8908	2554	-0.01383814900918856
2018-11-06	8949	9026	8896	9028	4138	0.013471037269869868
2018-11-07	9065	9150	8816	8875	5535	-0.01694727514399641
2018-11-08	8987	9070	8935	8985	318094	0.012394366197183038
2018-11-09	8987	8987	8753	8870	32353	-0.012799109627156358
2018-11-12	8753	8801	8667	8702	14070	-0.018940248027057516
2018-11-13	8547	8672	8374	8668	65716	-0.003907147782119091
2018-11-14	8667	8891	8658	8832	42113	0.018920166128288063
2018-11-15	8829	9031	8816	9033	21643	0.022758152173913082
2018-11-16	9070	9092	9001	9062	659	0.0032104505701318065
2018-11-19	9065	9180	9055	9176	78057	0.012580004414036727
2018-11-20	9036	9155	9036	9105	12738	-0.007737576285963388
2018-11-21	8983	9155	8930	9157	71484	0.005711147721032317
2018-11-22	9150	9207	9084	9134	48800	-0.002511739652724665
2018-11-23	9150	9189	9050	9057	5404	-0.008430041602802696
2018-11-26	9070	9286	9070	9263	22485	0.02274483824665996
2018-11-27	9295	9300	9198	9272	21248	0.0009716074705818922
2018-11-28	9290	9323	9222	9248	823	-0.0025884383088869978
2018-11-29	9337	9366	9180	9206	3263	-0.004541522491349426
2018-11-30	9180	9247	9117	9147	20433	-0.00640886378448835
2018-12-03	9212	9251	9170	9229	130726	0.008964687875806288
2018-12-04	9202	9276	9155	9243	14812	0.001516957416838327
2018-12-05	9112	9175	9112	9138	29580	-0.0113599480688088
2018-12-06	9137	9150	8881	8917	52207	-0.024184723134164976
2018-12-07	8954	9021	8873	8975	44324	0.006504429740944229
2018-12-10	8811	8979	8796	8860	8134	-0.012813370473537589
2018-12-11	8886	8896	8801	8865	44038	0.0005643340857788282
2018-12-12	8916	9031	8916	9028	1906	0.01838691483361532
2018-12-13	9001	9084	8964	9062	1627	0.0037660611431102886
2018-12-14	9045	9045	8868	8899	22044	-0.01798719929375414
2018-12-17	8877	8921	8743	8797	10502	-0.011461962018204264
2018-12-18	8663	8791	8663	8722	9960	-0.008525633738774574
2018-12-19	8723	8848	8723	8832	128	0.012611786287548776
2018-12-20	8777	8877	8690	8788	2208	-0.004981884057971064
2018-12-21	8786	8916	8781	8899	624	0.012630860263996402
2018-12-24	8824	8881	8806	8812	1222	-0.009776379368468313
2018-12-26	8628	8733	8584	8727	28817	-0.009645937358148005
2018-12-27	8873	8945	8829	8875	19407	0.01695886329781149
2018-12-28	8949	8979	8896	8956	1942	0.009126760563380243
2019-01-02	9001	9001	8733	8793	52419	-0.018200089325591806
2019-01-03	8801	8838	8532	8533	3041	-0.029568975321278335
2019-01-04	8532	8672	8465	8668	4232	0.015820930505097808
2019-01-07	8781	8816	8695	8773	14827	0.012113520996769767
2019-01-08	8786	8824	8768	8822	2343	0.0055853185911318715
2019-01-09	8833	8949	8833	8922	21204	0.011335298118340553
2019-01-10	8926	8954	8858	8941	3088	0.0021295673615782107
2019-01-11	8959	8959	8838	8875	37369	-0.00738172463930209
2019-01-14	8881	8886	8811	8851	20349	-0.002704225352112677
2019-01-15	8881	8979	8881	8936	830	0.009603434640153674
2019-01-16	8959	8974	8911	8951	7002	0.0016786034019695695
2019-01-17	8954	8954	8796	8817	10519	-0.01497039436934422
2019-01-18	8873	8886	8806	8889	4762	0.008166042871725177
2019-01-21	8911	8911	8796	8812	5976	-0.008662391720103524
2019-01-22	8829	8881	8786	8841	14515	0.00329096686336805
2019-01-23	8806	8877	8796	8870	8603	0.0032801719262527396
2019-01-24	8877	8935	8848	8936	12240	0.007440811724915397
2019-01-25	8921	9045	8916	9037	58531	0.011302596239928464
2019-01-28	9045	9055	8979	9033	61124	-0.00044262476485557034
2019-01-29	9026	9031	8906	8995	28259	-0.004206797298793363
2019-01-30	9006	9045	8945	9013	20676	0.0020011117287381808
2019-01-31	9079	9127	8996	9119	91085	0.011760789970043373
2019-02-01	9132	9132	9036	9080	45179	-0.0042767847351683486
2019-02-07	9132	9150	9060	9152	986	0.007929515418502175
2019-02-08	9142	9232	9137	9234	19334	0.008959790209790208
2019-02-11	9300	9308	9227	9296	121473	0.006714316655837216
2019-02-12	9313	9313	9184	9225	16274	-0.007637693631669551
2019-02-13	9256	9414	9251	9416	19534	0.020704607046070356
2019-02-14	9405	9458	9347	9459	19545	0.004566694987255815
2019-02-15	9449	9466	9371	9444	1159	-0.0015857913098635823
2019-02-18	9481	9481	9410	9444	390	0.0
2019-02-19	9410	9505	9405	9479	14960	0.003706056755611975
2019-02-20	9471	9495	9424	9439	4826	-0.004219854415022706
2019-02-21	9458	9500	9419	9469	22925	0.0031783027863121482
2019-02-22	9466	9471	9429	9449	1484	-0.0021121554546414956
2019-02-25	9454	9564	9454	9549	809	0.010583130489999037
2019-02-26	9549	9573	9434	9503	6705	-0.004817258351659914
2019-02-27	9524	9539	9466	9508	3145	0.0005261496369568519
2019-02-28	9529	9529	9290	9301	10689	-0.021771140092553654
2019-03-04	9347	9486	9347	9464	115333	0.017524997312116986
2019-03-05	9424	9449	9371	9421	1600	-0.004543533389687271
2019-03-06	9400	9458	9366	9406	1178	-0.0015921876658528955
2019-03-07	9439	9449	9256	9339	1423	-0.007123112906655349
2019-03-08	9276	9337	9261	9291	8224	-0.005139736588499866
2019-03-11	9271	9323	9160	9326	9398	0.0037670864277257188
2019-03-12	9405	9471	9395	9469	13687	0.015333476302809457
2019-03-13	9471	9515	9434	9518	8064	0.005174780863871575
2019-03-14	9549	9549	9424	9426	41259	-0.009665896196680013
2019-03-15	9510	9519	9434	9518	2434	0.009760237640568548
2019-03-18	9569	9634	9564	9638	66113	0.012607690691321727
2019-03-19	9674	9706	9601	9628	3061	-0.0010375596596804426
2019-03-20	9621	9688	9559	9690	3935	0.006439551308683011
2019-03-21	9664	9692	9495	9532	23503	-0.016305469556243568
2019-03-22	9539	9539	9454	9518	3279	-0.0014687368862777994
2019-03-25	9386	9476	9342	9349	3837	-0.017755831056944782
2019-03-26	9400	9505	9381	9493	66787	0.015402716868114341
2019-03-27	9569	9582	9434	9474	12050	-0.00200147477088386
2019-03-28	9466	9490	9419	9421	24458	-0.005594257969178784
2019-03-29	9466	9539	9386	9541	38640	0.012737501326823164
2019-04-01	9544	9606	9510	9569	58243	0.0029347028613353476
2019-04-02	9578	9578	9500	9532	11434	-0.0038666527327829714
2019-04-03	9510	9515	9449	9518	29344	-0.0014687368862777994
2019-04-04	9539	9564	9515	9564	8909	0.004832948098340006
2019-04-05	9529	9596	9510	9554	8674	-0.0010455876202425385
2019-04-08	9587	9621	9544	9579	1368	0.002616705045007217
2019-04-09	9578	9674	9549	9651	4739	0.007516442217350372
2019-04-10	9625	9679	9596	9680	6931	0.003004869961662049
2019-04-11	9697	9740	9683	9728	2637	0.0049586776859504855
2019-04-12	9740	9840	9731	9843	711	0.011821546052631637
2019-04-15	9875	9893	9812	9891	83220	0.004876562023773179
2019-04-16	9885	9885	9792	9839	6766	-0.005257304620361891
2019-04-17	9831	9831	9726	9733	5196	-0.010773452586644972
2019-04-18	9721	9721	9529	9584	48604	-0.015308743450118123
2019-04-19	9616	9625	9549	9594	2295	0.0010434056761268184
2019-04-22	9611	9649	9524	9594	5829	0.0
2019-04-23	9601	9601	9500	9569	51390	-0.002605795288722068
2019-04-24	9587	9601	9515	9564	331	-0.0005225206395652604
2019-04-25	9569	9569	9510	9522	638	-0.004391468005018773
2019-04-26	9490	9529	9400	9454	767	-0.007141356857802927
2019-04-29	9477	9584	9454	9585	16651	0.013856568648191292
2019-04-30	9598	9646	9535	9639	24941	0.005633802816901401
2019-05-02	9588	9656	9588	9653	17603	0.001452432824981864
2019-05-03	9651	9656	9560	9648	13136	-0.0005179736869367346
2019-05-07	9511	9656	9511	9643	1296	-0.0005182421227197809
2019-05-08	9574	9699	9565	9657	6434	0.0014518303432542456
2019-05-09	9622	9636	9410	9411	55661	-0.025473749611680696
2019-05-10	9482	9491	9327	9479	129663	0.0072255870789501575
2019-05-13	9444	9444	9304	9325	34508	-0.01624643949783733
2019-05-14	9270	9414	9270	9386	49470	0.006541554959785589
2019-05-15	9419	9555	9419	9555	10240	0.018005540166204925
2019-05-16	9555	9555	9454	9498	14131	-0.005965463108320246
2019-05-17	9530	9530	9381	9406	1145	-0.009686249736786667
2019-05-20	9429	9525	9410	9416	1397	0.00106315118009781
2019-05-21	9410	9410	9361	9363	66	-0.00562871707731516
2019-05-22	9376	9414	9337	9401	1111	0.00405852824949271
2019-05-23	9275	9322	9255	9276	269	-0.013296457823635754
2019-05-24	9168	9173	9144	9174	208	-0.01099611901681763
2019-05-27	9135	9192	9135	9194	4258	0.0021800741225201925
2019-05-28	9231	9371	9206	9373	648130	0.01946921905590604
2019-05-29	9337	9342	9236	9276	17356	-0.010348874426544308
2019-05-30	9294	9294	9067	9174	16892	-0.01099611901681763
2019-05-31	9120	9173	9120	9170	205	-0.0004360148245040607
2019-06-03	9100	9168	9077	9170	25195	0.0
2019-06-04	9173	9173	9091	9150	833	-0.0021810250817884125
2019-06-05	9187	9201	9178	9194	1172	0.0048087431693988325
2019-06-07	9231	9275	9206	9209	2549	0.0016314988035674993
2019-06-10	9289	9376	9260	9378	7051	0.01835161255293727
2019-06-11	9352	9454	9352	9444	1106	0.00703774792066536
2019-06-12	9444	9444	9352	9406	4039	-0.004023718763235928
2019-06-13	9405	9491	9327	9426	225	0.00212630236019562
2019-06-14	9395	9459	9395	9426	3330	0.0
2019-06-17	9424	9464	9381	9411	1210	-0.0015913430935710071
2019-06-18	9410	9454	9410	9439	106	0.0029752417383912544
2019-06-19	9516	9516	9395	9426	998	-0.001377264540735279
2019-06-20	9482	9482	9444	9474	1326	0.005092297899427223
2019-06-21	9491	9491	9424	9439	464	-0.003694321300401149
2019-06-24	9434	9434	9327	9343	342	-0.010170568916198719
2019-06-25	9312	9317	9246	9280	1463	-0.006743016161832371
2019-06-26	9236	9285	9201	9261	44445	-0.0020474137931034697
2019-06-27	9260	9317	9246	9295	29255	0.003671309793758848
2019-06-28	9322	9337	9201	9276	41400	-0.002044109736417443
2019-07-01	9342	9342	9163	9199	62858	-0.008300991806813318
2019-07-02	9187	9216	9148	9204	8771	0.000543537341015421
2019-07-03	9216	9226	9077	9131	2101	-0.007931334202520679
2019-07-04	9135	9173	9067	9174	2682	0.004709232285620368
2019-07-05	9187	9192	9062	9150	25131	-0.002616088947024253
2019-07-08	9120	9120	8902	8904	514	-0.02688524590163932
2019-07-09	8927	8989	8854	8890	25594	-0.0015723270440252124
2019-07-10	8917	8984	8897	8957	959	0.007536557930258647
2019-07-11	8984	9037	8961	9020	793	0.007033605001674603
2019-07-12	9028	9057	8993	9035	104	0.001662971175166339
2019-07-15	9037	9037	8839	8885	34491	-0.01660210293303821
2019-07-16	8917	8956	8844	8880	443	-0.0005627462014631268
2019-07-17	8849	8849	8772	8832	340	-0.00540540540540535
2019-07-18	8786	8897	8786	8875	32305	0.0048686594202898
2019-07-19	8874	8993	8874	8996	2754	0.013633802816901408
2019-07-22	8976	8981	8917	8957	113	-0.00433526011560692
2019-07-23	8951	8984	8844	8895	11993	-0.006921960477838551
2019-07-24	8912	8931	8772	8793	6956	-0.011467116357504192
2019-07-25	8796	8816	8679	8758	4807	-0.003980438985556667
2019-07-26	8675	8728	8675	8716	275114	-0.004795615437314438
2019-07-29	8622	8622	8516	8518	916	-0.022716842588343278
2019-07-30	8516	8583	8492	8571	21527	0.0062221178680441636
2019-07-31	8559	8598	8429	8599	5900	0.0032668300081670765
2019-08-01	8511	8642	8511	8585	1944	-0.0016280962902662788
2019-08-02	8487	8588	8468	8488	1559	-0.011298776936517152
2019-08-05	8487	8502	8192	8194	2053	-0.034637134778510825
2019-08-06	8052	8279	7994	8102	2190	-0.011227727605565008
2019-08-07	8134	8211	8085	8169	1746	0.008269563070846697
2019-08-08	8275	8333	8245	8333	4538	0.020075896682580474
2019-08-09	8338	8338	8260	8310	512	-0.0027601104044161495
2019-08-12	8201	8270	8187	8227	7812	-0.009987966305655793
2019-08-13	8174	8270	8174	8266	308078	0.004740488634982443
2019-08-14	8226	8226	8226	8227	420	-0.0047181224292282
2019-08-16	8075	8125	8052	8112	37237	-0.013978363923666026
2019-08-19	8095	8095	8028	8078	14588	-0.0041913214990138
2019-08-20	8085	8169	8067	8169	10354	0.011265164644713943
2019-08-21	8159	8206	8159	8189	1228	0.002448280083241494
2019-08-22	8149	8174	8105	8117	2216	-0.00879228232995477
2019-08-23	8105	8115	8105	8117	764	0.0
2019-08-26	7941	7974	7897	7914	530	-0.02500923986694592
2019-08-27	8004	8019	7966	7966	184	0.006570634318928459
2019-08-28	7970	8033	7961	8025	1149	0.00740647752950041
2019-08-29	8019	8072	8009	8044	2229	0.0023676012461060214
2019-08-30	8115	8139	8115	8135	84	0.011312779711586174
2019-09-02	8134	8245	8134	8242	1903	0.013153042409342453
2019-09-03	8240	8240	8240	8242	0	0.0
2019-09-04	8293	8318	8279	8319	211	0.009342392623149731
2019-09-05	8361	8366	8303	8324	741	0.0006010337780983921
2019-09-06	8308	8308	8284	8285	3	-0.00468524747717447
2019-09-09	8289	8289	8206	8213	21430	-0.008690404345202185
2019-09-10	8221	8235	8211	8223	196	0.0012175818823816353
2019-09-11	8260	8279	8240	8271	9631	0.005837285662167124
2019-09-16	8333	8342	8313	8333	726	0.0074960706081490525
2019-09-17	8357	8366	8347	8358	255	0.003000120004800211
2019-09-18	8395	8424	8395	8426	142	0.008135917683656402
2019-09-19	8444	8449	8390	8426	2923	0.0
2019-09-20	8478	8482	8458	8474	113	0.00569665321623547
2019-09-23	8473	8473	8439	8439	356	-0.00413028085909839
2019-09-24	8458	8482	8434	8435	3294	-0.0004739898092190886
2019-09-25	8399	8478	8361	8363	447	-0.008535862477771161
2019-09-26	8404	8404	8366	8382	55	0.002271911993303899
2019-09-27	8380	8380	8318	8348	52	-0.004056311142925262
2019-09-30	8245	8376	8221	8372	127932	0.0028749401054144474
2019-10-01	8366	8439	8313	8402	45215	0.003583373148590585
2019-10-02	8376	8414	8361	8372	15909	-0.0035705784337062285
2019-10-04	8342	8357	8284	8285	1042	-0.010391782130912519
2019-10-07	8245	8245	8201	8204	19	-0.009776704888352472
2019-10-08	8284	8371	8270	8372	969	0.020477815699658786
2019-10-10	8298	8313	8298	8315	12	-0.006808408982322045
2019-10-11	8376	8376	8308	8319	20336	0.00048105832832234796
2019-10-14	8338	8366	8338	8368	61	0.005890131025363621
2019-10-15	8380	8380	8380	8382	106	0.0016730401529636563
2019-10-16	8444	8453	8414	8454	54	0.008589835361488829
2019-10-17	8468	8478	8409	8426	2804	-0.0033120416370948647
2019-10-18	8468	8502	8434	8454	1443	0.0033230477094707833
2019-10-21	8473	8473	8444	8444	301	-0.0011828720132481818
2019-10-22	8482	8540	8463	8541	419	0.011487446707721505
2019-10-23	8559	8559	8492	8493	14	-0.00561995082543032
2019-10-24	8482	8506	8482	8508	119	0.0017661603673613246
2019-10-25	8458	8478	8424	8430	364	-0.009167842031029605
2019-10-28	8482	8516	8458	8464	9414	0.004033214709371347
2019-10-29	8506	8506	8434	8464	19751	0.0
2019-10-30	8429	8429	8366	8417	11198	-0.005552930056710759
2019-10-31	8453	8478	8453	8464	160	0.00558393726981099
2019-11-01	8434	8492	8434	8493	525	0.00342627599243861
2019-11-04	8545	8593	8545	8551	538	0.006829153420463863
2019-11-05	8550	8564	8516	8556	500	0.000584726932522539
2019-11-06	8598	8598	8540	8551	1529	-0.000584385226741424
2019-11-07	8550	8550	8487	8493	79	-0.0067828324172611865
2019-11-08	8506	8516	8482	8493	70	0.0
2019-11-11	8506	8583	8506	8571	63	0.00918403391027911
2019-11-12	8555	8603	8535	8604	3439	0.003850192509625483
2019-11-13	8598	8598	8550	8595	285	-0.0010460251046024993
2019-11-14	8588	8588	8511	8531	1990	-0.0074461896451425424
2019-11-15	8647	8666	8632	8667	97	0.015941859102098332
2019-11-18	8666	8666	8598	8624	731	-0.0049613476404754
2019-11-19	8603	8632	8564	8633	3689	0.0010435992578849973
2019-11-20	8579	8588	8444	8469	10400	-0.018996872466118364
2019-11-21	8439	8439	8298	8358	4638	-0.013106624158696456
2019-11-22	8380	8399	8298	8310	16414	-0.005743000717875035
2019-11-25	8366	8424	8333	8426	3920	0.013959085439229746
2019-11-26	8414	8453	8414	8454	408	0.0033230477094707833
2019-11-27	8453	8453	8357	8358	9988	-0.011355571327182346
2019-11-28	8357	8357	8284	8310	8587	-0.005743000717875035
2019-11-29	8308	8347	8201	8232	24687	-0.009386281588447676
2019-12-02	8231	8250	8182	8194	4428	-0.00461613216715262
2019-12-03	8174	8226	8144	8199	1360	0.0006102025872589678
2019-12-04	8149	8182	8149	8155	4862	-0.005366508110745238
2019-12-05	8197	8226	8095	8155	18269	0.0
2019-12-06	8255	8318	8250	8281	8300	0.015450643776824036
2019-12-09	8303	8303	8303	8305	288	0.00289820070039859
2019-12-10	8231	8313	8231	8315	12076	0.0012040939193256328
2019-12-11	8318	8361	8279	8363	138	0.0057726999398677314
2019-12-12	8395	8453	8395	8444	20157	0.009685519550400645
2019-12-13	8497	8502	8434	8444	27085	0.0
2019-12-16	8506	8506	8429	8483	12008	0.004618664140217943
2019-12-17	8530	8608	8497	8585	20370	0.012024048096192397
2019-12-18	8588	8647	8574	8599	20172	0.001630751310425227
2019-12-19	8689	8694	8579	8619	9244	0.0023258518432376363
2019-12-20	8652	8671	8642	8657	1078	0.00440886413737096
2019-12-23	8699	8699	8608	8637	17732	-0.0023102691463555702
2019-12-24	8647	8671	8603	8614	9691	-0.0026629616765080355
2019-12-26	8652	8763	8652	8763	1009	0.017297422800092832
2019-12-27	8854	8946	8839	8942	5116	0.02042679447677731
2019-12-30	8966	8998	8927	9001	36060	0.006598076492954519
2020-01-02	8946	9047	8907	8996	24858	-0.0005554938340184279
2020-01-03	9062	9062	8917	8928	25704	-0.007558915073365924
2020-01-06	8825	8878	8791	8836	2465	-0.010304659498207913
2020-01-07	8882	8912	8859	8895	416	0.0066772295156178885
2020-01-08	8728	8854	8679	8778	1270	-0.013153456998313606
2020-01-09	8951	8966	8897	8966	5540	0.021417179311916223
2020-01-10	8976	9042	8961	9044	2118	0.008699531563685081
2020-01-13	9008	9091	9008	9077	3019	0.0036488279522335354
2020-01-14	9153	9197	9125	9160	80	0.009143990305166882
2020-01-15	9158	9197	9140	9160	930	0.0
2020-01-16	9246	9357	9246	9358	771	0.0216157205240175
2020-01-17	9390	9390	9317	9358	2194	0.0
2020-01-20	9352	9371	9241	9246	3481	-0.011968369309681592
2020-01-21	9289	9312	9211	9214	487	-0.003460956089119671
2020-01-22	9206	9352	9206	9348	1611	0.014543086607336608
2020-01-23	9395	9395	9327	9348	3021	0.0
2020-01-28	9037	9047	8989	9049	5812	-0.031985451433461654
2020-01-29	9095	9135	9095	9126	282	0.008509227538954667
2020-01-30	9003	9042	8887	8900	1378	-0.02476440937979396
2020-01-31	8956	9003	8763	8768	815	-0.014831460674157304
2020-02-03	8662	8864	8593	8855	23976	0.009922445255474477
2020-02-04	8854	8966	8849	8957	1230	0.011518915866741919
2020-02-05	9018	9018	8902	8923	560	-0.0037959138104276535
2020-02-06	8976	8984	8961	8966	157	0.004819007060405722
2020-02-07	8946	8946	8887	8947	1756	-0.00211911666294895
2020-02-10	8897	8941	8897	8942	19	-0.000558846540739899
2020-02-11	8941	9013	8936	9015	1106	0.008163721762469267
2020-02-12	9062	9187	9062	9189	753	0.01930116472545751
2020-02-13	9178	9178	9037	9087	1033	-0.011100228534116852
2020-02-14	9153	9173	9153	9174	95	0.009574116870254112
2020-02-17	9100	9211	9100	9209	171	0.003815129714410226
2020-02-18	9197	9197	9047	9064	226	-0.01574546639157348
2020-02-19	9095	9153	9095	9155	229	0.01003971756398947
2020-02-20	9173	9173	9067	9097	503	-0.006335335882031723
2020-02-21	8981	8981	8834	8895	554	-0.022205122567879543
2020-02-24	8612	8637	8550	8551	3433	-0.038673412029229914
2020-02-25	8612	8704	8612	8706	724	0.018126534908197822
2020-02-26	8550	8689	8540	8633	104	-0.008385021824029448
2020-02-27	8632	8632	8347	8397	181	-0.027336962817097188
2020-02-28	8226	8226	7984	8015	11145	-0.04549243777539602
2020-03-02	8105	8338	8047	8333	348	0.03967560823456018
2020-03-03	8497	8497	8255	8257	239	-0.009120364814592552
2020-03-04	8240	8444	8240	8435	1315	0.021557466392152058
2020-03-05	8478	8525	8429	8508	4475	0.00865441612329576
2020-03-06	8473	8487	8404	8435	29870	-0.008580159849553404
2020-03-09	8347	8347	8187	8276	2356	-0.018850029638411425
2020-03-10	8192	8308	8174	8290	13613	0.0016916384726921585
2020-03-11	8197	8197	7989	8020	2993	-0.03256936067551264
2020-03-12	7984	7984	7593	7610	3936	-0.05112219451371569
2020-03-13	7062	7482	6840	7261	2977	-0.04586070959264121
2020-03-16	7414	7463	7023	7024	879	-0.03264013221319373
2020-03-17	6893	7164	6849	7107	20231	0.011816628701594611
2020-03-18	7062	7212	6675	6677	181	-0.06050372871816523
2020-03-19	6738	6748	5922	5922	1643	-0.11307473416204883
2020-03-20	6226	6646	6172	6648	1840	0.12259371833839916
2020-03-23	6317	6395	6192	6285	862	-0.0546028880866426
2020-03-24	6444	6922	6444	6923	44034	0.10151153540175017
2020-03-25	7357	7357	6989	7291	1664	0.0531561461794019
2020-03-26	7410	7521	7283	7348	2014	0.007817857632697933
2020-03-27	7622	7656	7159	7334	7010	-0.0019052803483941005
2020-03-30	7255	7642	7255	7615	1045	0.03831469866375792
2020-03-31	7700	7719	7583	7721	6789	0.013919894944188993
2020-04-01	7801	7815	7531	7531	13165	-0.024608211371583977
2020-04-02	7536	7728	7463	7725	11423	0.025760191209666772
2020-04-03	7666	7786	7637	7754	362	0.0037540453074433877
2020-04-06	7970	8105	7887	8102	538	0.04488006190353366
2020-04-07	8275	8303	8014	8189	35566	0.010738089360651681
2020-04-08	8075	8174	8075	8174	343	-0.0018317254854072207
2020-04-09	8211	8226	8090	8184	4744	0.0012233912405186231
2020-04-10	8182	8182	7941	8107	18148	-0.009408602150537626
2020-04-13	7931	8028	7912	7914	7578	-0.023806586900209648
2020-04-14	8014	8110	7941	8078	7272	0.02072276977508203
2020-04-16	7989	8255	7989	8252	13402	0.021539985144837903
2020-04-17	8380	8434	8284	8412	30281	0.019389238972370437
2020-04-20	8473	8473	8352	8372	31228	-0.004755111745125995
2020-04-21	8352	8419	8062	8295	525	-0.009197324414715768
2020-04-22	8159	8434	8159	8435	554	0.016877637130801704
2020-04-23	8439	8574	8424	8541	13789	0.012566686425607543
2020-04-24	8453	8564	8366	8435	359	-0.012410724739491896
2020-04-27	8434	8579	8414	8581	15940	0.01730883224659152
2020-04-28	8579	8638	8457	8595	14369	0.0016315114788485463
2020-04-29	8663	8676	8609	8638	13469	0.005002908667830042
2020-05-04	8516	8672	8462	8595	24676	-0.004978004167631389
2020-05-06	8701	8779	8648	8780	1696	0.021524141942990127
2020-05-07	8779	8906	8774	8907	11967	0.014464692482915709
2020-05-08	8984	9052	8984	9054	56539	0.01650387335803294
2020-05-11	9101	9101	8881	9000	23185	-0.005964214711729587
2020-05-12	9003	9062	8891	9034	744	0.00377777777777788
2020-05-13	8950	9082	8930	9077	10583	0.00475979632499457
2020-05-14	9052	9179	9047	9151	15782	0.008152473284124717
2020-05-15	9277	9292	9174	9253	28086	0.01114632280625072
2020-05-18	9305	9330	9218	9238	31817	-0.0016210958608019466
2020-05-19	9248	9248	9126	9175	10661	-0.006819657934617918
2020-05-20	9189	9345	9189	9307	32454	0.014386920980926421
2020-05-21	9379	9453	9345	9399	28402	0.009885032771032476
2020-05-22	9453	9453	9198	9292	18535	-0.011384189807426282
2020-05-25	9350	9471	9292	9468	21020	0.01894102453723634
2020-05-26	9516	9516	9423	9507	41770	0.004119138149556445
2020-05-27	9471	9545	9404	9463	42384	-0.004628168717786929
2020-05-28	9463	9463	9091	9263	54573	-0.021134946634259744
2020-05-29	9302	9423	9267	9424	28015	0.017380978084853727
2020-06-01	9501	9647	9501	9624	28754	0.021222410865874286
2020-06-02	9623	9706	9599	9678	1459	0.005610972568578454
2020-06-03	9735	9745	9545	9585	4064	-0.009609423434593922
2020-06-04	9681	9701	9604	9668	10748	0.008659363588941149
2020-06-05	9672	9745	9604	9746	8442	0.008067852709971124
2020-06-08	9770	9828	9677	9751	6340	0.000513030987071561
2020-06-09	9760	9813	9686	9810	7538	0.00605066147061839
2020-06-10	9857	9921	9818	9892	650	0.008358817533129503
2020-06-11	9887	9979	9770	9877	7042	-0.0015163768701981217
2020-06-12	9458	9775	9458	9736	2437	-0.014275589753973916
2020-06-15	9642	9657	9154	9156	14126	-0.05957271980279377
2020-06-16	9404	9632	9404	9585	8284	0.0468545216251639
2020-06-17	9594	9784	9516	9663	887	0.008137715179968641
2020-06-18	9765	9828	9711	9756	521	0.009624340266997766
2020-06-19	9779	9798	9657	9760	7288	0.00041000410004099486
2020-06-22	9784	9847	9755	9829	6432	0.00706967213114762
2020-06-23	9936	9959	9706	9863	6275	0.0034591514904873666
2020-06-24	9964	10033	9896	9971	228	0.010950015208354369
2020-06-25	9852	9940	9803	9819	877	-0.015244208203791021
2020-06-26	9936	9936	9775	9882	505	0.006416131989000817
2020-06-29	9882	9911	9755	9795	1052	-0.008803885853066129
2020-06-30	9964	10033	9892	9956	10836	0.016436957631444704
2020-07-01	9979	9979	9779	9795	87763	-0.01617115307352346
2020-07-02	9867	9954	9857	9956	1723	0.016436957631444704
2020-07-03	9989	10125	9974	10122	1397	0.016673362796303826
2020-07-06	10160	10321	10140	10293	2879	0.016893894487255423
2020-07-07	10374	10374	10243	10268	427	-0.0024288351306713807
2020-07-08	10257	10316	10257	10283	579	0.0014608492403584972
2020-07-09	10335	10447	10335	10424	999	0.013711951765049024
2020-07-10	10516	10598	10511	10585	799	0.015445126630851957
2020-07-13	10687	10745	10628	10746	1789	0.015210203117619336
2020-07-14	10687	10749	10638	10707	1956	-0.003629257398101604
2020-07-15	10706	10716	10608	10692	5486	-0.0014009526478004908
2020-07-16	10692	10692	10442	10521	1381	-0.015993265993266004
2020-07-17	10598	10682	10560	10653	799	0.01254633589962939
2020-07-20	10682	10779	10642	10731	2929	0.007321881160236465
2020-07-21	10828	10910	10828	10863	9662	0.01230081073525291
2020-07-22	10862	10999	10853	10999	1496	0.012519561815336422
2020-07-23	10999	11189	10999	11150	7073	0.013728520774615838
2020-07-24	11096	11189	11004	11029	31529	-0.010852017937219682
2020-07-27	11047	11194	11047	11150	10072	0.010971076253513568
2020-07-28	11218	11291	11165	11258	43675	0.009686098654708486
2020-07-29	11252	11277	11179	11258	6950	0.0
2020-07-30	11433	11433	11296	11311	1605	0.0047077633682715
2020-07-31	11316	11326	11252	11258	3182	-0.004685704181769945
2020-08-03	11277	11472	11257	11472	3632	0.019008704920945085
2020-08-04	11520	11584	11443	11561	57976	0.007758019525802018
2020-08-05	11676	11857	11676	11834	3160	0.023613874232332854
2020-08-06	11935	12028	11901	12014	40885	0.015210410681088415
2020-08-07	12091	12149	11993	12087	5533	0.006076244381554963
2020-08-10	12086	12086	11984	12063	43853	-0.0019856043683296187
2020-08-11	12062	12067	11857	11863	27850	-0.016579623642543284
2020-08-12	11852	11901	11608	11668	5062	-0.016437663322936835
2020-08-13	11818	11867	11604	11629	1063	-0.003342475145697632
2020-08-14	11691	11701	11447	11507	4471	-0.010491013844698638
2020-08-18	11564	11564	11062	11131	6239	-0.032675762579299605
2020-08-19	11218	11472	11218	11472	5816	0.03063516305812586
2020-08-20	11472	11472	11052	11068	1427	-0.03521617852161785
2020-08-21	11101	11291	10974	11121	4867	0.004788579689193995
2020-08-24	11242	11438	11086	11429	2139	0.027695351137487556
2020-08-25	11501	11676	11501	11633	4078	0.017849330650100637
2020-08-26	11633	11711	11569	11673	1715	0.0034384939396543412
2020-08-27	11842	11842	11579	11604	6879	-0.005911076843998941
2020-08-28	11638	11676	11506	11541	2003	-0.00542916235780766
2020-08-31	11784	11784	11497	11653	4650	0.009704531669699312
2020-09-01	11643	11648	11530	11619	11977	-0.002917703595640586
2020-09-02	11706	11735	11604	11737	3023	0.010155779326964431
2020-09-03	11837	11872	11804	11844	4166	0.009116469285166628
2020-09-04	11408	11686	11408	11687	766	-0.013255656872678157
2020-09-07	11784	11784	11643	11643	2308	-0.0037648669461795015
2020-09-08	11774	11862	11691	11727	3208	0.0072146354032465165
2020-09-09	11574	11613	11530	11531	1037	-0.016713566982177852
2020-09-10	11633	11701	11608	11702	4175	0.014829589801404808
2020-09-11	11691	11691	11550	11658	1139	-0.0037600410186292565
2020-09-14	11613	11730	11613	11732	200	0.0063475724824155755
2020-09-15	11774	11872	11769	11834	2274	0.008694169792021755
2020-09-16	11832	11847	11696	11707	427	-0.010731789758323451
2020-09-17	11691	11691	11520	11561	2011	-0.012471171094217137
2020-09-18	11559	11671	11472	11668	1741	0.009255254735749396
2020-09-21	11658	11681	11452	11517	1038	-0.012941378128213943
2020-09-22	11457	11457	11135	11150	24086	-0.031865937310063375
2020-09-23	11121	11306	11106	11224	943	0.006636771300448485
2020-09-24	11004	11042	10628	10682	23664	-0.04828937990021387
2020-09-25	10759	10823	10618	10687	34320	0.000468077139112566
2020-09-28	10789	10955	10789	10956	14268	0.025170768223074846
2020-09-29	10989	11086	10984	11088	327	0.012048192771084265
2020-10-05	11042	11223	11042	11204	34155	0.010461760461760505
2020-10-06	11277	11296	11203	11258	92	0.004819707247411653
2020-10-07	11237	11291	11223	11287	171	0.0025759459939598273
2020-10-08	11326	11340	11296	11297	595	0.0008859750155045809
2020-10-12	11374	11374	11291	11321	609	0.002124457820660286
2020-10-13	11345	11384	11198	11268	846	-0.004681565232753315
2020-10-14	11237	11237	11125	11126	1472	-0.012602058927937532
2020-10-15	11033	11033	10711	10843	418	-0.02543591587273053
2020-10-16	10843	10843	10569	10687	42184	-0.014387162224476668
2020-10-19	10682	10725	10516	10521	1368	-0.015532890427622292
2020-10-20	10486	10565	10276	10521	26726	0.0
2020-10-21	10560	10618	10506	10595	637	0.007033551943731675
2020-10-22	10579	10579	10350	10360	24518	-0.022180273714016097
2020-10-23	10316	10442	10306	10360	26041	0.0
2020-10-26	10311	10311	9916	9980	121538	-0.03667953667953672
2020-10-27	9979	10145	9906	10010	796	0.0030060120240480437
2020-10-28	10189	10335	10125	10336	26	0.03256743256743255
2020-10-29	10194	10486	10160	10488	2072	0.014705882352941124
2020-10-30	10472	10472	10120	10194	4396	-0.02803203661327236
2020-11-02	10248	10296	10228	10297	2106	0.010103982734942063
2020-11-03	10389	10560	10389	10561	12483	0.02563853549577555
2020-11-04	10623	10711	10555	10692	163	0.012404128396932057
2020-11-05	10920	10984	10886	10980	737	0.026936026936027035
2020-11-06	10984	11004	10828	10868	1795	-0.010200364298724951
2020-11-09	11009	11071	11004	11034	608	0.015274199484725859
2020-11-10	10862	10872	10769	10795	45152	-0.021660322639115437
2020-11-11	10823	10823	10682	10707	44964	-0.008151922186197313
2020-11-12	10808	10808	10652	10702	55418	-0.0004669842159334969
2020-11-13	10667	10833	10584	10833	30991	0.01224070267239763
2020-11-16	10853	10974	10853	10902	21525	0.006369426751592355
2020-11-17	10862	10867	10784	10814	24568	-0.00807191341038338
2020-11-18	10920	10989	10920	10970	189	0.014425744405400343
2020-11-19	10910	11101	10910	11097	3490	0.011577028258887845
2020-11-20	11160	11232	11130	11229	439	0.01189510678561767
2020-11-23	11232	11237	11165	11180	66730	-0.004363701131000042
2020-11-24	11223	11223	11076	11093	52773	-0.007781753130590374
2020-11-25	11091	11091	10818	10897	704	-0.01766880014423511
2020-11-26	10906	11014	10906	11009	599	0.010278058181150795
2020-11-27	11023	11086	11023	11078	816	0.006267599236987831
2020-11-30	11067	11116	10999	11073	2938	-0.0004513450081241599
2020-12-01	11101	11111	11004	11083	20013	0.0009030976248531886
2020-12-02	11247	11247	11106	11170	2384	0.00784986014616984
2020-12-03	11198	11232	11165	11214	1449	0.003939122649955218
2020-12-04	11155	11223	11155	11224	189	0.0008917424647760797
2020-12-07	11296	11379	11232	11380	847	0.013898788310762633
2020-12-08	11492	11492	11165	11165	359	-0.018892794376098365
2020-12-09	11165	11262	11165	11224	2266	0.005284370801612148
2020-12-10	11213	11301	11213	11278	2985	0.00481111903064857
2020-12-11	11326	11384	11326	11346	941	0.006029437843589225
2020-12-14	11418	11520	11374	11477	2051	0.01154591926670201
2020-12-15	11467	11472	11418	11472	247	-0.0004356539165286666
2020-12-16	11530	11574	11467	11576	3420	0.009065550906555142
2020-12-17	11574	11648	11506	11566	2752	-0.000863856254319284
2020-12-18	11633	11725	11579	11658	3027	0.007954348953830293
2020-12-21	11715	11965	11715	11955	2034	0.02547606793618118
2020-12-22	11965	11965	11589	11614	2164	-0.028523630280217427
2020-12-23	11706	11706	11408	11448	1632	-0.014293094541071083
2020-12-24	11447	11672	11447	11604	566	0.013626834381551323
2020-12-28	11618	11745	11608	11609	721	0.0004308859014132693
2020-12-29	11955	12037	11901	12039	8763	0.03704022740976831
2020-12-30	12136	12282	12136	12238	9552	0.0165296120940277
2021-01-04	12287	12461	12218	12448	42277	0.017159666612191593
2021-01-05	12448	12453	12267	12438	268	-0.0008033419023135702
2021-01-06	12520	12555	12310	12317	940	-0.009728252130567605
2021-01-07	12282	12364	12243	12297	2441	-0.0016237720224080432
2021-01-08	12359	12359	12213	12277	6658	-0.0016264129462471022
2021-01-11	12267	12340	11881	12146	13310	-0.010670359208275637
2021-01-12	12096	12247	12008	12131	1873	-0.0012349744771941173
2021-01-13	12218	12282	12189	12228	637	0.00799604319512004
2021-01-14	12325	12374	12282	12346	825	0.009649983644095528
2021-01-15	12569	12569	12179	12180	4458	-0.013445650413089205
2021-01-18	12052	12243	11998	12000	276	-0.014778325123152691
2021-01-19	11998	12223	11984	12151	24	0.01258333333333339
2021-01-20	12354	12471	12315	12473	3925	0.02649987655337016
2021-01-21	12476	12491	12394	12448	523	-0.002004329351399048
2021-01-22	12506	12594	12501	12550	1083	0.00819408740359906
2021-01-25	12540	12798	12540	12721	356	0.013625498007968195
2021-01-26	12783	12783	12560	12560	3445	-0.012656237717160623
2021-01-27	12565	12622	12501	12522	624	-0.003025477707006341
2021-01-28	12320	12364	12179	12195	2702	-0.0261140392908481
2021-01-29	12179	12247	11701	11722	588	-0.03878638786387867
2021-02-01	11809	12223	11809	12224	1052	0.0428254564067565
2021-02-02	12184	12350	12111	12195	267	-0.0023723821989528604
2021-02-03	12243	12282	12149	12282	1067	0.0071340713407133105
2021-02-04	12277	12277	12072	12156	2203	-0.010258915486077158
2021-02-05	12136	12136	12052	12116	625	-0.0032905561039815456
2021-02-08	12159	12203	12096	12097	190	-0.0015681743149554839
2021-02-09	12149	12218	12101	12112	202	0.0012399768537654232
2021-02-10	12052	12101	11921	12102	86	-0.0008256274768824179
2021-02-15	12169	12340	12116	12341	1725	0.01974880185093375
2021-02-16	12272	12310	12208	12224	1790	-0.009480593144801874
2021-02-17	12116	12238	12062	12161	1450	-0.0051537958115183136
2021-02-18	12213	12213	12047	12059	1606	-0.008387468135844123
2021-02-19	11921	12116	11774	12059	2175	0.0
2021-02-22	12111	12111	11901	11902	24	-0.013019321668463424
2021-02-23	11715	11740	11559	11594	373	-0.025878003696857665
2021-02-24	11569	11676	11252	11287	2009	-0.026479213386234268
2021-02-25	11428	11633	11428	11633	1180	0.030654735536457922
2021-02-26	11223	11374	11223	11370	3864	-0.02260809765322791
2021-03-02	11686	11686	11369	11546	973	0.015479331574318467
2021-03-03	11545	11584	11477	11585	1540	0.003377793175125543
2021-03-04	11413	11457	11306	11453	1345	-0.011394044022442817
2021-03-05	11179	11379	11175	11341	511	-0.009779097179778207
2021-03-08	11340	11364	11042	11043	929	-0.026276342474208625
2021-03-09	10818	10964	10677	10912	560	-0.011862718464185407
2021-03-10	11081	11081	10857	10897	161	-0.001374633431085015
2021-03-11	10974	11165	10974	11126	1156	0.021014958245388682
2021-03-12	11282	11364	11267	11351	1083	0.020222901312241692
2021-03-15	11374	11447	11336	11395	957	0.00387631045722836
2021-03-16	11511	11648	11492	11643	812	0.021763931548924864
2021-03-17	11676	11720	11574	11697	3329	0.0046379799020870305
2021-03-18	11818	11818	11681	11697	283	0.0
2021-03-19	11658	11794	11648	11760	1405	0.0053859964093356805
2021-03-22	11711	11828	11711	11829	1078	0.005867346938775553
2021-03-23	11847	11852	11594	11594	593	-0.019866429960267107
2021-03-24	11540	11711	11540	11673	141	0.0068138692427117675
2021-03-25	11579	11667	11559	11619	1066	-0.004626060138781751
2021-03-26	11608	11653	11550	11629	1383	0.0008606592649968992
2021-03-29	11648	11696	11574	11599	1654	-0.0025797575027947106
2021-03-30	11676	11676	11638	11658	1332	0.005086645400465661
2021-03-31	11658	11658	11638	11638	7	-0.001715560130382543
2021-04-01	11648	11774	11648	11760	35737	0.010482900842069043
2021-04-02	11814	11842	11740	11775	297	0.0012755102040815647
2021-04-05	11818	11901	11804	11853	469	0.006624203821655961
2021-04-06	11896	11916	11832	11863	640	0.0008436682696364439
2021-04-07	11832	11857	11804	11858	549	-0.0004214785467420157
2021-04-08	11921	12047	11921	12000	161	0.01197503794906396
2021-04-09	12086	12198	12082	12166	1421	0.013833333333333364
2021-04-12	12223	12282	12223	12277	1446	0.00912378760480026
2021-04-13	12297	12369	12292	12317	206	0.003258124949091723
2021-04-14	12384	12418	12320	12419	1761	0.008281237314281098
2021-04-15	12525	12550	12379	12468	3143	0.003945567275948081
2021-04-16	12466	12609	12433	12604	1179	0.01090792428617271
2021-04-19	12716	12877	12716	12849	566	0.019438273563948005
2021-04-20	12847	12882	12808	12877	1044	0.002179157911121443
2021-04-21	12944	12944	12637	12701	1889	-0.013667779762366994
2021-04-22	12765	12857	12760	12790	1127	0.007007322258089976
2021-04-23	12803	12896	12706	12877	666	0.006802189210320497
2021-04-26	13008	13008	12877	12936	1127	0.004581812533975382
2021-04-27	12974	12974	12916	12921	582	-0.001159554730983281
2021-04-28	13013	13013	12565	12619	1269	-0.0233728039625416
2021-04-29	12653	12653	12422	12447	1719	-0.013630240114113623
2021-04-30	12437	12491	12250	12379	1677	-0.00546316381457379
2021-05-03	12388	12476	12157	12192	2840	-0.015106228289845758
2021-05-04	12059	12206	11912	12172	444	-0.0016404199475065218
2021-05-06	12142	12349	12098	12344	948	0.014130791981597168
2021-05-07	12457	12496	12457	12462	1399	0.009559300064808873
2021-05-10	12511	12614	12506	12604	229	0.011394639704702225
2021-05-11	12432	12432	12300	12403	5368	-0.015947318311647085
2021-05-12	12324	12344	12123	12241	182	-0.013061356123518553
2021-05-13	12079	12128	11872	11902	540	-0.027693815864716975
2021-05-14	11936	12084	11936	12040	2166	0.011594689968072558
2021-05-17	12054	12054	11853	11917	2293	-0.010215946843853851
2021-05-18	12054	12108	12030	12059	418	0.011915750608374687
2021-05-20	12103	12147	12059	12148	2965	0.007380379799319936
2021-05-21	12241	12250	12064	12099	2150	-0.0040335857754363325
2021-05-24	12069	12069	11892	11893	413	-0.017026200512439083
2021-05-25	11995	12030	11971	12025	1795	0.011098965778188807
2021-05-26	12034	12054	11985	12015	344	-0.0008316008316008316
2021-05-27	12020	12088	11922	12089	217	0.006158967956720662
2021-05-28	12182	12226	12167	12202	4941	0.009347340557531725
2021-05-31	12201	12201	12044	12069	4918	-0.010899852483199468
2021-06-01	12108	12196	12079	12197	5973	0.01060568398376005
2021-06-02	12206	12319	12206	12320	3968	0.010084446995162644
2021-06-03	12319	12407	12319	12383	555	0.005113636363636376
2021-06-04	12314	12383	12290	12359	299	-0.0019381409997577537
2021-06-07	12403	12412	12349	12403	444	0.0035601585888827003
2021-06-08	12329	12373	12295	12295	816	-0.008707570749012294
2021-06-09	12206	12206	12162	12167	29	-0.010410736071573834
2021-06-10	12177	12221	12167	12187	159	0.0016437905810799958
2021-06-11	12250	12265	12231	12251	8	0.005251497497333224
2021-06-14	12280	12290	12255	12275	91	0.001959023753163036
2021-06-15	12260	12300	12231	12261	887	-0.0011405295315681796
2021-06-16	12314	12412	12314	12398	22644	0.011173639996737705
2021-06-17	12437	12515	12437	12501	845	0.008307791579287072
2021-06-18	12545	12609	12545	12609	1057	0.008639308855291628
2021-06-21	12442	12476	12368	12408	5425	-0.015940994527718244
2021-06-22	12555	12609	12515	12609	109	0.016199226305609216
2021-06-23	12614	12673	12589	12624	1230	0.0011896264572923698
2021-06-24	12658	12677	12623	12634	918	0.0007921419518377437
2021-06-25	12682	12731	12682	12693	324	0.004669938261833151
2021-06-28	12687	12717	12673	12712	1560	0.0014968880485306535
2021-06-29	12722	12722	12673	12717	122	0.00039332913782264
2021-06-30	12776	12776	12722	12752	2101	0.002752221435873281
2021-07-01	12717	12756	12658	12732	9789	-0.0015683814303638632
2021-07-02	12741	12741	12697	12702	1452	-0.0023562676720075837
2021-07-05	12722	12785	12687	12771	1874	0.005432215399149731
2021-07-06	12820	12844	12776	12781	139	0.0007830240388380094
2021-07-07	12731	12761	12702	12712	199	-0.005398638604178108
2021-07-08	12599	12599	12579	12580	26	-0.010383889238514743
2021-07-09	12407	12481	12280	12482	583	-0.007790143084260737
2021-07-12	12560	12623	12560	12585	779	0.008251882711103997
2021-07-13	12609	12692	12609	12683	2342	0.00778704807310282
2021-07-14	12668	12790	12623	12776	2595	0.0073326500039423426
2021-07-15	12898	13006	12898	12948	2242	0.013462742642454506
2021-07-16	12992	13046	12918	13031	1059	0.0064102564102563875
2021-07-19	13011	13060	12938	13061	394	0.002302202440334522
2021-07-20	13036	13041	12893	13017	123	-0.0033688079013858285
2021-07-21	13208	13208	13100	13169	564	0.011677037719904693
2021-07-22	13262	13281	13208	13218	313	0.0037208595945021905
2021-07-23	13335	13473	13291	13473	18186	0.01929187471629601
2021-07-26	13487	13635	13443	13503	1166	0.0022266755733688637
2021-07-27	13502	13571	13404	13468	2115	-0.0025920165889061764
2021-07-28	13355	13468	13237	13360	4686	-0.008019008019008012
2021-07-29	13399	13487	13389	13483	1855	0.00920658682634734
2021-07-30	13517	13522	13291	13311	2911	-0.012756804865385996
2021-08-02	13404	13404	13212	13336	22547	0.0018781458943730733
2021-08-03	13320	13335	13242	13296	4085	-0.0029994001199760145
2021-08-04	13350	13473	13350	13434	1136	0.01037906137184108
2021-08-05	13433	13522	13419	13507	6840	0.005433973500074352
2021-08-06	13477	13482	13453	13453	129	-0.003997927000814361
2021-08-09	13453	13536	13394	13522	642	0.005128967516539129
2021-08-10	13522	13522	13345	13370	189	-0.011240940689247192
2021-08-11	13325	13414	13286	13331	248	-0.0029169783096484325
2021-08-12	13330	13546	13330	13503	418	0.012902257895131664
2021-08-13	13502	13502	13119	13277	1881	-0.01673702140265121
2021-08-17	12972	13114	12933	12968	1973	-0.02327332981848307
2021-08-18	12967	12967	12967	12968	9	0.0
2021-08-19	12952	12952	12599	12599	1051	-0.028454657618753876
2021-08-20	12599	12722	12349	12374	1794	-0.017858560203190765
2021-08-23	12447	12594	12442	12506	1015	0.010667528689187078
2021-08-24	12663	12928	12663	12874	1696	0.02942587557972165
2021-08-25	13006	13060	12938	13026	1220	0.011806742271244453
2021-08-26	13026	13046	12913	12953	3372	-0.005604176262858918
2021-08-27	12888	13021	12888	12982	291	0.0022388635837258253
2021-08-30	13046	13046	12957	13017	3512	0.0026960406716993734
2021-08-31	13001	13158	12942	13144	5271	0.009756472305446628
2021-09-01	13247	13271	13173	13257	956	0.008597078514911649
2021-09-02	13247	13301	13217	13242	580	-0.0011314777098890838
2021-09-03	13311	13316	13262	13306	793	0.004833106781452878
2021-09-06	13237	13320	13237	13287	9	-0.0014279272508642693
2021-09-07	13355	13399	13330	13360	361	0.0054940919695942725
2021-09-08	13325	13438	13325	13355	399	-0.00037425149700598404
2021-09-09	13379	13379	13212	13272	595	-0.006214900786222444
2021-09-10	13237	13355	13208	13336	1537	0.004822182037371947
2021-09-13	13335	13340	13198	13262	847	-0.0055488902219555936
2021-09-14	13276	13384	13276	13345	55	0.006258482883426231
2021-09-15	13369	13443	13369	13434	923	0.006669164481079015
2021-09-16	13522	13541	13433	13458	2363	0.001786511835640825
2021-09-17	13389	13517	13384	13517	1364	0.0043840095110714294
2021-09-23	13384	13438	13365	13390	961	-0.009395575941407164
2021-09-24	13448	13448	13301	13336	179	-0.004032860343540001
2021-09-27	13296	13330	13227	13262	706	-0.0055488902219555936
2021-09-28	13149	13149	12977	12977	1206	-0.021489971346704828
2021-09-29	12682	12864	12643	12860	3324	-0.00901595129845112
2021-09-30	12825	12854	12771	12810	4348	-0.0038880248833592645
2021-10-01	12766	12766	12461	12472	869	-0.026385636221701758
2021-10-05	12295	12437	12133	12364	16562	-0.008659397049390671
2021-10-06	12373	12373	11877	11893	3055	-0.03809446780977033
2021-10-07	12074	12172	11922	12163	423	0.022702430000840934
2021-10-08	12250	12309	12147	12207	1609	0.0036175285702539917
2021-10-12	12142	12231	12142	12158	2052	-0.004014090276071136
2021-10-13	12353	12442	12344	12442	111	0.023359105115972945
2021-10-14	12623	12638	12550	12619	397	0.01422600868027657
2021-10-15	12731	12844	12697	12830	1332	0.01672081781440693
2021-10-18	12879	12918	12849	12850	517	0.001558846453624252
2021-10-19	12933	12962	12884	12963	160	0.00879377431906625
2021-10-20	12903	12913	12815	12830	2823	-0.010259970685798092
2021-10-21	12859	12859	12727	12752	508	-0.006079501169134804
2021-10-22	12722	12790	12668	12712	413	-0.0031367628607277265
2021-10-25	12589	12800	12589	12791	2634	0.006214600377596025
2021-10-26	12903	12903	12830	12884	109	0.007270737237119906
2021-10-27	12795	12800	12756	12776	672	-0.008382489909965818
2021-10-28	12854	12893	12741	12742	1703	-0.0026612398246712576
2021-10-29	12785	12785	12628	12629	152	-0.008868309527546692
2021-11-01	12604	12604	12491	12496	2504	-0.010531316810515445
2021-11-02	12638	12638	12574	12575	188	0.006322023047375058
2021-11-03	12594	12628	12506	12511	749	-0.005089463220675938
2021-11-04	12653	12731	12628	12678	1031	0.013348253536887622
2021-11-05	12658	12658	12589	12629	2307	-0.0038649629279066122
2021-11-08	12731	12800	12668	12776	320	0.011639876474780264
2021-11-09	12874	12874	12790	12835	226	0.004618033813400091
2021-11-10	12722	12722	12452	12496	220	-0.026412154265679777
2021-11-11	12496	12584	12461	12575	771	0.006322023047375058
2021-11-12	12903	12933	12864	12884	769	0.024572564612326042
2021-11-15	12938	13021	12923	12997	2667	0.008770568146538427
2021-11-16	12952	12952	12849	12894	1208	-0.007924905747480171
2021-11-17	12884	12913	12839	12845	1211	-0.003800217155266017
2021-11-18	12844	13006	12751	12968	2937	0.009575710393149084
2021-11-19	12928	13016	12928	12943	8268	-0.0019278223318939247
2021-11-22	12977	12977	12766	12899	265	-0.003399520976589687
2021-11-23	12859	12859	12771	12771	172	-0.009923249864330574
2021-11-24	12712	12839	12653	12820	1266	0.0038368177903060907
2021-11-25	12820	12820	12707	12707	862	-0.008814352574103013
2021-11-26	12702	12756	12491	12511	2173	-0.015424569135122357
2021-11-29	12133	12407	12133	12315	564	-0.0156662137319159
2021-11-30	12442	12442	11946	11947	6916	-0.029882257409662993
2021-12-01	11946	12265	11823	12231	3085	0.023771658156859443
2021-12-02	12211	12290	12098	12285	6048	0.004415011037527616
2021-12-03	12344	12609	12344	12580	1303	0.024013024013024076
2021-12-06	12560	12766	12461	12732	4420	0.012082670906200299
2021-12-07	12795	12928	12795	12923	14073	0.015001570845114776
2021-12-08	13011	13075	12869	12889	1343	-0.0026309680414764447
2021-12-09	12903	12977	12903	12928	10785	0.003025835984172609
2021-12-10	12874	12903	12830	12874	523	-0.00417698019801982
2021-12-13	12957	12957	12844	12845	3811	-0.0022526021438558086
2021-12-14	12717	12746	12574	12702	3491	-0.011132736473335902
2021-12-15	12677	12717	12628	12683	222	-0.0014958274287514284
2021-12-16	12874	12879	12790	12791	20	0.008515335488449072
2021-12-17	12746	12771	12677	12756	142	-0.0027362989602064403
2021-12-20	12663	12736	12614	12624	1133	-0.010348071495766664
2021-12-21	12555	12702	12506	12702	277	0.0061787072243346675
2021-12-22	12727	12727	12677	12678	267	-0.0018894662257912254
2021-12-23	12771	12830	12771	12815	1004	0.010806120839249145
2021-12-24	12849	12849	12800	12801	1705	-0.0010924697619976165
2021-12-27	12800	12820	12781	12815	215	0.0010936645574564086
2021-12-28	12785	12957	12785	12958	21	0.011158798283261717
2021-12-29	13006	13109	13001	13031	356	0.005633585429850374
2021-12-30	13011	13144	13011	13105	1619	0.00567876601949191
2022-01-03	13262	13262	13016	13115	66371	0.0007630675314764801
2022-01-04	13119	13173	13006	13071	64990	-0.003354937094929511
2022-01-05	12982	12982	12800	12850	1057	-0.01690765817458495
2022-01-06	12687	12692	12461	12462	1419	-0.030194552529182905
2022-01-07	12628	12776	12604	12727	228950	0.021264644519338738
2022-01-10	12560	12628	12525	12590	474	-0.010764516382493872
2022-01-11	12506	12506	12329	12383	451	-0.016441620333598084
2022-01-12	12574	12638	12550	12639	558	0.020673503997415743
2022-01-13	12658	12658	12535	12536	156	-0.00814937890655909
2022-01-14	12481	12520	12432	12482	2843	-0.004307594128908798
2022-01-17	12520	12520	12393	12413	83	-0.005527960262778353
2022-01-18	12545	12550	12368	12393	42	-0.0016112140497864802
2022-01-19	12270	12304	12138	12172	317	-0.017832647462277085
2022-01-20	12334	12540	12334	12541	632	0.03031547814656599
2022-01-21	12265	12304	12049	12221	151	-0.025516306514631992
2022-01-24	11956	12000	11882	11956	359	-0.02168398658047621
2022-01-25	11765	11843	11632	11736	3157	-0.01840080294412849
2022-01-26	11676	11676	11347	11348	28074	-0.03306066802999319
2022-01-27	11382	11382	11053	11078	1509	-0.023792738808600666
2022-01-28	11274	11470	10960	11431	2144	0.03186495757356922
2022-02-03	11642	11642	11411	11412	3102	-0.001662146793806274
2022-02-04	11411	11632	11411	11632	555	0.019277953031896278
2022-02-07	11632	11637	11583	11623	111	-0.0007737276478679833
2022-02-08	11622	11701	11401	11515	838	-0.009291921190742514
2022-02-09	11549	11676	11549	11677	7	0.014068606165870579
2022-02-10	11691	11691	11549	11554	746	-0.010533527447118218
2022-02-11	11524	11524	11391	11485	3198	-0.005971957763545088
2022-02-14	11323	11323	11102	11102	3367	-0.03334784501523724
2022-02-15	11087	11087	10999	10999	4	-0.009277607638263352
2022-02-16	11230	11323	11190	11323	19344	0.029457223383944076
2022-02-17	11480	11573	11225	11402	607	0.006976949571668278
2022-02-18	11342	11593	11342	11554	641	0.013330994562357423
2022-02-21	11298	11465	11298	11456	4231	-0.008481911026484323
2022-02-22	11421	11421	11303	11304	130	-0.013268156424581012
2022-02-23	11455	11495	11396	11485	43	0.016012031139419625
2022-02-24	11475	11490	11293	11353	375	-0.011493252067914628
2022-02-25	11490	11558	11490	11559	24	0.018144983704747597
2022-02-28	11598	11711	11588	11642	35509	0.0071805519508607585
2022-03-02	11661	11902	11661	11824	5927	0.01563305274007898
2022-03-03	11985	12123	11985	12123	3031	0.025287550744248932
2022-03-04	12118	12118	12010	12094	538	-0.0023921471582941667
2022-03-07	11892	11912	11765	11765	4480	-0.02720357201918311
2022-03-08	11671	11814	11657	11657	215	-0.009179770505737372
2022-03-10	11887	11887	11789	11794	362	0.011752595007291866
2022-03-11	11931	11951	11868	11952	458	0.013396642360522293
2022-03-14	11946	11946	11706	11706	9339	-0.02058232931726911
2022-03-15	11696	11711	11603	11647	368	-0.005040150350247741
2022-03-16	11838	11868	11779	11868	1127	0.01897484330728938
2022-03-17	12088	12098	12039	12064	1307	0.01651499831479608
2022-03-18	12142	12231	12142	12231	1050	0.013842838196286511
2022-03-21	12231	12246	12157	12158	104	-0.005968440847028078
2022-03-22	12255	12295	12255	12295	766	0.011268300707353074
2022-03-23	12447	12447	12368	12408	291	0.009190727938186205
2022-03-24	12457	12638	12457	12639	582	0.018617021276595702
2022-03-25	12653	12663	12594	12619	1203	-0.0015824036711765688
2022-03-28	12584	12633	12525	12526	2084	-0.007369839131468381
2022-03-29	12594	12594	12525	12580	1939	0.004311033051253466
2022-03-30	12589	12604	12511	12521	15955	-0.004689984101748812
2022-03-31	12555	12687	12555	12634	8469	0.009024838271703528
2022-04-01	12633	12648	12594	12609	1946	-0.0019787873990818605
2022-04-04	12677	12677	12614	12644	6423	0.0027757950670155296
2022-04-05	12727	12766	12722	12766	598	0.009648845302119513
2022-04-06	12628	12677	12579	12658	313	-0.008459971800093946
2022-04-07	12565	12584	12491	12560	1343	-0.007742139358508426
2022-04-08	12584	12638	12555	12634	653	0.005891719745222845
2022-04-11	12741	12746	12569	12599	2547	-0.0027703023587145603
2022-04-12	12461	12506	12403	12433	1287	-0.013175648861020739
2022-04-13	12511	12550	12511	12550	7	0.00941043995817581
2022-04-14	12614	12717	12614	12648	547	0.007808764940238966
2022-04-15	12604	12677	12604	12678	86	0.0023719165085389626
2022-04-18	12663	12663	12540	12585	85	-0.0073355418835778785
2022-04-19	12653	12712	12653	12698	857	0.008978943186332966
2022-04-20	12800	12820	12731	12732	736	0.002677587021578276
2022-04-21	12834	12834	12795	12825	196	0.007304429783223432
2022-04-22	12638	12766	12638	12766	161	-0.004600389863547716
2022-04-25	12623	12623	12422	12462	1194	-0.023813253955820124
2022-04-26	12496	12520	12466	12482	13134	0.001604878831648282
2022-04-27	12216	12339	12201	12300	9769	-0.014580996635154664
2022-04-28	12425	12425	12295	12295	36	-0.00040650406504061376
2022-04-29	12380	12410	12330	12385	46860	0.0073200488003253295
2022-05-02	12200	12395	12200	12350	40787	-0.0028259991925716488
2022-05-03	12545	12560	12510	12515	11	0.013360323886639769
2022-05-04	12610	12610	12485	12485	3084	-0.002397123451857719
2022-05-06	12360	12410	12245	12310	1097	-0.014016820184221013
2022-05-09	11960	12000	11910	11920	580	-0.03168155970755482
2022-05-10	11595	11755	11565	11750	2340	-0.014261744966442946
2022-05-11	11965	11965	11860	11875	6320	0.010638297872340496
2022-05-12	11680	11800	11485	11495	1520	-0.03200000000000003
2022-05-13	11630	11835	11630	11835	7069	0.02957807742496743
2022-05-16	11895	11920	11815	11890	1001	0.004647232784114941
2022-05-17	11995	12015	11995	12015	3	0.010513036164844447
2022-05-18	12055	12090	12020	12055	125	0.0033291718684977933
2022-05-19	11930	12000	11920	11965	14080	-0.0074657818332641845
2022-05-20	12015	12070	12015	12070	2	0.008775595486836707
2022-05-23	12035	12090	12020	12085	212	0.0012427506213752437
2022-05-24	11985	11985	11925	11925	2	-0.01323955316508063
2022-05-25	11815	12075	11815	12030	810	0.008805031446540879
2022-05-26	12030	12090	11950	11950	101	-0.006650041562759723
2022-05-27	12170	12170	12030	12055	920	0.008786610878661172
2022-05-30	12170	12180	12150	12160	5292	0.008710078805474808
2022-05-31	12205	12225	12205	12225	3	0.005345394736842035
2022-06-02	12175	12180	12100	12150	1224	-0.006134969325153339
2022-06-03	12150	12160	12040	12050	3909	-0.008230452674897082
2022-06-07	12005	12050	11915	11925	793	-0.010373443983402453
2022-06-08	11985	11990	11900	11935	200	0.0008385744234800097
2022-06-09	11810	11880	11770	11865	2766	-0.0058651026392961825
2022-06-10	11785	11785	11705	11755	886	-0.009270965023177369
2022-06-13	11380	11420	11295	11295	753	-0.039132284134410944
2022-06-14	11100	11180	10915	11165	699	-0.01150951748561313
2022-06-15	10995	10995	10900	10900	2	-0.023734885803851302
2022-06-16	11180	11180	10930	10930	20336	0.0027522935779815683
2022-06-17	10680	10865	10680	10865	440	-0.005946935041171053
2022-06-20	10670	10670	10455	10525	1138	-0.031293143120110445
2022-06-21	10500	10610	10500	10610	89	0.008076009501187587
2022-06-22	10735	10735	10165	10165	333	-0.04194156456173426
2022-06-23	10110	10125	9755	9755	112	-0.040334481062469285
2022-06-24	10115	10170	10060	10160	151	0.04151717068170169
2022-06-27	10215	10465	10215	10415	823	0.02509842519685046
2022-06-28	10440	10440	10440	10440	0	0.002400384061449934
2022-06-29	10275	10345	10225	10320	1252	-0.011494252873563204
2022-06-30	10315	10315	10020	10020	751	-0.029069767441860517
2022-07-01	10030	10085	9745	9835	17273	-0.018463073852295397
2022-07-04	9850	9850	9560	9650	527	-0.01881037112353834
2022-07-05	9935	9970	9860	9970	685	0.033160621761658016
2022-07-06	9940	9990	9800	9800	407	-0.017051153460381108
2022-07-07	9930	9955	9850	9935	1635	0.013775510204081742
2022-07-08	10100	10150	10065	10095	4622	0.01610468042274782
2022-07-11	10145	10145	10105	10125	6	0.002971768202080227
2022-07-12	9945	9970	9765	9825	909	-0.029629629629629672
2022-07-13	9825	9965	9820	9960	601	0.013740458015267132
2022-07-14	9960	9960	9960	9960	0	0.0
