Date	Open	High	Low	Close	Volume	Change
2016-12-15	8290	8319	8280	8323	1524	
2016-12-16	8339	8369	8339	8358	132	0.00420521446593769
2016-12-19	8319	8319	8319	8323	100	-0.0041876046901172526
2016-12-20	8319	8319	8171	8174	6	-0.017902198726420737
2016-12-21	8146	8146	8116	8120	17	-0.006606312698801076
2016-12-22	8043	8043	8018	8020	2	-0.012315270935960632
2016-12-23	7983	8083	7983	8085	101	0.008104738154613544
2016-12-26	8111	8111	8111	8115	0	0.0037105751391466324
2016-12-27	8131	8131	8126	8134	10096	0.002341343191620382
2016-12-28	8275	8458	8275	8463	11111	0.040447504302925985
2016-12-29	8458	8458	8458	8463	0	0.0
2017-01-02	8483	8488	8423	8428	113	-0.0041356492969396585
2017-01-03	8418	8418	8384	8403	308	-0.002966302800189835
2017-01-04	8488	8533	8483	8537	25	0.015946685707485475
2017-01-05	8617	8647	8617	8650	1315	0.01323649994143139
2017-01-06	8617	8622	8617	8626	524	-0.002774566473988438
2017-01-09	8682	8682	8622	8626	42	0.0
2017-01-10	8543	8543	8468	8473	53	-0.017737073962439176
2017-01-11	8458	8458	8458	8463	0	-0.0011802195208309163
2017-01-12	8379	8379	8379	8383	1	-0.009452912678719172
2017-01-13	8433	8433	8433	8438	5	0.006560897053560888
2017-01-16	8403	8403	8403	8408	2	-0.003555344868452215
2017-01-17	8324	8324	8324	8328	0	-0.009514747859181716
2017-01-18	8324	8324	8324	8328	0	0.0
2017-01-19	8290	8290	8290	8293	1	-0.004202689721421682
2017-01-20	8216	8216	8216	8219	0	-0.008923188231038215
2017-01-23	8146	8146	8116	8120	5	-0.012045260980654615
2017-01-24	8043	8043	8018	8020	51	-0.012315270935960632
2017-01-25	8018	8018	7939	7941	20173	-0.009850374064837908
2017-01-26	7964	7964	7964	7965	0	0.003022289384208454
2017-01-31	8003	8008	8003	8010	20164	0.005649717514124353
2017-02-01	8073	8156	8073	8159	217	0.01860174781523094
2017-02-02	8211	8211	8126	8129	10090	-0.0036769211913224575
2017-02-03	8121	8126	8092	8095	20263	-0.004182556279985206
2017-02-06	8191	8201	8191	8204	20167	0.013465101914762245
2017-02-07	8211	8211	8211	8214	2	0.0012189176011700997
2017-02-08	8206	8206	8206	8209	7	-0.0006087168249330199
2017-02-09	8097	8097	8097	8100	0	-0.013278109392130588
2017-02-10	8097	8097	8097	8100	0	0.0
2017-02-13	8121	8121	8121	8124	1	0.002962962962963056
2017-02-14	8097	8097	8097	8100	7	-0.002954209748892156
2017-02-15	8097	8221	8097	8214	51	0.014074074074074128
2017-02-16	8255	8255	8206	8209	35	-0.0006087168249330199
2017-02-17	8216	8216	8206	8209	100	0.0
2017-02-20	8201	8221	8141	8144	10135	-0.007918138628334792
2017-02-21	8191	8196	8181	8184	130	0.004911591355599265
2017-02-22	8146	8146	8121	8124	205	-0.007331378299120228
2017-02-23	8116	8116	8116	8120	70	-0.000492368291482026
2017-02-24	8097	8097	8088	8090	66	-0.003694581280788145
2017-02-27	8088	8088	8088	8090	7	0.0
2017-02-28	8092	8092	8092	8095	1	0.0006180469715697523
2017-03-02	8048	8048	8048	8050	0	-0.005558987029030238
2017-03-03	8003	8003	7894	7911	10184	-0.017267080745341667
2017-03-06	7884	7884	7884	7886	1	-0.003160156743774456
2017-03-07	7884	7884	7884	7886	1	0.0
2017-03-08	7874	7874	7849	7851	104	-0.004438244991123552
2017-03-09	7899	7899	7834	7836	61	-0.0019105846388994818
2017-03-10	7794	7794	7794	7797	100	-0.004977029096477792
2017-03-13	7899	7899	7899	7901	4	0.013338463511606946
2017-03-14	7854	7854	7854	7856	20	-0.00569548158460953
2017-03-15	7824	7824	7730	7742	94	-0.014511201629327952
2017-03-16	7745	7750	7715	7747	41	0.0006458279514336418
2017-03-17	7710	7745	7695	7699	25	-0.006195946818123188
2017-03-20	7655	7655	7576	7580	16	-0.015456552799064771
2017-03-21	7616	7616	7616	7620	7	0.005277044854881341
2017-03-22	7621	7621	7621	7625	0	0.0006561679790026975
2017-03-23	7675	7675	7596	7600	97	-0.003278688524590123
2017-03-24	7631	7631	7596	7600	4	0.0
2017-03-27	7655	7660	7655	7664	10081	0.008421052631578885
2017-03-28	7670	7680	7670	7684	4	0.0026096033402922547
2017-03-29	7755	7755	7755	7757	2	0.009500260281103623
2017-03-30	7790	7790	7790	7792	0	0.004512053628980217
2017-03-31	7854	7894	7849	7896	42	0.013347022587268942
2017-04-03	7919	8033	7919	8035	153	0.017603850050658565
2017-04-04	8116	8121	8116	8124	13	0.01107654013690107
2017-04-05	8121	8121	8088	8090	23	-0.004185130477597276
2017-04-06	8083	8083	8083	8085	16	-0.0006180469715698633
2017-04-07	8181	8226	8181	8224	264	0.017192331478045775
2017-04-10	8156	8156	8018	8020	11	-0.024805447470817144
2017-04-11	8013	8116	8013	8015	4688	-0.0006234413965087171
2017-04-12	8038	8038	8028	8030	32	0.0018714909544603753
2017-04-13	8097	8097	8097	8100	3	0.008717310087173136
2017-04-14	8078	8078	8063	8065	30	-0.004320987654320985
2017-04-17	8126	8181	8126	8184	120	0.01475511469311841
2017-04-18	8235	8260	8235	8263	18	0.009652981427175078
2017-04-19	8270	8270	8255	8268	1019	0.0006051071039574474
2017-04-20	8255	8299	8255	8298	3027	0.0036284470246734646
2017-04-21	8295	8295	8245	8283	342	-0.0018076644974692746
2017-04-24	8211	8211	8121	8124	28	-0.019195943498732326
2017-04-25	8206	8216	8176	8219	52	0.01169374692269809
2017-04-26	8231	8231	8231	8234	34	0.0018250395425234434
2017-04-27	8196	8196	8196	8199	504	-0.004250667962108379
2017-04-28	8216	8216	8216	8219	19	0.002439321868520583
2017-05-02	8211	8211	8211	8214	10	-0.0006083465141745181
2017-05-04	8246	8271	8246	8273	10	0.007182858534209968
2017-05-08	8549	8549	8504	8546	29	0.03299891212377615
2017-05-10	8608	8608	8559	8561	10077	0.0017552071144395498
2017-05-11	8539	8564	8539	8561	392	0.0
2017-05-12	8484	8494	8484	8498	5617	-0.007358953393295176
2017-05-15	8499	8539	8499	8503	39	0.000588373734996539
2017-05-16	8399	8399	8399	8403	0	-0.01176055509820062
2017-05-17	8385	8385	8375	8378	18	-0.0029751279305010314
2017-05-18	8261	8261	8221	8224	7	-0.018381475292432614
2017-05-19	8246	8291	8246	8268	1034	0.005350194552529164
2017-05-22	8335	8335	8276	8278	2	0.0012094823415578215
2017-05-23	8296	8296	8296	8298	2	0.002416042522348283
2017-05-24	8414	8414	8404	8408	5	0.013256206314774754
2017-05-25	8370	8370	8370	8373	51	-0.004162702188391987
2017-05-26	8380	8394	8380	8398	2	0.002985787650782168
2017-05-29	8434	8434	8434	8438	1	0.004763038818766274
2017-05-30	8429	8439	8385	8443	181	0.0005925574780754062
2017-05-31	8549	8584	8544	8586	919	0.016937107663152817
2017-06-01	8633	8633	8633	8636	116	0.005823433496389363
2017-06-02	8643	8678	8643	8681	117	0.005210745715608978
2017-06-05	8772	8837	8772	8841	390	0.01843105632991593
2017-06-07	8837	8837	8752	8771	3061	-0.007917656373713333
2017-06-08	8867	8892	8852	8870	305	0.011287196442822944
2017-06-09	8862	8926	8862	8909	1785	0.0043968432919954115
2017-06-12	8882	8882	8747	8751	414	-0.01773487484566172
2017-06-13	8812	8902	8782	8904	189	0.017483716146726058
2017-06-14	9035	9080	9035	9064	241	0.017969451931716174
2017-06-15	9085	9085	8971	8974	107	-0.009929390997352128
2017-06-16	8961	8961	8961	8964	31	-0.0011143302874971894
2017-06-19	9045	9175	9045	9177	382	0.02376171352074974
2017-06-20	9250	9275	9200	9202	36	0.002724201808870008
2017-06-21	9160	9175	9115	9118	461	-0.009128450336883254
2017-06-22	9115	9125	9115	9128	10068	0.001096731739416601
2017-06-23	9095	9095	9060	9064	571	-0.007011393514461006
2017-06-26	9015	9020	9010	9014	243	-0.00551632833186233
2017-06-27	9085	9160	9085	9113	380	0.010982915464832432
2017-06-28	8971	8971	8946	8949	65	-0.017996269066169246
2017-06-29	8961	8971	8946	8974	206	0.002793608224382682
2017-06-30	9015	9070	9005	9044	20153	0.007800312012480548
2017-07-03	9100	9100	9100	9103	15	0.006523662096417526
2017-07-04	9055	9055	9005	9009	404	-0.010326266066132073
2017-07-05	9055	9055	8956	8979	949	-0.0033300033300033283
2017-07-06	9060	9110	9060	9113	19	0.014923710880944352
2017-07-07	9135	9165	9135	9167	113	0.005925600790080088
2017-07-10	9165	9165	9105	9108	904	-0.006436129595287499
2017-07-11	9055	9055	8946	9019	238	-0.009771629336846721
2017-07-12	8976	8976	8847	8850	1314	-0.018738219314779925
2017-07-13	8857	8857	8717	8721	248	-0.01457627118644067
2017-07-14	8847	8847	8772	8776	26	0.006306616213736849
2017-07-17	8971	8976	8936	8939	37	0.018573381950774737
2017-07-18	9010	9010	8961	8964	14	0.0027967334153709
2017-07-19	9000	9040	9000	9044	64	0.008924587237840287
2017-07-20	9130	9225	9130	9227	40	0.02023440955329492
2017-07-21	9225	9225	9155	9157	207	-0.0075864311260431805
2017-07-24	9185	9235	9160	9162	152	0.0005460303592879079
2017-07-25	9160	9160	9090	9093	22	-0.007531106745252147
2017-07-26	9145	9170	9145	9172	505	0.008688001759595387
2017-07-27	9230	9260	9230	9242	547	0.007631923244657557
2017-07-28	9090	9090	9035	9039	332	-0.021964942653105335
2017-07-31	8941	8941	8907	8909	1044	-0.014382121916141188
2017-08-01	8966	8981	8956	8959	181	0.0056123021663485595
2017-08-02	8971	8971	8971	8974	22	0.001674294006027477
2017-08-03	8990	8990	8747	8756	20	-0.024292400267439285
2017-08-04	8817	8817	8628	8641	669	-0.013133851073549585
2017-08-07	8732	8912	8732	8870	59	0.026501562319175997
2017-08-08	8857	8872	8857	8875	4	0.0005636978579481866
2017-08-09	8817	8817	8732	8766	21	-0.012281690140845125
2017-08-10	8767	8797	8752	8801	13	0.003992699064567562
2017-08-11	8688	8688	8529	8571	13	-0.026133393932507687
2017-08-14	8623	8623	8564	8621	20	0.005833625014584065
2017-08-16	8732	8732	8732	8736	8	0.013339519777288089
2017-08-17	8971	8995	8971	8999	117	0.03010531135531136
2017-08-18	8912	8981	8912	8979	14	-0.002222469163240315
2017-08-21	8956	8956	8956	8959	1	-0.002227419534469366
2017-08-22	8956	8956	8931	8959	90	0.0
2017-08-23	8951	8951	8887	8919	650	-0.004464784016073198
2017-08-24	8921	8921	8921	8924	2	0.0005606009642336041
2017-08-25	9020	9020	9020	9024	401	0.01120573733751673
2017-08-28	9165	9235	9165	9237	125	0.023603723404255428
2017-08-29	9265	9265	9225	9232	49	-0.0005413012882971024
2017-08-30	9329	9329	9265	9267	312	0.003791161178509528
2017-08-31	9235	9235	9205	9207	37	-0.0064745872450631126
2017-09-01	9404	9434	9404	9410	223832	0.022048441403280217
2017-09-04	9100	9299	9100	9282	1921	-0.013602550478214681
2017-09-05	9369	9369	9220	9222	1895	-0.006464124111182912
2017-09-06	9294	9394	9285	9395	939	0.018759488180438044
2017-09-07	9479	9533	9479	9524	5518	0.013730707823310206
2017-09-08	9483	9493	9459	9494	1081	-0.0031499370012599837
2017-09-11	9681	9696	9538	9539	6078	0.004739835685696248
2017-09-12	9656	9656	9518	9539	302462	0.0
2017-09-13	9493	9538	9454	9539	242361	0.0
2017-09-14	9513	9716	9513	9719	1037	0.01886990250550369
2017-09-15	9706	9964	9706	9948	2405	0.023562094865726912
2017-09-18	10069	10069	9999	10013	2811	0.006533976678729347
2017-09-19	10049	10119	9994	10120	1989	0.010686108059522637
2017-09-20	10174	10273	10169	10169	2964	0.004841897233201609
2017-09-21	10164	10208	9964	9993	3375	-0.01730750319598784
2017-09-22	9870	9909	9780	9808	1104	-0.018512959071349977
2017-09-25	9830	9909	9696	9873	540	0.006627243066884114
2017-09-26	9840	9939	9825	9878	389	0.0005064316823659709
2017-09-27	9850	9944	9845	9903	1049	0.0025308766956873008
2017-09-28	9899	9899	9810	9813	185	-0.009088155104513773
2017-09-29	9770	9795	9711	9798	512	-0.001528584530724575
2017-10-10	9865	9865	9865	9868	22	0.007144315166360382
2017-10-11	9929	10004	9929	9963	1339	0.009627077421969998
2017-10-12	10029	10064	9949	10066	565	0.010338251530663367
2017-10-13	10169	10393	10099	10134	4102	0.006755414265845472
2017-10-16	10278	10278	10104	10164	251	0.002960331557134488
2017-10-17	10273	10703	10273	10667	1125	0.04948839039748121
2017-10-18	10847	11012	10733	10757	2026	0.008437236336364506
2017-10-19	10852	10852	10478	10543	1309	-0.01989402249697869
2017-10-20	10531	10664	10531	10667	114	0.011761358247178277
2017-10-23	10738	10797	10738	10742	195	0.007031030280303829
2017-10-24	10792	11022	10792	11019	1406	0.025786631912120717
2017-10-25	10972	11032	10917	10985	1039	-0.003085579453670939
2017-10-26	10957	10957	10723	10727	2135	-0.023486572598998667
2017-10-27	10728	10992	10718	10985	1348	0.02405145893539662
2017-10-30	11022	11027	10957	11029	47	0.004005461993627613
2017-10-31	11027	11116	10997	11109	1473	0.007253604134554337
2017-11-01	11166	11181	11131	11134	1153	0.0022504275812404995
2017-11-02	11261	11306	11091	11179	1027	0.004041674151248342
2017-11-03	11321	11473	11321	11477	2632	0.026657124966454893
2017-11-06	11588	11588	11186	11532	3683	0.0047921930818157765
2017-11-07	11493	11493	11221	11317	6658	-0.018643773846687473
2017-11-08	11306	11528	11241	11532	2275	0.01899796765927375
2017-11-09	11608	11623	11473	11497	4391	-0.0030350329517863095
2017-11-10	11459	11608	11459	11611	4203	0.009915630164390787
2017-11-13	11683	12284	11683	12286	9915	0.05813452760313487
2017-11-14	12422	12881	12313	12882	35530	0.04851049975581967
2017-11-15	12940	13614	12826	13398	143035	0.0400558919422449
2017-11-16	13589	13729	13004	13608	85504	0.01567398119122254
2017-11-17	13534	13534	13277	13488	22479	-0.00881834215167554
2017-11-20	13494	14116	13430	14119	17788	0.04678232502965596
2017-11-21	14156	14647	14057	14218	139900	0.007011828033146816
2017-11-22	14325	14334	13405	13408	95932	-0.05697003798002531
2017-11-23	13212	14111	12965	14114	45871	0.05265513126491639
2017-11-24	14027	14116	13539	13543	18201	-0.040456284540172915
2017-11-27	13306	13739	13306	13593	13208	0.003691944177804052
2017-11-28	13689	13744	12910	12911	250424	-0.0501728831015964
2017-11-29	13048	13202	12811	13140	13960	0.01773681356982415
2017-11-30	13217	13385	13038	13120	2795	-0.0015220700152207556
2017-12-01	13375	13714	13375	13651	14313	0.040472560975609806
2017-12-04	13569	13734	13470	13623	10351	-0.0020511317852172084
2017-12-05	13609	13614	12950	12981	9316	-0.047126183659986776
2017-12-06	13029	13242	12656	12857	8419	-0.009552422771743285
2017-12-07	12920	12920	12358	12499	30358	-0.027844753830598146
2017-12-08	12497	12606	12323	12351	20266	-0.01184094727578211
2017-12-11	12408	12636	12393	12638	8010	0.023236984859525522
2017-12-12	12776	12826	12512	12653	790	0.001186896660864134
2017-12-13	12686	12930	12686	12867	1853	0.0169129850628309
2017-12-14	12950	12955	12472	12618	20159	-0.019351830263464653
2017-12-15	12527	12736	12413	12633	10902	0.001188777936281582
2017-12-18	12716	12716	12427	12445	6560	-0.014881659146679382
2017-12-19	12403	12482	12010	12484	12586	0.003133788670148574
2017-12-20	12383	12512	12234	12236	18167	-0.019865427747516873
2017-12-21	12120	12298	12055	12057	12533	-0.01462896371363187
2017-12-22	12115	12711	12055	12713	2673	0.054408227585634794
2017-12-26	12846	13242	12791	12807	61534	0.007394006135451825
2017-12-27	13301	13744	13282	13746	69635	0.07331927851955955
2017-12-28	13842	14077	13744	14079	29202	0.02422522915757308
2018-01-02	14146	14543	14052	14512	17061	0.030755025214858955
2018-01-03	14548	14856	14498	14755	30044	0.0167447629547961
2018-01-04	14796	14906	14151	14292	85538	-0.03137919349373097
2018-01-05	14196	14911	14196	14912	11199	0.04338091239854469
2018-01-08	15235	15561	15100	15564	28065	0.04372317596566533
2018-01-09	15630	15690	15255	15345	33767	-0.014070932922128021
2018-01-10	15461	15690	14866	15295	19758	-0.003258390355164509
2018-01-11	15265	16133	15195	16134	38315	0.05485452762340626
2018-01-12	16574	17999	16305	17291	147628	0.07171191273087896
2018-01-15	17493	18287	16997	18255	89152	0.055751547047597105
2018-01-16	18253	18572	17578	18196	129504	-0.0032319912352779534
2018-01-17	18213	18342	17369	17396	60502	-0.04396570674873601
2018-01-18	17314	17757	17195	17579	109106	0.010519659691883287
2018-01-19	17752	17752	16509	16725	138807	-0.048580692872177034
2018-01-22	16480	16738	16033	16533	86301	-0.011479820627802728
2018-01-23	16753	17259	16693	17262	130427	0.0440936309199782
2018-01-24	17558	17692	17190	17262	82056	0.0
2018-01-25	17224	17319	16872	17233	10807	-0.001679990731085601
2018-01-26	17081	17498	16982	17455	5383	0.012882260778738441
2018-01-29	17329	18124	17329	17987	159267	0.030478372959037436
2018-01-30	18149	18342	17850	17937	26436	-0.002779785400567114
2018-01-31	17583	17831	17448	17683	26482	-0.014160673468250007
2018-02-01	17687	17732	16917	16920	177077	-0.0431487869705367
2018-02-02	17007	17076	16524	16954	182790	0.0020094562647754444
2018-02-05	16395	16584	15889	15946	218360	-0.05945499587118086
2018-02-06	15125	16158	15100	16114	298089	0.010535557506584636
2018-02-07	16509	16509	15095	15096	181268	-0.06317487898721608
2018-02-08	15210	16187	14741	16049	208293	0.06312930577636466
2018-02-09	15378	15860	15368	15549	214837	-0.03115458907097013
2018-02-12	15740	15880	15516	15519	240211	-0.0019293845263360643
2018-02-13	15760	15795	14995	14996	253673	-0.03370062504027327
2018-02-14	15145	15456	15045	15459	240975	0.030874899973326153
2018-02-19	15665	16480	15665	16483	197307	0.06623973090109314
2018-02-20	16524	16594	15988	16104	189472	-0.02299338712612997
2018-02-21	16168	16425	16043	16299	418736	0.012108792846497796
2018-02-22	16153	16236	15988	16184	203259	-0.007055647585741509
2018-02-23	16365	16574	16300	16423	218246	0.01476767177459215
2018-02-26	16608	16763	16425	16568	214936	0.008829081166656483
2018-02-27	16748	16827	16569	16573	206134	0.00030178657653312513
2018-02-28	16138	16315	15934	16104	204923	-0.028299040608218196
2018-03-02	15870	16285	15840	16269	250112	0.010245901639344357
2018-03-05	16345	16345	16083	16089	84987	-0.011063986723215957
2018-03-06	16320	16385	16133	16388	143516	0.018584125800236162
2018-03-07	16143	16365	15650	15664	90715	-0.04417866731754938
2018-03-08	15948	16088	15875	16084	116483	0.026813074565883666
2018-03-09	16088	16335	16043	16114	189389	0.001865207659786039
2018-03-12	16320	16623	16187	16573	20230	0.02848454759836172
2018-03-13	16633	16703	16460	16686	9773	0.006818318952513058
2018-03-14	16470	16728	16455	16686	5224	0.0
2018-03-15	16768	17017	16658	16740	22576	0.003236245954692629
2018-03-16	16872	16962	16787	16840	9565	0.005973715651135025
2018-03-19	16817	16932	16598	16603	8856	-0.014073634204275542
2018-03-20	16464	17184	16464	17188	18645	0.03523459615732105
2018-03-21	17264	17548	17185	17203	16181	0.0008727018850360757
2018-03-22	17359	17418	16509	16632	19381	-0.03319188513631344
2018-03-23	15919	16250	15240	15245	33336	-0.08339345839345835
2018-03-26	15285	15855	15090	15856	23907	0.040078714332568044
2018-03-27	16113	16113	15775	15777	11708	-0.0049823410696266945
2018-03-28	15625	15700	15383	15659	17118	-0.007479241934461589
2018-03-29	15735	16202	15725	16204	6852	0.03480426591736374
2018-03-30	16370	16440	16202	16289	4292	0.0052456183658355915
2018-04-02	16285	16325	16108	16109	6158	-0.011050402111854596
2018-04-03	15785	16216	15785	16219	2664	0.006828480973368967
2018-04-04	16345	16534	16178	16338	5290	0.007337073802330618
2018-04-05	16484	16703	16280	16388	14344	0.003060350104051812
2018-04-06	16315	16455	16187	16299	11965	-0.0054308030266048135
2018-04-09	16275	16603	16245	16608	7816	0.01895821829560096
2018-04-10	16693	16753	16549	16622	12389	0.0008429672447014536
2018-04-11	16797	16797	16564	16613	10059	-0.0005414510889183433
2018-04-12	16673	16733	16103	16104	4489	-0.030638656473845782
2018-04-13	16123	16285	15815	16259	4331	0.009624937903626396
2018-04-16	16315	16385	16192	16194	8782	-0.00399778584168764
2018-04-17	16231	16231	16058	16074	6021	-0.007410151908114115
2018-04-18	16211	16285	15894	15911	3992	-0.01014059972626602
2018-04-19	15740	15760	15318	15365	131988	-0.03431588209414871
2018-04-20	15411	15581	15080	15415	4270	0.0032541490400259665
2018-04-23	15165	15255	14706	14795	12440	-0.04022056438533894
2018-04-24	14731	15000	14533	14537	5948	-0.01743832375802634
2018-04-25	14403	14746	14315	14705	21442	0.01155671734195507
2018-04-26	14956	15050	14821	14987	6876	0.019177150629037687
2018-04-27	15111	15231	15006	15231	6215	0.01628077667311678
2018-04-30	15226	15226	14696	14832	5805	-0.02619657277920029
2018-05-02	14417	14986	14283	14634	18075	-0.013349514563106846
2018-05-03	14676	14721	14357	14360	4187	-0.018723520568538987
2018-05-04	14352	14402	13789	13792	143571	-0.0395543175487465
2018-05-08	13799	14184	13042	13044	7404	-0.05423433874709982
2018-05-09	13018	13914	13013	13916	63089	0.0668506593069611
2018-05-10	13909	13909	13655	13822	70274	-0.006754814601897086
2018-05-11	13794	14243	13794	14041	79110	0.015844306178556034
2018-05-14	13974	13999	13550	13553	104044	-0.03475535930489282
2018-05-15	13799	13954	13620	13837	108573	0.020954770161587755
2018-05-16	13964	14194	13789	14031	93523	0.014020380140203903
2018-05-17	14144	14144	13829	14016	103800	-0.0010690613641223257
2018-05-18	14064	14233	14044	14156	211003	0.009988584474885931
2018-05-21	14179	14332	14129	14195	91066	0.002755015541113348
2018-05-23	14253	14268	13844	14081	99435	-0.00803099682986963
2018-05-24	14024	14402	14024	14380	103752	0.021234287337547064
2018-05-25	14427	14781	14427	14714	98942	0.023226703755215627
2018-05-28	14457	14726	14387	14644	95565	-0.004757373929590858
2018-05-29	14671	14946	14332	14335	112675	-0.021100792133296964
2018-05-30	14492	14606	14258	14610	89575	0.01918381583536788
2018-05-31	14841	14841	14517	14719	88192	0.007460643394934907
2018-06-01	14641	14911	14641	14897	101581	0.012093212854134006
2018-06-04	14826	14876	14427	14450	105474	-0.030006041484862744
2018-06-05	14587	14636	14298	14355	172825	-0.00657439446366781
2018-06-07	14492	14631	14402	14634	121403	0.019435736677116067
2018-06-08	14631	14636	14492	14515	189800	-0.008131747984146509
2018-06-11	14447	14577	14397	14435	253054	-0.0055115397864278215
2018-06-12	14487	14846	14487	14679	70882	0.016903359889158365
2018-06-14	14701	14806	14616	14619	1219	-0.004087471898630679
2018-06-15	14811	14961	14776	14897	3503	0.0190163485874546
2018-06-18	14996	15071	14308	14425	12611	-0.031684231724508294
2018-06-19	14447	14447	13750	13752	5462	-0.04665511265164646
2018-06-20	13904	14382	13879	14355	9254	0.04384816753926701
2018-06-21	14352	14352	13959	13961	8050	-0.027446882619296398
2018-06-22	13959	14223	13864	14225	7539	0.018909820213451667
2018-06-25	14342	14412	14223	14385	1627	0.011247803163444647
2018-06-26	14149	14422	14074	14420	4896	0.0024330900243310083
2018-06-27	14382	14606	14263	14265	4637	-0.010748959778085987
2018-06-28	14263	14323	14009	14011	796	-0.017805818436733234
2018-06-29	14099	14179	13939	14181	969	0.01213332381700094
2018-07-02	14199	14283	13665	13707	2410	-0.033425005288766685
2018-07-03	13869	13964	13570	13732	3196	0.0018238856058947484
2018-07-04	13814	13984	13660	13832	4981	0.0072822604136324465
2018-07-05	13829	13879	13505	13881	6646	0.003542510121457454
2018-07-06	13879	14228	13700	14230	1237	0.025142280815503293
2018-07-09	14214	14417	14169	14325	2350	0.006676036542515806
2018-07-10	14452	14452	14238	14245	11555	-0.005584642233856907
2018-07-11	14174	14174	13730	13732	9312	-0.036012636012636046
2018-07-12	13779	13889	13700	13871	4418	0.01012234197494899
2018-07-13	13964	14044	13899	14046	617	0.012616249729651807
2018-07-16	14149	14228	14089	14096	475	0.0035597323081304477
2018-07-17	14149	14149	13919	13921	202	-0.012414869466515377
2018-07-18	14084	14094	13760	13772	3735	-0.010703254076574908
2018-07-19	13784	13784	13410	13448	8928	-0.023525994772001124
2018-07-20	13490	13560	13286	13383	8757	-0.004833432480666255
2018-07-23	13385	13385	12429	12432	21881	-0.07106030038108047
2018-07-24	12474	12669	12320	12352	6708	-0.006435006435006385
2018-07-25	12415	12415	11657	11799	19207	-0.044770077720207246
2018-07-26	11861	12156	11727	12157	5998	0.030341554369014423
2018-07-27	12175	12210	12041	12117	2024	-0.0032902854322612862
2018-07-30	12011	12126	11812	12007	7423	-0.009078154658743953
2018-07-31	12006	12380	12006	12382	4133	0.03123178146081451
2018-08-01	12454	12879	12454	12865	10234	0.03900823776449691
2018-08-02	12819	12819	12459	12605	57921	-0.02020987174504474
2018-08-03	12719	12794	12634	12795	5543	0.015073383577945298
2018-08-06	12779	12819	12534	12575	6690	-0.01719421649081676
2018-08-07	12604	12684	12385	12675	2804	0.007952286282306265
2018-08-08	12719	12854	12629	12685	4163	0.0007889546351085297
2018-08-09	12584	12809	12524	12800	6181	0.009065825778478587
2018-08-10	12784	12859	12529	12655	1286	-0.011328125000000022
2018-08-13	12604	12604	12041	12042	3199	-0.0484393520347689
2018-08-14	11986	12200	11986	12202	10550	0.013286829430327218
2018-08-16	11921	12106	11772	12082	6778	-0.009834453368300244
2018-08-17	12156	12559	12156	12501	38478	0.03467968879324612
2018-08-20	12599	12694	12405	12437	50488	-0.005119590432765331
2018-08-21	12529	12983	12529	12964	38849	0.04237356275629178
2018-08-22	13028	13087	12829	12830	10922	-0.010336315951866681
2018-08-23	12914	12954	12744	12944	9936	0.00888542478565868
2018-08-24	13003	13207	12829	13134	20616	0.014678615574783782
2018-08-27	13277	13361	13212	13244	8524	0.008375209380234505
2018-08-28	13420	13460	13122	13124	3402	-0.009060706735125379
2018-08-29	13187	13242	13122	13239	2075	0.008762572386467493
2018-08-30	13252	13331	13147	13314	5763	0.0056650804441422675
2018-08-31	13301	13859	13282	13837	9801	0.039281958840318376
2018-09-03	13809	13934	13750	13861	6727	0.001734480017344886
2018-09-04	13914	14288	13914	14275	8824	0.02986797489358639
2018-09-05	14273	14298	13934	13936	9198	-0.023747810858143592
2018-09-06	13944	14034	13720	13822	11392	-0.008180252583237624
2018-09-07	13730	13924	13655	13812	12436	-0.0007234843003907088
2018-09-10	13789	13864	13720	13722	4704	-0.006516072980017329
2018-09-11	13775	13894	13705	13797	9601	0.0054656755574988836
2018-09-12	13869	14313	13869	14250	27622	0.032833224614046586
2018-09-13	14357	14527	14248	14430	20309	0.012631578947368327
2018-09-14	14462	14736	14342	14704	6392	0.018988218988218897
2018-09-17	14806	14906	14577	14629	19161	-0.00510065288356909
2018-09-18	14601	14836	14562	14813	9161	0.01257775651103965
2018-09-19	14711	14756	14577	14704	3497	-0.007358401404171988
2018-09-20	14696	15261	14482	14619	8316	-0.005780739934711621
2018-09-21	14746	14761	14487	14639	6738	0.0013680826321909034
2018-09-27	14621	14881	14621	14784	6714	0.009905048159027263
2018-09-28	14841	14911	14497	14575	4645	-0.014136904761904767
2018-10-01	14547	14572	14154	14325	6253	-0.01715265866209259
2018-10-02	14303	14382	13610	13613	19182	-0.04970331588132637
2018-10-04	13670	13814	13375	13742	8514	0.00947623595092928
2018-10-05	13560	13715	13202	13254	13836	-0.035511570368214285
2018-10-08	13187	13470	13047	13059	12587	-0.014712539610683528
2018-10-10	13147	13237	12889	12890	20795	-0.012941266559460929
2018-10-11	12574	12684	12345	12357	18532	-0.04134988363072145
2018-10-12	12355	12919	12355	12919	13577	0.04548029456987934
2018-10-15	12899	12899	12355	12367	11375	-0.042727765306912247
2018-10-16	12554	12679	12429	12551	33507	0.014878305166976524
2018-10-17	12799	12809	12400	12580	20989	0.002310572862720184
2018-10-18	12579	12584	12255	12302	4688	-0.022098569157392722
2018-10-19	12195	12599	12061	12575	16469	0.022191513575028354
2018-10-22	12549	12719	12434	12700	1423	0.00994035785288272
2018-10-23	12469	12509	11996	12052	29287	-0.05102362204724409
2018-10-24	12200	12265	11627	11700	12698	-0.029206770660471282
2018-10-25	11418	11642	11179	11575	8784	-0.010683760683760646
2018-10-26	11752	11752	10974	11011	2744	-0.04872570194384451
2018-10-29	11194	11363	10704	10708	14422	-0.027517936608845717
2018-10-30	10819	11039	10541	11001	9478	0.02736271946208446
2018-10-31	11009	11009	10635	10718	16367	-0.025724934096900243
2018-11-01	10909	11124	10714	10858	12070	0.013062138458667771
2018-11-02	11169	11637	11054	11640	24454	0.07202062995026703
2018-11-05	11697	11866	11577	11809	20022	0.01451890034364256
2018-11-06	11971	11971	11542	11764	25730	-0.0038106528918621096
2018-11-07	11822	12011	11582	11675	3433	-0.007565453927235621
2018-11-08	12051	12051	11642	11700	16994	0.0021413276231263545
2018-11-09	11697	11697	11219	11360	14876	-0.029059829059829068
2018-11-12	10929	11044	10719	10723	10612	-0.056073943661971826
2018-11-13	10541	10949	10463	10908	30794	0.017252634523920563
2018-11-14	10724	11329	10719	11006	14506	0.008984231756508976
2018-11-15	10984	11229	10894	11186	27910	0.016354715609667503
2018-11-16	11264	11752	11264	11605	31523	0.0374575362059717
2018-11-19	11747	12106	11647	12107	34286	0.04325721671693228
2018-11-20	12021	12156	11871	11874	45758	-0.019245064838523174
2018-11-21	11672	12021	11477	12022	14806	0.012464207512211445
2018-11-22	12170	12180	11901	11992	15282	-0.002495425054067524
2018-11-23	12031	12175	11797	11799	9166	-0.016094062708472356
2018-11-26	11827	12220	11827	12182	4037	0.03246037799813539
2018-11-27	12380	12380	12066	12177	12357	-0.0004104416351994322
2018-11-28	12185	12240	12036	12067	15863	-0.009033423667569984
2018-11-29	12255	12459	11896	11904	13638	-0.01350791414601804
2018-11-30	11871	11936	11837	11939	5694	0.002940188172043001
2018-12-03	12190	12410	12126	12407	7731	0.03919926291984255
2018-12-04	12405	12494	12280	12342	4503	-0.005238977996292471
2018-12-05	12056	12320	12056	12322	12735	-0.0016204829039053736
2018-12-06	12230	12230	11832	11834	9512	-0.03960396039603964
2018-12-07	11832	12146	11832	12117	15691	0.023914145681933396
2018-12-10	11891	12200	11827	12022	18503	-0.007840224478006141
2018-12-11	12021	12021	11477	11525	13357	-0.041340875062385596
2018-12-12	11652	11951	11642	11953	4634	0.037136659436008745
2018-12-13	11842	11941	11612	11934	29198	-0.0015895591065004933
2018-12-14	11832	11861	11482	11495	1515	-0.03678565443271331
2018-12-17	11393	11517	11094	11420	4891	-0.006524575902566387
2018-12-18	11309	11557	11079	11455	11027	0.0030647985989491477
2018-12-19	11428	11926	11428	11889	3150	0.03788738542121339
2018-12-20	11727	12141	11727	11879	9337	-0.0008411136344520509
2018-12-21	11802	12041	11802	11997	3434	0.00993349608552907
2018-12-24	11837	11971	11837	11899	1205	-0.008168708843877659
2018-12-26	11517	12106	11517	12107	1436	0.017480460542902865
2018-12-27	12330	12340	11876	11967	5016	-0.011563558272074004
2018-12-28	12126	12126	11891	12077	1253	0.009191944514080452
2019-01-02	12126	12205	11842	11854	1566	-0.01846485054235325
2019-01-03	11817	11896	11527	11530	9209	-0.027332545976041844
2019-01-04	11517	11807	11463	11809	7452	0.02419774501300953
2019-01-07	11981	12076	11742	11849	22322	0.0033872470149884926
2019-01-08	11886	11886	11597	11690	9706	-0.013418853911722484
2019-01-09	11697	11777	11547	11725	15724	0.0029940119760478723
2019-01-10	11722	11886	11652	11789	19126	0.005458422174840161
2019-01-11	11871	11871	11712	11774	1442	-0.0012723725506827988
2019-01-14	11662	11662	11527	11565	2217	-0.01775097672838455
2019-01-15	11627	11687	11537	11545	6541	-0.0017293558149589217
2019-01-16	11557	11557	11378	11500	23346	-0.0038977912516240387
2019-01-17	11507	11597	11299	11300	16943	-0.017391304347826098
2019-01-18	11522	11572	11477	11575	6943	0.02433628318584069
2019-01-21	11467	11552	11383	11410	1572	-0.014254859611231074
2019-01-22	11398	11477	11378	11385	3569	-0.002191060473269113
2019-01-23	11363	11403	11269	11270	2008	-0.010101010101010055
2019-01-24	11234	11677	11234	11680	5764	0.03637976929902398
2019-01-25	11687	11772	11607	11754	8869	0.0063356164383561175
2019-01-28	11787	11956	11772	11864	4551	0.009358516249787341
2019-01-29	11707	11861	11677	11864	2761	0.0
2019-01-30	11856	11981	11856	11909	6493	0.0037929871881321464
2019-01-31	11996	12165	11996	12112	8181	0.017045931648333124
2019-02-01	12146	12156	12011	12057	16171	-0.004540951122853354
2019-02-07	12036	12275	12006	12277	6198	0.01824666169030431
2019-02-08	12240	12350	12190	12242	2327	-0.0028508593304553687
2019-02-11	12235	12469	12235	12451	8954	0.01707237379513149
2019-02-12	12529	12529	12200	12212	12191	-0.01919524536181838
2019-02-13	12300	12380	12240	12342	11206	0.010645266950540355
2019-02-14	12340	12370	12200	12252	9948	-0.007292173067574126
2019-02-15	12205	12320	12160	12292	4693	0.00326477309826978
2019-02-18	12345	12554	12345	12397	19740	0.008542141230068356
2019-02-19	12405	12524	12405	12506	2620	0.00879244978623861
2019-02-20	12514	12559	12444	12476	3074	-0.002398848552694677
2019-02-21	12524	12524	12355	12402	8294	-0.005931388265469684
2019-02-22	12340	12410	12210	12237	2041	-0.013304305757135926
2019-02-25	12235	12305	12215	12282	15870	0.0036773719048786013
2019-02-26	12290	12415	12235	12262	6751	-0.0016283992835043337
2019-02-27	12126	12429	12126	12432	4977	0.013863969988582525
2019-02-28	12564	12754	12405	12476	26411	0.0035392535392535507
2019-03-04	12704	13008	12704	13004	40209	0.042321256813081076
2019-03-05	13003	13257	12978	13074	42846	0.005382959089510919
2019-03-06	13272	13272	12789	12934	43754	-0.01070827596756918
2019-03-07	12754	12954	12579	12580	56110	-0.02736972321014386
2019-03-08	12484	12724	12459	12630	21871	0.003974562798092274
2019-03-11	12564	12784	12449	12785	7678	0.012272367379255744
2019-03-12	12794	13192	12794	13134	56962	0.02729761439186551
2019-03-13	13132	13267	12978	13059	23051	-0.0057103700319780515
2019-03-14	13037	13212	12854	12855	4683	-0.015621410521479473
2019-03-15	12859	12864	12539	12645	26642	-0.016336056009334854
2019-03-18	12684	12744	12559	12615	7887	-0.0023724792408066353
2019-03-19	12544	12709	12395	12432	31942	-0.014506539833531562
2019-03-20	12539	12554	12320	12501	13917	0.0055501930501931085
2019-03-21	12479	12479	12250	12272	14610	-0.018318534517238638
2019-03-22	12360	12395	12265	12347	13299	0.0061114732724902865
2019-03-25	12160	12205	12036	12047	17497	-0.02429740017818094
2019-03-26	12116	12240	12116	12207	6231	0.013281314850170256
2019-03-27	12285	12285	11866	11869	11296	-0.027689030883919052
2019-03-28	11832	11921	11677	11695	38902	-0.014660038756424298
2019-03-29	11837	11986	11657	11987	42573	0.024967935014963638
2019-04-01	11861	11956	11752	11953	18862	-0.0028364061066155077
2019-04-02	11976	12026	11921	11992	7217	0.003262779218606182
2019-04-03	11991	12126	11926	12117	5488	0.010423615743829329
2019-04-04	12126	12146	11976	12047	71134	-0.005777007510109788
2019-04-05	12016	12026	11852	11879	41852	-0.013945380592678691
2019-04-08	11886	11991	11866	11919	61278	0.0033672868086538355
2019-04-09	11936	11956	11807	11957	11579	0.0031881869284335895
2019-04-10	11956	12091	11926	12047	18827	0.007526971648406766
2019-04-11	12116	12220	12046	12147	2654	0.008300821781356271
2019-04-12	12141	12156	12091	12117	7968	-0.002469745616201502
2019-04-15	12101	12101	11996	12002	8751	-0.009490798052323224
2019-04-16	12046	12046	11906	12037	11621	0.002916180636560517
2019-04-17	12086	12086	11986	12042	1360	0.00041538589349499055
2019-04-18	12051	12051	11672	11745	8685	-0.024663677130044803
2019-04-19	11792	12101	11792	12102	6781	0.030395913154533938
2019-04-22	12175	12305	12101	12157	8258	0.004544703354817381
2019-04-23	12210	12245	12066	12172	4252	0.0012338570370979962
2019-04-24	12225	12245	11956	12057	3466	-0.009447913243509687
2019-04-25	11946	11956	11822	11884	9127	-0.014348511238284845
2019-04-26	11861	11906	11812	11854	1000	-0.0025244025580613005
2019-04-29	11852	12002	11852	12002	1446	0.012485237050784637
2019-04-30	11867	11942	11772	11919	627	-0.006915514080986451
2019-05-02	11997	11997	11837	11849	926	-0.0058729759207987176
2019-05-03	11842	11857	11767	11849	830	0.0
2019-05-07	11687	11727	11602	11615	10722	-0.0197485019832897
2019-05-08	11592	11592	11448	11450	6091	-0.014205768402927199
2019-05-09	11448	11467	11154	11190	2909	-0.022707423580786035
2019-05-10	11224	11224	10939	11070	3474	-0.01072386058981234
2019-05-13	10939	11009	10774	10777	1673	-0.026467931345980134
2019-05-14	10639	10939	10639	10842	1525	0.006031363088057962
2019-05-15	10924	11094	10794	11085	1544	0.022412838959601444
2019-05-16	11119	11119	10929	10937	892	-0.013351375732972515
2019-05-17	11024	11049	10819	10827	257	-0.010057602633263274
2019-05-20	10739	10834	10492	10497	15965	-0.030479357162648935
2019-05-21	10317	10482	10317	10382	8329	-0.010955511098409088
2019-05-22	10382	10511	10382	10467	1476	0.008187247158543576
2019-05-23	10487	10487	10217	10242	18000	-0.021496130696474602
2019-05-24	10207	10302	10137	10212	10224	-0.0029291154071470205
2019-05-27	10137	10247	10087	10142	5840	-0.006854680767724219
2019-05-28	10207	10452	10202	10452	6956	0.030565963320843936
2019-05-29	10287	10292	9997	10024	7564	-0.040949100650593206
2019-05-30	10022	10067	9867	9954	52500	-0.006983240223463638
2019-05-31	9902	10282	9827	10207	14134	0.02541691782198119
2019-06-03	10097	10277	10097	10277	17304	0.006858038600960015
2019-06-04	10287	10312	10197	10307	309	0.002919139826797812
2019-06-05	10307	10357	10252	10252	252	-0.005336179295624355
2019-06-07	10207	10267	10207	10257	746	0.0004877097151774201
2019-06-10	10287	10287	10242	10287	221	0.002924831822170182
2019-06-11	10297	10472	10297	10422	4409	0.013123359580052396
2019-06-12	10422	10462	10272	10367	1574	-0.005277298023412036
2019-06-13	10332	10367	10332	10352	4088	-0.001446898813542985
2019-06-14	10342	10427	10222	10222	2183	-0.012557959814528563
2019-06-17	10252	10272	10112	10113	140	-0.010663275288593232
2019-06-18	10127	10182	9897	9929	1595	-0.018194403243350088
2019-06-19	10017	10087	9997	10038	15945	0.010977943398126744
2019-06-20	10182	10292	10182	10237	3255	0.019824666268180913
2019-06-21	10217	10217	10107	10147	7873	-0.008791638175246641
2019-06-24	10147	10147	10002	10053	2783	-0.00926382181925689
2019-06-25	10052	10052	9912	9979	661	-0.007360986770118427
2019-06-26	9952	10092	9952	10014	1731	0.00350736546748176
2019-06-27	10037	10037	9424	9539	38882	-0.047433592969842175
2019-06-28	9514	9558	9259	9271	27947	-0.02809518817486112
2019-07-01	9389	9663	9369	9644	4905	0.04023298457555824
2019-07-02	9643	9688	9474	9529	8758	-0.011924512650352548
2019-07-03	9598	9603	9449	9499	1742	-0.0031482841851191434
2019-07-04	9419	9439	9204	9324	18922	-0.018422991893883522
2019-07-05	9334	9613	9309	9614	24324	0.031102531102531028
2019-07-08	9573	9573	9284	9286	3586	-0.034116912835448265
2019-07-09	9244	9289	8890	8897	17954	-0.04189101873788503
2019-07-10	8959	9179	8815	9032	34173	0.015173654040687934
2019-07-11	9084	9109	8915	9047	13975	0.0016607617360495652
2019-07-12	9109	9134	9014	9057	8599	0.001105338786338006
2019-07-15	8964	8974	8850	8862	1976	-0.021530308049022895
2019-07-16	8919	9114	8919	9052	11102	0.02143985556307837
2019-07-17	9089	9089	8969	9017	527	-0.00386654882898807
2019-07-18	8929	8969	8850	8887	3311	-0.014417211933015373
2019-07-19	8910	9174	8910	9176	2914	0.03251941037470463
2019-07-22	9224	9269	9204	9231	5420	0.005993897122929415
2019-07-23	9244	9304	9089	9126	2424	-0.011374715632109234
2019-07-24	9104	9149	9044	9047	5394	-0.008656585579662535
2019-07-25	9084	9084	8929	8962	10094	-0.009395379683873162
2019-07-26	8944	8944	8735	8812	28659	-0.016737335416201704
2019-07-29	8795	8795	8556	8557	7360	-0.028937812074443903
2019-07-30	8586	8720	8526	8537	7201	-0.0023372677340188774
2019-07-31	8521	8556	8151	8508	11834	-0.00339697786107529
2019-08-01	8561	8625	8496	8498	1231	-0.0011753643629525135
2019-08-02	8376	8376	7908	7909	14072	-0.06931042598258419
2019-08-05	7818	7818	6815	6817	10435	-0.1380705525350866
2019-08-06	6985	7180	6566	6782	29773	-0.005134223265365945
2019-08-07	6975	6975	6606	6802	10834	0.0029489826010027365
2019-08-08	6870	7030	6840	7031	36854	0.033666568656277596
2019-08-09	7075	7140	6995	7046	1739	0.002133409187882185
2019-08-12	7045	7100	6985	7071	6934	0.0035481124042009426
2019-08-13	7070	7070	6955	6991	12586	-0.011313816999010018
2019-08-14	7135	7210	7080	7106	25478	0.01644972106994702
2019-08-16	7065	7170	7065	7170	1456	0.009006473402758175
2019-08-19	7270	7280	7150	7280	2806	0.015341701534170138
2019-08-20	7195	7484	7195	7485	1340	0.02815934065934056
2019-08-21	7399	7629	7359	7630	4738	0.019372077488309936
2019-08-22	7653	7698	7529	7590	11680	-0.005242463958060273
2019-08-23	7559	7559	7414	7430	1398	-0.021080368906455815
2019-08-26	7280	7280	6915	6916	5540	-0.06917900403768507
2019-08-27	7145	7145	6955	6981	12763	0.009398496240601517
2019-08-28	7085	7489	6985	7490	13446	0.072912190230626
2019-08-29	7434	7534	7339	7440	15182	-0.006675567423230944
2019-08-30	7534	7609	7504	7565	8059	0.016801075268817245
2019-09-02	7549	7738	7549	7739	2746	0.023000660938532702
2019-09-03	7643	7773	7643	7660	3624	-0.010208037214110344
2019-09-04	7629	7713	7629	7700	10344	0.005221932114882533
2019-09-05	7748	7813	7718	7764	2011	0.00831168831168827
2019-09-06	7778	7778	7678	7704	14937	-0.007727975270479082
2019-09-09	7768	7768	7619	7704	3246	0.0
2019-09-10	7673	7673	7459	7490	3339	-0.02777777777777779
2019-09-11	7549	7753	7549	7714	13924	0.02990654205607468
2019-09-16	7688	8012	7688	8014	4232	0.038890329271454416
2019-09-17	8017	8266	7953	8143	130508	0.01609683054654365
2019-09-18	8196	8196	7982	8034	30665	-0.013385730074910951
2019-09-19	8052	8097	7848	7904	5158	-0.016181229773462813
2019-09-20	7918	7918	7823	7874	5655	-0.003795546558704399
2019-09-23	7873	7873	7708	7754	12120	-0.015240030480060951
2019-09-24	7579	7753	7215	7215	20989	-0.06951250967242717
2019-09-25	7215	7290	6965	6966	25755	-0.03451143451143446
2019-09-26	7135	7270	7070	7175	162933	0.03000287108814237
2019-09-27	7130	7130	7015	7101	10581	-0.010313588850174193
2019-09-30	7155	7155	6965	6981	21581	-0.01689902830587242
2019-10-01	7045	7449	7045	7415	44784	0.06216874373298964
2019-10-02	7304	7389	7210	7215	37455	-0.02697235333782877
2019-10-04	7220	7309	7110	7240	9442	0.0034650034650034467
2019-10-07	7364	7873	7364	7874	45310	0.0875690607734807
2019-10-08	8047	8047	7678	7874	55896	0.0
2019-10-10	7828	7853	7723	7839	6839	-0.004445008890017754
2019-10-11	7838	7883	7653	7680	9213	-0.020283199387676976
2019-10-14	7878	7878	7728	7789	4644	0.014192708333333304
2019-10-15	7624	7888	7624	7854	15640	0.008345102067017551
2019-10-16	7923	7938	7878	7889	13226	0.004456327985739694
2019-10-17	7888	7963	7678	7724	17058	-0.020915198377487676
2019-10-18	7723	7723	7619	7620	19194	-0.013464526152252687
2019-10-21	7703	7793	7693	7749	9630	0.016929133858267775
2019-10-22	7783	8077	7713	8014	22277	0.034197961027229384
2019-10-23	8072	8531	8072	8532	32032	0.06463688545046176
2019-10-24	8531	8596	8087	8408	49360	-0.014533520862634819
2019-10-25	8476	8476	8097	8193	12094	-0.025570884871550903
2019-10-28	8251	8316	8161	8178	8381	-0.0018308311973636027
2019-10-29	8296	8326	8181	8298	4973	0.014673514306676516
2019-10-30	8226	8226	8126	8128	17295	-0.020486864304651742
2019-10-31	8201	8311	8171	8213	18699	0.010457677165354395
2019-11-01	8126	8216	8082	8213	3533	0.0
2019-11-04	8181	8311	8181	8273	5034	0.00730549129428959
2019-11-05	8276	8526	8276	8527	12080	0.03070228454007018
2019-11-06	8561	8625	8451	8488	14306	-0.0045737070481998154
2019-11-07	8486	8531	8361	8408	24963	-0.009425070688030113
2019-11-08	8491	8491	8301	8383	11664	-0.0029733587059942446
2019-11-11	8381	8381	8256	8363	5591	-0.002385780746749333
2019-11-12	8381	8451	8256	8368	6907	0.0005978715771852716
2019-11-13	8416	8416	8121	8193	25272	-0.020913001912045925
2019-11-14	8281	8311	8156	8258	10110	0.007933601855242278
2019-11-15	8201	8411	8201	8413	2105	0.01876967788810857
2019-11-18	8401	8416	8266	8293	516	-0.014263639605372691
2019-11-19	8216	8251	8131	8138	2049	-0.01869046183528278
2019-11-20	7958	8126	7918	7949	10418	-0.02322437945441136
2019-11-21	8097	8097	7658	7685	7433	-0.033211724745251026
2019-11-22	7688	7758	7569	7615	5311	-0.009108653220559537
2019-11-25	7748	7938	7748	7939	8308	0.04254760341431396
2019-11-26	8037	8052	7928	7964	14968	0.003149011210479946
2019-11-27	7928	7972	7888	7959	4627	-0.0006278252134606088
2019-11-28	8092	8092	7798	7799	2162	-0.020103028018595315
2019-11-29	7793	7793	7614	7660	2820	-0.017822797794589063
2019-12-02	7743	7788	7703	7754	1490	0.012271540469973807
2019-12-03	7678	7698	7639	7670	3119	-0.010833118390508156
2019-12-04	7653	7653	7569	7570	2092	-0.013037809647979182
2019-12-05	7584	7643	7369	7415	34597	-0.020475561426684274
2019-12-06	7439	7539	7439	7525	913	0.014834794335805812
2019-12-09	7479	7539	7434	7540	1071	0.001993355481727521
2019-12-10	7529	7549	7494	7540	1333	0.0
2019-12-11	7519	7549	7489	7505	374	-0.004641909814323553
2019-12-12	7554	7713	7539	7709	6514	0.027181878747501775
2019-12-13	7758	7803	7703	7729	2042	0.0025943702166300042
2019-12-16	7634	7778	7634	7690	3775	-0.0050459309095614024
2019-12-17	7718	7933	7688	7934	11755	0.03172951885565678
2019-12-18	7823	7933	7823	7889	11984	-0.005671792286362498
2019-12-19	7853	8002	7853	7919	6956	0.003802763341361315
2019-12-20	7943	8002	7943	7989	468	0.008839499936860618
2019-12-23	8007	8221	8007	8153	7163	0.0205282263111779
2019-12-24	8126	8126	8052	8059	4346	-0.011529498344167832
2019-12-26	8057	8241	8037	8238	3955	0.022211192455639628
2019-12-27	8431	8431	8276	8383	19362	0.017601359553289564
2019-12-30	8481	8546	8441	8547	24004	0.019563402123344842
2020-01-02	8576	8610	8351	8597	21981	0.005850005850005946
2020-01-03	8750	8750	8386	8423	15889	-0.02023961847155986
2020-01-06	8396	8396	8027	8029	10926	-0.046776682892081256
2020-01-07	8027	8396	8027	8358	16521	0.04097646033129898
2020-01-08	8206	8311	7982	8059	38828	-0.035774108638430224
2020-01-09	8416	8416	8226	8343	13801	0.0352401042312942
2020-01-10	8341	8436	8271	8438	5981	0.011386791322066436
2020-01-13	8436	8526	8426	8527	11045	0.010547523109741608
2020-01-14	8531	8591	8386	8418	17958	-0.012782924827020037
2020-01-15	8416	8416	8341	8353	24608	-0.0077215490615347715
2020-01-16	8401	8581	8341	8488	18487	0.016161858015084407
2020-01-17	8685	8685	8401	8443	9511	-0.0053016022620169245
2020-01-20	8451	8461	8336	8353	3855	-0.010659718109676697
2020-01-21	8331	8371	8146	8198	8429	-0.018556207350652443
2020-01-22	8057	8386	8057	8388	5296	0.023176384484020485
2020-01-23	8396	8396	8246	8303	2655	-0.01013352408202195
2020-01-28	7928	8087	7928	8019	16353	-0.03420450439600142
2020-01-29	8102	8231	7997	8193	2440	0.02169846614291049
2020-01-30	8176	8191	7982	8029	1627	-0.020017087757842056
2020-01-31	8067	8206	7918	7944	9102	-0.01058662348984929
2020-02-03	7773	8057	7773	7969	16350	0.0031470292044311066
2020-02-04	8022	8156	7982	8128	12739	0.01995231522148333
2020-02-05	8161	8176	8022	8153	9790	0.00307578740157477
2020-02-06	8176	8376	8166	8353	8815	0.024530847540782608
2020-02-07	8396	8411	8256	8358	27159	0.0005985873338920644
2020-02-10	8326	8496	8276	8473	22178	0.013759272553242496
2020-02-11	8471	8556	8471	8483	7952	0.0011802195208308053
2020-02-12	8461	8496	8381	8478	9998	-0.0005894141223623528
2020-02-13	8600	8625	8416	8522	31238	0.005189903279075203
2020-02-14	8486	8610	8421	8478	26681	-0.005163107251818788
2020-02-17	8461	8615	8461	8517	6264	0.004600141542816738
2020-02-18	8471	8516	8446	8448	2680	-0.00810144417048253
2020-02-19	8486	8486	8346	8448	4549	0.0
2020-02-20	8416	8451	8296	8378	3010	-0.008285984848484862
2020-02-21	8276	8331	8156	8158	2829	-0.026259250417760782
2020-02-24	7972	8067	7808	7824	14363	-0.04094140720764894
2020-02-25	7783	8176	7783	8178	1866	0.04524539877300615
2020-02-26	8141	8306	7997	8308	14826	0.015896307165566226
2020-02-27	8361	8461	8102	8133	8197	-0.021064034665382758
2020-02-28	7977	8206	7948	8044	16253	-0.010943071437353957
2020-03-02	8236	8236	8022	8218	22122	0.021631029338637475
2020-03-03	8396	8396	8226	8228	21068	0.0012168410805548646
2020-03-04	8231	8361	8231	8363	2596	0.016407389402041783
2020-03-05	8396	8556	8396	8552	12592	0.022599545617601358
2020-03-06	8341	8660	8341	8552	2438	0.0
2020-03-09	8446	8620	8396	8418	10385	-0.01566884939195512
2020-03-10	8131	8446	8131	8448	3689	0.0035637918745545782
2020-03-11	8700	8700	7968	7994	15615	-0.053740530303030276
2020-03-12	7948	8007	7629	7704	8971	-0.036277207905929476
2020-03-13	7070	7604	6940	7330	3485	-0.048546209761163084
2020-03-16	7444	7778	7210	7210	5562	-0.016371077762619368
2020-03-17	6750	7624	6750	7625	13186	0.057558945908460446
2020-03-18	7853	7853	7060	7061	14553	-0.07396721311475407
2020-03-19	7245	7359	6312	6408	20020	-0.0924798187225605
2020-03-20	6586	7145	6586	7136	9054	0.11360799001248445
2020-03-23	7065	7230	6760	6986	12835	-0.021020179372197356
2020-03-24	7035	7594	7035	7570	3054	0.08359576295448035
2020-03-25	8062	8067	7579	7729	12808	0.021003963011889004
2020-03-26	7928	8556	7908	8183	29118	0.05873981110104798
2020-03-27	8695	8695	7928	8268	27103	0.01038738848832943
2020-03-30	8316	8675	8191	8677	20413	0.04946782776971448
2020-03-31	8895	9539	8815	9539	63436	0.09934309093004501
2020-04-01	9892	9892	8775	8822	64202	-0.07516511164692319
2020-04-02	8576	9004	8436	8922	31446	0.011335298118340553
2020-04-03	8880	9234	8825	8942	25447	0.00224164985429276
2020-04-06	9209	9339	9079	9226	32826	0.03176023261015426
2020-04-07	9394	9394	9059	9236	9947	0.0010838933448948929
2020-04-08	9289	9289	9074	9116	4106	-0.012992637505413573
2020-04-09	9264	9274	9114	9226	14106	0.012066695919262793
2020-04-10	9274	9319	8915	9141	13492	-0.009213093431606367
2020-04-13	9149	9299	9014	9017	5198	-0.013565255442511748
2020-04-14	9274	9289	9024	9206	10605	0.020960408117999263
2020-04-16	8984	9269	8984	9271	7904	0.007060612643927877
2020-04-17	9269	9394	9199	9256	15626	-0.0016179484413763046
2020-04-20	9464	9464	9239	9261	24764	0.0005401901469317405
2020-04-21	9259	9424	8959	9369	27744	0.011661807580174877
2020-04-22	9034	9424	9034	9419	8186	0.005336748852599049
2020-04-23	9359	9484	9359	9439	4455	0.0021233676611105423
2020-04-24	9449	9563	9374	9404	8506	-0.003708019917364136
2020-04-27	9284	9554	9284	9554	20160	0.01595065929391759
2020-04-28	9569	9649	9384	9394	10846	-0.016746912288046922
2020-04-29	9599	9599	9314	9320	4644	-0.007877368533106277
2020-05-04	9269	9434	9219	9349	12088	0.003111587982832509
2020-05-06	9284	9629	9284	9629	8531	0.02994972724355538
2020-05-07	9624	9704	9584	9659	10836	0.003115588326929153
2020-05-08	9694	9993	9694	9994	6914	0.03468267936639413
2020-05-11	10038	10278	9998	10168	17153	0.01741044626776067
2020-05-12	10223	10308	10133	10293	21293	0.012293469708890559
2020-05-13	10293	10483	10233	10473	11579	0.017487612940833674
2020-05-14	10333	10533	10313	10498	13682	0.002387090613959808
2020-05-15	10572	10701	10433	10553	19303	0.005239093160602115
2020-05-18	10631	10681	10233	10263	35415	-0.027480337344830907
2020-05-19	10338	10338	10063	10233	23229	-0.0029231218941829784
2020-05-20	10163	10373	10163	10373	11366	0.013681227401544094
2020-05-21	10353	10428	10248	10373	8333	0.0
2020-05-22	10483	10483	10293	10393	6960	0.0019280825219318842
2020-05-25	10483	10483	10268	10423	2937	0.0028865582603676554
2020-05-26	10478	10513	10293	10448	14191	0.002398541686654543
2020-05-27	10448	10483	10333	10348	5168	-0.009571209800918856
2020-05-28	10478	10478	10043	10323	6798	-0.0024159257827599534
2020-05-29	10323	10498	10323	10498	9263	0.016952436307275054
2020-06-01	10587	11041	10587	11042	18204	0.05181939417031822
2020-06-02	11041	11236	10911	11237	20868	0.01765984423111755
2020-06-03	11341	11405	10751	10823	22309	-0.036842573640651466
2020-06-04	11211	11211	10936	11142	8700	0.02947426776309703
2020-06-05	11196	11425	11081	11362	18429	0.019745108598097305
2020-06-08	11385	11640	11375	11572	17388	0.018482661503256503
2020-06-09	11530	11650	11380	11652	9715	0.006913238852402248
2020-06-10	11485	11915	11485	11901	12007	0.02136972193614839
2020-06-11	12389	12459	11935	12395	44886	0.04150911688093428
2020-06-12	11395	12169	11395	12035	17612	-0.029043969342476772
2020-06-15	12040	12264	11181	11212	28319	-0.06838388034898213
2020-06-16	11885	12159	11570	12120	19122	0.08098465929361409
2020-06-17	12189	12289	11750	11980	23241	-0.011551155115511524
2020-06-18	11985	12150	11860	11911	6405	-0.0057595993322203665
2020-06-19	11985	12115	11745	11975	9785	0.005373184451347601
2020-06-22	12130	12429	11955	12390	16145	0.034655532359081365
2020-06-23	12539	12549	12329	12430	69757	0.0032284100080710587
2020-06-24	12709	12709	12229	12320	10682	-0.008849557522123908
2020-06-25	12309	12454	12174	12300	6407	-0.0016233766233766378
2020-06-26	12354	12434	12090	12270	11847	-0.0024390243902439046
2020-06-29	12199	12199	11795	11796	11525	-0.03863080684596576
2020-06-30	12030	12030	11575	11732	7553	-0.005425567989148838
2020-07-01	11880	11895	11365	11367	4815	-0.031111489942038828
2020-07-02	11460	11695	11450	11647	15250	0.02463270871821943
2020-07-03	11730	11840	11530	11781	12261	0.011505108611659765
2020-07-06	11800	11935	11800	11906	6895	0.01061030472795177
2020-07-07	11995	12130	11895	11970	12562	0.0053754409541406645
2020-07-08	12135	12135	11965	12080	4799	0.009189640768588081
2020-07-09	12164	12294	12005	12175	19117	0.007864238410596025
2020-07-10	12234	12234	11980	12120	3994	-0.004517453798768001
2020-07-13	12224	12224	12110	12210	8341	0.007425742574257432
2020-07-14	12279	12279	12159	12265	18469	0.0045045045045044585
2020-07-15	12329	12329	12010	12010	3252	-0.02079086832450061
2020-07-16	12010	12075	11880	11970	12582	-0.0033305578684429404
2020-07-17	11970	12174	11895	12175	4132	0.01712614870509599
2020-07-20	12194	12254	12060	12130	20188	-0.003696098562628314
2020-07-21	12199	12429	12150	12400	12293	0.022258862324814555
2020-07-22	12529	12529	12199	12480	7473	0.006451612903225712
2020-07-23	12479	12929	12479	12929	17242	0.03597756410256414
2020-07-24	12929	13023	12754	12924	16746	-0.0003867275117951374
2020-07-27	12998	13028	12939	13024	5632	0.007737542556484067
2020-07-28	13048	13148	13008	13099	11573	0.005758599508599582
2020-07-29	13178	13178	13038	13099	5129	0.0
2020-07-30	13108	13108	12869	12879	5023	-0.01679517520421403
2020-07-31	13083	13178	12894	13179	7545	0.023293733985557896
2020-08-03	13178	13432	13063	13433	9111	0.01927308597010402
2020-08-04	13447	13712	13447	13713	26949	0.02084418968212609
2020-08-05	13717	14061	13392	13968	28457	0.018595493327499435
2020-08-06	14076	14266	13991	14257	73704	0.020690148911798323
2020-08-07	14466	14466	14096	14287	9819	0.0021042295012976275
2020-08-10	14456	14456	14126	14337	14927	0.003499685028347521
2020-08-11	14466	14466	13826	14197	8350	-0.009764943851572894
2020-08-12	13976	14156	13567	13673	67333	-0.03690920617031768
2020-08-13	13821	14061	13762	13813	23400	0.010239157463614479
2020-08-14	14021	14021	13188	13229	9987	-0.04227901252443356
2020-08-18	13697	13697	13063	13179	16895	-0.003779575175750227
2020-08-19	13382	13472	13153	13264	28860	0.006449654753774903
2020-08-20	13213	13457	12914	13114	22792	-0.011308805790108512
2020-08-21	13253	13253	12794	13059	13727	-0.004193991154491372
2020-08-24	13158	13652	13063	13628	14953	0.043571483268244116
2020-08-25	13816	13936	13697	13928	28570	0.022013501614323472
2020-08-26	13996	14131	13821	14028	17363	0.007179781734635293
2020-08-27	14121	14186	13871	14158	20595	0.009267179925862568
2020-08-28	14206	14466	14111	14212	12984	0.0038140980364458343
2020-08-31	14196	14351	14086	14337	10027	0.008795384182381127
2020-09-01	14406	14456	14191	14322	33930	-0.0010462439840971394
2020-09-02	14401	14581	14321	14577	60652	0.017804775869292078
2020-09-03	14600	14600	14476	14547	8239	-0.0020580366330520405
2020-09-04	13871	14286	13871	14252	5282	-0.02027909534611949
2020-09-07	14096	14466	14096	14467	13939	0.015085602020769029
2020-09-08	14246	14645	14236	14407	12836	-0.004147369876270179
2020-09-09	13986	14296	13986	14043	12470	-0.025265495939473914
2020-09-10	13996	14376	13996	14377	5512	0.023784091718293876
2020-09-11	14026	14321	14026	14322	4975	-0.0038255547054323324
2020-09-14	14216	14346	14196	14307	6774	-0.0010473397570172072
2020-09-15	14151	14595	14146	14597	13146	0.0202697980009785
2020-09-16	14476	14895	14431	14741	29973	0.009865040761800392
2020-09-17	14581	14685	14396	14412	9852	-0.02231870293738547
2020-09-18	14471	14526	14266	14502	3752	0.0062447960033304994
2020-09-21	14351	14536	13981	14108	4654	-0.02716866639084259
2020-09-22	13786	14281	13677	13723	12071	-0.02728948114544938
2020-09-23	13816	13926	13158	13553	8661	-0.012387961815929494
2020-09-24	13148	13292	12709	12799	16291	-0.05563343909097618
2020-09-25	12749	13128	12709	12839	6179	0.003125244159700058
2020-09-28	12824	13367	12824	13359	12968	0.04050159669756215
2020-09-29	13278	13687	13278	13518	6661	0.011902088479676554
2020-10-05	13332	13841	13332	13773	11222	0.018863737239236622
2020-10-06	13772	13996	13717	13853	12598	0.0058084658389603305
2020-10-07	13507	13936	13507	13938	8287	0.0061358550494476916
2020-10-08	13767	14021	13767	13948	55710	0.000717463050652789
2020-10-12	13976	14031	13876	13958	1683	0.0007169486664755365
2020-10-13	14136	14136	13667	13778	5805	-0.01289583034818742
2020-10-14	13891	13891	13567	13568	723	-0.015241689650166923
2020-10-15	13567	13567	13118	13269	7226	-0.02203714622641506
2020-10-16	13268	13382	12968	13174	5534	-0.007159544803677753
2020-10-19	12929	13183	12899	12939	14213	-0.017838166084712337
2020-10-20	12939	12939	12334	12864	92120	-0.0057964293994898775
2020-10-21	12829	12919	12654	12819	3351	-0.0034981343283582156
2020-10-22	12814	12814	12454	12475	3758	-0.0268351665496529
2020-10-23	12574	12634	12409	12584	1352	0.008737474949899848
2020-10-26	12519	12519	11970	12060	3981	-0.041640178003814365
2020-10-27	12020	12409	11890	12120	10983	0.004975124378109541
2020-10-28	12414	12614	12199	12614	5044	0.04075907590759087
2020-10-29	12614	12944	12394	12869	2679	0.020215633423180668
2020-10-30	12949	12949	12424	12435	1747	-0.03372445411453884
2020-11-02	12269	12709	12269	12465	8910	0.0024125452352230514
2020-11-03	12839	12919	12629	12864	2389	0.03200962695547527
2020-11-04	13228	13228	12824	13154	11104	0.022543532338308525
2020-11-05	13312	13502	13263	13463	14323	0.023490953322183428
2020-11-06	13552	13552	13018	13149	4316	-0.023323182054519775
2020-11-09	13477	13477	13228	13279	2829	0.009886683397976936
2020-11-10	13297	13297	12779	12859	7186	-0.03162888771744865
2020-11-11	12864	12954	12609	12934	1825	0.0058324908624309835
2020-11-12	12934	13268	12704	12774	5837	-0.012370496366166717
2020-11-13	12704	12919	12539	12869	1160	0.007436981368404538
2020-11-16	12869	13078	12804	12999	800	0.0101017950112674
2020-11-17	13028	13028	12654	12754	17590	-0.018847603661820145
2020-11-18	12754	13053	12754	13029	15250	0.021561862944958543
2020-11-19	13302	13302	12978	13204	7038	0.013431575715711075
2020-11-20	13552	13552	13278	13473	5432	0.020372614359285057
2020-11-23	13482	13647	13472	13528	3120	0.004082238551176509
2020-11-24	13577	13577	13123	13209	8307	-0.02358072146658785
2020-11-25	13327	13796	13208	13378	28024	0.012794306911954045
2020-11-26	13447	13692	13273	13623	19981	0.018313649274928956
2020-11-27	13856	14021	13667	13983	36671	0.026425897379431795
2020-11-30	14066	14236	14001	14048	21644	0.0046485017521276095
2020-12-01	14161	14301	14031	14292	10910	0.017369020501138976
2020-12-02	14476	14476	14116	14442	14632	0.010495382031906031
2020-12-03	14566	14840	14436	14841	14283	0.027627752388865723
2020-12-04	14840	15375	14840	15360	27405	0.03497068930665059
2020-12-07	15419	16143	15395	16109	30541	0.04876302083333339
2020-12-08	16123	16267	14980	15045	29331	-0.06605003414240485
2020-12-09	15285	15385	14785	15235	30419	0.012628780325689704
2020-12-10	15250	15644	14905	15645	23559	0.026911716442402422
2020-12-11	15629	15934	15629	15775	4928	0.008309364014061904
2020-12-14	15794	16237	15739	15884	19329	0.0069096671949286925
2020-12-15	16247	16247	15504	15899	9929	0.0009443465122136452
2020-12-16	15849	15939	15759	15790	3769	-0.006855777092898974
2020-12-17	15769	15943	15654	15700	12669	-0.005699810006333128
2020-12-18	15749	15889	15699	15834	9619	0.008535031847133778
2020-12-21	15834	16522	15834	16434	64633	0.03789314134141719
2020-12-22	16477	16562	15814	15894	21009	-0.03285870755750275
2020-12-23	15779	16208	15499	15520	5727	-0.0235308921605637
2020-12-24	15859	15859	15350	15620	6061	0.006443298969072142
2020-12-28	16048	16073	15419	15710	22377	0.005761843790012877
2020-12-29	16352	16502	16003	16459	20956	0.047676639083386485
2020-12-30	16472	16482	16148	16274	25498	-0.011240051035907417
2021-01-04	15899	16367	15629	15844	42846	-0.026422514440211375
2021-01-05	15689	15998	15489	15879	19027	0.0022090381216863797
2021-01-06	16217	16217	15654	15655	16253	-0.014106681780968522
2021-01-07	15724	15904	15549	15720	71038	0.004152028106036321
2021-01-08	15973	15973	15429	15690	20724	-0.001908396946564861
2021-01-11	15804	16073	15335	15685	22913	-0.00031867431485022024
2021-01-12	15754	16073	15320	15720	21694	0.002231431303793441
2021-01-13	15914	15914	15519	15700	13961	-0.0012722646310432406
2021-01-14	15619	15619	15185	15250	6520	-0.0286624203821656
2021-01-15	15190	15190	14595	14597	7002	-0.04281967213114757
2021-01-18	14600	14890	13876	14053	14460	-0.03726793176680143
2021-01-19	14326	14326	13502	14217	11587	0.01167010602718288
2021-01-20	14501	14675	14276	14462	50840	0.01723289020187102
2021-01-21	14805	14805	14241	14362	12602	-0.006914672935970145
2021-01-22	14491	14576	14216	14462	7259	0.006962818548948535
2021-01-25	14406	15335	14406	15335	9363	0.06036509473101925
2021-01-26	15479	15619	14970	15025	12844	-0.02021519400065208
2021-01-27	15075	15075	14750	14751	3648	-0.018236272878535797
2021-01-28	14271	14725	14271	14626	5974	-0.008474001762592387
2021-01-29	14675	14775	14036	14093	4625	-0.03644195268699579
2021-02-01	14111	14970	14111	14961	6173	0.06159086071099118
2021-02-02	15010	15010	14730	14761	6480	-0.013368090368290897
2021-02-03	14875	14875	14281	14577	12686	-0.012465280130072531
2021-02-04	14675	14675	14321	14437	4566	-0.009604170954243041
2021-02-05	14576	14725	14341	14577	7148	0.009697305534390743
2021-02-08	14486	14486	14276	14382	1847	-0.013377238114838486
2021-02-09	14276	14306	14051	14168	8861	-0.01487971074954808
2021-02-10	14191	14276	14071	14173	4112	0.00035290796160358795
2021-02-15	14176	14376	14146	14307	2663	0.009454596768503576
2021-02-16	14376	14376	13876	13878	11213	-0.02998532187041314
2021-02-17	13891	13911	13627	13838	12293	-0.0028822596915981658
2021-02-18	13831	13981	13727	13728	5755	-0.007949125596184436
2021-02-19	13876	13926	13287	13513	5797	-0.015661421911421947
2021-02-22	13432	13891	13258	13374	7901	-0.010286390882853547
2021-02-23	13287	13287	12829	12859	7226	-0.03850755196650213
2021-02-24	12839	13078	12384	12505	7546	-0.02752935687067426
2021-02-25	12579	13128	12579	13069	6332	0.04510195921631355
2021-02-26	12929	12929	12634	12704	3361	-0.027928686203994135
2021-03-02	12849	13377	12849	13249	2826	0.04289987405541562
2021-03-03	13278	13352	13078	13124	2950	-0.009434674315042635
2021-03-04	13078	13168	12899	13169	9316	0.003428832672965454
2021-03-05	13163	13213	12889	13214	471	0.003417115954134742
2021-03-08	13213	13243	12644	12759	2537	-0.0344331769335553
2021-03-09	12779	12779	12394	12689	5067	-0.00548632337957522
2021-03-10	12949	12949	12644	12644	2103	-0.0035463787532508118
2021-03-11	12644	12978	12644	12939	2353	0.023331224296108788
2021-03-12	12978	13297	12978	13239	2016	0.023185717597959732
2021-03-15	13317	13317	13183	13184	736	-0.004154392325704359
2021-03-16	13183	13377	13058	13378	1822	0.01471480582524265
2021-03-17	13372	13447	13312	13398	1247	0.001494991777545307
2021-03-18	13407	13657	13407	13408	1924	0.0007463800567248935
2021-03-19	13337	13512	13332	13423	1502	0.0011187350835322185
2021-03-22	13517	13622	13387	13613	1764	0.014154808910079808
2021-03-23	13677	13876	13607	13608	1460	-0.00036729596709028645
2021-03-24	13856	13856	13507	13738	7679	0.009553203997648474
2021-03-25	13697	13702	13552	13653	177	-0.006187217935652911
2021-03-26	13647	13662	13577	13623	762	-0.00219731927049005
2021-03-29	13791	13856	13622	13623	1674	0.0
2021-03-30	13647	13677	13587	13603	337	-0.0014681054099684454
2021-03-31	13647	13647	13462	13463	1313	-0.010291847386605935
2021-04-01	13447	13572	13337	13573	5536	0.008170541484067373
2021-04-02	13627	13627	13397	13463	913	-0.008104324762395976
2021-04-05	13407	13407	13168	13204	1351	-0.01923791131248609
2021-04-06	13168	13168	13078	13139	467	-0.004922750681611632
2021-04-07	13178	13178	13138	13139	877	0.0
2021-04-08	13337	13427	13133	13304	2880	0.012558033335870356
2021-04-09	13477	13647	13477	13533	10952	0.01721286831028257
2021-04-12	13707	13707	13407	13658	8263	0.009236680706421252
2021-04-13	13831	14081	13702	14083	11060	0.03111729389368878
2021-04-14	14171	14241	14051	14058	17966	-0.0017751899453241071
2021-04-15	14196	14196	13986	14053	1756	-0.00035566936975384156
2021-04-16	14211	14211	13976	14212	6400	0.011314310111719905
2021-04-19	14226	14461	14226	14452	3491	0.016887137630171578
2021-04-20	14456	14456	14281	14287	4417	-0.01141710489897596
2021-04-21	14271	14276	14026	14063	6079	-0.015678588926996584
2021-04-22	14071	14096	13966	13973	4477	-0.00639977245253498
2021-04-23	14056	14201	13956	14013	4197	0.0028626637085809037
2021-04-26	14011	14026	13861	13968	3070	-0.0032113037893384266
2021-04-27	13946	13946	13627	13678	5882	-0.020761741122565902
2021-04-28	13597	13677	13258	13284	6594	-0.02880538090364093
2021-04-29	13303	13353	13028	13029	4511	-0.019196025293586216
2021-04-30	13173	13173	12774	12919	4167	-0.008442704735589834
2021-05-03	13028	13028	12324	12355	17540	-0.04365662977010609
2021-05-04	12264	12549	12085	12480	9997	0.010117361392149027
2021-05-06	12529	12539	12264	12410	2779	-0.005608974358974339
2021-05-07	12459	12784	12454	12709	4436	0.024093473005640575
2021-05-10	12879	13113	12754	13094	23894	0.03029349280037774
2021-05-11	12934	13058	12679	12744	7854	-0.026729799908355
2021-05-12	12724	12764	12474	12555	2910	-0.014830508474576232
2021-05-13	12374	12549	12304	12345	1081	-0.016726403823178027
2021-05-14	12399	12649	12359	12649	4233	0.02462535439449165
2021-05-17	12729	12864	12604	12704	2100	0.004348169815795666
2021-05-18	12594	12889	12594	12844	1689	0.0110201511335013
2021-05-20	12764	12784	12674	12724	1683	-0.009342883836810922
2021-05-21	12759	12879	12614	12634	5442	-0.007073247406475969
2021-05-24	12529	12549	12274	12275	2986	-0.028415387050815255
2021-05-25	12329	12634	12329	12604	4906	0.026802443991853275
2021-05-26	12604	12614	12474	12535	3468	-0.005474452554744547
2021-05-27	12539	12689	12354	12689	8513	0.012285600319106527
2021-05-28	12689	12754	12614	12654	4102	-0.0027582945858617425
2021-05-31	12694	12804	12659	12659	1419	0.00039513197407936573
2021-06-01	12659	12659	12589	12614	850	-0.003554783158227326
2021-06-02	12584	12589	12369	12380	5962	-0.018550816553036253
2021-06-03	12369	12514	12284	12445	3566	0.005250403877221421
2021-06-04	12444	12484	12329	12445	1055	0.0
2021-06-07	12479	12479	12279	12305	3097	-0.011249497790277174
2021-06-08	12414	12599	12414	12550	11515	0.019910605444941165
2021-06-09	12569	12584	12254	12255	11240	-0.023505976095617553
2021-06-10	12304	12789	12279	12709	37800	0.03704610363117089
2021-06-11	12709	12739	12544	12599	18669	-0.008655283657250767
2021-06-14	12639	12964	12634	12944	23956	0.027383125644892425
2021-06-15	12973	12973	12694	12779	8403	-0.012747218788627945
2021-06-16	12799	12799	12664	12679	31287	-0.00782533844588773
2021-06-17	12624	12694	12579	12664	7025	-0.0011830586008360067
2021-06-18	12664	12954	12664	12949	9651	0.022504737839545097
2021-06-21	12919	13163	12904	13124	147394	0.01351455710865701
2021-06-22	13168	13168	13008	13059	6402	-0.0049527583053946556
2021-06-23	13158	13483	13158	13314	40207	0.019526763151849202
2021-06-24	13448	13458	13198	13254	33259	-0.0045065344749887215
2021-06-25	13313	13328	12998	13069	15482	-0.013958050399879296
2021-06-28	13168	13228	13113	13179	67904	0.008416864335450303
2021-06-29	13223	13288	13138	13179	72697	0.0
2021-06-30	13203	13333	13178	13284	51356	0.007967220578192657
2021-07-01	13368	13623	13258	13568	95515	0.021379102679915718
2021-07-02	13618	13673	13568	13608	77719	0.002948113207547065
2021-07-05	13708	13882	13633	13858	80976	0.018371546149323903
2021-07-06	13817	13817	13428	13488	76998	-0.026699379419829694
2021-07-07	13573	13703	13563	13628	40951	0.010379596678529168
2021-07-08	13658	13663	13298	13299	63308	-0.024141473437041427
2021-07-09	13183	13378	13123	13279	22608	-0.0015038724716144314
2021-07-12	13348	13408	13198	13204	54916	-0.005648015663830108
2021-07-13	13308	13333	13128	13154	33593	-0.0037867312935474517
2021-07-14	13138	13138	13033	13114	41662	-0.0030409001064315433
2021-07-15	13073	13228	13073	13194	27267	0.006100350770169349
2021-07-16	13143	13183	13028	13084	28908	-0.008337122934667263
2021-07-19	13083	13123	13003	13004	18328	-0.0061143381228981886
2021-07-20	12924	13123	12924	13039	10227	0.0026914795447554596
2021-07-21	13153	13153	12944	12964	13343	-0.0057519748446966945
2021-07-22	12993	13053	12874	12899	23354	-0.005013884603517482
2021-07-23	12854	13083	12854	13014	12897	0.008915419799984559
2021-07-26	13013	13033	12684	12749	20743	-0.020362686337790037
2021-07-27	12789	12844	12684	12689	4249	-0.004706251470703582
2021-07-28	12644	12689	12479	12495	12710	-0.015288832847348055
2021-07-29	12524	12689	12524	12684	13162	0.015126050420168013
2021-07-30	12644	12644	12414	12435	16396	-0.01963103122043519
2021-08-02	12444	12729	12444	12729	9870	0.023642943305187014
2021-08-03	12749	12749	12584	12704	8580	-0.001964019168827047
2021-08-04	12734	12884	12674	12884	12021	0.01416876574307313
2021-08-05	12884	13028	12884	12914	15777	0.0023284694194349864
2021-08-06	12983	13013	12864	12959	12917	0.0034845903670435163
2021-08-09	12954	12954	12674	12699	109540	-0.020063276487383264
2021-08-10	12699	12899	12699	12724	22745	0.001968658949523583
2021-08-11	12704	13103	12699	13014	47737	0.02279157497642248
2021-08-12	13123	13198	12964	12984	30713	-0.002305209774089434
2021-08-13	13003	13043	12754	12894	23912	-0.006931608133086908
2021-08-17	12829	12929	12624	12624	20133	-0.020939972080037172
2021-08-18	12609	12799	12499	12749	10478	0.00990177439797213
2021-08-19	12639	12809	12444	12475	20682	-0.02149188171621308
2021-08-20	12494	12554	12070	12115	15314	-0.028857715430861686
2021-08-23	12229	12684	12229	12624	14171	0.04201403219149813
2021-08-24	12704	12869	12584	12854	17404	0.01821926489226877
2021-08-25	12879	12924	12689	12924	7295	0.0054457756340438035
2021-08-26	12924	13018	12794	12824	11081	-0.007737542556484067
2021-08-27	12824	12874	12659	12804	8308	-0.001559575795383683
2021-08-30	12879	12934	12794	12834	13494	0.0023430178069352436
2021-08-31	12864	12959	12754	12959	6197	0.009739753779024474
2021-09-01	12914	13083	12899	13054	14893	0.007330812562697631
2021-09-02	13048	13128	12993	13114	16926	0.004596292324191786
2021-09-03	13143	13228	13098	13114	20078	0.0
2021-09-06	13183	13183	12988	13034	30338	-0.006100350770169238
2021-09-07	13033	13083	12954	13014	16601	-0.001534448365812513
2021-09-08	13013	13013	12674	12684	17900	-0.025357307514983884
2021-09-09	12569	12754	12524	12684	10904	0.0
2021-09-10	12734	12769	12584	12659	10016	-0.0019709870703248367
2021-09-13	12624	12624	12394	12425	5628	-0.018484872422782184
2021-09-14	12439	12534	12424	12485	6544	0.0048289738430582485
2021-09-15	12519	12704	12519	12679	9388	0.015538646375650833
2021-09-16	12714	12714	12509	12579	5504	-0.007887057338906822
2021-09-17	12579	12659	12524	12639	6519	0.004769854519437233
2021-09-23	12639	12814	12639	12744	6174	0.008307619273676625
2021-09-24	12749	12749	12514	12574	5609	-0.013339610797237889
2021-09-27	12534	12534	12324	12340	6538	-0.018609829807539335
2021-09-28	12274	12274	11995	12080	15078	-0.021069692058346856
2021-09-29	11715	11925	11715	11900	9460	-0.01490066225165565
2021-09-30	11855	11980	11820	11880	20302	-0.001680672268907557
2021-10-01	11790	11810	11500	11541	9880	-0.028535353535353525
2021-10-05	11326	11375	10851	10872	27196	-0.05796724720561475
2021-10-06	10871	11011	10477	10492	70943	-0.03495217071376011
2021-10-07	10556	10861	10556	10792	14345	0.028593213877239787
2021-10-08	10896	10961	10771	10847	12053	0.005096367679762848
2021-10-12	10781	10781	10527	10597	10284	-0.023047847331059246
2021-10-13	10551	10741	10551	10667	5238	0.006605643106539549
2021-10-14	10701	11021	10701	11016	36385	0.03271772757101332
2021-10-15	11151	11151	10931	11046	2432	0.002723311546841023
2021-10-18	11241	11241	10871	10961	6081	-0.007695093246424034
2021-10-19	11011	11156	11006	11126	10254	0.015053371042788033
2021-10-20	11186	11221	11071	11076	9306	-0.004493978069387006
2021-10-21	11086	11151	10986	10986	7260	-0.008125677139761645
2021-10-22	10986	11141	10896	11046	10319	0.005461496450027248
2021-10-25	11046	11056	10931	10976	6765	-0.006337135614702172
2021-10-26	10981	11256	10981	11251	12292	0.025054664723032083
2021-10-27	11385	11385	11121	11201	16958	-0.004444049417829499
2021-10-28	11106	11126	10926	10966	9393	-0.020980269618784075
2021-10-29	10951	11006	10546	10612	46769	-0.03228159766551153
2021-11-01	10631	10881	10571	10777	13452	0.01554843573313236
2021-11-02	10831	11056	10831	11006	26147	0.021248956110234696
2021-11-03	11036	11061	10926	11046	4706	0.003634381246592877
2021-11-04	11116	11246	10941	10986	14137	-0.00543183052688756
2021-11-05	10946	10986	10816	10986	4691	0.0
2021-11-08	10826	10826	10422	10562	33123	-0.03859457491352636
2021-11-09	10596	10781	10502	10547	19984	-0.0014201855709146116
2021-11-10	10536	10616	10322	10337	17671	-0.01991087513036882
2021-11-11	10237	10362	10147	10227	139829	-0.01064138531488823
2021-11-12	10357	10427	10287	10382	16286	0.015155959714481249
2021-11-15	10527	11006	10462	10787	24244	0.0390098246965902
2021-11-16	10821	10841	10671	10757	18003	-0.0027811254287568588
2021-11-17	10756	10756	10387	10422	10967	-0.03114251185274708
2021-11-18	10382	10387	10257	10307	11467	-0.011034350412588712
2021-11-19	10307	10487	10247	10447	8528	0.013583001843407327
2021-11-22	10447	11071	10447	10512	25578	0.0062218818799655295
2021-11-23	10452	10452	10227	10282	30570	-0.021879756468797584
2021-11-24	10282	10447	10282	10352	6148	0.006808014005057483
2021-11-25	10422	10422	10287	10382	7035	0.002897990726429711
2021-11-26	10387	10591	10387	10522	8921	0.013484877672895301
2021-11-29	10522	10681	10367	10412	19540	-0.010454286257365553
2021-11-30	10432	10492	10132	10192	14453	-0.02112946600076837
2021-12-01	10257	10367	10162	10322	13800	0.012755102040816313
2021-12-02	10222	10427	10207	10412	3026	0.00871924045727579
2021-12-03	10422	10596	10302	10587	18347	0.016807529773338548
2021-12-06	10571	10641	10497	10567	7522	-0.0018891092849721014
2021-12-07	10566	10766	10537	10692	14904	0.01182927983344384
2021-12-08	10801	10946	10746	10897	9909	0.019173213617658114
2021-12-09	10886	11176	10876	11171	27895	0.0251445351931725
2021-12-10	11196	11216	11016	11021	16044	-0.013427625100707163
2021-12-13	11031	11111	10891	10897	34834	-0.011251247618183413
2021-12-14	10921	11156	10861	11066	102893	0.015508855648343589
2021-12-15	11056	11261	10966	11201	18565	0.012199530092174227
2021-12-16	11186	11246	11111	11166	11458	-0.0031247210070529663
2021-12-17	11051	11161	10916	10922	12625	-0.02185205086870856
2021-12-20	10976	11096	10976	10986	8514	0.0058597326496978575
2021-12-21	10986	11001	10781	10782	4932	-0.01856908793009282
2021-12-22	10831	10831	10621	10737	6378	-0.004173622704507496
2021-12-23	10641	10706	10586	10627	9005	-0.010244947378224789
2021-12-24	10626	10686	10556	10592	10134	-0.0032934976945515615
2021-12-27	10601	10941	10601	10897	29945	0.028795317220543737
2021-12-28	10941	11021	10886	11021	27540	0.01137927870055977
2021-12-29	11031	11176	10926	11016	22541	-0.00045367933944284733
2021-12-30	11056	11056	10846	10897	8178	-0.010802469135802517
2022-01-03	10951	10951	10836	10932	6630	0.0032118931816096374
2022-01-04	10886	10886	10686	10727	12267	-0.018752286864251788
2022-01-05	10616	10646	10417	10442	94534	-0.026568472079798622
2022-01-06	10387	10467	10212	10212	6830	-0.022026431718061623
2022-01-07	10292	10397	10232	10317	7619	0.010282021151586385
2022-01-10	10262	10262	9992	9993	18159	-0.031404478045943596
2022-01-11	10212	10282	10127	10152	6118	0.015911137796457586
2022-01-12	10227	10477	10227	10477	5690	0.03201339637509859
2022-01-13	10462	10462	10117	10207	3431	-0.02577073589768064
2022-01-14	10197	10197	9787	9833	11282	-0.03664152052512981
2022-01-17	9703	9787	9553	9553	7790	-0.02847554154378118
2022-01-18	9653	9727	9393	9393	3192	-0.016748665340730606
2022-01-19	9213	9423	9213	9388	10341	-0.0005323112956456821
2022-01-20	9378	9538	9283	9538	6303	0.01597784405624192
2022-01-21	9533	9548	9358	9423	2648	-0.012057035017823403
2022-01-24	9403	9403	9268	9294	2133	-0.013689907672715718
2022-01-25	9368	9368	8993	9014	11347	-0.030126963632451043
2022-01-26	9038	9113	8933	8974	3516	-0.004437541601952533
2022-01-27	9003	9003	8504	8534	17730	-0.049030532649877445
2022-01-28	8589	8864	8589	8864	8024	0.03866885399578157
2022-02-03	8963	9238	8963	9179	9312	0.035537003610108364
2022-02-04	9158	9158	9023	9064	11653	-0.012528597886479975
2022-02-07	9063	9063	8879	8924	10183	-0.015445719329214458
2022-02-08	8918	9038	8829	8904	3388	-0.0022411474675033682
2022-02-09	8948	8988	8889	8979	4071	0.008423180592991963
2022-02-10	9043	9128	8814	8894	4913	-0.009466533021494583
2022-02-11	8809	8809	8554	8604	8849	-0.03260625140544182
2022-02-14	8414	8549	8389	8460	16058	-0.01673640167364021
2022-02-15	8449	8449	8164	8210	14383	-0.029550827423167836
2022-02-16	8384	8639	8384	8639	6351	0.052253349573690544
2022-02-17	8649	8679	8404	8544	9836	-0.010996643129991934
2022-02-18	8534	8614	8364	8614	3141	0.008192883895131065
2022-02-21	8434	8589	8344	8564	20836	-0.0058045042953331905
2022-02-22	8369	8439	8324	8405	10237	-0.01856609061186365
2022-02-23	8464	8559	8434	8475	1931	0.008328375966686563
2022-02-24	8369	8369	8149	8215	11960	-0.03067846607669622
2022-02-25	8339	8519	8339	8519	2926	0.03700547778454055
2022-02-28	8459	8589	8344	8589	5608	0.008216926869350827
2022-03-02	8559	8709	8549	8659	8248	0.008149959250203676
2022-03-03	8694	9018	8684	9014	4096	0.040997805751241456
2022-03-04	8973	8973	8794	8829	4268	-0.02052362990903045
2022-03-07	8744	8779	8619	8659	3699	-0.019254728734851012
2022-03-08	8539	8844	8524	8744	4277	0.009816376024945228
2022-03-10	8889	9018	8889	9019	2517	0.03145013723696244
2022-03-11	9013	9118	8928	8974	4101	-0.004989466681450283
2022-03-14	9093	9158	8819	8824	3039	-0.016714954312458175
2022-03-15	8824	8914	8704	8859	5173	0.003966455122393464
2022-03-16	8938	9058	8938	9059	10032	0.022575911502426882
2022-03-17	9153	9408	9153	9348	6660	0.03190197593553368
2022-03-18	9298	9368	9263	9353	4563	0.0005348737697903339
2022-03-21	9308	9308	9083	9104	12312	-0.026622474072490077
2022-03-22	8909	8973	8814	8954	20301	-0.016476274165202143
2022-03-23	8973	9023	8879	8879	183301	-0.0083761447397811
2022-03-24	8874	8904	8729	8869	22937	-0.0011262529564139978
2022-03-25	8864	8894	8799	8824	21452	-0.0050738527455180815
2022-03-28	8804	8804	8609	8634	13571	-0.02153218495013598
2022-03-29	8674	8799	8674	8779	7362	0.016794069955987867
2022-03-30	8824	8889	8804	8839	5073	0.0068344913999316415
2022-03-31	8844	8889	8754	8754	8040	-0.009616472451634772
2022-04-01	8734	8734	8614	8674	3279	-0.009138679460817922
2022-04-04	8659	8704	8624	8679	3217	0.00057643532395657
2022-04-05	8694	8779	8669	8699	2382	0.0023044129508007494
2022-04-06	8644	8644	8499	8514	5675	-0.021266812277273228
2022-04-07	8439	8514	8404	8440	11120	-0.008691566831101727
2022-04-08	8439	8504	8394	8455	2189	0.0017772511848341832
2022-04-11	8434	8434	8209	8215	6190	-0.028385570668243654
2022-04-12	8144	8189	8075	8180	2319	-0.004260499087035963
2022-04-13	8194	8339	8174	8330	3209	0.01833740831295838
2022-04-14	8339	8344	8269	8325	945	-0.0006002400960384291
2022-04-15	8239	8239	8095	8180	5992	-0.017417417417417425
2022-04-18	8144	8179	8095	8130	7006	-0.006112469437652757
2022-04-19	8174	8294	8174	8295	2891	0.02029520295202958
2022-04-20	8309	8309	8239	8250	2848	-0.005424954792043413
2022-04-21	8274	8334	8179	8180	6938	-0.00848484848484854
2022-04-22	8114	8139	8030	8110	7253	-0.008557457212713948
2022-04-25	7975	7975	7870	7885	7856	-0.027743526510480843
2022-04-26	7925	8144	7925	8145	5335	0.03297400126823091
2022-04-27	7950	8144	7950	8105	10666	-0.0049109883364026885
2022-04-28	8200	8250	8190	8220	1006	0.014188772362738966
2022-04-29	8235	8425	8230	8425	6556	0.024939172749391725
2022-05-02	8340	8350	8270	8285	5619	-0.016617210682492556
2022-05-03	8310	8370	8245	8270	4246	-0.0018105009052504784
2022-05-04	8280	8280	8080	8110	10100	-0.019347037484885088
2022-05-06	7980	7985	7870	7925	18922	-0.02281134401972873
2022-05-09	7875	7885	7700	7705	6714	-0.027760252365930604
2022-05-10	7565	7645	7485	7590	6152	-0.014925373134328401
2022-05-11	7525	7860	7525	7860	2291	0.035573122529644285
2022-05-12	7700	7720	7490	7520	12359	-0.043256997455470736
2022-05-13	7510	7680	7510	7635	5205	0.015292553191489366
2022-05-16	7760	7840	7640	7655	2891	0.0026195153896528822
2022-05-17	7645	7785	7630	7775	2898	0.015676028739386005
2022-05-18	7820	7880	7755	7880	10163	0.013504823151125445
2022-05-19	7610	7745	7610	7660	11376	-0.027918781725888353
2022-05-20	7710	8015	7710	8015	5164	0.04634464751958234
2022-05-23	8085	8180	7985	8110	6818	0.011852776044915858
2022-05-24	8105	8110	7935	7935	3036	-0.02157829839704073
2022-05-25	7990	8245	7990	8145	6084	0.026465028355387554
2022-05-26	8175	8290	8060	8140	15300	-0.0006138735420503361
2022-05-27	8240	8265	8090	8125	8071	-0.0018427518427518441
2022-05-30	8215	8265	8215	8225	4063	0.012307692307692353
2022-05-31	8285	8285	8135	8275	1135	0.006079027355623046
2022-06-02	8265	8265	8185	8210	2553	-0.007854984894259842
2022-06-03	8270	8300	8200	8220	2110	0.0012180267965895553
2022-06-07	8190	8190	7950	7970	2269	-0.03041362530413627
2022-06-08	8020	8090	8000	8020	7253	0.006273525721455453
2022-06-09	8015	8285	7930	8285	6914	0.03304239401496267
2022-06-10	8060	8060	7945	7965	18864	-0.03862401931200965
2022-06-13	7705	7760	7535	7535	27989	-0.05398618957940993
2022-06-14	7390	7705	7390	7515	14918	-0.002654280026542777
2022-06-15	7510	7585	7345	7395	12541	-0.015968063872255467
2022-06-16	7525	7605	7390	7395	12407	0.0
2022-06-17	7310	7510	7265	7510	16224	0.015551048005409074
2022-06-20	7590	7590	7320	7345	15856	-0.021970705725699036
2022-06-21	7365	7505	7280	7455	2037	0.014976174268209741
2022-06-22	7535	7580	7320	7330	8250	-0.016767270288397085
2022-06-23	7370	7590	7245	7245	10188	-0.011596180081855367
2022-06-24	7210	7820	7210	7815	7393	0.07867494824016563
2022-06-27	7820	7895	7615	7800	29395	-0.0019193857965451588
2022-06-28	7795	7795	7580	7655	4782	-0.018589743589743635
2022-06-29	7560	7595	7475	7550	3777	-0.013716525146962755
2022-06-30	7555	7765	7545	7605	5572	0.007284768211920589
2022-07-01	7685	7710	7380	7420	19581	-0.024326101249178222
2022-07-04	7460	7525	7375	7435	14936	0.0020215633423179558
2022-07-05	7520	7865	7520	7865	19028	0.057834566240753116
2022-07-06	7845	8045	7775	7825	56687	-0.005085823267641398
2022-07-07	7930	8070	7850	8040	29485	0.027476038338658082
2022-07-08	8110	8110	7980	8105	25606	0.008084577114427782
2022-07-11	8120	8280	8120	8160	25632	0.006785934608266597
2022-07-12	8165	8195	8090	8160	14185	0.0
2022-07-13	8205	8305	8175	8260	12928	0.01225490196078427
2022-07-14	8210	8275	8125	8260	24312	0.0
