Date	Open	High	Low	Close	Volume	Change
2017-04-14	8524	8524	8487	8516	1172656	
2017-04-17	8512	8541	8508	8526	48	0.001174260216063816
2017-04-18	8576	8576	8494	8565	167	0.004574243490499619
2017-04-19	8503	8512	8461	8504	75	-0.00712200817279629
2017-04-20	8477	8512	8469	8512	143	0.0009407337723423836
2017-04-21	8541	8576	8524	8570	20	0.006813909774436189
2017-04-24	8620	8651	8620	8660	12	0.010501750291715295
2017-04-25	8663	8785	8663	8782	1181430	0.014087759815242462
2017-04-26	8792	8835	8788	8843	626	0.006946025962195401
2017-04-27	8776	8853	8776	8859	60	0.0018093407214745394
2017-04-28	8897	8905	8806	8825	2360	-0.0038379049554125855
2017-05-02	8875	8945	8875	8922	191	0.010991501416430571
2017-05-04	8934	8954	8917	8960	11858	0.004259134723156199
2017-05-08	8949	9150	8922	9158	100	0.022098214285714235
2017-05-10	9104	9249	8984	9034	8936	-0.013540074252020085
2017-05-11	9067	9100	9011	9074	1755827	0.004427717511622742
2017-05-12	9100	9104	9054	9099	617616	0.0027551245316288497
2017-05-15	9067	9107	9058	9117	2933	0.001978239366963397
2017-05-16	9146	9146	9079	9121	417	0.0004387408138641913
2017-05-17	9033	9092	9018	9099	231	-0.0024120162262909473
2017-05-18	9003	9084	8984	9087	889	-0.0013188262446423016
2017-05-19	9062	9079	9038	9064	228	-0.002531088367998202
2017-05-22	9100	9100	9054	9103	330	0.0043027360988525665
2017-05-23	9141	9214	9121	9184	290	0.008898165439964911
2017-05-24	9171	9171	9112	9155	275	-0.003157665505226448
2017-05-25	9146	9244	9146	9253	254	0.010704533042053432
2017-05-26	9232	9450	8888	9279	212398	0.0028098994920566778
2017-05-29	9249	9279	9184	9228	35411	-0.005496281926931745
2017-05-30	9197	9206	9116	9176	855	-0.005635023840485531
2017-05-31	9141	9201	9112	9188	197	0.0013077593722754521
2017-06-01	9139	9160	9116	9158	312	-0.003265128428384889
2017-06-02	9189	9265	9189	9239	1248	0.008844725922690477
2017-06-05	9228	9275	9210	9219	531	-0.0021647364433380334
2017-06-07	9171	9206	9155	9184	224	-0.0037965072133636646
2017-06-08	9201	9201	9112	9201	40	0.0018510452961673085
2017-06-09	9192	9283	9192	9279	607	0.00847733941962825
2017-06-12	9287	9299	9270	9287	298	0.0008621618708912759
2017-06-13	9299	9317	9275	9326	8332	0.004199418542047972
2017-06-14	9317	9327	9275	9326	6468	0.0
2017-06-15	9275	9299	9218	9262	168153	-0.0068625348488098314
2017-06-16	9270	9299	9265	9309	75	0.0050744979486072594
2017-06-19	9290	9356	9290	9339	53804	0.0032226877215597582
2017-06-20	9322	9356	9322	9344	54263	0.0005353892279686967
2017-06-21	9295	9309	9218	9270	110554	-0.007919520547945202
2017-06-22	9253	9333	9240	9344	54568	0.007982740021575063
2017-06-23	9333	9346	9313	9352	107518	0.0008561643835616195
2017-06-26	9309	9364	9295	9364	55285	0.0012831479897348341
2017-06-27	9328	9356	9299	9339	215701	-0.0026697992310977803
2017-06-28	9270	9376	9270	9368	269672	0.003105257522218574
2017-06-29	9437	9476	9397	9445	851	0.00821947053800165
2017-06-30	9356	9437	9356	9445	64	0.0
2017-07-03	9458	9502	9406	9507	380160	0.006564319745897329
2017-07-04	9506	9510	9388	9433	105	-0.007783738298096088
2017-07-05	9397	9450	9397	9458	332	0.0026502703275734785
2017-07-06	9437	9437	9384	9421	32	-0.0039120321421018955
2017-07-07	9397	9427	9368	9436	1812	0.0015921876658528955
2017-07-10	9415	9476	9392	9482	99	0.0048749470114455296
2017-07-11	9506	9565	9506	9571	1225	0.009386205441889839
2017-07-12	9531	9570	9518	9563	123	-0.0008358583220143823
2017-07-13	9584	9645	9584	9605	63	0.004391927219491887
2017-07-14	9637	9659	9610	9658	299	0.0055179593961478535
2017-07-17	9681	9698	9651	9706	186	0.004969973079312462
2017-07-18	9686	9698	9645	9706	462	0.0
2017-07-19	9693	9698	9641	9706	237	0.0
2017-07-20	9733	9788	9712	9794	2721	0.009066556769008915
2017-07-21	9808	9881	9808	9889	739	0.009699816214008505
2017-07-24	9846	9903	9822	9911	1319	0.0022246941045607205
2017-07-25	9915	9918	9881	9889	1808	-0.002219755826859071
2017-07-26	9915	9939	9886	9945	155548	0.005662857720699854
2017-07-27	9939	9984	9931	9966	163671	0.002111613876319751
2017-07-28	9918	9927	9826	9833	6298	-0.013345374272526578
2017-07-31	9783	9856	9740	9862	159217	0.002949252517034484
2017-08-01	9822	9965	9795	9956	56441	0.009531535185560713
2017-08-02	9953	9958	9899	9929	307	-0.00271193250301327
2017-08-03	9903	9903	9724	9781	1347	-0.014905831402960978
2017-08-04	9791	9864	9783	9862	43	0.008281361823944344
2017-08-07	9856	9881	9838	9846	6609	-0.0016223889677550174
2017-08-08	9817	9838	9736	9804	157925	-0.004265691651432091
2017-08-09	9775	9775	9668	9722	56057	-0.008363933088535336
2017-08-10	9681	9681	9575	9663	165781	-0.006068710141946099
2017-08-11	9506	9550	9432	9478	591765	-0.019145193004243
2017-08-14	9476	9550	9463	9540	114642	0.006541464443975631
2017-08-16	9627	9627	9514	9554	110873	0.0014675052410901834
2017-08-17	9526	9622	9526	9609	106007	0.0057567510990161885
2017-08-18	9514	9601	9514	9593	55024	-0.0016651056301384415
2017-08-21	9588	9605	9570	9605	52966	0.001250912123423431
2017-08-22	9580	9622	9580	9627	52257	0.0022904737116085094
2017-08-23	9615	9627	9570	9614	107625	-0.0013503687545445286
2017-08-24	9570	9632	9570	9624	52597	0.0010401497815686334
2017-08-25	9588	9647	9588	9654	3286	0.0031172069825435855
2017-08-28	9659	9659	9580	9658	106876	0.0004143360265174145
2017-08-29	9601	9641	9481	9644	113463	-0.001449575481466181
2017-08-30	9588	9673	9588	9679	48	0.003629199502281244
2017-08-31	9663	9663	9557	9598	110242	-0.00836863312325653
2017-09-01	9588	9588	9521	9584	528	-0.0014586372160866334
2017-09-04	9388	9510	9388	9473	658	-0.011581803005008329
2017-09-05	9488	9488	9327	9386	3613	-0.009183996621978219
2017-09-06	9333	9333	9257	9305	591	-0.00862987428084383
2017-09-07	9299	9441	9299	9440	254	0.014508328855454167
2017-09-08	9441	9441	9381	9433	24304	-0.0007415254237288504
2017-09-11	9437	9502	9437	9487	2161	0.005724583907558589
2017-09-12	9485	9492	9432	9482	18787	-0.0005270369979972767
2017-09-13	9418	9458	9418	9440	63	-0.004429445264712117
2017-09-14	9388	9463	9364	9470	35	0.0031779661016948513
2017-09-15	9441	9488	9368	9496	422	0.002745512143611295
2017-09-18	9488	9588	9466	9593	1032	0.010214827295703444
2017-09-19	9562	9601	9553	9602	52	0.0009381840925675178
2017-09-20	9645	9645	9575	9598	91	-0.00041657987919185846
2017-09-21	9565	9618	9565	9588	569	-0.0010418837257761826
2017-09-22	9588	9597	9518	9602	8302	0.001460158531497724
2017-09-25	9597	9597	9492	9549	112	-0.005519683399291764
2017-09-26	9463	9545	9441	9549	56	0.0
2017-09-27	9531	9531	9497	9515	136	-0.0035605822599225068
2017-09-28	9471	9545	9471	9549	179	0.0035733053074094023
2017-09-29	9570	9637	9562	9640	1955	0.00952979369567486
2017-10-10	9733	9762	9733	9757	390	0.01213692946058087
2017-10-11	9804	9834	9758	9843	16759	0.008814184687916393
2017-10-12	9834	9869	9813	9877	1604	0.003454231433505983
2017-10-13	9895	9908	9846	9911	232	0.0034423407917383297
2017-10-16	9895	9931	9869	9933	1890	0.002219755826859071
2017-10-17	9890	9922	9876	9920	52644	-0.0013087687506292411
2017-10-18	9886	9913	9846	9911	564	-0.000907258064516081
2017-10-19	9915	9915	9841	9902	276	-0.0009080819291695796
2017-10-20	9861	9944	9834	9952	102	0.005049484952534877
2017-10-23	9913	9918	9856	9915	349	-0.0037178456591639986
2017-10-24	9881	9927	9872	9933	1558	0.0018154311649016819
2017-10-25	9915	9922	9890	9929	1016	-0.00040269807711668104
2017-10-26	9895	9918	9826	9858	1557	-0.007150770470339407
2017-10-27	9822	9915	9822	9924	45	0.0066950699939136715
2017-10-30	9970	9970	9876	9938	128	0.0014107214832728143
2017-10-31	9869	9954	9851	9961	2350	0.0023143489635741865
2017-11-01	9932	10053	9932	10059	202	0.00983836964160223
2017-11-02	10031	10031	9989	10030	100449	-0.0028829903568943216
2017-11-03	10024	10035	9985	10044	100203	0.0013958125623130258
2017-11-06	10010	10035	9890	10001	1303	-0.004281162883313372
2017-11-07	9985	9998	9919	9980	892	-0.002099790020997916
2017-11-08	9945	9993	9915	9996	763	0.0016032064128257417
2017-11-09	10019	10019	9919	10001	101119	0.0005002000800320427
2017-11-10	9950	9966	9908	9971	379721	-0.0029997000299970544
2017-11-13	9963	9963	9881	9924	157202	-0.004713669641961737
2017-11-14	9919	9919	9872	9911	155965	-0.0013099556630390419
2017-11-15	9881	9881	9817	9877	162522	-0.0034305317324184736
2017-11-16	9851	9932	9851	9941	121357	0.006479700313860581
2017-11-17	9913	9970	9869	9899	153136	-0.004224927069711337
2017-11-20	9869	9890	9804	9843	3049	-0.005657137084553954
2017-11-21	9856	9856	9788	9824	158802	-0.0019303058010768925
2017-11-22	9846	9899	9834	9906	104739	0.008346905537459204
2017-11-23	9869	9908	9851	9911	203497	0.0005047445992327759
2017-11-24	9869	9913	9869	9920	278	0.0009080819291695796
2017-11-27	9913	9913	9799	9838	100696	-0.008266129032258096
2017-11-28	9813	9851	9766	9858	1425	0.0020329335230737655
2017-11-29	9856	9856	9804	9862	298	0.000405761817813044
2017-11-30	9826	9856	9788	9816	117239	-0.004664368282295661
2017-12-01	9817	9817	9728	9740	79	-0.007742461287693514
2017-12-04	9762	9838	9719	9846	117131	0.010882956878849992
2017-12-05	9795	9923	9771	9933	102381	0.008836075563680712
2017-12-06	9923	9923	9829	9838	101336	-0.009564079331521147
2017-12-07	9791	9817	9754	9799	205	-0.003964220369993887
2017-12-08	9829	9829	9740	9799	58	0.0
2017-12-11	9788	9788	9715	9748	104	-0.005204612715583257
2017-12-12	9775	9775	9703	9722	194	-0.002667213787443612
2017-12-13	9712	9846	9712	9854	749460	0.013577453198930334
2017-12-14	9864	9966	9838	9846	1634	-0.0008118530545970781
2017-12-15	9890	9890	9808	9885	86	0.0039609993906155605
2017-12-18	9851	9886	9822	9894	58516	0.0009104704097115945
2017-12-19	9908	9908	9826	9885	502916	-0.0009096422073984201
2017-12-20	9813	9872	9813	9881	24	-0.0004046535154274
2017-12-21	9838	9838	9744	9775	117091	-0.010727659143811352
2017-12-22	9791	9841	9758	9843	58616	0.006956521739130528
2017-12-26	9856	9876	9799	9824	220412	-0.0019303058010768925
2017-12-27	9856	9945	9838	9952	38	0.013029315960912058
2017-12-28	9895	10019	9895	10026	114	0.007435691318327997
2018-01-02	9950	9989	9928	9987	220629	-0.003889886295631362
2018-01-03	10024	10024	9954	10009	100076	0.002202863722839732
2018-01-04	10019	10019	9872	9920	101114	-0.008891997202517765
2018-01-05	9932	10028	9908	10035	53227	0.011592741935483764
2018-01-08	10066	10066	9959	10073	60130	0.003786746387643314
2018-01-09	10058	10105	9998	10068	99597	-0.0004963764519011482
2018-01-10	10031	10084	9998	10035	50819	-0.003277711561382568
2018-01-11	9998	9998	9908	9980	106	-0.005480817140009919
2018-01-12	9950	9998	9913	10005	117110	0.0025050100200401104
2018-01-15	10019	10049	9950	10005	221	0.0
2018-01-16	9970	10044	9950	10052	28	0.004697651174412787
2018-01-17	10014	10069	9989	10078	49939	0.0025865499403103787
2018-01-18	10066	10084	9998	10039	167109	-0.0038698154395713225
2018-01-19	10024	10079	10010	10068	1521	0.0028887339376431065
2018-01-22	10063	10063	9940	10014	117018	-0.005363528009535212
2018-01-23	10028	10100	10010	10106	1250	0.009187138006790496
2018-01-24	10100	10165	10093	10143	99729	0.003661191371462591
2018-01-25	10113	10165	10093	10156	198076	0.0012816720891255518
2018-01-26	10143	10169	10093	10174	1241	0.0017723513194169982
2018-01-29	10179	10305	10179	10291	50435	0.011499901710241733
2018-01-30	10222	10314	10188	10221	49025	-0.00680206005247308
2018-01-31	10179	10314	10140	10196	104698	-0.002445944623813756
2018-02-01	10199	10222	10195	10216	114	0.001961553550411832
2018-02-02	10184	10184	10024	10068	49759	-0.014487079091620947
2018-02-05	9950	10058	9881	10017	252944	-0.005065554231227676
2018-02-06	9799	9822	9690	9829	312	-0.01876809423979231
2018-02-07	9872	9872	9592	9627	496	-0.020551429443483538
2018-02-08	9678	9712	9356	9605	211097	-0.0022852394307676382
2018-02-09	9376	9406	9333	9398	243	-0.02155127537740764
2018-02-12	9376	9502	9376	9506	35	0.01149180676739725
2018-02-13	9557	9622	9497	9557	77	0.005365032610982645
2018-02-14	9615	9637	9562	9639	51	0.008580098357225063
2018-02-19	9762	9762	9651	9729	120	0.00933706816059754
2018-02-20	9703	9703	9601	9653	268	-0.007811696988385242
2018-02-21	9622	9678	9550	9682	79	0.003004247384232883
2018-02-22	9641	9641	9565	9587	41	-0.009812022309440227
2018-02-23	9641	9693	9597	9701	306	0.011891102534682396
2018-02-26	9740	9744	9693	9747	35	0.004741779198020879
2018-02-27	9804	9804	9728	9734	97	-0.0013337437160151344
2018-02-28	9698	9698	9622	9670	36	-0.006574892130675969
2018-03-02	9592	9592	9445	9514	50	-0.016132368148914167
2018-03-05	9492	9492	9364	9393	105	-0.01271809964263193
2018-03-06	9445	9488	9415	9467	28	0.007878207175556318
2018-03-07	9481	9514	9388	9477	50	0.0010563008344777192
2018-03-08	9518	9526	9427	9533	112	0.005909042946079968
2018-03-09	9526	9622	9526	9601	356	0.007133116542536344
2018-03-12	9681	9712	9627	9717	135	0.012082074783876573
2018-03-13	9708	9724	9668	9729	710	0.00123494905835142
2018-03-14	9637	9698	9618	9705	95	-0.0024668516805427254
2018-03-15	9693	9693	9588	9678	54	-0.002782071097372496
2018-03-16	9678	9678	9601	9682	81	0.00041330853482124397
2018-03-19	9655	9655	9588	9627	52123	-0.005680644494939102
2018-03-20	9553	9618	9521	9623	26218	-0.00041549807832141905
2018-03-21	9570	9627	9570	9630	24	0.0007274238802867927
2018-03-22	9668	9712	9632	9692	218	0.006438213914849333
2018-03-23	9492	9492	9388	9414	156	-0.028683450268262467
2018-03-26	9333	9450	9333	9458	84	0.004673889951136712
2018-03-27	9506	9506	9463	9506	172	0.005075068724889054
2018-03-28	9402	9402	9304	9332	29	-0.01830422890805805
2018-03-29	9333	9441	9333	9449	24	0.012537505357908207
2018-03-30	9450	9518	9450	9472	3043	0.0024341200126998253
2018-04-02	9458	9485	9415	9449	26	-0.0024282094594594295
2018-04-03	9322	9411	9295	9419	42	-0.0031749391469997335
2018-04-04	9388	9411	9304	9324	43	-0.010085996390274965
2018-04-05	9392	9418	9328	9409	66	0.009116259116259018
2018-04-06	9381	9384	9322	9384	269	-0.002657030502710156
2018-04-09	9338	9376	9313	9384	38	0.0
2018-04-10	9304	9402	9252	9409	46	0.00266410912190973
2018-04-11	9402	9402	9338	9389	116884	-0.0021256244021681248
2018-04-12	9376	9423	9364	9429	116944	0.0042603046117797305
2018-04-13	9445	9450	9406	9444	63	0.0015908367801462653
2018-04-16	9481	9481	9402	9477	116903	0.003494282083862821
2018-04-17	9463	9476	9432	9481	58561	0.0004220744961485057
2018-04-18	9526	9605	9502	9608	46	0.013395211475582647
2018-04-19	9641	9686	9610	9682	6198	0.0077019150707744455
2018-04-20	9651	9655	9615	9653	192	-0.002995248915513282
2018-04-23	9622	9724	9610	9729	880	0.007873200041437878
2018-04-24	9754	9754	9622	9709	35	-0.002055709733785549
2018-04-25	9605	9647	9557	9653	41	-0.005767844268204758
2018-04-26	9627	9698	9627	9696	733884	0.0044545737076555625
2018-04-27	9768	9815	9713	9753	647	0.005878712871287162
2018-04-30	9860	9872	9781	9880	139	0.013021634368912238
2018-05-02	9845	9895	9837	9902	51	0.002226720647773295
2018-05-03	9860	9886	9860	9876	2568	-0.0026257321753181406
2018-05-04	9850	9850	9724	9776	838	-0.010125556905629773
2018-05-08	9786	9797	9699	9743	152	-0.0033756137479541426
2018-05-09	9655	9704	9621	9630	14044	-0.011598070409524763
2018-05-10	9614	9673	9595	9678	45	0.004984423676012373
2018-05-11	9694	9720	9655	9701	96	0.002376524075222264
2018-05-14	9694	9704	9626	9674	212	-0.0027832182249252213
2018-05-15	9655	9655	9538	9577	151	-0.01002687616291087
2018-05-16	9507	9595	9507	9600	35	0.0024015871358462615
2018-05-17	9590	9614	9538	9568	33	-0.0033333333333332993
2018-05-18	9564	9564	9520	9568	135	0.0
2018-05-21	9578	9609	9528	9611	2329	0.004494147157190653
2018-05-23	9586	9636	9564	9638	39	0.0028092810321507233
2018-05-24	9659	9659	9528	9577	187	-0.006329113924050667
2018-05-25	9520	9560	9485	9564	124	-0.001357418815913114
2018-05-28	9573	9578	9542	9577	27	0.0013592639063153555
2018-05-29	9568	9568	9463	9496	712	-0.00845776339145865
2018-05-30	9437	9437	9205	9260	1033	-0.024852569502948563
2018-05-31	9271	9331	9271	9326	204072	0.007127429805615648
2018-06-01	9306	9375	9276	9369	356	0.0046107656015441645
2018-06-04	9366	9482	9366	9486	297	0.012487992315081575
2018-06-05	9485	9507	9396	9510	213	0.0025300442757747454
2018-06-07	9538	9604	9538	9604	1234	0.009884332281808517
2018-06-08	9523	9555	9523	9550	123	-0.005622657226155736
2018-06-11	9516	9659	9498	9664	28	0.011937172774869165
2018-06-12	9663	9663	9614	9652	3590	-0.0012417218543046005
2018-06-14	9573	9573	9477	9500	83	-0.015748031496062964
2018-06-15	9498	9498	9392	9413	16363	-0.009157894736842143
2018-06-18	9380	9427	9328	9378	83	-0.0037182619781154225
2018-06-19	9292	9354	9222	9234	108	-0.015355086372360827
2018-06-20	9319	9319	9222	9278	28892	0.004764998917045737
2018-06-21	9258	9258	9136	9147	27901	-0.014119422289286532
2018-06-22	9089	9187	9044	9195	55202	0.00524762217120367
2018-06-25	9187	9200	9085	9207	27677	0.0013050570962480634
2018-06-26	9128	9244	9109	9217	5770	0.0010861301183882066
2018-06-27	9178	9217	9143	9185	40	-0.0034718455028751594
2018-06-28	9105	9105	9049	9086	27	-0.010778443113772407
2018-06-29	9096	9118	9018	9121	50	0.0038520801232666546
2018-07-02	9093	9093	8867	8896	126	-0.024668347768885046
2018-07-03	8889	8902	8810	8891	69	-0.0005620503597122406
2018-07-04	8858	8889	8821	8876	24	-0.0016870993139129764
2018-07-05	8831	8884	8815	8886	170	0.0011266336187472081
2018-07-06	8880	8957	8880	8961	39	0.008440243079000709
2018-07-09	8957	9041	8936	9046	26	0.00948554848789196
2018-07-10	9049	9096	9028	9068	28	0.0024320141499005743
2018-07-11	8952	9018	8918	9024	34	-0.00485222761358628
2018-07-12	8997	9038	8957	8970	28	-0.005984042553191515
2018-07-13	8978	9114	8978	9121	831	0.01683389074693431
2018-07-16	9080	9114	9072	9107	26	-0.0015349194167306734
2018-07-17	9058	9085	9018	9090	26	-0.0018666959481716816
2018-07-18	9093	9133	9038	9082	28	-0.0008800880088009055
2018-07-19	9058	9085	9028	9058	83	-0.0026425897379431795
2018-07-20	9054	9096	8988	9103	31	0.0049679841024508065
2018-07-23	9063	9109	9054	9107	41	0.0004394155772822206
2018-07-24	9058	9105	9033	9112	24	0.0005490282200504293
2018-07-25	9123	9158	9118	9156	2350	0.004828797190518097
2018-07-26	9174	9196	9158	9190	10289	0.003713411970292624
2018-07-27	9200	9200	9118	9190	4612	0.0
2018-07-30	9133	9223	9133	9230	24	0.0043525571273121955
2018-07-31	9178	9218	9178	9226	24	-0.00043336944745397954
2018-08-01	9188	9241	9174	9217	34	-0.0009755040104053592
2018-08-02	9163	9163	9006	9051	187	-0.018010198546164702
2018-08-03	9006	9085	8992	9090	24	0.004308916141862795
2018-08-06	9096	9143	9093	9152	26	0.006820682068206851
2018-08-07	9109	9158	9089	9162	116	0.0010926573426572883
2018-08-08	9140	9192	9140	9190	47	0.0030561012879284366
2018-08-09	9162	9174	9109	9182	83	-0.0008705114254624613
2018-08-10	9109	9133	9080	9125	116	-0.006207797865388831
2018-08-13	9033	9041	8975	9037	176616	-0.009643835616438334
2018-08-14	9002	9089	8992	9082	156571	0.004979528604625472
2018-08-16	8943	9049	8939	9006	327199	-0.008368200836820106
2018-08-17	8988	9054	8975	9051	84	0.004996668887408351
2018-08-20	9041	9054	9010	9051	86	0.0
2018-08-21	8988	9063	8988	9068	938	0.001878245497735076
2018-08-22	9028	9072	9015	9063	997	-0.0005513895015438752
2018-08-23	9044	9054	8983	9058	1528	-0.0005516936996579069
2018-08-24	8997	9096	8997	9103	57280	0.0049679841024508065
2018-08-27	9085	9118	9038	9112	20549	0.0009886850488849408
2018-08-28	9105	9163	9105	9167	10359	0.006035996488147566
2018-08-29	9163	9170	9096	9167	37	0.0
2018-08-30	9163	9178	9109	9152	29	-0.0016363041343950835
2018-08-31	9075	9206	9072	9212	28	0.006555944055943952
2018-09-03	9136	9153	9105	9142	151	-0.0075987841945288626
2018-09-04	9105	9148	9072	9156	38	0.0015313935681469104
2018-09-05	9067	9109	9002	9041	60	-0.01256006989951941
2018-09-06	9033	9067	8992	9024	88003	-0.0018803229731224613
2018-09-07	8997	9015	8936	8993	60203	-0.0034352836879432136
2018-09-10	8943	9044	8943	9051	35	0.006449460691648978
2018-09-11	9015	9054	8997	9046	234	-0.0005524251463926433
2018-09-12	8997	9038	8975	9041	5518	-0.0005527304886137063
2018-09-13	9015	9072	9015	9068	9816	0.0029863953102533536
2018-09-14	9089	9153	9089	9159	27	0.010035288928098796
2018-09-17	9089	9109	9033	9086	63	-0.007970302434763599
2018-09-18	8997	9093	8997	9099	165	0.0014307726172133606
2018-09-19	9085	9093	9033	9099	195	0.0
2018-09-20	9114	9174	9109	9182	396	0.009121881525442355
2018-09-21	9178	9264	9174	9269	541	0.009475059899803906
2018-09-27	9223	9381	9223	9387	36	0.01273060740101406
2018-09-28	9355	9411	9346	9418	29	0.003302439544050184
2018-10-01	9411	9419	9371	9428	35	0.0010617965597792267
2018-10-02	9355	9411	9289	9334	311	-0.009970301230377565
2018-10-04	9325	9325	9218	9269	76	-0.0069637883008356605
2018-10-05	9264	9293	9192	9281	77089	0.0012946380407810043
2018-10-08	9214	9232	9201	9234	24	-0.0050641094709621415
2018-10-10	9210	9223	9153	9230	19256	-0.0004331817197313903
2018-10-11	9028	9080	8840	8845	19365	-0.041711809317443116
2018-10-12	8849	8927	8796	8886	24187	0.004635387224420473
2018-10-15	8821	8889	8796	8891	24	0.0005626828719333954
2018-10-16	8906	8906	8815	8865	62984	-0.0029243054774491517
2018-10-17	8902	9010	8902	9015	363	0.016920473773265554
2018-10-18	8927	8970	8914	8970	29786	-0.004991680532445919
2018-10-19	8867	8932	8810	8935	32	-0.0039018952062430667
2018-10-22	8849	9010	8849	9015	23	0.008953553441522155
2018-10-23	8932	8932	8765	8845	12128	-0.01885745978924014
2018-10-24	8844	8898	8826	8883	39	0.004296212549462997
2018-10-25	8681	8765	8681	8770	11300	-0.012720927614544686
2018-10-26	8712	8765	8611	8668	1224	-0.011630558722919071
2018-10-29	8627	8656	8566	8575	281	-0.010729118597138876
2018-10-30	8529	8585	8513	8534	441	-0.004781341107871762
2018-10-31	8529	8602	8488	8610	1205	0.008905554253573866
2018-11-01	8566	8612	8478	8509	30	-0.011730545876887377
2018-11-02	8521	8721	8521	8727	39	0.025619931836878607
2018-11-05	8607	8633	8525	8642	35	-0.009739887704824146
2018-11-06	8652	8687	8590	8693	146	0.005901411710252269
2018-11-07	8642	8713	8642	8693	75	0.0
2018-11-08	8770	8816	8721	8731	41	0.004371333256643295
2018-11-09	8699	8762	8682	8727	9889	-0.00045813767036995134
2018-11-12	8673	8766	8638	8770	140	0.004927237309499288
2018-11-13	8616	8726	8550	8731	9566	-0.0044469783352337755
2018-11-14	8668	8687	8612	8668	47	-0.00721566830832665
2018-11-15	8590	8695	8585	8703	33186	0.004037840332256515
2018-11-16	8703	8726	8664	8731	8027	0.0032172813972193293
2018-11-19	8691	8748	8677	8723	134836	-0.0009162753407399027
2018-11-20	8597	8699	8597	8707	16077	-0.0018342313424281054
2018-11-21	8581	8633	8545	8642	31853	-0.0074652578385207
2018-11-22	8597	8664	8597	8673	5016	0.0035871326081926558
2018-11-23	8621	8664	8554	8607	99	-0.007609823590453146
2018-11-26	8534	8616	8534	8613	12564	0.0006971070059254014
2018-11-27	8638	8687	8585	8688	1976	0.008707767328457017
2018-11-28	8638	8661	8590	8668	1044	-0.002302025782688788
2018-11-29	8708	8708	8647	8698	70	0.0034610059990771713
2018-11-30	8657	8687	8607	8642	7157	-0.006438261669349243
2018-12-03	8699	8775	8677	8761	19534	0.01376996065725522
2018-12-04	8730	8730	8642	8684	95	-0.008788951032987047
2018-12-05	8571	8661	8566	8668	12138	-0.0018424689083371693
2018-12-06	8612	8612	8529	8583	22526	-0.009806183664051726
2018-12-07	8566	8566	8525	8566	59	-0.00198065944308512
2018-12-10	8473	8483	8422	8473	551558	-0.010856876021480222
2018-12-11	8466	8478	8413	8469	542826	-0.0004720878083322999
2018-12-12	8466	8554	8466	8561	517345	0.010863147951351904
2018-12-13	8541	8585	8541	8575	521677	0.0016353229762877675
2018-12-14	8562	8602	8473	8534	562423	-0.004781341107871762
2018-12-17	8492	8539	8488	8512	514426	-0.0025779235997187566
2018-12-18	8439	8488	8439	8485	572052	-0.0031719924812030342
2018-12-19	8461	8541	8457	8547	515607	0.007307012374778932
2018-12-20	8473	8521	8469	8526	565039	-0.002457002457002422
2018-12-21	8504	8545	8443	8552	566030	0.003049495660333079
2018-12-24	8562	8562	8495	8557	876155	0.0005846585594013742
2018-12-26	8469	8492	8311	8455	887716	-0.011920065443496553
2018-12-27	8513	8554	8466	8516	530553	0.00721466587817865
2018-12-28	8513	8562	8495	8571	582662	0.006458431188351321
2019-01-02	8562	8562	8368	8424	8259	-0.01715085754287715
2019-01-03	8368	8399	8338	8363	145	-0.0072412155745489315
2019-01-04	8311	8387	8311	8389	45	0.0031089322013631016
2019-01-07	8434	8518	8434	8485	63	0.011443557038979701
2019-01-08	8483	8488	8422	8434	2119	-0.0060106069534472395
2019-01-09	8431	8539	8431	8534	62040	0.011856770215793233
2019-01-10	8539	8559	8509	8566	29947	0.003749707054136353
2019-01-11	8554	8585	8529	8592	31151	0.0030352556619193116
2019-01-14	8566	8581	8488	8539	438508	-0.006168528864059608
2019-01-15	8534	8682	8534	8688	383920	0.017449350040988465
2019-01-16	8682	8753	8652	8757	314762	0.007941988950276313
2019-01-17	8753	8806	8740	8809	381522	0.005938106657531028
2019-01-18	8806	8841	8792	8845	593176	0.004086729481212359
2019-01-21	8859	8876	8788	8833	321524	-0.0013566986998304609
2019-01-22	8816	8827	8743	8802	325749	-0.0035095663987320114
2019-01-23	8770	8822	8721	8814	311802	0.0013633265167007913
2019-01-24	8811	8907	8775	8910	326958	0.010891763104152519
2019-01-25	8912	9024	8885	9016	560271	0.011896745230078665
2019-01-28	8998	9041	8976	9016	315283	0.0
2019-01-29	9007	9041	8948	9047	300175	0.003438331854480836
2019-01-30	9039	9120	9003	9126	301881	0.008732176412070247
2019-01-31	9181	9190	9120	9157	310244	0.0033968880122725587
2019-02-01	9151	9244	9141	9178	302664	0.0022933275090095684
2019-02-07	9204	9204	9130	9173	300534	-0.0005447809980387852
2019-02-08	9115	9120	9011	9064	302855	-0.01188269922598928
2019-02-11	9051	9051	8963	9042	553504	-0.0024271844660194164
2019-02-12	9029	9091	9024	9083	296316	0.004534395045344031
2019-02-13	9130	9151	9087	9143	323731	0.0066057469998899165
2019-02-14	9107	9204	9065	9208	301405	0.007109263917751241
2019-02-15	9146	9151	9046	9104	292236	-0.011294526498696777
2019-02-18	9107	9181	9107	9163	299917	0.006480667838312915
2019-02-19	9130	9156	9093	9133	404686	-0.00327403688748229
2019-02-20	9141	9181	9125	9186	393070	0.00580313150114975
2019-02-21	9172	9195	9120	9199	494699	0.0014151970389724156
2019-02-22	9156	9200	9125	9204	376923	0.000543537341015421
2019-02-25	9204	9257	9190	9231	378225	0.002933507170795213
2019-02-26	9200	9204	9120	9157	368729	-0.00801646625501029
2019-02-27	9172	9209	9146	9213	371676	0.006115540024025368
2019-02-28	9204	9204	9098	9113	119548	-0.01085422772169764
2019-03-04	9103	9130	8998	9016	251630	-0.010644134752551326
2019-03-05	8993	8993	8948	8981	168352	-0.0038819875776398005
2019-03-06	8953	8993	8940	8998	156763	0.0018928849794008773
2019-03-07	8979	8979	8923	8966	156767	-0.0035563458546343796
2019-03-08	8890	8890	8806	8823	318086	-0.01594914120008928
2019-03-11	8854	8854	8792	8809	273655	-0.00158676187237905
2019-03-12	8881	8919	8845	8920	328782	0.012600749233738329
2019-03-13	8894	8894	8797	8862	272227	-0.00650224215246642
2019-03-14	8876	8899	8841	8901	271422	0.004400812457684422
2019-03-15	8867	9011	8867	9016	272964	0.012919896640826822
2019-03-18	9039	9039	8989	9021	410346	0.0005545696539486222
2019-03-19	9041	9041	8993	9025	434053	0.0004434098215275739
2019-03-20	8967	9019	8933	9025	334120	0.0
2019-03-21	8998	9098	8998	9057	337685	0.0035457063711912262
2019-03-22	9039	9073	9019	9064	342714	0.0007728828530417786
2019-03-25	8923	8936	8902	8928	331696	-0.015004413062665534
2019-03-26	8894	8928	8881	8897	521901	-0.00347222222222221
2019-03-27	8863	8907	8832	8910	352397	0.0014611666853996397
2019-03-28	8859	8881	8818	8881	322605	-0.0032547699214365844
2019-03-29	8849	8876	8811	8862	321806	-0.0021393987163608186
2019-04-01	8907	9003	8907	9007	284466	0.016361995034980925
2019-04-02	9041	9060	9007	9059	235670	0.005773287443099795
2019-04-03	9041	9120	9003	9126	281768	0.00739595981896457
2019-04-04	9107	9151	9077	9148	457166	0.002410694718387063
2019-04-05	9161	9176	9107	9129	320032	-0.002076956711849598
2019-04-08	9195	9195	9091	9129	223837	0.0
2019-04-09	9151	9151	9082	9091	216503	-0.004162558878299971
2019-04-10	9051	9141	9051	9148	216545	0.006269937300626971
2019-04-11	9141	9156	9077	9091	209965	-0.006230870135548794
2019-04-12	9111	9161	9069	9163	209762	0.007919920800792069
2019-04-15	9181	9216	9161	9199	235552	0.003928844264978748
2019-04-16	9200	9226	9176	9231	278070	0.0034786389824981168
2019-04-17	9221	9221	9168	9217	369651	-0.0015166287509479348
2019-04-18	9244	9244	9082	9100	235009	-0.012693935119887145
2019-04-19	9107	9111	9039	9059	231871	-0.004505494505494534
2019-04-22	9046	9069	8998	9057	237230	-0.00022077491996908005
2019-04-23	9051	9082	9015	9087	227256	0.003312355084465146
2019-04-24	9087	9120	8993	9064	235409	-0.002531088367998202
2019-04-25	9039	9046	8998	9047	217157	-0.00187555163283315
2019-04-26	9003	9003	8944	8981	275455	-0.007295235989830839
2019-04-29	8980	9093	8963	9098	215355	0.013027502505288835
2019-04-30	9114	9119	8999	9076	217840	-0.002418113871180516
2019-05-02	9026	9097	8990	9102	217111	0.002864698104892094
2019-05-03	9085	9085	9016	9034	212367	-0.007470885519666015
2019-05-07	8971	8990	8914	8993	6324	-0.004538410449413277
2019-05-08	8906	8990	8879	8981	1746	-0.0013343711775826161
2019-05-09	8906	8940	8748	8751	2726	-0.02560962030954239
2019-05-10	8785	8819	8717	8783	18438	0.0036567249457204465
2019-05-13	8725	8734	8662	8685	5930	-0.011157918706592329
2019-05-14	8593	8662	8581	8646	72960	-0.004490500863557845
2019-05-15	8593	8697	8593	8674	8336	0.003238491788110087
2019-05-16	8662	8662	8571	8601	126196	-0.008415955729767166
2019-05-17	8603	8617	8541	8555	2986	-0.005348215323799588
2019-05-20	8559	8635	8559	8623	536	0.007948568088836927
2019-05-21	8598	8717	8598	8690	10201	0.007769917662066472
2019-05-22	8662	8680	8608	8685	4945	-0.0005753739930954849
2019-05-23	8644	8685	8626	8690	56	0.0005757052389177009
2019-05-24	8593	8644	8593	8650	65	-0.004602991944764101
2019-05-27	8593	8654	8593	8660	55	0.0011560693641619046
2019-05-28	8613	8654	8598	8660	841	0.0
2019-05-29	8603	8603	8481	8550	9696	-0.012702078521939941
2019-05-30	8550	8603	8541	8610	296907	0.007017543859649145
2019-05-31	8545	8613	8541	8618	888	0.0009291521486642917
2019-06-03	8591	8730	8545	8733	306	0.01334416337897415
2019-06-04	8689	8739	8689	8742	263	0.0010305736860185544
2019-06-05	8757	8766	8697	8742	516	0.0
2019-06-07	8693	8762	8680	8733	201	-0.0010295126973233204
2019-06-10	8753	8817	8730	8819	51	0.009847704110844013
2019-06-11	8793	8851	8789	8856	60	0.004195487016668498
2019-06-12	8824	8847	8807	8842	110	-0.0015808491418247694
2019-06-13	8785	8785	8689	8787	13938	-0.006220312146573148
2019-06-14	8734	8775	8734	8779	4491	-0.0009104358711733429
2019-06-17	8730	8762	8730	8756	138	-0.002619888369973844
2019-06-18	8721	8807	8721	8810	9068	0.006167199634536269
2019-06-19	8869	8869	8851	8873	99	0.007150964812712823
2019-06-20	8824	8869	8824	8873	143	0.0
2019-06-21	8851	8883	8833	8878	7186	0.0005635072692438126
2019-06-24	8856	8888	8856	8890	93832	0.0013516557783284089
2019-06-25	8861	8906	8833	8878	242	-0.0013498312710911176
2019-06-26	8833	8897	8833	8864	18809	-0.0015769317413831807
2019-06-27	8866	8990	8866	8981	18955	0.013199458483754478
2019-06-28	8953	9004	8944	8966	64946	-0.001670192628883238
2019-07-01	9004	9004	8953	8958	22733	-0.0008922596475574585
2019-07-02	8936	8958	8914	8950	1783	-0.0008930564858227186
2019-07-03	8902	8923	8793	8819	15287	-0.01463687150837989
2019-07-04	8819	8927	8819	8922	499520	0.011679328722077331
2019-07-05	8918	8936	8851	8918	1568	-0.00044832997085852977
2019-07-08	8856	8856	8730	8747	55989	-0.019174702848172243
2019-07-09	8748	8770	8707	8716	397	-0.003544072253343966
2019-07-10	8739	8757	8721	8742	93	0.002983019733822756
2019-07-11	8766	8842	8766	8829	124	0.009951956074125023
2019-07-12	8824	8866	8807	8864	9819	0.003964208857175189
2019-07-15	8833	8869	8802	8868	748	0.0004512635379061436
2019-07-16	8866	8879	8819	8883	9521	0.001691474966170503
2019-07-17	8817	8833	8775	8837	19169	-0.005178430710345627
2019-07-18	8793	8798	8757	8802	39677	-0.003960620119950242
2019-07-19	8824	8914	8824	8904	15333	0.011588275391956282
2019-07-22	8874	8902	8861	8904	278	0.0
2019-07-23	8883	8958	8883	8955	1647	0.005727762803234393
2019-07-24	8948	8948	8851	8868	2889	-0.009715242881072061
2019-07-25	8851	8851	8770	8815	23697	-0.005976544880469059
2019-07-26	8725	8757	8712	8760	4577	-0.006239364719228591
2019-07-29	8712	8712	8608	8642	114817	-0.013470319634703243
2019-07-30	8635	8671	8603	8660	9047	0.0020828511918538073
2019-07-31	8593	8658	8559	8610	113803	-0.005773672055427226
2019-08-01	8550	8622	8533	8582	134849	-0.003252032520325243
2019-08-02	8502	8507	8454	8470	115181	-0.013050570962479635
2019-08-05	8418	8418	8318	8354	113407	-0.013695395513577346
2019-08-06	8187	8331	8147	8272	15483	-0.009815657170217817
2019-08-07	8267	8267	8169	8197	13111	-0.009066731141199269
2019-08-08	8215	8255	8178	8184	23201	-0.0015859460778333556
2019-08-09	8233	8260	8218	8234	2311	0.006109481915933523
2019-08-12	8255	8255	8201	8220	16922	-0.0017002671848432849
2019-08-13	8169	8169	8080	8107	1258	-0.013746958637469553
2019-08-14	8151	8192	8129	8147	479	0.004934007647711791
2019-08-16	8147	8147	8026	8116	190030	-0.0038050816251380404
2019-08-19	8156	8182	8129	8188	12228	0.008871365204534243
2019-08-20	8166	8255	8156	8242	6348	0.006595017098192546
2019-08-21	8196	8246	8196	8251	4627	0.0010919679689396222
2019-08-22	8233	8233	8196	8215	7515	-0.004363107502120989
2019-08-23	8156	8201	8156	8202	70	-0.0015824710894705163
2019-08-26	8076	8119	8048	8107	910	-0.011582540843696698
2019-08-27	8124	8139	8080	8121	7784	0.0017269026766990603
2019-08-28	8134	8178	8108	8169	2858	0.005910602142593202
2019-08-29	8147	8166	8124	8142	18449	-0.0033051781123760726
2019-08-30	8187	8285	8187	8290	389	0.01817735200196502
2019-09-02	8255	8304	8255	8290	818	0.0
2019-09-03	8242	8281	8196	8229	108407	-0.007358262967430584
2019-09-04	8196	8299	8196	8305	6798	0.009235630088710645
2019-09-05	8299	8440	8294	8388	4594	0.009993979530403374
2019-09-06	8390	8435	8390	8429	1299	0.004887935145445832
2019-09-09	8426	8498	8426	8491	3028	0.007355558191956435
2019-09-10	8493	8591	8493	8596	545	0.012366034624897049
2019-09-11	8617	8680	8613	8674	4026	0.0090739879013495
2019-09-16	8707	8730	8654	8729	517	0.006340788563523159
2019-09-17	8725	8725	8680	8721	593	-0.0009164852789551592
2019-09-18	8685	8730	8666	8733	1303	0.0013759889920881285
2019-09-19	8725	8798	8725	8760	21798	0.003091721058055663
2019-09-20	8753	8824	8753	8829	20625	0.007876712328767077
2019-09-23	8824	8833	8793	8837	1759	0.0009061048816401129
2019-09-24	8812	8847	8789	8852	4681	0.0016974086228358498
2019-09-25	8785	8838	8762	8765	1430	-0.009828287392679602
2019-09-26	8789	8819	8748	8806	917	0.0046776953793497
2019-09-27	8762	8762	8662	8700	362	-0.01203724733136502
2019-09-30	8658	8770	8658	8774	35981	0.008505747126436702
2019-10-01	8762	8798	8743	8751	76968	-0.002621381354000474
2019-10-02	8712	8712	8576	8591	27196	-0.018283624728602454
2019-10-04	8554	8617	8554	8559	7168	-0.0037248283086951384
2019-10-07	8571	8593	8529	8546	215189	-0.001518869026755465
2019-10-08	8571	8626	8554	8628	3205	0.00959513222560271
2019-10-10	8498	8541	8481	8518	5203	-0.012749188687992574
2019-10-11	8603	8671	8593	8637	8631	0.013970415590514262
2019-10-14	8712	8780	8712	8751	8771	0.013199027440083277
2019-10-15	8707	8770	8707	8738	11068	-0.0014855445091989106
2019-10-16	8817	8817	8743	8751	20955	0.0014877546349278958
2019-10-17	8739	8775	8739	8774	2818	0.0026282710547365085
2019-10-18	8753	8798	8680	8716	859	-0.00661043993617505
2019-10-21	8712	8730	8702	8721	3265	0.0005736576411197181
2019-10-22	8757	8842	8757	8847	15737	0.014447884416924683
2019-10-23	8812	8812	8753	8792	42124	-0.0062167966542330255
2019-10-24	8812	8817	8753	8819	803	0.00307097361237485
2019-10-25	8780	8780	8707	8770	57480	-0.005556185508561073
2019-10-28	8766	8789	8717	8738	46368	-0.0036488027366020637
2019-10-29	8753	8775	8697	8733	59521	-0.0005722133211261138
2019-10-30	8697	8697	8603	8646	3055288	-0.009962212298179285
2019-10-31	8635	8697	8608	8628	88837	-0.002081887578070818
2019-11-01	8608	8685	8608	8690	62561	0.007185906351413918
2019-11-04	8707	8812	8707	8806	93760	0.01334867663981587
2019-11-05	8819	8866	8798	8868	45331	0.007040654099477628
2019-11-06	8842	8906	8833	8837	92809	-0.0034957149300857138
2019-11-07	8833	8861	8802	8864	146193	0.0030553355211044853
2019-11-08	8914	8923	8861	8878	116481	0.0015794223826715026
2019-11-11	8888	8892	8829	8833	332083	-0.0050687091687317
2019-11-12	8866	8911	8842	8913	101566	0.009056945545114825
2019-11-13	8892	8892	8824	8847	79051	-0.007404914170312971
2019-11-14	8824	8874	8793	8878	46433	0.0035040126596586063
2019-11-15	8869	8976	8842	8966	75327	0.009912142374408628
2019-11-18	8948	8953	8902	8945	149171	-0.0023421815748382313
2019-11-19	8918	8936	8838	8940	39011	-0.0005589714924538747
2019-11-20	8897	8923	8869	8873	275613	-0.007494407158836647
2019-11-21	8874	8874	8717	8770	91652	-0.011608249746421717
2019-11-22	8785	8807	8762	8802	49744	0.0036488027366019526
2019-11-25	8874	8911	8829	8864	659	0.007043853669620459
2019-11-26	8851	8927	8851	8868	126517	0.0004512635379061436
2019-11-27	8888	8911	8838	8899	195	0.0034957149300856027
2019-11-28	8819	8874	8819	8852	52255	-0.0052814923025058524
2019-11-29	8833	8833	8697	8721	43834	-0.014798915499322218
2019-12-02	8725	8753	8712	8733	2346	0.0013759889920881285
2019-12-03	8680	8685	8626	8690	524	-0.004923852055422007
2019-12-04	8630	8635	8591	8642	15233	-0.005523590333716966
2019-12-05	8654	8685	8608	8637	10342	-0.0005785697755149588
2019-12-06	8644	8697	8644	8690	2555	0.0061363899502142605
2019-12-09	8739	8762	8717	8765	2448	0.008630609896432606
2019-12-10	8702	8789	8702	8792	4208	0.0030804335424985396
2019-12-11	8762	8817	8748	8819	20681	0.00307097361237485
2019-12-12	8856	8948	8856	8935	2875	0.0131534187549609
2019-12-13	9036	9097	9036	9098	280727	0.018242865137101383
2019-12-16	9080	9114	9058	9081	3276	-0.0018685425368212272
2019-12-17	9080	9177	9072	9182	2853	0.011122123114194471
2019-12-18	9156	9245	9156	9240	36610	0.006316706599869271
2019-12-19	9237	9237	9187	9240	318	0.0
2019-12-20	9228	9241	9187	9245	14533	0.00054112554112562
2019-12-23	9255	9255	9200	9223	1003	-0.0023796646836127255
2019-12-24	9218	9228	9151	9191	329773	-0.003469586902309474
2019-12-26	9173	9205	9156	9209	498914	0.0019584376020018723
2019-12-27	9340	9375	9278	9371	189863	0.017591486589206173
2019-12-30	9335	9358	9273	9307	8016	-0.006829580621064979
2020-01-02	9264	9264	9134	9152	3987	-0.016654131299022268
2020-01-03	9196	9245	9102	9178	5216	0.0028409090909091717
2020-01-06	9124	9124	9036	9089	24961	-0.009697101765090421
2020-01-07	9102	9141	9080	9125	7197	0.003960831774672657
2020-01-08	9012	9040	8963	9034	3639	-0.009972602739726
2020-01-09	9129	9151	9063	9156	24451	0.013504538410449518
2020-01-10	9151	9191	9110	9195	2697	0.004259501965923951
2020-01-13	9156	9223	9129	9218	738	0.002501359434475159
2020-01-14	9264	9327	9264	9298	28830	0.008678672163159096
2020-01-15	9260	9286	9232	9272	3683	-0.0027963002796300707
2020-01-16	9245	9344	9232	9348	62903	0.008196721311475308
2020-01-17	9348	9392	9317	9362	21226	0.001497646555412846
2020-01-20	9411	9460	9375	9431	58798	0.0073702200384533345
2020-01-21	9411	9433	9340	9348	575	-0.008800763439720027
2020-01-22	9299	9428	9299	9435	328	0.009306803594351765
2020-01-23	9383	9383	9295	9331	57215	-0.011022787493375708
2020-01-28	9058	9114	8967	9022	1290	-0.03311542171257098
2020-01-29	9016	9072	9004	9049	1809	0.0029926845488805753
2020-01-30	9040	9040	8861	8899	5091	-0.016576417283677758
2020-01-31	8932	8936	8824	8829	3190	-0.007866052365434362
2020-02-03	8658	8817	8658	8760	2904	-0.007815154604145391
2020-02-04	8757	8883	8757	8864	12808	0.01187214611872145
2020-02-05	8888	8948	8888	8940	2691	0.008574007220216506
2020-02-06	9008	9200	9008	9205	1539	0.029642058165548102
2020-02-07	9129	9129	9036	9121	4682	-0.009125475285171047
2020-02-10	9072	9072	8940	9030	2345	-0.009976976208749044
2020-02-11	9016	9119	9016	9081	1593	0.005647840531561421
2020-02-12	9067	9151	9036	9156	993	0.008259002312520636
2020-02-13	9151	9177	9089	9093	4239	-0.006880733944954143
2020-02-14	9072	9138	9040	9116	2867	0.0025294182338062576
2020-02-17	9110	9110	9008	9054	1704	-0.0068012286090390894
2020-02-18	8958	8994	8888	8913	1056	-0.015573227302849602
2020-02-19	8932	8971	8838	8908	22576	-0.0005609783462358076
2020-02-20	8936	8958	8817	8856	2164	-0.005837449483610202
2020-02-21	8785	8785	8707	8721	3131	-0.015243902439024404
2020-02-24	8581	8581	8381	8384	11127	-0.038642357527806426
2020-02-25	8281	8471	8281	8474	26593	0.010734732824427384
2020-02-26	8290	8418	8290	8380	83116	-0.011092754307292951
2020-02-27	8358	8376	8308	8339	1035	-0.004892601431980892
2020-02-28	8264	8264	8089	8121	65655	-0.026142223288164068
2020-03-02	8119	8161	8021	8126	1326	0.0006156877231868751
2020-03-03	8326	8326	8103	8133	3556	0.0008614324390843198
2020-03-04	8124	8308	8021	8295	7403	0.01991884913316122
2020-03-05	8386	8386	8267	8344	13836	0.005907172995780696
2020-03-06	8228	8233	8119	8165	30621	-0.021452540747842752
2020-03-09	8021	8021	7780	7825	18091	-0.04164115125535828
2020-03-10	7700	7843	7700	7834	375579	0.0011501597444090184
2020-03-11	7865	7865	7623	7671	28788	-0.02080673985192749
2020-03-12	7546	7588	7297	7389	8180	-0.03676183026984747
2020-03-13	6670	7165	6665	7115	1809	-0.03708214914061447
2020-03-16	7148	7148	6919	6928	23121	-0.02628250175685176
2020-03-17	6472	6867	6472	6688	59545	-0.034642032332563466
2020-03-18	6762	6762	6381	6388	3292	-0.044856459330143594
2020-03-19	6300	6503	5769	5835	335959	-0.0865685660613651
2020-03-20	5911	6243	5856	6247	2317	0.07060839760068549
2020-03-23	5902	5939	5732	5830	524	-0.06675204097967025
2020-03-24	5960	6288	5893	6291	9821	0.07907375643224701
2020-03-25	6403	6772	6403	6776	2203	0.07709426164361788
2020-03-26	6772	6928	6682	6688	5363	-0.012987012987012991
2020-03-27	6900	6983	6691	6906	11651	0.032595693779904344
2020-03-30	6752	6871	6646	6870	5425	-0.005212858384013863
2020-03-31	6867	6987	6798	6941	969	0.010334788937409023
2020-04-01	6779	6919	6623	6651	848	-0.04178072323872639
2020-04-02	6567	6821	6549	6825	6258	0.02616147947677039
2020-04-03	6893	6893	6696	6821	5901	-0.0005860805860805618
2020-04-06	6757	7041	6757	7036	4515	0.03152030494062452
2020-04-07	7103	7196	7058	7179	13932	0.020324047754405994
2020-04-08	7076	7170	7076	7099	615	-0.01114361331661795
2020-04-09	7274	7274	7090	7211	3557	0.01577686998168759
2020-04-10	7140	7341	7140	7345	1276	0.018582720843156375
2020-04-13	7252	7301	7179	7220	2715	-0.01701837985023824
2020-04-14	7165	7341	7165	7345	50888	0.01731301939058172
2020-04-16	7315	7315	7165	7268	4070	-0.010483321987746819
2020-04-17	7327	7493	7327	7458	75663	0.0261419922949917
2020-04-20	7510	7510	7327	7376	9800	-0.010994904800214589
2020-04-21	7354	7354	7156	7255	2719	-0.016404555314533664
2020-04-22	7220	7293	7090	7296	1204	0.0056512749827704045
2020-04-23	7310	7359	7284	7345	2958	0.006716008771929793
2020-04-24	7341	7341	7228	7260	2760	-0.011572498298161982
2020-04-27	7256	7470	7252	7476	20270	0.02975206611570247
2020-04-28	7503	7545	7429	7513	2403	0.004949170679507731
2020-04-29	7527	7630	7522	7579	9362	0.008784773060029227
2020-05-04	7484	7484	7331	7359	5679	-0.029027576197387495
2020-05-06	7379	7456	7374	7419	884	0.008153281695882697
2020-05-07	7397	7451	7369	7419	658	0.0
2020-05-08	7484	7494	7421	7452	35835	0.004448038819247824
2020-05-11	7536	7536	7369	7373	2772	-0.01060118089103601
2020-05-12	7364	7364	7224	7261	3305	-0.015190560151905563
2020-05-13	7178	7300	7178	7299	1982	0.005233438920258848
2020-05-14	7249	7249	7188	7251	82720	-0.006576243321002928
2020-05-15	7341	7341	7234	7275	5679	0.003309888291270102
2020-05-18	7304	7314	7239	7311	1594	0.004948453608247361
2020-05-19	7565	7565	7479	7564	3513	0.0346053891396525
2020-05-20	7479	7550	7479	7526	4213	-0.005023796932839719
2020-05-21	7527	7550	7507	7536	762	0.0013287270794579698
2020-05-22	7489	7517	7350	7377	6558	-0.02109872611464969
2020-05-25	7374	7429	7341	7433	3519	0.007591161718855988
2020-05-26	7470	7573	7429	7551	4421	0.01587515135207851
2020-05-27	7545	7653	7545	7637	3782	0.011389219970864728
2020-05-28	7713	7773	7635	7683	16935	0.006023307581511039
2020-05-29	7610	7736	7583	7687	1140	0.0005206299622544375
2020-06-01	7686	7810	7686	7815	7333	0.016651489527774066
2020-06-02	7861	8011	7788	8004	19603	0.024184261036468424
2020-06-03	8146	8430	8146	8367	21271	0.045352323838080855
2020-06-04	8576	8599	8270	8316	4913	-0.0060953746862675295
2020-06-05	8340	8406	8234	8362	4712	0.005531505531505498
2020-06-08	8614	8614	8354	8372	14998	0.0011958861516383479
2020-06-09	8449	8467	8239	8354	15803	-0.0021500238891543066
2020-06-10	8364	8364	8234	8284	5870	-0.008379219535551874
2020-06-11	8224	8224	7974	8102	9061	-0.021970062771607957
2020-06-12	7755	7834	7731	7828	27940	-0.033818810170328284
2020-06-15	7783	7783	7442	7448	4512	-0.04854368932038833
2020-06-16	7653	7848	7601	7828	1207	0.05102040816326525
2020-06-17	7773	7810	7696	7796	2013	-0.004087889626980035
2020-06-18	7793	7801	7713	7801	771	0.0006413545407901733
2020-06-19	7927	7927	7691	7815	1471	0.0017946417126009084
2020-06-22	7778	7778	7691	7702	1737	-0.014459373000639819
2020-06-23	7806	7806	7588	7646	513	-0.007270838743183572
2020-06-24	7736	7797	7658	7758	2446	0.014648182055976955
2020-06-25	7691	7691	7532	7555	15010	-0.026166537767465803
2020-06-26	7708	7708	7593	7679	5102	0.016412971542025145
2020-06-29	7620	7620	7498	7508	1596	-0.022268524547467083
2020-06-30	7663	7663	7555	7579	15546	0.009456579648374985
2020-07-01	7704	7704	7625	7642	1011	0.00831244227470651
2020-07-02	7722	7722	7653	7707	286	0.00850562679926714
2020-07-03	7793	7793	7696	7730	724	0.0029842999870248743
2020-07-06	7839	7861	7727	7865	5862	0.017464424320827954
2020-07-07	7996	7996	7745	7773	1735	-0.011697393515575305
2020-07-08	7820	7820	7717	7749	6846	-0.0030876109610189495
2020-07-09	7745	7764	7713	7721	2120	-0.0036133694670279493
2020-07-10	7773	7773	7540	7591	1687	-0.01683719725424171
2020-07-13	7717	7745	7601	7740	1248	0.01962850744302469
2020-07-14	7736	7778	7681	7782	16897	0.005426356589147252
2020-07-15	7857	7941	7848	7907	25497	0.016062708815214544
2020-07-16	7932	7941	7871	7921	389	0.0017705830276970591
2020-07-17	7945	7978	7932	7963	1747	0.005302360813028706
2020-07-20	8024	8024	7918	8014	2052	0.0064046213738540025
2020-07-21	8071	8113	8011	8107	7651	0.011604691789368626
2020-07-22	8173	8196	8066	8074	47875	-0.004070556309362261
2020-07-23	8066	8066	7918	7982	2588	-0.011394599950458217
2020-07-24	7954	8019	7927	7963	2981	-0.0023803558005512926
2020-07-27	7969	8080	7969	8042	3388	0.00992088408891112
2020-07-28	8109	8210	8104	8201	3491	0.01977120119373299
2020-07-29	8252	8284	8178	8270	2602	0.008413608096573544
2020-07-30	8332	8346	8252	8279	111408	0.001088270858524698
2020-07-31	8299	8322	8146	8163	915	-0.014011354028264256
2020-08-03	8215	8215	8076	8088	68061	-0.009187798603454644
2020-08-04	8084	8224	8084	8215	1446	0.01570227497527199
2020-08-05	8289	8289	8169	8210	1541	-0.000608642726719455
2020-08-06	8224	8455	8224	8390	17527	0.02192448233861155
2020-08-07	8500	8500	8313	8372	11030	-0.0021454112038140627
2020-08-10	8492	8625	8426	8625	18074	0.030219780219780112
2020-08-11	8667	8865	8606	8849	71990	0.02597101449275363
2020-08-12	8761	8924	8714	8927	16891	0.00881455531698494
2020-08-13	8946	9032	8893	9007	26168	0.00896157723759372
2020-08-14	8942	8942	8765	8858	10317	-0.01654268901965139
2020-08-18	8850	8850	8524	8592	4137	-0.030029351998193676
2020-08-19	8676	8709	8596	8653	2621	0.007099627560521515
2020-08-20	8588	8588	8248	8284	5020	-0.04264416965214379
2020-08-21	8322	8455	8322	8409	3112	0.015089328826653814
2020-08-24	8407	8455	8285	8428	13275	0.0022594838863123634
2020-08-25	8550	8625	8519	8630	4871	0.023967726625534036
2020-08-26	8593	8593	8464	8526	2157	-0.012050984936268883
2020-08-27	8528	8528	8398	8428	3094	-0.011494252873563204
2020-08-28	8455	8551	8422	8475	4001	0.00557664926435697
2020-08-31	8611	8611	8384	8405	7312	-0.008259587020648995
2020-09-01	8435	8515	8388	8493	1519	0.010469958358120257
2020-09-02	8578	8578	8422	8479	5572	-0.0016484163428706067
2020-09-03	8588	8601	8532	8582	1257	0.012147658922042615
2020-09-04	8285	8459	8285	8438	2558	-0.01677930552318807
2020-09-07	8435	8568	8407	8559	5990	0.014339890969424118
2020-09-08	8676	8676	8611	8648	1470	0.010398411029325816
2020-09-09	8588	8606	8519	8582	3217	-0.0076318223866790325
2020-09-10	8681	8681	8606	8658	123112	0.00885574458168259
2020-09-11	8672	8672	8551	8620	5822	-0.004389004389004358
2020-09-14	8695	8808	8690	8792	17732	0.0199535962877031
2020-09-15	8841	8846	8770	8811	3555	0.00216105550500445
2020-09-16	8822	8832	8756	8820	4985	0.0010214504596526286
2020-09-17	8780	8817	8699	8750	1708	-0.007936507936507908
2020-09-18	8719	8742	8639	8686	3893	-0.007314285714285718
2020-09-21	8732	8780	8625	8701	13938	0.001726916877734297
2020-09-22	8658	8676	8468	8488	1116	-0.024479944833927125
2020-09-23	8519	8559	8426	8541	1479	0.006244109330820091
2020-09-24	8402	8435	8337	8372	26614	-0.019786910197869156
2020-09-25	8370	8431	8370	8418	1886	0.005494505494505475
2020-09-28	8519	8541	8468	8521	40325	0.012235685435970645
2020-09-29	8606	8606	8541	8587	51961	0.007745569768806471
2020-10-05	8629	8770	8629	8764	30343	0.020612553860486882
2020-10-06	8803	8822	8690	8731	4185	-0.0037654039251483473
2020-10-07	8723	8808	8644	8787	3511	0.006413927385179319
2020-10-08	8780	8874	8775	8792	6551	0.0005690224194834226
2020-10-12	8794	8869	8794	8871	2996	0.008985441310282116
2020-10-13	8888	8888	8813	8866	3014	-0.0005636343140570377
2020-10-14	8883	8883	8719	8769	16064	-0.010940672230994819
2020-10-15	8723	8723	8686	8722	418	-0.005359790169916723
2020-10-16	8803	8803	8606	8658	398	-0.007337766567301118
2020-10-19	8723	8794	8719	8783	6366	0.014437514437514398
2020-10-20	8761	8817	8719	8820	24179	0.004212683593305178
2020-10-21	8832	8893	8817	8862	3813	0.004761904761904745
2020-10-22	8893	8912	8813	8913	3625	0.005754908598510466
2020-10-23	8907	9070	8907	9058	56193	0.016268372040839196
2020-10-26	9055	9092	8984	9017	31735	-0.004526385515566389
2020-10-27	8869	8951	8865	8908	5522	-0.01208827769768217
2020-10-28	8912	8934	8836	8936	758	0.0031432420296362285
2020-10-29	8803	8822	8719	8792	56391	-0.0161145926589078
2020-10-30	8672	8761	8583	8591	1513	-0.02286169244767966
2020-11-02	8639	8803	8621	8797	3232	0.023978582237224932
2020-11-03	8865	8938	8860	8936	11428	0.015800841195862336
2020-11-04	8952	8990	8822	8862	20931	-0.008281110116383217
2020-11-05	8920	9033	8912	9035	4406	0.01952155269690814
2020-11-06	9033	9033	8976	8997	3773	-0.004205866076369635
2020-11-09	9089	9140	9056	9115	21706	0.013115482938757417
2020-11-10	9186	9257	9163	9255	70875	0.015359297860669141
2020-11-11	9271	9486	9271	9473	102668	0.023554835224203208
2020-11-12	9477	9477	9330	9372	108952	-0.010661881135859863
2020-11-13	9354	9401	9289	9367	111146	-0.0005335040546308178
2020-11-16	9396	9655	9396	9638	99612	0.02893135475605857
2020-11-17	9658	9687	9598	9638	81755	0.0
2020-11-18	9668	9687	9547	9614	96724	-0.00249014318323304
2020-11-19	9570	9580	9477	9571	430609	-0.004472644060744768
2020-11-20	9457	9626	9457	9605	108571	0.003552397868561208
2020-11-23	9603	9807	9580	9797	128664	0.019989588755856325
2020-11-24	9812	9873	9771	9830	143035	0.0033683780749209635
2020-11-25	9869	9915	9706	9802	130564	-0.002848423194303118
2020-11-26	9807	9850	9743	9853	122509	0.005203019791879315
2020-11-27	9850	9864	9793	9840	143517	-0.0013193951080888722
2020-11-30	9915	9915	9580	9581	161978	-0.026321138211382156
2020-12-01	9738	9779	9678	9769	42110	0.01962216887590018
2020-12-02	9789	9925	9789	9919	55086	0.015354693417954701
2020-12-03	9873	9981	9850	9975	89189	0.0056457304163726185
2020-12-04	9981	10135	9981	10123	309630	0.014837092731829538
2020-12-07	10122	10135	9971	10111	92422	-0.0011854193420922643
2020-12-08	10031	10056	9920	9970	44418	-0.013945208189100944
2020-12-09	9967	10144	9967	10147	51404	0.01775325977933795
2020-12-10	10127	10149	10031	10123	48276	-0.002365231102788967
2020-12-11	10149	10276	10149	10269	302848	0.014422601995455864
2020-12-14	10262	10272	10163	10231	58964	-0.0037004576881877194
2020-12-15	10220	10224	10079	10189	14679	-0.004105170560062543
2020-12-16	10220	10267	10163	10226	81227	0.003631367160663368
2020-12-17	10201	10201	10074	10171	66701	-0.0053784470956386166
2020-12-18	10107	10201	10107	10166	9470	-0.0004915937469275322
2020-12-21	10163	10182	10051	10185	23970	0.0018689750147551365
2020-12-22	10196	10196	10051	10079	39462	-0.01040746195385367
2020-12-23	10102	10177	9996	10161	39900	0.008135727750768984
2020-12-24	10215	10379	10215	10371	132367	0.02066725715972839
2020-12-28	10550	10550	10375	10419	210096	0.0046282904252241686
2020-12-29	10495	10538	10424	10531	109683	0.010749592091371607
2020-12-30	10528	10669	10439	10671	136568	0.013294084132561057
2021-01-04	10739	10813	10565	10778	124681	0.010027176459563192
2021-01-05	10748	10907	10673	10906	46148	0.011876043792911517
2021-01-06	10917	11047	10831	10901	18791	-0.00045846323124887345
2021-01-07	10950	11290	10950	11204	71201	0.02779561508118511
2021-01-08	11464	11626	11023	11629	46474	0.03793288111388793
2021-01-11	11780	12038	11472	11704	36833	0.006449393756986943
2021-01-12	11701	11701	11369	11639	37552	-0.005553656869446311
2021-01-13	11598	11794	11589	11713	13421	0.006357934530457854
2021-01-14	11710	11710	11570	11644	22670	-0.005890890463587484
2021-01-15	11640	11753	11393	11404	18907	-0.020611473720370976
2021-01-18	11167	11318	11075	11195	16372	-0.018326902841108383
2021-01-19	11280	11459	11172	11447	10579	0.022510049129075504
2021-01-20	11454	11497	11262	11437	10345	-0.000873591333974022
2021-01-21	11505	11505	11360	11493	59909	0.004896388913176564
2021-01-22	11589	11589	11318	11357	17770	-0.011833289828591331
2021-01-25	11210	11514	11210	11517	29618	0.014088227524874597
2021-01-26	11570	11570	11196	11228	16941	-0.02509334027958665
2021-01-27	11295	11318	11122	11144	9087	-0.007481296758104716
2021-01-28	10977	11023	10818	10913	4087	-0.020728643216080367
2021-01-29	10972	11023	10606	10647	74561	-0.02437459910198847
2021-02-01	10615	10884	10522	10885	7174	0.02235371466140701
2021-02-02	11070	11146	10940	11011	10524	0.011575562700964603
2021-02-03	11014	11136	10922	11069	42279	0.005267459812914321
2021-02-04	11127	11127	10846	10918	20372	-0.01364170205077242
2021-02-05	10884	11127	10884	11130	60049	0.01941747572815533
2021-02-08	11131	11220	11009	11139	29388	0.0008086253369272711
2021-02-09	11263	11263	11113	11115	1930	-0.002154591974144915
2021-02-10	11113	11168	11047	11166	1044	0.004588394062078338
2021-02-15	11187	11361	11187	11298	12511	0.01182160128962928
2021-02-16	11296	11357	11239	11317	25484	0.0016817135776243664
2021-02-17	11338	11342	11215	11285	4373	-0.002827604488822133
2021-02-18	11173	11272	11075	11087	45748	-0.017545414266725734
2021-02-19	11085	11154	10917	11157	16250	0.006313700730585348
2021-02-22	11093	11305	11093	11125	8647	-0.0028681545218248727
2021-02-23	11113	11239	11056	11195	13532	0.006292134831460627
2021-02-24	11192	11248	11027	11049	4111	-0.013041536400178688
2021-02-25	11239	11379	11163	11382	22789	0.030138474070051657
2021-02-26	11047	11182	11032	11092	4167	-0.025478826216833617
2021-03-02	11361	11379	11136	11223	94252	0.01181031373963215
2021-03-03	11220	11370	11182	11372	40678	0.013276307582642755
2021-03-04	11370	11370	11220	11293	67257	-0.006946887091100917
2021-03-05	11225	11314	11182	11285	193233	-0.0007084034357566216
2021-03-08	11432	11440	11300	11321	34491	0.0031900753212228405
2021-03-09	11319	11478	11258	11420	56063	0.008744810529105251
2021-03-10	11473	11473	11220	11293	54432	-0.011120840630472806
2021-03-11	11291	11460	11291	11395	125158	0.009032143805897563
2021-03-12	11394	11483	11314	11453	57711	0.005089951733216358
2021-03-15	11450	11493	11399	11461	81696	0.0006985069414127132
2021-03-16	11531	11539	11436	11527	124407	0.005758659802809429
2021-03-17	11531	11531	11384	11456	36203	-0.006159451722043907
2021-03-18	11564	11564	11460	11499	39469	0.0037534916201116264
2021-03-19	11521	11521	11352	11415	48031	-0.0073049830420036654
2021-03-22	11502	11516	11379	11471	86938	0.004905825667980812
2021-03-23	11576	11576	11403	11415	64174	-0.004881876035219279
2021-03-24	11370	11370	11277	11307	38262	-0.009461235216819963
2021-03-25	11309	11407	11239	11372	35300	0.005748651277969419
2021-03-26	11498	11498	11403	11485	48488	0.009936686598663425
2021-03-29	11564	11564	11399	11518	19791	0.0028733130169786847
2021-03-30	11516	11618	11516	11612	82070	0.008161139086646951
2021-03-31	11608	11703	11608	11654	147691	0.003616947984843355
2021-04-01	11745	11745	11586	11649	54815	-0.0004290372404324172
2021-04-02	11623	11778	11623	11767	142355	0.01012962486050295
2021-04-05	11867	11867	11731	11856	103298	0.007563525112602942
2021-04-06	11852	11943	11750	11833	144221	-0.001939946018893357
2021-04-07	11829	11910	11806	11902	138301	0.005831150173244426
2021-04-08	11905	11905	11801	11866	117714	-0.0030247017308014934
2021-04-09	11885	11890	11745	11776	84077	-0.00758469576942522
2021-04-12	11791	11834	11726	11795	73136	0.001613451086956541
2021-04-13	11787	11862	11778	11846	41664	0.004323866044934288
2021-04-14	11877	11928	11796	11931	45658	0.007175417862569589
2021-04-15	12017	12050	11910	12014	348840	0.0069566675048193805
2021-04-16	12012	12050	11938	11971	65705	-0.0035791576494089705
2021-04-19	11971	12008	11943	11976	76317	0.00041767605045528455
2021-04-20	11966	12102	11938	12104	78988	0.010688042752170945
2021-04-21	12092	12092	11881	11954	129638	-0.012392597488433577
2021-04-22	11998	12083	11951	12037	71343	0.006943282583235844
2021-04-23	12036	12171	11948	12175	106501	0.011464650660463649
2021-04-26	12171	12274	12087	12278	242177	0.008459958932238276
2021-04-27	12383	12383	12214	12334	161259	0.004561003420752607
2021-04-28	12425	12425	12246	12329	289909	-0.00040538349278418373
2021-04-29	12423	12423	12187	12227	163956	-0.00827317706221109
2021-04-30	12159	12298	12159	12198	137322	-0.002371800114500666
2021-05-03	12230	12302	12135	12146	151882	-0.004262993933431658
2021-05-04	12159	12235	12086	12232	67487	0.007080520335912999
2021-05-06	12120	12491	12120	12493	368727	0.0213374754741662
2021-05-07	12611	12611	12452	12574	217013	0.006483630833266529
2021-05-10	12635	12776	12573	12772	503203	0.015746779067917993
2021-05-11	12650	12747	12563	12729	393274	-0.0033667397431882407
2021-05-12	12727	12727	12370	12493	401031	-0.018540340953727696
2021-05-13	12239	12596	12239	12459	366651	-0.002721524053469926
2021-05-14	12568	12568	12423	12503	302818	0.003531583594188925
2021-05-17	12524	12529	12298	12339	149330	-0.013116851955530695
2021-05-18	12403	12558	12398	12512	107497	0.014020585136558905
2021-05-20	12471	12476	12346	12420	195310	-0.007352941176470562
2021-05-21	12418	12510	12283	12324	170784	-0.007729468599033784
2021-05-24	12370	12432	12293	12420	128856	0.00778967867575453
2021-05-25	12437	12500	12403	12483	87769	0.005072463768115876
2021-05-26	12423	12529	12418	12517	138260	0.002723704237763469
2021-05-27	12481	12495	12375	12406	116246	-0.00886793960214105
2021-05-28	12442	12558	12437	12517	160854	0.008947283572464881
2021-05-31	12563	12582	12461	12584	137289	0.005352720300391578
2021-06-01	12645	12674	12466	12627	152248	0.00341703750794653
2021-06-02	12582	12698	12582	12661	85842	0.0026926427496634098
2021-06-03	12732	12732	12659	12704	208496	0.0033962562198879276
2021-06-04	12698	12698	12611	12641	96409	-0.004959068010075618
2021-06-07	12645	12713	12577	12695	100387	0.004271813938770741
2021-06-08	12766	12766	12620	12670	108028	-0.001969279243796751
2021-06-09	12688	12688	12539	12545	86362	-0.009865824782951838
2021-06-10	12616	12616	12476	12522	106841	-0.0018333997608609431
2021-06-11	12568	12582	12481	12545	197416	0.0018367672895702736
2021-06-14	12544	12544	12432	12474	61982	-0.005659625348744535
2021-06-15	12510	12510	12413	12493	73507	0.0015231681898348892
2021-06-16	12500	12635	12500	12584	116537	0.007284079084287187
2021-06-17	12650	12650	12524	12565	177682	-0.001509853782581061
2021-06-18	12587	12587	12476	12507	131028	-0.004615996816553891
2021-06-21	12408	12408	12220	12290	164538	-0.017350283841048975
2021-06-22	12288	12398	12288	12381	105508	0.007404393816110577
2021-06-23	12380	12418	12312	12344	122313	-0.002988450044422941
2021-06-24	12408	12461	12317	12449	44638	0.008506156837329915
2021-06-25	12476	12635	12476	12636	130299	0.015021286850349425
2021-06-28	12640	12693	12577	12695	108952	0.004669199113643607
2021-06-29	12693	12693	12524	12550	135670	-0.011421819614021222
2021-06-30	12539	12563	12495	12550	104070	0.0
2021-07-01	12558	12558	12398	12406	71780	-0.01147410358565737
2021-07-02	12466	12476	12395	12444	34466	0.0030630340157988822
2021-07-05	12442	12515	12403	12435	36178	-0.0007232401157184487
2021-07-06	12432	12491	12432	12488	44698	0.0042621632488941685
2021-07-07	12471	12471	12331	12353	44250	-0.010810377962844342
2021-07-08	12336	12408	12278	12285	44311	-0.005504735691734819
2021-07-09	12230	12230	12023	12083	194227	-0.01644281644281642
2021-07-12	12164	12312	12164	12281	65797	0.016386658942315613
2021-07-13	12365	12403	12322	12368	31697	0.007084113671525172
2021-07-14	12380	12380	12239	12315	137849	-0.004285252263906858
2021-07-15	12398	12423	12307	12425	30957	0.00893219650832311
2021-07-16	12298	12408	12283	12396	112968	-0.0023340040241448534
2021-07-19	12351	12351	12254	12295	14375	-0.008147789609551426
2021-07-20	12230	12235	12172	12237	40548	-0.004717364782431899
2021-07-21	12268	12273	12187	12198	14042	-0.0031870556508948322
2021-07-22	12322	12390	12298	12353	45684	0.012707001147729047
2021-07-23	12447	12447	12365	12425	63244	0.005828543673601638
2021-07-26	12491	12491	12307	12329	29579	-0.007726358148893331
2021-07-27	12327	12403	12312	12329	1868	0.0
2021-07-28	12361	12398	12312	12396	17494	0.005434341795766073
2021-07-29	12467	12477	12414	12435	27428	0.003146176185866434
2021-07-30	12424	12424	12312	12334	22843	-0.008122235625251273
2021-08-02	12361	12385	12264	12348	41760	0.0011350737797957144
2021-08-03	12375	12399	12302	12391	8752	0.0034823453190799825
2021-08-04	12491	12559	12390	12560	69405	0.013638931482527594
2021-08-05	12501	12569	12487	12512	23970	-0.003821656050955413
2021-08-06	12535	12545	12419	12440	43101	-0.005754475703324768
2021-08-09	12438	12477	12414	12449	19417	0.0007234726688103432
2021-08-10	12453	12453	12317	12348	30905	-0.00811310145393207
2021-08-11	12395	12395	12327	12353	14432	0.00040492387431156907
2021-08-12	12351	12399	12293	12315	10231	-0.003076175827734118
2021-08-13	12327	12327	12072	12155	25513	-0.01299228583028822
2021-08-17	12169	12172	12043	12072	28308	-0.006828465651995019
2021-08-18	12101	12101	11989	12096	10031	0.001988071570576455
2021-08-19	12096	12096	11786	11803	14321	-0.024222883597883604
2021-08-20	11728	11849	11589	11643	75320	-0.013555875624841174
2021-08-23	11699	11834	11699	11764	17284	0.010392510521343379
2021-08-24	11824	12033	11824	12019	10103	0.021676300578034713
2021-08-25	12115	12164	12033	12130	30283	0.00923537731924462
2021-08-26	12169	12169	12047	12087	5479	-0.003544929925803797
2021-08-27	12110	12110	12013	12087	3560	0.0
2021-08-30	12164	12164	12004	12053	4428	-0.002812939521800284
2021-08-31	12018	12235	11975	12232	8464	0.014851074421305954
2021-09-01	12149	12346	12149	12319	27935	0.007112491824722067
2021-09-02	12375	12375	12254	12295	4116	-0.0019482100819872006
2021-09-03	12385	12385	12244	12305	4792	0.0008133387555917526
2021-09-06	12336	12341	12273	12344	7428	0.0031694433157252178
2021-09-07	12341	12341	12216	12276	142318	-0.005508749189889861
2021-09-08	12273	12307	12235	12305	62039	0.0023623330074942217
2021-09-09	12244	12302	12169	12300	74890	-0.000406338886631441
2021-09-10	12273	12273	12172	12266	17339	-0.0027642276422764622
2021-09-13	12298	12346	12235	12348	138490	0.006685145931844216
2021-09-14	12409	12482	12365	12396	106078	0.0038872691933915515
2021-09-15	12375	12419	12317	12396	47270	0.0
2021-09-16	12414	12414	12322	12368	36514	-0.0022587931590836163
2021-09-17	12395	12395	12283	12396	7024	0.0022639068564036524
2021-09-23	12395	12395	12259	12348	20812	-0.0038722168441432947
2021-09-24	12312	12414	12312	12358	18906	0.0008098477486233602
2021-09-27	12356	12443	12322	12396	31621	0.0030749312186437727
2021-09-28	12395	12414	12356	12368	11871	-0.0022587931590836163
2021-09-29	12307	12322	12172	12252	20853	-0.00937904269081502
2021-09-30	12254	12361	12202	12344	14699	0.007508978126020249
2021-10-01	12341	12341	12172	12227	13463	-0.009478289047310406
2021-10-05	12192	12216	12038	12116	15153	-0.009078269403778538
2021-10-06	12135	12244	12028	12028	24768	-0.007263123142951522
2021-10-07	12101	12159	12076	12135	34067	0.008895909544396341
2021-10-08	12206	12206	12013	12053	20891	-0.006757313555830202
2021-10-12	12043	12052	11844	11913	53253	-0.011615365469177852
2021-10-13	11887	11980	11868	11966	7727	0.0044489213464282695
2021-10-14	12067	12067	11950	11999	4510	0.0027578138057831048
2021-10-15	12120	12125	12057	12121	18438	0.010167513959496555
2021-10-18	12197	12197	12033	12140	12102	0.0015675274317301646
2021-10-19	12211	12211	12125	12174	29616	0.0028006589785831704
2021-10-20	12172	12216	12120	12169	7673	-0.00041071135206172116
2021-10-21	12135	12235	12135	12218	6400	0.004026625030816078
2021-10-22	12239	12244	12159	12203	10398	-0.0012276968407267663
2021-10-25	12254	12283	12149	12276	117784	0.005982135540440803
2021-10-26	12365	12365	12235	12339	14945	0.00513196480938416
2021-10-27	12385	12385	12182	12218	10386	-0.009806305211119248
2021-10-28	12245	12245	12067	12067	26067	-0.01235881486331647
2021-10-29	12177	12187	11916	11947	40073	-0.009944476671915115
2021-11-01	12023	12023	11902	11985	12599	0.0031807148238052196
2021-11-02	12091	12164	12038	12101	55797	0.009678765123070532
2021-11-03	12182	12182	11936	11970	14387	-0.01082555160730514
2021-11-04	12043	12086	11994	11995	14667	0.002088554720133695
2021-11-05	12115	12115	11849	11894	24834	-0.008420175072947012
2021-11-08	11970	11980	11844	11980	12168	0.007230536404910115
2021-11-09	11980	12052	11926	11957	4535	-0.0019198664440734925
2021-11-10	11941	11941	11834	11865	17373	-0.0076942376850380745
2021-11-11	11834	11834	11753	11753	15490	-0.00943952802359882
2021-11-12	11766	11941	11766	11928	12748	0.014889815366289527
2021-11-15	12047	12047	11921	12004	14328	0.006371562709590828
2021-11-16	12018	12028	11955	12028	8004	0.0019993335554815417
2021-11-17	12067	12067	11829	11850	49447	-0.014798802793481891
2021-11-18	11887	11887	11738	11797	9187	-0.004472573839662486
2021-11-19	11800	11839	11753	11840	4092	0.0036449944901246756
2021-11-22	11839	11994	11815	11952	13950	0.009459459459459474
2021-11-23	11989	12086	11989	12053	37101	0.00845046854082998
2021-11-24	12130	12130	11989	12048	8722	-0.0004148344810420701
2021-11-25	12091	12091	11941	11947	10576	-0.00838313413014613
2021-11-26	11999	11999	11743	11768	21162	-0.014982840880555792
2021-11-29	11607	11724	11525	11666	8902	-0.008667573079537694
2021-11-30	11757	11757	11264	11347	24137	-0.027344419681124665
2021-12-01	11462	11568	11308	11555	16262	0.01833083634440813
2021-12-02	11534	11762	11437	11753	6912	0.01713543920380789
2021-12-03	11824	11912	11704	11894	5589	0.011996936952267445
2021-12-06	11926	12028	11805	11990	6022	0.008071296451992671
2021-12-07	12043	12081	11955	12067	12178	0.006422018348623881
2021-12-08	12177	12216	12052	12077	24348	0.0008287063893261948
2021-12-09	12164	12164	12052	12140	4388	0.005216527283265604
2021-12-10	12177	12177	12052	12092	24651	-0.003953871499176254
2021-12-13	12154	12216	12062	12092	8981	0.0
2021-12-14	12076	12076	11989	12062	7855	-0.0024809791597750763
2021-12-15	12062	12062	11980	12053	22047	-0.0007461449179240187
2021-12-16	12177	12177	12018	12092	1629	0.0032357089521279914
2021-12-17	12120	12240	12062	12242	9649	0.012404895798875382
2021-12-20	12260	12260	12101	12116	9127	-0.010292435876490758
2021-12-21	12125	12221	12115	12169	18563	0.004374380983823034
2021-12-22	12274	12274	12216	12247	15777	0.0064097296408907045
2021-12-23	12362	12362	12265	12300	10135	0.0043275904303095025
2021-12-24	12366	12366	12303	12324	23079	0.0019512195121951237
2021-12-27	12279	12342	12279	12319	16521	-0.0004057124310289373
2021-12-28	12318	12376	12303	12377	30765	0.004708174364802309
2021-12-29	12405	12449	12342	12348	54752	-0.0023430556677708214
2021-12-30	12415	12415	12274	12295	16833	-0.004292193067703232
2022-01-03	12342	12381	12269	12329	27164	0.0027653517690118257
2022-01-04	12362	12410	12308	12396	24830	0.005434341795766073
2022-01-05	12400	12449	12332	12396	51229	0.0
2022-01-06	12274	12376	12274	12319	10612	-0.006211681187479834
2022-01-07	12415	12415	12308	12401	13488	0.0066563844467895095
2022-01-10	12463	12517	12415	12517	286156	0.009354084348036418
2022-01-11	12565	12598	12507	12575	114093	0.0046336981704881985
2022-01-12	12608	12715	12608	12716	160693	0.011212723658051704
2022-01-13	12715	12773	12710	12760	249594	0.0034602076124568004
2022-01-14	12758	12758	12574	12643	16208	-0.009169278996865149
2022-01-17	12651	12651	12502	12537	65392	-0.008384086055524764
2022-01-18	12507	12598	12488	12498	9244	-0.0031107920555156765
2022-01-19	12415	12671	12415	12575	30780	0.006160985757721171
2022-01-20	12574	12598	12459	12493	15347	-0.006520874751491101
2022-01-21	12488	12488	12362	12488	6487	-0.00040022412551032893
2022-01-24	12502	12502	12255	12324	52557	-0.013132607303010913
2022-01-25	12318	12318	11999	12048	22404	-0.022395326192794496
2022-01-26	12164	12197	12115	12169	4818	0.010043160690571096
2022-01-27	12062	12062	11820	11878	15993	-0.023913222121784816
2022-01-28	11926	12067	11849	12038	2994	0.013470281192119904
2022-02-03	12241	12270	12178	12203	7036	0.013706595780029973
2022-02-04	12309	12338	12203	12339	8545	0.011144800458903648
2022-02-07	12421	12421	12241	12315	18558	-0.0019450522732797904
2022-02-08	12401	12479	12275	12344	6085	0.0023548518067397772
2022-02-09	12430	12556	12421	12557	22523	0.017255346727154786
2022-02-10	12605	12629	12527	12596	27259	0.003105837381540244
2022-02-11	12595	12619	12469	12605	32759	0.0007145125436647248
2022-02-14	12571	12571	12363	12407	13337	-0.015708052360174585
2022-02-15	12513	12513	12270	12334	18539	-0.005883775288143767
2022-02-16	12493	12493	12367	12475	11182	0.01143181449651376
2022-02-17	12571	12610	12421	12513	30155	0.0030460921843686872
2022-02-18	12498	12523	12406	12523	3329	0.000799168864381139
2022-02-21	12426	12464	12309	12465	37656	-0.004631478080332152
2022-02-22	12406	12406	12261	12368	8902	-0.007781789009225881
2022-02-23	12363	12411	12324	12363	1409	-0.0004042690815005967
2022-02-24	12299	12299	12101	12188	20014	-0.01415514033810561
2022-02-25	12227	12227	12096	12130	14016	-0.004758779127010171
2022-02-28	12125	12251	12115	12252	17163	0.010057708161582912
2022-03-02	12256	12256	12086	12125	19073	-0.010365654587006223
2022-03-03	12266	12295	12203	12266	23417	0.011628865979381509
2022-03-04	12261	12261	12106	12222	7698	-0.0035871514756237177
2022-03-07	12115	12115	11921	11965	24445	-0.02102765504827364
2022-03-08	11853	11853	11747	11815	10188	-0.012536564981195153
2022-03-10	11980	12110	11980	12024	6551	0.017689377909437143
2022-03-11	12081	12081	11965	12067	2333	0.0035761809713905635
2022-03-14	12120	12144	12052	12145	5147	0.006463909836744941
2022-03-15	12203	12203	12057	12101	6282	-0.0036228900782214746
2022-03-16	12203	12203	12062	12140	6454	0.003222874142632781
2022-03-17	12353	12353	12203	12203	13248	0.0051894563426688745
2022-03-18	12261	12261	12149	12261	4962	0.004752929607473533
2022-03-21	12314	12314	12135	12155	9750	-0.008645298099665633
2022-03-22	12246	12304	12207	12305	7183	0.01234060057589459
2022-03-23	12363	12455	12358	12450	8509	0.011783827712312123
2022-03-24	12455	12455	12382	12421	3737	-0.0023293172690762587
2022-03-25	12459	12459	12367	12407	11900	-0.0011271234200145308
2022-03-28	12450	12527	12367	12528	11881	0.009752559039251985
2022-03-29	12586	12586	12464	12508	3923	-0.0015964240102170901
2022-03-30	12586	12586	12426	12445	22575	-0.0050367764630636636
2022-03-31	12552	12595	12527	12576	37989	0.010526315789473717
2022-04-01	12571	12576	12469	12576	13266	0.0
2022-04-04	12576	12619	12556	12620	7651	0.003498727735368856
2022-04-05	12673	12673	12479	12528	16963	-0.007290015847860487
2022-04-06	12523	12547	12464	12508	17662	-0.0015964240102170901
2022-04-07	12552	12552	12396	12421	15633	-0.006955548448992599
2022-04-08	12503	12503	12367	12436	7954	0.0012076322357297276
2022-04-11	12493	12542	12411	12533	47261	0.007799935670633751
2022-04-12	12542	12542	12426	12436	20397	-0.007739567541689918
2022-04-13	12552	12552	12440	12518	8301	0.006593760051463393
2022-04-14	12537	12537	12459	12508	22705	-0.0007988496564946823
2022-04-15	12513	12513	12329	12353	10806	-0.01239206907579149
2022-04-18	12372	12392	12285	12373	7960	0.0016190399093338748
2022-04-19	12406	12493	12396	12494	9318	0.009779358280125994
2022-04-20	12493	12498	12416	12479	3845	-0.0012005762766127415
2022-04-21	12600	12600	12503	12552	14331	0.005849827710553646
2022-04-22	12552	12571	12440	12571	4986	0.0015137029955385461
2022-04-25	12527	12527	12372	12402	12004	-0.013443640124095158
2022-04-26	12484	12484	12324	12358	12343	-0.0035478148685695876
2022-04-27	12236	12236	12101	12140	25012	-0.017640394885903854
2022-04-28	12245	12305	12130	12300	6033	0.01317957166392092
2022-04-29	12380	12395	12285	12395	9067	0.007723577235772439
2022-05-02	12370	12370	12295	12365	10039	-0.0024203307785397588
2022-05-03	12370	12425	12345	12360	1518	-0.0004043671653861658
2022-05-04	12415	12460	12400	12415	22523	0.004449838187702282
2022-05-06	12385	12385	12290	12340	8020	-0.006041079339508704
2022-05-09	12305	12335	12200	12235	12571	-0.008508914100486265
2022-05-10	12150	12150	11985	12120	22355	-0.009399264405394403
2022-05-11	12055	12055	11945	11955	9028	-0.013613861386138626
2022-05-12	11890	12035	11860	11950	5922	-0.0004182350480970154
2022-05-13	12010	12175	11940	12175	4427	0.01882845188284521
2022-05-16	12250	12250	12140	12160	4769	-0.001232032854209475
2022-05-17	12205	12265	12205	12255	10821	0.0078125
2022-05-18	12300	12310	12195	12235	29749	-0.001631986944104491
2022-05-19	11995	12065	11995	12045	2259	-0.015529219452390719
2022-05-20	12055	12220	12055	12200	4879	0.012868410128684005
2022-05-23	12260	12260	12160	12200	14857	0.0
2022-05-24	12235	12260	12115	12120	5178	-0.006557377049180357
2022-05-25	12200	12215	12140	12140	6538	0.0016501650165017256
2022-05-26	12140	12240	12105	12110	6683	-0.0024711696869851307
2022-05-27	12250	12290	12230	12255	19788	0.011973575557390648
2022-05-30	12350	12425	12345	12390	9198	0.01101591187270512
2022-05-31	12395	12450	12325	12435	11236	0.00363196125907983
2022-06-02	12390	12390	12245	12290	6687	-0.011660635303578637
2022-06-03	12350	12360	12285	12305	3892	0.0012205044751831817
2022-06-07	12265	12265	12140	12155	9314	-0.012190166598943564
2022-06-08	12175	12185	12135	12150	9274	-0.00041135335252984184
2022-06-09	12125	12140	12080	12120	6141	-0.0024691358024691024
2022-06-10	12040	12040	11970	12035	7035	-0.0070132013201320564
2022-06-13	11815	11850	11685	11685	22812	-0.029081844619858743
2022-06-14	11545	11670	11495	11625	28422	-0.005134788189987138
2022-06-15	11615	11620	11430	11480	23706	-0.012473118279569873
2022-06-16	11590	11625	11450	11465	11896	-0.0013066202090592505
2022-06-17	11215	11400	11205	11340	9355	-0.010902747492368081
2022-06-20	11380	11380	11085	11170	21433	-0.014991181657848296
2022-06-21	11225	11255	11150	11190	4558	0.001790510295434089
2022-06-22	11255	11255	10930	10930	5066	-0.0232350312779267
2022-06-23	10925	10975	10785	10810	4368	-0.010978956999085132
2022-06-24	10890	11020	10810	10975	5836	0.015263644773358065
2022-06-27	11010	11135	10940	11060	10257	0.0077448747152619735
2022-06-28	11105	11180	11070	11180	1346	0.010849909584086825
2022-06-29	11080	11100	11015	11025	17369	-0.013864042933810383
2022-06-30	10985	11010	10870	10890	4276	-0.01224489795918371
2022-07-01	10965	11010	10830	10850	7162	-0.0036730945821854544
2022-07-04	10885	10900	10735	10860	12580	0.0009216589861751334
2022-07-05	10930	10960	10870	10955	16611	0.008747697974217372
2022-07-06	10860	10860	10560	10565	8345	-0.03560018256503883
2022-07-07	10630	10740	10580	10680	10772	0.010884997633696214
2022-07-08	10735	10825	10725	10775	7789	0.00889513108614226
2022-07-11	10805	10805	10710	10730	8415	-0.004176334106728574
2022-07-12	10705	10705	10575	10625	3122	-0.009785647716682222
2022-07-13	10660	10665	10595	10610	2035	-0.0014117647058823346
2022-07-14	10545	10585	10510	10520	3586	-0.008482563619227168
