Date	Open	High	Low	Close	Volume	Change
2017-03-28	9552	9567	9515	9517	147	
2017-03-29	9592	9592	9592	9594	1	0.008090784911211513
2017-03-30	9722	9740	9722	9744	12	0.01563477173233263
2017-03-31	9750	9750	9717	9719	23	-0.0025656814449918075
2017-04-03	9727	9750	9669	9672	8	-0.004835888465891558
2017-04-04	9659	9659	9659	9662	1	-0.0010339123242348869
2017-04-05	9640	9765	9626	9752	4687	0.00931484164769203
2017-04-06	9687	9687	9682	9685	31	-0.006870385561935977
2017-04-07	9687	9707	9621	9709	4199	0.0024780588538977355
2017-04-10	9736	9736	9644	9647	30	-0.006385827582655268
2017-04-11	9654	9654	9654	9657	0	0.0010365916865346936
2017-04-12	9692	9692	9631	9662	116	0.00051775913844887
2017-04-13	9760	9760	9760	9762	5	0.010349824052991119
2017-04-14	9697	9697	9697	9700	0	-0.006351157549682407
2017-04-17	9692	9692	9626	9627	32	-0.0075257731958763285
2017-04-18	9659	9659	9659	9662	0	0.003635608185312167
2017-04-19	9659	9669	9659	9672	60	0.0010349824052990897
2017-04-20	9597	9597	9552	9580	189	-0.00951199338296116
2017-04-21	9697	9697	9697	9700	0	0.012526096033402823
2017-04-24	9697	9736	9677	9734	11122	0.003505154639175334
2017-04-25	9740	9900	9740	9896	6717	0.01664269570577348
2017-04-26	9957	9981	9895	9955	8042	0.005962004850444513
2017-04-27	9856	9880	9836	9883	4992	-0.007232546459065792
2017-04-28	9880	9895	9880	9896	56	0.0013153900637459248
2017-05-02	9981	10020	9871	9874	21247	-0.002223120452708116
2017-05-04	10010	10053	10010	10051	14447	0.01792586591047196
2017-05-08	10078	10149	10043	10153	4319	0.010148243955825365
2017-05-10	10299	10337	10130	10153	5538	0.0
2017-05-11	10178	10342	10178	10345	139	0.018910666797990805
2017-05-12	10352	10395	10299	10302	1165	-0.004156597390043482
2017-05-15	10342	10342	10246	10307	462	0.0004853426519122461
2017-05-16	10400	10400	10313	10321	197	0.0013583001843406883
2017-05-17	10386	10386	10318	10325	411	0.0003875593450246573
2017-05-18	10241	10280	10241	10273	352	-0.005036319612590767
2017-05-19	10303	10377	10303	10377	123	0.010123625036503547
2017-05-22	10342	10362	10342	10364	1041	-0.001252770550255411
2017-05-23	10381	10467	10381	10387	1717	0.0022192203782323006
2017-05-24	10452	10492	10437	10493	92	0.010205064022335675
2017-05-25	10492	10492	10395	10397	1420	-0.009148956447155299
2017-05-26	10558	10602	10558	10600	1912	0.019524862941233012
2017-05-29	10712	10786	10702	10706	1109	0.010000000000000009
2017-05-30	10746	10866	10660	10776	535	0.006538389688025337
2017-05-31	10776	10796	10702	10740	627	-0.0033407572383074013
2017-06-01	10741	10741	10617	10676	301780	-0.005959031657355673
2017-06-02	10688	10846	10688	10851	173	0.01639190708130389
2017-06-05	10856	10901	10822	10879	346	0.0025804073357293955
2017-06-07	10958	11045	10891	11019	16156	0.01286882985568516
2017-06-08	11025	11180	11025	11176	3275	0.014248116889009843
2017-06-09	11190	11190	11107	11176	2647	0.0
2017-06-12	10976	11015	10721	10750	15242	-0.038117394416607
2017-06-13	10810	11079	10810	11080	3635	0.030697674418604715
2017-06-14	11185	11260	11060	11090	5760	0.0009025270758122872
2017-06-15	11065	11223	11050	11225	15464	0.01217312894499556
2017-06-16	11140	11329	11140	11205	623	-0.0017817371937639548
2017-06-19	11180	11484	11180	11475	2073	0.024096385542168752
2017-06-20	11627	11627	11444	11539	8130	0.005577342047930367
2017-06-21	11339	11549	11314	11554	20327	0.0012999393361643463
2017-06-22	11675	11762	11622	11754	6000	0.017310022503029154
2017-06-23	11753	11776	11665	11778	1926	0.0020418580908627693
2017-06-26	11919	12233	11919	12226	9980	0.03803701816946847
2017-06-27	12277	12407	12127	12360	13916	0.010960248650417226
2017-06-28	12175	12243	11915	11943	26841	-0.03373786407766988
2017-06-29	12098	12122	11878	11943	24042	0.0
2017-06-30	11748	11993	11699	11994	8210	0.0042702838482793215
2017-07-03	11964	11964	11589	11702	37488	-0.024345506086376534
2017-07-04	11776	11795	11680	11764	5634	0.0052982396171594726
2017-07-05	11819	12123	11819	12067	8636	0.02575654539272354
2017-07-06	12132	12132	11910	11966	13001	-0.008369934532195256
2017-07-07	11853	12002	11799	11846	5201	-0.010028413839211048
2017-07-10	11929	11978	11824	11859	6823	0.0010974168495694325
2017-07-11	11853	12021	11743	12024	14592	0.013913483430306073
2017-07-12	12074	12074	11819	11869	32549	-0.012890884896872956
2017-07-13	11979	12228	11964	12178	9004	0.02603420675709822
2017-07-14	12295	12295	12021	12096	12667	-0.006733453769091846
2017-07-17	12213	12305	12132	12308	14715	0.017526455026455112
2017-07-18	12300	12392	12286	12375	14619	0.005443613909652312
2017-07-19	12334	12363	12123	12168	17079	-0.016727272727272702
2017-07-20	12199	12199	11887	12009	185629	-0.01306706114398426
2017-07-21	11944	12127	11944	12086	22827	0.006411857773336749
2017-07-24	12079	12147	12045	12130	5147	0.0036405758729107784
2017-07-25	12142	12142	11896	11948	19992	-0.015004122011541665
2017-07-26	11944	11944	11535	11624	21454	-0.027117509206561752
2017-07-27	11665	11785	11525	11620	137088	-0.00034411562284930586
2017-07-28	11632	11632	11075	11135	55380	-0.04173838209982783
2017-07-31	10986	11280	10986	11235	7613	0.00898069151324643
2017-08-01	11236	11362	11170	11306	27863	0.006319537160658584
2017-08-02	11474	11645	11474	11649	11075	0.03033787369538299
2017-08-03	11650	11650	11256	11374	4686	-0.023607176581680878
2017-08-04	11454	11459	11324	11436	5744	0.005451028661860313
2017-08-07	11520	11545	11454	11465	1983	0.002535851696397362
2017-08-08	11540	11540	11439	11470	1175	0.000436109899694781
2017-08-09	11376	11376	11111	11115	4309	-0.03095030514385355
2017-08-10	11050	11155	10911	11075	31344	-0.003598740440845738
2017-08-11	10871	10986	10851	10931	24513	-0.013002257336343082
2017-08-14	11089	11223	11070	11176	5044	0.022413319915835617
2017-08-16	11358	11391	11300	11359	95005	0.016374373657838115
2017-08-17	11376	11484	11376	11460	2007	0.008891627784135991
2017-08-18	11290	11474	11290	11460	1822	0.0
2017-08-21	11574	11574	11459	11534	878	0.006457242582897038
2017-08-22	11632	11670	11579	11649	11149	0.009970521935148247
2017-08-23	11804	11824	11718	11803	18231	0.013220018885741203
2017-08-24	11799	11868	11771	11827	1622	0.002033381343726104
2017-08-25	11795	11843	11743	11818	4561	-0.0007609706603534105
2017-08-28	11767	11814	11636	11673	2563	-0.0122694195295312
2017-08-29	11574	11613	11479	11615	56312	-0.004968731260173054
2017-08-30	11738	11905	11733	11909	1989	0.025312096427033914
2017-08-31	11969	11988	11924	11980	7428	0.005961877571584617
2017-09-01	12055	12055	11853	11918	187281	-0.0051752921535893615
2017-09-04	11569	11843	11569	11764	1550	-0.012921631146165513
2017-09-05	11762	11883	11690	11884	1424	0.010200612036722179
2017-09-06	11905	12002	11878	11889	131282	0.0004207337596768834
2017-09-07	11988	12079	11964	11966	2667	0.0064765749852804255
2017-09-08	12103	12142	12036	12101	127779	0.01128196556911254
2017-09-11	12218	12454	12218	12452	90398	0.029005867283695475
2017-09-12	12556	12556	12348	12399	84339	-0.00425634436235145
2017-09-13	12492	12681	12412	12607	168575	0.016775546415033427
2017-09-14	12681	12753	12613	12702	3822	0.0075354961529308095
2017-09-15	12685	12825	12637	12808	3833	0.008345142497244495
2017-09-18	12858	13022	12858	13015	10284	0.01616177389131801
2017-09-19	13012	13012	12748	12905	94266	-0.008451786400307304
2017-09-20	12979	12979	12647	12649	13303	-0.019837272375048398
2017-09-21	12690	12690	12415	12514	8186	-0.01067278045695308
2017-09-22	12483	12593	12208	12241	2456	-0.021815566565446698
2017-09-25	12218	12440	12218	12438	1537	0.016093456416959473
2017-09-26	12343	12402	12118	12125	14518	-0.02516481749477406
2017-09-27	12194	12263	12151	12153	90549	0.00230927835051542
2017-09-28	12286	12286	11954	11975	920	-0.014646589319509573
2017-09-29	11974	12064	11799	12067	7284	0.0076826722338203535
2017-10-10	12253	12479	12161	12438	46588	0.03074500704400429
2017-10-11	12502	12637	12492	12639	3409	0.016160154365653545
2017-10-12	12613	12613	12373	12438	1606	-0.015903156895323955
2017-10-13	12420	12420	12272	12273	6203	-0.013265798359864966
2017-10-16	12290	12334	11934	12014	86155	-0.02110323474293163
2017-10-17	12108	12171	12069	12106	1487	0.007657732645247162
2017-10-18	12103	12142	11915	11933	2361	-0.014290434495291549
2017-10-19	11954	12007	11834	11864	88947	-0.005782284421352535
2017-10-20	11901	12123	11896	12125	6266	0.021999325691166582
2017-10-23	12218	12282	12147	12226	1718	0.008329896907216527
2017-10-24	12218	12218	12040	12044	8548	-0.014886307868477
2017-10-25	12151	12208	12064	12115	4345	0.005895051477914359
2017-10-26	12127	12171	11929	11933	7468	-0.015022699133305784
2017-10-27	11993	12059	11944	12048	5145	0.009637140702254188
2017-10-30	12156	12286	12103	12288	1854	0.019920318725099584
2017-10-31	12286	12368	12238	12370	5968	0.006673177083333259
2017-11-01	12642	12733	12598	12736	64924	0.029587712206952332
2017-11-02	12772	12781	12690	12692	1845	-0.0034547738693467833
2017-11-03	12690	12690	12469	12635	1427	-0.004491017964071808
2017-11-06	12565	12565	12387	12510	1309	-0.009893153937475252
2017-11-07	12502	12642	12483	12616	3467	0.008473221422861776
2017-11-08	12593	12700	12593	12678	2832	0.0049143944197844736
2017-11-09	12728	12748	12667	12727	2204	0.0038649629279066122
2017-11-10	12695	12863	12603	12856	6628	0.010135931484246186
2017-11-13	12853	12853	12556	12557	80877	-0.02325762289981337
2017-11-14	12618	12618	12497	12607	8470	0.003981842796846324
2017-11-15	12507	12637	12502	12635	3454	0.002220988339811214
2017-11-16	12565	12772	12556	12722	5344	0.006885635140482682
2017-11-17	12911	13114	12906	12910	4450	0.014777550699575537
2017-11-20	13042	13042	12748	12836	3031	-0.005731990704879952
2017-11-21	12878	13056	12853	13058	11591	0.01729510751012775
2017-11-22	13200	13301	13089	13304	9658	0.018839025884515248
2017-11-23	13344	13344	13119	13231	18723	-0.005487071557426337
2017-11-24	13190	13330	13190	13304	23543	0.00551734562769246
2017-11-27	13335	13335	12825	12828	13512	-0.03577871316897174
2017-11-28	12825	12825	12575	12712	5814	-0.009042719052073545
2017-11-29	12777	12845	12690	12793	7029	0.006371932032724903
2017-11-30	12512	12667	12454	12462	39941	-0.02587352458375669
2017-12-01	12570	12613	12479	12514	29361	0.0041726849622854
2017-12-04	12497	12497	12166	12365	18217	-0.01190666453571998
2017-12-05	12268	12319	12166	12183	4334	-0.014718964820056635
2017-12-06	12199	12290	11919	11956	2111	-0.018632520725601287
2017-12-07	11988	12147	11853	12125	10862	0.014135162261625922
2017-12-08	12208	12223	12137	12153	3194	0.00230927835051542
2017-12-11	12190	12238	12147	12241	626	0.00724101045009462
2017-12-12	12263	12324	12151	12221	3742	-0.0016338534433461005
2017-12-13	12223	12272	12166	12273	33033	0.004254970951640624
2017-12-14	12300	12353	12194	12198	5279	-0.0061109753116597165
2017-12-15	12295	12295	12108	12110	1661	-0.007214297425807481
2017-12-18	12166	12166	12050	12053	9429	-0.00470685383980185
2017-12-19	12108	12194	12064	12125	2243	0.005973616527005676
2017-12-20	12093	12137	12064	12067	1072	-0.0047835051546392116
2017-12-21	12021	12021	11743	11745	19176	-0.026684345736305626
2017-12-22	11748	11959	11713	11899	9004	0.01311196253725
2017-12-26	11919	11919	11622	11624	6547	-0.0231111858139339
2017-12-27	11824	11954	11814	11948	9270	0.027873365450791443
2017-12-28	11939	12208	11915	12212	11358	0.022095748242383584
2018-01-02	12290	12343	12180	12328	85029	0.009498853586636047
2018-01-03	12407	12412	12286	12313	11392	-0.0012167423750810702
2018-01-04	12440	12440	12180	12198	25459	-0.009339722244781967
2018-01-05	12208	12556	12208	12557	37629	0.02943105427119197
2018-01-08	12647	12652	12517	12621	5589	0.005096758779963295
2018-01-09	12613	12652	12378	12447	5678	-0.013786546232469665
2018-01-10	12522	12522	12103	12193	9894	-0.02040652366031981
2018-01-11	12175	12358	12123	12269	5317	0.006233084556712898
2018-01-12	12319	12319	12026	12173	2665	-0.00782459858179152
2018-01-15	12208	12208	12089	12125	13596	-0.00394315287932312
2018-01-16	12156	12551	12156	12529	79606	0.03331958762886589
2018-01-17	12507	12603	12407	12500	93306	-0.0023146300582648216
2018-01-18	12556	12700	12412	12418	10083	-0.00656000000000001
2018-01-19	12415	12415	12007	12096	58609	-0.025930101465614475
2018-01-22	11959	11959	11762	11933	4388	-0.013475529100529071
2018-01-23	11905	12175	11878	12178	10627	0.02053129975697643
2018-01-24	12213	12329	12203	12328	13950	0.012317293480045954
2018-01-25	12388	12415	12268	12418	163638	0.007300454250486643
2018-01-26	12435	12459	12378	12433	6097	0.0012079239813174159
2018-01-29	12584	12743	12551	12707	3121	0.022038124346497323
2018-01-30	12647	12647	12420	12442	47826	-0.020854647044935892
2018-01-31	12324	12560	12310	12313	4216	-0.010368108021218458
2018-02-01	12363	12363	12031	12082	106690	-0.018760659465605456
2018-02-02	11979	11979	11670	11759	138260	-0.02673398443966235
2018-02-05	11479	11569	11401	11484	14867	-0.023386342376052416
2018-02-06	11075	11434	11075	11419	8732	-0.0056600487634970165
2018-02-07	11660	11660	11155	11159	11582	-0.022769069095367356
2018-02-08	11256	11371	11231	11374	3507	0.01926695940496459
2018-02-09	11045	11155	11035	11159	5574	-0.018902760682257824
2018-02-12	11205	11391	11205	11326	3315	0.014965498700600488
2018-02-13	11469	11569	11401	11404	4354	0.0068868091117781916
2018-02-14	11501	11660	11474	11663	1438	0.022711329358120036
2018-02-19	11863	11863	11627	11706	1963	0.003686873017233916
2018-02-20	11680	11690	11545	11557	1552	-0.012728515291303588
2018-02-21	11549	11670	11525	11620	548	0.005451241671714069
2018-02-22	11594	11632	11520	11539	4813	-0.0069707401032702565
2018-02-23	11599	11655	11535	11539	1056	0.0
2018-02-26	11650	11650	11449	11504	2520	-0.0030331917843834377
2018-02-27	11584	11603	11498	11504	357	0.0
2018-02-28	11464	11489	11275	11326	1574	-0.015472878998609163
2018-03-02	11170	11180	11055	11130	253919	-0.017305315203955507
2018-03-05	11170	11175	10920	10921	1135	-0.018778077268643334
2018-03-06	11160	11260	11102	11264	3882	0.03140738027653156
2018-03-07	11309	11339	11155	11200	6105	-0.005681818181818232
2018-03-08	11270	11309	11209	11311	60938	0.009910714285714217
2018-03-09	11404	11670	11404	11668	13783	0.0315621960922996
2018-03-12	11878	11929	11809	11832	11526	0.014055536510113154
2018-03-13	11853	11905	11795	11909	1464	0.0065077755240026125
2018-03-14	11905	12026	11905	11975	314	0.005542027038374364
2018-03-15	12045	12103	11993	12106	4926	0.01093945720250522
2018-03-16	12103	12103	11929	12048	1117	-0.004791012720964827
2018-03-19	12093	12093	11910	11913	357	-0.011205179282868571
2018-03-20	11776	11924	11776	11928	423	0.0012591286829513049
2018-03-21	12017	12017	11892	11899	636	-0.0024312541918175556
2018-03-22	11901	11979	11901	11956	1388	0.004790318514160896
2018-03-23	11636	11694	11459	11460	19583	-0.04148544663767151
2018-03-26	11454	11640	11454	11644	5659	0.016055846422338593
2018-03-27	11743	11743	11632	11673	548	0.0024905530745449322
2018-03-28	11559	11574	11464	11529	1108	-0.012336160370084781
2018-03-29	11515	11515	11424	11494	1006	-0.0030358227079538835
2018-03-30	11670	11670	11613	11615	186	0.010527231599095188
2018-04-02	11670	11670	11454	11470	1960	-0.01248385708136035
2018-04-03	11285	11520	11285	11524	11171	0.00470793374019185
2018-04-04	11474	11474	11115	11130	222389	-0.03418951752863586
2018-04-05	11256	11381	11256	11359	1336	0.020575022461814862
2018-04-06	11265	11344	11223	11321	44650	-0.0033453649088828197
2018-04-09	11344	11414	11344	11379	226	0.005123222330182919
2018-04-10	11295	11414	11223	11321	46198	-0.005097108709025355
2018-04-11	11464	11464	11386	11389	769	0.006006536525041906
2018-04-12	11414	11670	11414	11673	2561	0.02493634208446749
2018-04-13	11799	11873	11748	11768	9347	0.00813843913304213
2018-04-16	11887	12045	11819	12034	3673	0.022603670972127787
2018-04-17	12031	12180	12031	12163	14621	0.010719627721455849
2018-04-18	12156	12203	12103	12173	1685	0.0008221655841487152
2018-04-19	12175	12190	12093	12115	13698	-0.00476464306251545
2018-04-20	12017	12031	11896	11923	4604	-0.015848122162608336
2018-04-23	11949	11983	11887	11952	8497	0.00243227375660493
2018-04-24	11795	11795	11574	11595	3764	-0.029869477911646625
2018-04-25	11479	11525	11349	11424	62311	-0.014747736093143615
2018-04-26	11419	11650	11419	11549	4654	0.010941876750700352
2018-04-27	11715	11725	11575	11659	6186	0.00952463416746041
2018-04-30	11671	11671	11459	11590	3694	-0.005918174800583209
2018-05-02	11590	11691	11484	11590	12284	0.0
2018-05-03	11545	11628	11510	11524	749	-0.005694564279551284
2018-05-04	11484	11505	11390	11418	45834	-0.009198195071155824
2018-05-08	11419	11619	11419	11479	3033	0.005342441758626748
2018-05-09	11479	11700	11419	11625	1379	0.012718877951040986
2018-05-10	11656	11710	11595	11711	395298	0.007397849462365658
2018-05-11	11759	11826	11740	11829	3074	0.010075996925966946
2018-05-14	11778	11937	11745	11941	1324	0.00946825598106349
2018-05-15	11927	11972	11759	11805	1299	-0.011389330876810932
2018-05-16	11676	11769	11676	11746	1082	-0.00499788225328246
2018-05-17	11773	11899	11641	11688	180	-0.004937851183381525
2018-05-18	11720	11745	11614	11679	118	-0.0007700205338808663
2018-05-21	11778	11841	11769	11785	3961	0.009076119530781801
2018-05-23	12030	12132	12030	12095	7357	0.026304624522698328
2018-05-24	12102	12102	11967	12085	300	-0.0008267879288962332
2018-05-25	11957	12190	11957	12192	1291	0.008853951179147668
2018-05-28	12097	12263	12059	12264	2187	0.0059055118110236116
2018-05-29	12278	12379	12238	12298	42692	0.002772341813437773
2018-05-30	12068	12122	11972	12017	1851	-0.02284924377947639
2018-05-31	12088	12203	12073	12182	3518	0.013730548389781161
2018-06-01	12180	12529	12151	12512	39639	0.027089147923165413
2018-06-04	12539	12683	12539	12681	4390	0.013507033248081779
2018-06-05	12679	12679	12524	12609	2465	-0.005677785663591228
2018-06-07	12766	12878	12717	12748	7678	0.01102387183757636
2018-06-08	12795	12805	12703	12773	1315	0.0019610919359900336
2018-06-11	12698	12742	12650	12725	5691	-0.003757926877006157
2018-06-12	12814	12931	12790	12850	19671	0.00982318271119853
2018-06-14	12849	12979	12771	12773	3052	-0.005992217898832641
2018-06-15	12911	12911	12650	12792	12779	0.0014875127221483098
2018-06-18	12693	12693	12156	12236	2834	-0.043464665415884896
2018-06-19	12248	12315	12030	12032	8440	-0.016672115070284432
2018-06-20	12102	12558	12102	12545	4936	0.042636303191489366
2018-06-21	12640	12660	12427	12434	4181	-0.008848146671980861
2018-06-22	12354	12369	12194	12269	571	-0.013270065948206566
2018-06-25	12403	12403	12243	12371	330	0.00831363599315349
2018-06-26	12142	12306	12078	12308	2552	-0.005092555169347701
2018-06-27	12208	12471	12208	12342	94	0.0027624309392264568
2018-06-28	12253	12253	12092	12095	2919	-0.02001296386323126
2018-06-29	12078	12151	11904	12133	3684	0.003141794129805753
2018-07-02	12132	12223	11977	11978	51313	-0.012775076238358163
2018-07-03	12151	12228	11890	12056	1995	0.006511938554015773
2018-07-04	12054	12137	11866	11866	11666	-0.01575978765759789
2018-07-05	11861	11967	11816	11969	521	0.008680262936120009
2018-07-06	11992	12369	11927	12328	571	0.029994151558192073
2018-07-09	12451	12630	12451	12609	7740	0.02279364049318633
2018-07-10	12675	12675	12514	12623	2493	0.0011103180268061674
2018-07-11	12548	12635	12480	12589	1200	-0.002693495999366191
2018-07-12	12586	12771	12586	12715	6440	0.010008737786956878
2018-07-13	12790	13028	12790	12972	5177	0.020212347620920168
2018-07-16	13033	13115	12814	12827	1156	-0.011177921677459124
2018-07-17	12781	12824	12776	12778	326	-0.0038200670460747377
2018-07-18	13008	13038	12713	12715	2851	-0.004930349037408077
2018-07-19	12960	13028	12926	13001	7234	0.02249311836413681
2018-07-20	12975	13090	12800	12928	1123	-0.0056149526959464735
2018-07-23	12873	12873	12427	12497	9038	-0.03333849009900991
2018-07-24	12504	12882	12504	12884	84885	0.03096743218372411
2018-07-25	12965	13057	12732	12835	3329	-0.003803166718410411
2018-07-26	12998	13095	12882	13098	2417	0.02049084534476031
2018-07-27	13067	13174	13028	13170	6762	0.005497022446175004
2018-07-30	13207	13226	12785	12855	1567	-0.023917995444191376
2018-07-31	12790	12911	12713	12817	2601	-0.002956048230260633
2018-08-01	12906	13003	12757	12932	24377	0.008972458453616383
2018-08-02	12931	13100	12805	12932	2980	0.0
2018-08-03	12970	13033	12887	13034	771	0.007887411073306483
2018-08-06	13085	13105	12742	12748	1495	-0.021942611631118658
2018-08-07	12844	12926	12819	12928	1038	0.01411986193912762
2018-08-08	12998	12998	12727	12734	5926	-0.015006188118811936
2018-08-09	12757	12814	12708	12778	509	0.003455316475577286
2018-08-10	12732	12732	12203	12293	41816	-0.03795586163718889
2018-08-13	12166	12203	12025	12133	2274	-0.013015537297649038
2018-08-14	12258	12287	12107	12244	1065	0.009148602983598542
2018-08-16	12020	12263	11962	12244	579	0.0
2018-08-17	12263	12287	12161	12162	117	-0.006697157791571429
2018-08-20	12258	12282	12016	12017	22999	-0.01192238118730471
2018-08-21	12049	12494	12049	12453	5623	0.036281933926936905
2018-08-22	12578	12578	12413	12482	2679	0.002328756123022524
2018-08-23	12509	12529	12379	12531	3163	0.003925652940233837
2018-08-24	12524	12713	12388	12691	84	0.012768334530364633
2018-08-27	12698	13008	12698	12996	9486	0.024032779134820048
2018-08-28	13072	13134	12916	12919	61459	-0.005924899969221298
2018-08-29	12950	13174	12950	13145	27781	0.0174936140568156
2018-08-30	13144	13284	13105	13150	3730	0.00038037276530999975
2018-08-31	13080	13226	13008	13160	69252	0.0007604562737641984
2018-09-03	13187	13328	13080	13145	6903	-0.0011398176291793627
2018-09-04	13182	13410	13174	13412	61428	0.020311905667554253
2018-09-05	13420	13420	13192	13194	2770	-0.016254100805249028
2018-09-06	13192	13270	13095	13204	1291	0.0007579202667880036
2018-09-07	13095	13095	12785	12937	2364	-0.020221145107543137
2018-09-10	12873	12998	12873	12884	1320	-0.004096776687021686
2018-09-11	13008	13062	12785	12884	4593	0.0
2018-09-12	12960	12975	12596	12753	9669	-0.010167649798199285
2018-09-13	12703	12737	12489	12502	7676	-0.019681643534854576
2018-09-14	12640	12844	12640	12817	5471	0.02519596864501672
2018-09-17	12814	12814	12582	12666	30418	-0.011781228056487514
2018-09-18	12582	12844	12582	12787	711	0.009553134375493544
2018-09-19	12945	12945	12771	12817	60515	0.0023461327911160623
2018-09-20	12858	12858	12679	12705	2457	-0.008738394320043641
2018-09-21	12703	12761	12611	12715	42392	0.0007870916961825181
2018-09-27	12747	12810	12703	12778	3831	0.004954777821470691
2018-09-28	12795	12795	12509	12579	82634	-0.015573642197526993
2018-10-01	12591	12655	12427	12443	145550	-0.010811670244057603
2018-10-02	12524	12591	12379	12390	77997	-0.004259422968737492
2018-10-04	12398	12446	12156	12197	4905	-0.015577078288942725
2018-10-05	12194	12213	11886	12007	285557	-0.015577601049438394
2018-10-08	11899	12213	11899	11946	4997	-0.005080369784292493
2018-10-10	11913	11922	11661	11848	109804	-0.008203582789218178
2018-10-11	11505	11600	11328	11334	826	-0.04338284942606352
2018-10-12	11353	11922	11353	11866	135332	0.046938415387330235
2018-10-15	11876	11918	11720	11760	5668	-0.008933086128434131
2018-10-16	11937	11982	11826	11891	121227	0.011139455782313012
2018-10-17	12161	12263	12001	12085	4485	0.016314859978134644
2018-10-18	12147	12161	11992	11992	13116	-0.007695490277203176
2018-10-19	11942	12078	11836	12066	483	0.006170780520346808
2018-10-22	11947	12063	11947	12066	506	0.0
2018-10-23	11918	11918	11520	11625	1831	-0.03654898060666334
2018-10-24	11676	11676	11128	11178	8075	-0.03845161290322585
2018-10-25	10786	11128	10693	11097	9126	-0.007246376811594235
2018-10-26	11244	11244	10601	10897	869	-0.018022889069117753
2018-10-29	10993	11173	10731	10806	6014	-0.008350922272185035
2018-10-30	10756	11217	10515	11147	12302	0.03155654266148433
2018-10-31	11239	11239	10926	11142	11330	-0.00044855117968956026
2018-11-01	11234	11414	11234	11299	26299	0.014090827499551262
2018-11-02	11404	11715	11404	11716	74282	0.03690592087795386
2018-11-05	11590	11600	11449	11585	42032	-0.011181290542847333
2018-11-06	11681	11681	11318	11413	356	-0.014846784635304311
2018-11-07	11434	11520	11221	11262	4583	-0.01323052659248225
2018-11-08	11515	11585	11400	11445	10569	0.01624933404368667
2018-11-09	11414	11429	11138	11193	64823	-0.022018348623853212
2018-11-12	11081	11259	11032	11160	4169	-0.0029482712409542033
2018-11-13	10882	11062	10707	11010	16235	-0.013440860215053752
2018-11-14	11032	11104	10940	10942	948	-0.006176203451407791
2018-11-15	10921	11168	10897	11168	62521	0.02065435934929627
2018-11-16	11221	11226	10993	11048	619	-0.01074498567335247
2018-11-19	11091	11188	11008	11087	342	0.003530050687907238
2018-11-20	10837	10897	10655	10666	4581	-0.03797240010823488
2018-11-21	10475	10736	10393	10739	4378	0.006844177761110126
2018-11-22	10751	10751	10611	10646	4885	-0.00866002421082035
2018-11-23	10697	10741	10393	10463	1527	-0.017189554762352066
2018-11-26	10450	10674	10445	10636	8206	0.016534454745293026
2018-11-27	10761	10805	10635	10806	4353	0.015983452425723854
2018-11-28	10828	10968	10786	10966	108	0.01480658893207476
2018-11-29	11148	11148	10842	10846	945	-0.010942914462885311
2018-11-30	10907	10940	10751	10754	7435	-0.008482389821132252
2018-12-03	10988	11168	10968	11168	534	0.038497303328993926
2018-12-04	11113	11138	10912	10912	1120	-0.022922636103151817
2018-12-05	10640	10828	10640	10781	85948	-0.012005131964809346
2018-12-06	10746	10761	10403	10458	21089	-0.029960115017159783
2018-12-07	10523	10601	10480	10482	831	0.0022948938611588865
2018-12-10	10364	10364	10165	10215	20850	-0.02547223812249566
2018-12-11	10291	10296	10184	10186	75	-0.002838962310327986
2018-12-12	10305	10393	10305	10374	3099	0.018456705281759245
2018-12-13	10421	10485	10388	10486	284	0.010796221322537214
2018-12-14	10480	10480	10034	10099	9900	-0.03690635132557696
2018-12-17	10063	10160	10043	10163	3752	0.006337261114961912
2018-12-18	9986	10097	9942	10007	23988	-0.015349798287907168
2018-12-19	9981	10107	9981	10108	1121	0.01009293494553809
2018-12-20	10025	10038	9913	9997	2992	-0.010981400870597513
2018-12-21	10088	10165	10068	10094	102361	0.009702910873262027
2018-12-24	10068	10174	10038	10153	183939	0.005845056469189647
2018-12-26	10006	10155	9961	10051	103298	-0.010046291736432567
2018-12-27	10324	10324	10224	10303	158	0.025072132126156665
2018-12-28	10286	10339	10281	10288	32	-0.001455886634960657
2019-01-02	10388	10435	10184	10215	258	-0.007095645412130591
2019-01-03	10053	10053	9865	9867	327	-0.03406754772393539
2019-01-04	9831	9831	9608	9765	666	-0.010337488598358147
2019-01-07	9966	10131	9966	10061	777	0.03031233998975935
2019-01-08	10073	10174	10068	10071	218	0.000993936984395205
2019-01-09	10194	10480	10174	10458	108945	0.03842716711349414
2019-01-10	10460	10591	10450	10579	81514	0.011570089883342849
2019-01-11	10655	10693	10571	10695	192880	0.010965119576519466
2019-01-14	10640	10640	10475	10535	52515	-0.014960261804581543
2019-01-15	10552	10707	10543	10710	35260	0.01661129568106312
2019-01-16	10731	10800	10693	10796	1190	0.008029878618113884
2019-01-17	10823	10867	10741	10744	1139	-0.0048165987402741806
2019-01-18	10751	10761	10751	10758	3096	0.001303052866716392
2019-01-21	10862	10983	10771	10986	568	0.021193530395984483
2019-01-22	11008	11008	10756	10851	19158	-0.012288367012561419
2019-01-23	10751	10921	10721	10846	2047	-0.0004607870242373524
2019-01-24	10950	11012	10828	10996	1988	0.013829983404019863
2019-01-25	11138	11434	11138	11435	7830	0.03992360858493993
2019-01-28	11498	11498	11274	11388	1806	-0.004110188019239125
2019-01-29	11358	11525	11259	11519	899	0.011503336845802625
2019-01-30	11520	11671	11459	11580	2270	0.00529559857626527
2019-01-31	11720	11730	11525	11529	1418	-0.004404145077720245
2019-02-01	11530	11700	11530	11615	10746	0.007459450082401009
2019-02-07	11725	11871	11700	11810	2708	0.01678863538527775
2019-02-08	11666	11671	11484	11554	2342	-0.02167654530059271
2019-02-11	11535	11575	11444	11575	829	0.001817552362818109
2019-02-12	11540	11806	11540	11716	6917	0.012181425485961128
2019-02-13	11856	11913	11816	11866	84003	0.012803004438374899
2019-02-14	11913	12049	11851	12051	1775	0.01559076352604083
2019-02-15	11937	11937	11705	11770	1074	-0.023317567006887363
2019-02-18	11806	11908	11806	11896	1207	0.010705182667799518
2019-02-19	11816	11952	11778	11916	408	0.00168123739071957
2019-02-20	11937	12063	11927	12042	3374	0.010574018126888296
2019-02-21	11962	12044	11899	11997	868	-0.0037369207772794955
2019-02-22	11913	11972	11895	11973	125078	-0.0020005001250312793
2019-02-25	12092	12097	12035	12066	1354	0.0077674768228515045
2019-02-26	12049	12068	11918	11997	802	-0.0057185479860766275
2019-02-27	12006	12059	11947	11973	620	-0.0020005001250312793
2019-02-28	11826	11895	11623	11625	7401	-0.029065397143573035
2019-03-04	11691	11806	11604	11605	13074	-0.0017204301075268713
2019-03-05	11454	11555	11454	11484	1392	-0.010426540284360186
2019-03-06	11479	11479	11343	11378	1695	-0.00923023336816442
2019-03-07	11370	11429	11353	11354	146	-0.0021093338020742314
2019-03-08	11289	11313	11138	11208	375	-0.012858904350889544
2019-03-11	11479	11479	11108	11193	1018	-0.001338329764453916
2019-03-12	11333	11404	11304	11363	3302	0.015188063968551768
2019-03-13	11348	11348	11226	11319	24615	-0.0038722168441432947
2019-03-14	11333	11365	11279	11324	16954	0.0004417351356127419
2019-03-15	11313	11380	11269	11295	32136	-0.0025609325326739762
2019-03-18	11338	11575	11234	11295	104028	0.0
2019-03-19	11289	11318	11221	11243	1313	-0.00460380699424523
2019-03-20	11274	11304	11128	11299	277	0.00498087699012717
2019-03-21	11565	11787	11565	11731	1449	0.03823347198867166
2019-03-22	11890	11913	11745	11765	22929	0.002898303639928379
2019-03-25	11525	11545	11434	11450	1802	-0.026774330641733957
2019-03-26	11419	11479	11353	11479	955	0.002532751091703034
2019-03-27	11414	11535	11308	11534	216	0.004791358132241408
2019-03-28	11419	11510	11390	11393	1265	-0.01222472689439913
2019-03-29	11390	11590	11385	11554	281	0.014131484244711556
2019-04-01	11651	11754	11651	11698	8536	0.01246321620218116
2019-04-02	11851	11851	11715	11716	61	0.0015387245683022854
2019-04-03	11773	11992	11740	11969	3424	0.021594400819392234
2019-04-04	12011	12132	11942	11992	91239	0.0019216308797727066
2019-04-05	11982	12063	11932	12002	33774	0.0008338892595063374
2019-04-08	12054	12054	11876	11891	24353	-0.009248458590234931
2019-04-09	11962	12083	11957	11997	15719	0.008914304936506579
2019-04-10	11952	12068	11922	12056	88	0.004917896140701927
2019-04-11	12142	12185	12107	12152	1886	0.00796284007962833
2019-04-12	12073	12228	12039	12152	864	0.0
2019-04-15	12238	12273	12180	12236	3756	0.00691244239631339
2019-04-16	12248	12248	12137	12221	1500	-0.0012258908139914926
2019-04-17	12263	12369	12263	12308	1183	0.007118893707552587
2019-04-18	12340	12354	12083	12085	2189	-0.01811829704257395
2019-04-19	12203	12278	12171	12182	1061	0.008026479106330253
2019-04-22	12147	12203	12059	12100	345	-0.006731242817271332
2019-04-23	12088	12117	12068	12071	24	-0.002396694214875983
2019-04-24	12147	12147	11778	11871	8145	-0.01656863557286059
2019-04-25	11811	12030	11811	11950	980	0.006654873220453217
2019-04-26	11792	11913	11715	11800	6401	-0.012552301255230103
2019-04-29	11842	12018	11842	11985	586	0.015677966101694807
2019-04-30	12042	12057	11891	11999	382	0.0011681268251981791
2019-05-02	11969	12184	11969	12166	8041	0.013917826485540408
2019-05-03	12111	12111	12071	12088	480	-0.006411310208778609
2019-05-07	11954	11954	11817	11927	1321	-0.013318994043679644
2019-05-08	11740	11924	11735	11877	658	-0.004192169028255255
2019-05-09	11787	11787	11324	11324	2644	-0.04656057927085966
2019-05-10	11441	11503	11172	11277	2952	-0.004150476863299168
2019-05-13	11142	11289	11122	11125	2571	-0.01347876208211407
2019-05-14	10933	11202	10928	11154	1313	0.002606741573033755
2019-05-15	11142	11334	11142	11319	153	0.014792899408283988
2019-05-16	11289	11294	10980	11022	1453	-0.026239067055393583
2019-05-17	11132	11132	10928	10928	1466	-0.00852839774995462
2019-05-20	10957	10957	10858	10866	704	-0.005673499267935589
2019-05-21	10843	11065	10843	10968	441	0.009387078961899498
2019-05-22	10898	10990	10883	10993	1974	0.0022793581327498202
2019-05-23	10913	10913	10824	10903	1728	-0.008187028108796457
2019-05-24	10848	10848	10716	10719	4037	-0.016876089149775342
2019-05-27	10746	10781	10711	10733	2846	0.0013060919861926923
2019-05-28	10731	10833	10711	10826	2061	0.00866486536848976
2019-05-29	10697	10697	10589	10654	3355	-0.015887677812673195
2019-05-30	10786	10786	10721	10786	1970	0.012389712783930973
2019-05-31	10824	10853	10731	10846	4405	0.00556276654923038
2019-06-03	10741	11030	10741	11030	3733	0.016964779642264505
2019-06-04	10980	10985	10893	10948	174	-0.007434270172257507
2019-06-05	11089	11097	10938	10958	239	0.0009134088417976916
2019-06-07	10985	11045	10942	10993	94	0.003194013506114146
2019-06-10	11097	11187	11097	11182	887	0.017192759028472615
2019-06-11	11229	11362	11229	11314	4704	0.011804686102665052
2019-06-12	11299	11299	11192	11192	110	-0.010783100583348082
2019-06-13	11147	11147	11020	11105	4489	-0.007773409578270218
2019-06-14	11005	11075	11000	11040	4001	-0.005853219270598786
2019-06-17	11015	11035	10985	10988	945	-0.004710144927536186
2019-06-18	11075	11075	11035	11035	2754	0.004277393520203843
2019-06-19	11217	11269	11157	11272	4604	0.021477118260081474
2019-06-20	11259	11391	11239	11394	3853	0.010823278921220814
2019-06-21	11366	11366	11244	11257	1643	-0.012023872213445697
2019-06-24	11249	11289	11197	11232	990	-0.0022208403659944587
2019-06-25	11229	11294	11142	11159	1003	-0.006499287749287763
2019-06-26	11289	11314	11249	11262	159	0.009230217761448056
2019-06-27	11354	11543	11329	11486	3875	0.019889895222873433
2019-06-28	11523	11523	11396	11476	588	-0.0008706251088281824
2019-07-01	11553	11578	11426	11496	9733	0.0017427675148136146
2019-07-02	11396	11528	11396	11481	1099	-0.0013048016701461274
2019-07-03	11466	11486	11264	11329	4982	-0.013239264872397905
2019-07-04	11416	11471	11406	11471	3045	0.012534204254567971
2019-07-05	11471	11471	11371	11399	2714	-0.006276697759567629
2019-07-08	11249	11249	11045	11045	4889	-0.031055355732959034
2019-07-09	11137	11182	11040	11130	2142	0.007695789950203702
2019-07-10	11212	11358	11212	11291	5113	0.014465408805031554
2019-07-11	11416	11528	11391	11531	1862	0.02125586750509245
2019-07-12	11498	11613	11446	11541	1819	0.0008672274737664409
2019-07-15	11568	11640	11513	11643	889	0.008838055627761854
2019-07-16	11613	11740	11613	11683	3911	0.003435540668212722
2019-07-17	11568	11598	11523	11531	1854	-0.01301035692887098
2019-07-18	11588	11632	11563	11608	288	0.006677651548001151
2019-07-19	11700	11769	11650	11750	4973	0.012232942798070301
2019-07-22	11764	11867	11754	11838	2116	0.0074893617021276615
2019-07-23	11886	11974	11802	11815	602	-0.0019428957594188612
2019-07-24	11812	11944	11665	11673	194	-0.01201862039779944
2019-07-25	11782	11782	11578	11668	1604	-0.0004283389017391004
2019-07-26	11588	11685	11538	11678	2144	0.0008570449091531707
2019-07-29	11578	11583	11339	11339	629	-0.029028943312210953
2019-07-30	11411	11558	11411	11511	266	0.015168886145162652
2019-07-31	11486	11533	11249	11431	4592	-0.006949874033533088
2019-08-01	11366	11523	11366	11441	540	0.0008748141020034073
2019-08-02	11197	11339	11197	11299	730	-0.012411502491040949
2019-08-05	11259	11269	10970	10973	886	-0.02885211080626604
2019-08-06	10619	10908	10594	10684	1737	-0.02633737355326715
2019-08-07	10716	10863	10654	10743	650	0.0055222763010107645
2019-08-08	10810	10908	10761	10771	169	0.0026063483198361936
2019-08-09	10913	10957	10838	10958	1445	0.017361433478785715
2019-08-12	10990	11093	10957	11065	5971	0.009764555575834999
2019-08-13	10980	11030	10933	10953	354	-0.01012200632625393
2019-08-14	11212	11249	11157	11182	1240	0.020907513923126064
2019-08-16	11107	11147	11045	11130	993	-0.004650330888928633
2019-08-19	11254	11254	11055	11115	697	-0.0013477088948786742
2019-08-20	11157	11274	11117	11267	904	0.013675213675213627
2019-08-21	11221	11279	11177	11222	415	-0.003993964675601314
2019-08-22	11269	11269	11050	11050	1843	-0.015327036178934272
2019-08-23	10975	11137	10942	11100	5453	0.004524886877828038
2019-08-26	10863	10863	10761	10776	1412	-0.029189189189189224
2019-08-27	10868	10970	10863	10933	131	0.01456941351150709
2019-08-28	10965	11035	10938	11030	499	0.008872221714076645
2019-08-29	11030	11030	10873	10923	1288	-0.009700815956482312
2019-08-30	11079	11264	11079	11252	496	0.030119930422045194
2019-09-02	11167	11269	11142	11267	378	0.0013330963384288186
2019-09-03	11197	11269	11152	11197	73	-0.006212833939824303
2019-09-04	11212	11486	11212	11486	651	0.025810484951326318
2019-09-05	11583	11787	11583	11740	4676	0.02211387776423468
2019-09-06	11867	11867	11680	11702	475	-0.0032367972742759488
2019-09-09	11787	11832	11700	11745	616	0.0036745855409332506
2019-09-10	11725	11725	11632	11648	93	-0.008258833546189837
2019-09-11	11680	11695	11598	11688	4900	0.003434065934065922
2019-09-16	11598	11603	11476	11573	746	-0.009839151266256008
2019-09-17	11608	11680	11608	11628	3237	0.0047524410265271655
2019-09-18	11645	11740	11618	11692	761	0.005503955968352292
2019-09-19	11690	11915	11690	11902	1317	0.017960998973657105
2019-09-20	11919	11984	11896	11956	1826	0.004537052596202296
2019-09-23	11896	11959	11896	11961	393	0.00041820006691195566
2019-09-24	11910	11999	11877	11999	938	0.003176991890310177
2019-09-25	11910	11910	11740	11740	4142	-0.02158513209434121
2019-09-26	11842	11896	11750	11824	1608	0.007155025553662764
2019-09-27	11655	11720	11588	11678	758	-0.01234776725304465
2019-09-30	11613	11773	11593	11775	1259	0.008306216817948187
2019-10-01	11769	11867	11754	11838	652	0.00535031847133749
2019-10-02	11655	11675	11568	11569	600	-0.02272343301233315
2019-10-04	11632	11655	11598	11598	430	0.002506698936813878
2019-10-07	11690	11720	11533	11593	1413	-0.00043110881186414485
2019-10-08	11613	11792	11568	11795	41435	0.01742430777193138
2019-10-10	11670	11847	11627	11820	779	0.002119542178889322
2019-10-11	11905	11905	11797	11815	393	-0.0004230118443316888
2019-10-14	11994	11994	11867	11902	497	0.007363520947947455
2019-10-15	11862	11910	11837	11892	1489	-0.0008401949252226926
2019-10-16	11969	12033	11959	12024	3344	0.011099899091826515
2019-10-17	11964	11984	11867	11882	8334	-0.011809713905522323
2019-10-18	11969	12038	11759	11760	3318	-0.01026763171183298
2019-10-21	11822	11886	11778	11882	2285	0.01037414965986394
2019-10-22	11896	11999	11896	11990	6746	0.009089378892442435
2019-10-23	11964	11974	11872	11917	1122	-0.006088407005838237
2019-10-24	11979	12009	11852	11971	621	0.0045313417806494005
2019-10-25	12071	12131	12047	12127	1595	0.013031492774204345
2019-10-28	12165	12253	12165	12244	3534	0.009647893131029983
2019-10-29	12321	12321	12170	12176	1798	-0.005553740607644575
2019-10-30	12057	12106	12028	12074	1786	-0.008377135348226039
2019-10-31	12136	12233	12071	12074	5070	0.0
2019-11-01	12096	12223	12052	12225	5880	0.01250621169455024
2019-11-04	12316	12390	12316	12377	4127	0.012433537832310826
2019-11-05	12419	12482	12390	12484	1049	0.008645067463844303
2019-11-06	12439	12542	12405	12406	5500	-0.006247997436718999
2019-11-07	12395	12395	12263	12288	10143	-0.009511526680638371
2019-11-08	12444	12444	12278	12308	2804	0.0016276041666667407
2019-11-11	12307	12307	12096	12098	1541	-0.017062073448163795
2019-11-12	12136	12282	12081	12283	34744	0.01529178376591167
2019-11-13	12248	12268	12203	12240	3185	-0.003500773426687309
2019-11-14	12238	12316	12233	12298	1579	0.004738562091503251
2019-11-15	12316	12507	12311	12509	6722	0.01715726134330775
2019-11-18	12512	12580	12448	12504	2005	-0.0003997122072108006
2019-11-19	12502	12517	12405	12489	470	-0.0011996161228406965
2019-11-20	12365	12444	12170	12171	5580	-0.025462406918087876
2019-11-21	12146	12194	11919	11971	2513	-0.016432503491906947
2019-11-22	12121	12121	12038	12039	311	0.0056803942861916035
2019-11-25	12199	12253	12170	12201	4756	0.013456267131821686
2019-11-26	12228	12360	12228	12269	6005	0.005573313662814439
2019-11-27	12282	12282	12160	12201	1325	-0.005542423995435697
2019-11-28	12141	12258	12141	12176	4819	-0.00204901237603472
2019-11-29	12160	12203	11959	12004	6224	-0.014126149802890953
2019-12-02	12038	12106	12023	12054	341	0.004165278240586545
2019-12-03	11877	12033	11832	11966	2492	-0.007300481168077022
2019-12-04	11891	11891	11700	11765	3575	-0.01679759318067864
2019-12-05	11891	11939	11769	11857	4165	0.007819804504887395
2019-12-06	11905	12091	11905	12093	5064	0.01990385426330432
2019-12-09	12160	12179	12121	12171	1862	0.006450012403869998
2019-12-10	12121	12170	12061	12171	1412	0.0
2019-12-11	12194	12268	12126	12259	2634	0.007230301536438999
2019-12-12	12355	12497	12345	12499	28000	0.019577453299616687
2019-12-13	12747	12776	12693	12778	19484	0.02232178574285948
2019-12-16	12732	12840	12727	12832	2454	0.004226013460635558
2019-12-17	12947	13094	12869	13086	31807	0.019794264339152212
2019-12-18	13060	13089	12928	12978	13828	-0.008253094910591452
2019-12-19	13075	13153	12918	12978	2993	0.0
2019-12-20	13006	13070	12962	13052	10350	0.005701957158267934
2019-12-23	13133	13133	12938	12993	5030	-0.004520380018387948
2019-12-24	12996	12996	12845	12866	4572	-0.009774493958285224
2019-12-26	12859	12986	12835	12988	6134	0.0094823565987876
2019-12-27	13143	13402	13123	13365	10386	0.029026793963658815
2019-12-30	13353	13383	13275	13316	8143	-0.003666292555181472
2020-01-02	13383	13397	13236	13335	14886	0.0014268549113847229
2020-01-03	13457	13559	13256	13286	13018	-0.0036745406824146842
2020-01-06	13041	13256	13041	13233	12398	-0.0039891615234081135
2020-01-07	13305	13363	13241	13243	17187	0.0007556865412225999
2020-01-08	13265	13402	13168	13281	12874	0.0028694404591105283
2020-01-09	13525	13617	13457	13619	58385	0.025449890821474197
2020-01-10	13652	13863	13652	13864	66830	0.017989573390116753
2020-01-13	13901	14033	13794	14035	29787	0.012334102712060036
2020-01-14	14117	14303	14043	14108	74640	0.005201282508015659
2020-01-15	14009	14038	13886	13908	22797	-0.014176353841791944
2020-01-16	13906	14077	13877	14069	8243	0.011576071325855697
2020-01-17	14249	14312	14136	14182	14188	0.008031843059208121
2020-01-20	14293	14444	14259	14324	23510	0.01001269214497258
2020-01-21	14346	14356	14190	14221	19910	-0.007190728846690919
2020-01-22	14175	14488	14175	14461	30124	0.016876450319949443
2020-01-23	14400	14454	14249	14289	17402	-0.01189405988520853
2020-01-28	13794	13975	13764	13937	21177	-0.024634334103156297
2020-01-29	14072	14156	13960	14055	12285	0.008466671450096941
2020-01-30	14107	14122	13662	13761	378831	-0.020917822838847355
2020-01-31	13838	13940	13515	13517	10920	-0.01773126952983073
2020-02-03	13265	13721	13236	13673	12610	0.011541022416216684
2020-02-04	13789	14185	13744	14187	196026	0.03759233525927019
2020-02-05	14464	14464	14146	14255	31971	0.004793120462395217
2020-02-06	14337	14572	14268	14543	66428	0.020203437390389434
2020-02-07	14537	14537	14278	14431	10571	-0.007701299594306543
2020-02-10	14268	14376	14185	14348	8836	-0.0057515071720601885
2020-02-11	14440	14772	14440	14725	68116	0.026275439085586827
2020-02-12	14699	14841	14669	14803	407421	0.005297113752122273
2020-02-13	14894	14998	14806	14857	16250	0.0036479092075929476
2020-02-14	14846	15056	14767	15033	90615	0.01184626775257458
2020-02-17	15056	15168	14933	15096	58681	0.004190780283376494
2020-02-18	15016	15026	14714	14734	87366	-0.023979862215156356
2020-02-19	14865	14909	14625	14861	41979	0.00861951947875661
2020-02-20	14938	15036	14689	14881	31133	0.0013458044546128534
2020-02-21	14625	14870	14601	14666	50577	-0.01444795376654795
2020-02-24	14239	14332	14043	14084	51472	-0.039683621982817385
2020-02-25	13960	14200	13863	14177	46051	0.006603237716557686
2020-02-26	13838	14004	13764	13864	14709	-0.02207801368413631
2020-02-27	13798	13891	13495	13545	42080	-0.023009232544720093
2020-02-28	13226	13348	12879	12915	51300	-0.046511627906976716
2020-03-02	13060	13417	12903	13321	30562	0.031436314363143536
2020-03-03	13794	13813	13378	13428	37777	0.008032429997747892
2020-03-04	13275	13794	13275	13766	23651	0.025171283884420692
2020-03-05	13935	13950	13706	13888	33398	0.008862414644776884
2020-03-06	13666	13779	13534	13654	35959	-0.01684907834101379
2020-03-09	13197	13256	12801	12885	29554	-0.05632049216346857
2020-03-10	12781	13099	12766	13071	31255	0.014435389988358471
2020-03-11	13089	13089	12551	12621	49767	-0.03442735827404175
2020-03-12	12400	12517	11832	12122	96835	-0.03953727913794469
2020-03-13	11279	12136	11117	11795	178032	-0.026975746576472504
2020-03-16	11959	12061	11269	11272	30220	-0.044340822382365364
2020-03-17	10766	11495	10766	11159	36485	-0.010024840312278238
2020-03-18	11093	11339	10281	10283	23966	-0.07850165785464647
2020-03-19	10574	10697	9268	9461	726976	-0.07993776135369057
2020-03-20	9758	10467	9675	10454	41595	0.10495719268576265
2020-03-23	9758	10188	9645	9891	22650	-0.053854983738282014
2020-03-24	11249	11249	10164	10978	57945	0.10989788696795055
2020-03-25	11568	11685	11167	11511	108285	0.04855164875204965
2020-03-26	11553	11685	11152	11182	38951	-0.02858135696290509
2020-03-27	11690	11690	10957	11304	40027	0.010910391700947875
2020-03-30	10957	11431	10873	11319	16062	0.001326963906581824
2020-03-31	11486	11518	11142	11324	29723	0.0004417351356127419
2020-04-01	11217	11436	10873	10885	25497	-0.0387672200635818
2020-04-02	11010	11127	10716	11130	13362	0.022508038585209
2020-04-03	11229	11304	10938	11085	22503	-0.0040431266846361336
2020-04-06	11192	11588	11137	11573	27770	0.044023455119530874
2020-04-07	11919	12004	11640	11848	29448	0.02376220513263627
2020-04-08	11792	12028	11754	11790	48749	-0.00489534098582034
2020-04-09	12014	12014	11787	11862	35868	0.006106870229007688
2020-04-10	11782	11822	11636	11810	12805	-0.004383746417130352
2020-04-13	11675	11675	11381	11384	10198	-0.03607112616426755
2020-04-14	11573	11715	11508	11673	4559	0.025386507378777123
2020-04-16	11613	11929	11608	11932	10084	0.022187955110083202
2020-04-17	12213	12678	12213	12450	47048	0.04341267180690589
2020-04-20	12453	12502	12136	12244	22864	-0.01654618473895586
2020-04-21	12066	12223	11837	12103	35346	-0.011515844495262995
2020-04-22	11924	12228	11787	12230	37720	0.010493266132363788
2020-04-23	12405	12405	12179	12225	20643	-0.00040883074407194187
2020-04-24	12081	12131	11915	11975	6153	-0.020449897750511203
2020-04-27	12038	12184	11974	12176	29275	0.01678496868475987
2020-04-28	12224	12264	12071	12171	10356	-0.0004106438896189779
2020-04-29	12219	12372	12190	12304	25957	0.010927614822118237
2020-05-04	12022	12096	11923	11935	66107	-0.029990247074122234
2020-05-06	12101	12204	12008	12186	39304	0.021030582320904934
2020-05-07	12185	12352	12141	12349	38812	0.013376005251928502
2020-05-08	12407	12623	12407	12546	65533	0.015952708721354014
2020-05-11	12609	12633	12446	12477	79190	-0.005499760879961735
2020-05-12	12476	12549	12239	12467	8672	-0.0008014747134728051
2020-05-13	12259	12702	12254	12703	37959	0.018929975134354793
2020-05-14	12549	12569	12407	12491	6502	-0.016688971109186768
2020-05-15	12594	12594	12407	12506	9898	0.0012008646225283304
2020-05-18	12495	12668	12328	12600	22179	0.0075163921317766835
2020-05-19	12845	12904	12717	12827	35312	0.01801587301587304
2020-05-20	12727	13008	12722	13009	22064	0.014188820456848772
2020-05-21	13126	13190	13033	13048	18666	0.0029979245137981003
2020-05-22	13057	13057	12761	12861	15189	-0.014331698344573929
2020-05-25	12914	13106	12801	13108	18506	0.019205349506259184
2020-05-26	13136	13550	13136	13512	62371	0.030820872749465877
2020-05-27	13437	13510	13254	13279	25339	-0.01724393132030788
2020-05-28	13437	13613	13091	13284	31168	0.0003765343775887775
2020-05-29	13171	13352	13151	13324	11844	0.003011141222523328
2020-06-01	13323	13555	13323	13550	28957	0.016961873311317932
2020-06-02	13623	13746	13600	13635	22416	0.006273062730627332
2020-06-03	13761	14003	13718	13954	83681	0.0233956729006235
2020-06-04	14146	14289	13904	14009	13188	0.003941522144188081
2020-06-05	14008	14190	13894	14127	25088	0.00842315654222281
2020-06-08	14328	14363	14062	14132	22300	0.00035393218659307557
2020-06-09	14289	14393	14023	14162	12700	0.0021228417775260855
2020-06-10	14161	14363	14131	14349	16917	0.013204349668126003
2020-06-11	14328	14383	13974	14162	41946	-0.013032267056937719
2020-06-12	13490	13919	13490	13836	31905	-0.023019347549781077
2020-06-15	13678	13836	13008	13009	22385	-0.05977161029199185
2020-06-16	13442	13703	13304	13698	59774	0.05296333307710044
2020-06-17	13633	13989	13600	13861	40162	0.01189954737917942
2020-06-18	13889	13889	13698	13738	32662	-0.008873818627804675
2020-06-19	13866	13894	13590	13851	5098	0.008225360314456198
2020-06-22	13698	13846	13678	13683	7294	-0.012129088152479928
2020-06-23	13806	13984	13628	13683	22218	0.0
2020-06-24	13766	14102	13766	13979	64047	0.02163268289117881
2020-06-25	13683	13861	13628	13630	55852	-0.02496602045926033
2020-06-26	13851	13851	13673	13802	13203	0.012619222303741795
2020-06-29	13570	13751	13500	13550	4739	-0.018258223445877464
2020-06-30	13806	13894	13678	13678	7516	0.00944649446494461
2020-07-01	13841	13894	13628	13645	12568	-0.0024126334259394477
2020-07-02	13751	13756	13585	13718	9147	0.005349945034811343
2020-07-03	13826	13949	13806	13935	10494	0.0158186324537104
2020-07-06	13994	14220	13944	14211	13457	0.01980624327233582
2020-07-07	14417	14417	14013	14034	37970	-0.012455140384209362
2020-07-08	14047	14156	13919	13926	14127	-0.007695596408721639
2020-07-09	14003	14127	13939	13984	13679	0.004164871463449682
2020-07-10	14042	14092	13875	13994	15060	0.0007151029748284632
2020-07-13	14107	14141	13979	14088	10098	0.0067171644990711155
2020-07-14	14057	14102	13959	14088	11180	0.0
2020-07-15	14225	14289	14195	14290	63799	0.014338444065871592
2020-07-16	14313	14333	13944	14029	58423	-0.018264520643806903
2020-07-17	14027	14136	14022	14078	111237	0.0034927649868130572
2020-07-20	14122	14136	13974	14024	15665	-0.003835772126722592
2020-07-21	14205	14402	14205	14339	25315	0.022461494580718666
2020-07-22	14260	14338	14185	14255	11642	-0.005858149103842636
2020-07-23	14303	14308	14122	14221	31655	-0.0023851280252542573
2020-07-24	14087	14165	13954	14004	8609	-0.01525912383095418
2020-07-27	13989	14205	13979	14152	9199	0.010568409025992542
2020-07-28	14407	14663	14378	14571	87024	0.029607122668174002
2020-07-29	14683	14732	14501	14586	29066	0.0010294420424130646
2020-07-30	14654	14727	14584	14664	80492	0.005347593582887722
2020-07-31	14703	14747	14535	14566	33929	-0.00668303327877795
2020-08-03	14526	14649	14442	14635	39373	0.004737058904297653
2020-08-04	14727	14831	14575	14655	44532	0.0013665869490946392
2020-08-05	14703	15077	14624	15054	195580	0.027226202661207788
2020-08-06	15156	15323	15062	15182	53258	0.008502723528630352
2020-08-07	15186	15418	15137	15285	28066	0.006784349888025343
2020-08-10	15275	15275	15067	15212	36691	-0.004775924108603169
2020-08-11	15200	15285	15112	15221	55725	0.0005916381803838799
2020-08-12	15087	15270	14989	15270	16809	0.0032192365810392864
2020-08-13	15388	15437	15023	15197	56909	-0.004780615586116532
2020-08-14	15043	15092	14816	14911	26467	-0.018819503849443975
2020-08-18	14870	15028	14432	14536	14474	-0.02514921869760578
2020-08-19	14575	14649	14407	14521	12638	-0.00103192074848657
2020-08-20	14397	14397	13746	13807	55200	-0.04917016734384683
2020-08-21	14027	14255	13866	14073	17794	0.019265589918157522
2020-08-24	14067	14432	13929	14349	31093	0.01961202302280962
2020-08-25	14521	14580	14373	14526	5985	0.012335354380096142
2020-08-26	14530	14732	14378	14694	20509	0.011565468814539459
2020-08-27	14816	14841	14683	14704	18371	0.0006805498843065472
2020-08-28	14737	14851	14604	14679	10048	-0.0017002176278563264
2020-08-31	14732	14846	14338	14388	5886	-0.01982423870835892
2020-09-01	14353	14506	14328	14502	15570	0.007923269391159282
2020-09-02	14604	14693	14432	14561	4471	0.004068404358019473
2020-09-03	14787	14949	14752	14842	21268	0.019298125128768717
2020-09-04	14289	14777	14289	14728	24291	-0.007680905538337113
2020-09-07	14757	14816	14634	14753	9815	0.0016974470396524666
2020-09-08	14861	15107	14841	15044	39536	0.01972480173524027
2020-09-09	14796	15077	14796	14999	49514	-0.002991225737835723
2020-09-10	15186	15200	15013	15059	60203	0.004000266684445641
2020-09-11	14979	15117	14915	15118	88626	0.003917922836841781
2020-09-14	15240	15333	15166	15305	42502	0.01236936102659092
2020-09-15	15471	15536	15280	15536	34495	0.015093106827833935
2020-09-16	15506	15511	15285	15418	34829	-0.007595262615859966
2020-09-17	15338	15486	15215	15265	43140	-0.009923466078609389
2020-09-18	15285	15427	15225	15428	24455	0.010678021618080624
2020-09-21	15368	15506	15137	15167	41355	-0.016917293233082664
2020-09-22	15146	15230	14792	14901	21993	-0.017538076086239918
2020-09-23	15048	15092	14530	14994	9735	0.0062411918663176635
2020-09-24	14639	14885	14535	14586	15942	-0.027210884353741527
2020-09-25	14678	14732	14511	14556	10662	-0.002056766762649098
2020-09-28	14673	14816	14589	14812	4568	0.017587249244297887
2020-09-29	14915	15067	14915	14980	5650	0.011342155009451904
2020-10-05	14865	15067	14846	15049	9014	0.004606141522029317
2020-10-06	15077	15186	14949	15044	7085	-0.00033224798989961446
2020-10-07	14885	15166	14885	15152	42618	0.007178941770805691
2020-10-08	15280	15314	15107	15202	8726	0.003299894403379078
2020-10-12	15255	15363	15215	15280	23613	0.0051309038284437225
2020-10-13	15423	15423	15186	15408	23495	0.008376963350785305
2020-10-14	15408	15442	15215	15216	20409	-0.012461059190031154
2020-10-15	15215	15215	14929	15034	9235	-0.0119610935856993
2020-10-16	14959	15122	14703	14822	4698	-0.014101370227484367
2020-10-19	14856	14999	14826	14852	3585	0.0020240183510997767
2020-10-20	14713	15023	14673	15019	78730	0.01124427686506868
2020-10-21	15077	15077	14870	14985	2290	-0.002263799187695592
2020-10-22	14920	14920	14649	14758	9721	-0.015148481815148496
2020-10-23	14816	14816	14609	14699	4592	-0.003997831684510067
2020-10-26	14708	14742	14521	14551	7859	-0.010068712157289661
2020-10-27	14397	14644	14397	14600	4575	0.0033674661535290085
2020-10-28	14599	14614	14456	14605	19666	0.000342465753424559
2020-10-29	14417	14580	14323	14566	2913	-0.0026703183841150224
2020-10-30	14516	14604	14289	14339	3072	-0.015584237264863354
2020-11-02	14378	14432	14156	14418	4484	0.005509449752423512
2020-11-03	14442	14826	14442	14783	10410	0.02531557775003468
2020-11-04	14969	15057	14737	14990	7278	0.014002570520192048
2020-11-05	15072	15358	15062	15359	17458	0.024616410940627054
2020-11-06	15526	15556	15328	15433	18766	0.004818022006641165
2020-11-09	15589	15807	15580	15674	33288	0.01561588803213887
2020-11-10	15732	15732	15511	15631	9030	-0.0027433967079238952
2020-11-11	15629	15689	15556	15621	7190	-0.0006397543343356071
2020-11-12	15694	15699	15575	15654	7178	0.0021125408104474275
2020-11-13	15575	15812	15486	15812	9185	0.010093266896639808
2020-11-16	15870	16260	15870	16197	124451	0.024348596003035627
2020-11-17	16260	16334	16117	16182	27869	-0.000926097425449135
2020-11-18	16201	16299	16117	16226	24031	0.002719070572240856
2020-11-19	16146	16378	16083	16335	13924	0.006717613706397119
2020-11-20	16354	16447	16304	16359	30961	0.0014692378328742262
2020-11-23	16403	16768	16359	16749	42120	0.02384008802494031
2020-11-24	16881	16965	16733	16882	30192	0.007940772583437727
2020-11-25	17083	17098	16457	16625	123831	-0.015223314773131102
2020-11-26	16640	16866	16507	16867	20864	0.014556390977443545
2020-11-27	16905	17009	16802	17005	18127	0.008181656489002265
2020-11-30	17103	17103	16703	16705	36888	-0.01764187003822404
2020-12-01	16802	17014	16713	16956	44983	0.0150254414845854
2020-12-02	17127	17507	17127	17404	55924	0.026421325784383054
2020-12-03	17541	17645	17354	17522	37863	0.006780050563088835
2020-12-04	17718	17896	17640	17715	40154	0.01101472434653572
2020-12-07	17901	18004	17679	17887	29994	0.009709285915890487
2020-12-08	17911	18064	17713	17788	53755	-0.005534745904847149
2020-12-09	17906	18217	17886	18217	45338	0.02411738250505957
2020-12-10	17941	18172	17846	18039	73404	-0.009771092935170422
2020-12-11	18217	18217	17936	18016	49254	-0.0012750152447474905
2020-12-14	18034	18122	17808	17956	44440	-0.003330373001776188
2020-12-15	18034	18132	17891	18074	46459	0.006571619514368354
2020-12-16	18255	18340	18177	18335	34511	0.01444063295341369
2020-12-17	18359	18478	18202	18478	61040	0.007799290973547812
2020-12-18	18483	18502	18240	18365	37924	-0.006115380452429875
2020-12-21	18355	18355	18029	18292	26501	-0.003974952355023098
2020-12-22	18202	18202	17846	17892	51399	-0.021867483052700587
2020-12-23	17911	18295	17758	18167	44053	0.015369997764363985
2020-12-24	18207	18699	18207	18548	111114	0.020972092255187924
2020-12-28	18625	18763	18473	18523	41104	-0.0013478542160879625
2020-12-29	18852	19113	18739	19114	81338	0.031906278680559286
2020-12-30	19187	19704	19059	19636	101524	0.02730982525897252
2021-01-04	20083	20572	19862	20504	154437	0.04420452230596861
2021-01-05	20349	20818	20158	20790	134732	0.013948497854077146
2021-01-06	21035	21227	20522	20612	111525	-0.008561808561808548
2021-01-07	20843	21296	20735	21075	61310	0.022462643120512382
2021-01-08	21212	22016	21133	22011	124925	0.04441281138790032
2021-01-11	22297	22834	21385	21873	173426	-0.006269592476489061
2021-01-12	21656	21936	21039	21706	96379	-0.007634983769944648
2021-01-13	21705	22173	21705	21977	60810	0.012485027181424524
2021-01-14	22001	22144	21877	21982	43649	0.00022751057924197404
2021-01-15	22232	22415	21651	21652	80764	-0.015012282776817432
2021-01-18	21212	21547	21059	21189	50912	-0.02138370589322003
2021-01-19	21222	21828	21114	21755	38687	0.026711973193638272
2021-01-20	22222	22222	21725	22041	64356	0.013146403125718242
2021-01-21	22257	22257	21986	22159	29504	0.005353659089877949
2021-01-22	22400	22503	22124	22505	322363	0.015614423033530445
2021-01-25	22483	22784	22272	22776	312168	0.012041768495889782
2021-01-26	22769	22779	22311	22455	47801	-0.014093782929399334
2021-01-27	22563	22769	22197	22292	64718	-0.007258962369182775
2021-01-28	21547	22074	21468	21726	94755	-0.02539027453795084
2021-01-29	21961	21966	20892	21095	57416	-0.029043542299548974
2021-02-01	20872	21424	20592	21346	40304	0.011898554159753605
2021-02-02	21858	22064	21532	21701	30870	0.01663075049189544
2021-02-03	22011	22011	21680	21967	33968	0.012257499654393822
2021-02-04	21833	21833	21375	21533	65672	-0.019756908089406888
2021-02-05	21670	21828	21414	21824	35503	0.01351414108577531
2021-02-08	21823	21877	21547	21548	18728	-0.012646627565982449
2021-02-09	21749	21976	21562	21637	49100	0.004130313718210488
2021-02-10	21636	21725	21385	21686	37437	0.0022646392753153943
2021-02-15	22173	22390	22016	22352	82494	0.030711057825325128
2021-02-16	22468	22591	22272	22367	62640	0.0006710808876162488
2021-02-17	22365	22365	22069	22189	55718	-0.007958152635579196
2021-02-18	22232	22232	21784	21849	42216	-0.015322907747081893
2021-02-19	21843	22074	21542	22031	47245	0.008329900681953495
2021-02-22	22227	22252	21735	21740	38789	-0.013208660523807314
2021-02-23	21360	21769	21187	21499	66355	-0.01108555657773691
2021-02-24	21483	21833	20961	20962	33305	-0.024977905949113866
2021-02-25	21488	21951	21395	21928	33003	0.04608338898960018
2021-02-26	21296	21350	20906	21169	120158	-0.03461327982488138
2021-03-02	21813	22025	21187	21514	62696	0.016297416032878376
2021-03-03	21409	21651	21252	21652	9669	0.006414427814446455
2021-03-04	21330	21463	21035	21208	20923	-0.02050618880472932
2021-03-05	20645	21143	20602	21046	38487	-0.007638626933232695
2021-03-08	21252	21252	20547	20577	18410	-0.022284519623681498
2021-03-09	20379	20552	19827	20391	48096	-0.009039218544977357
2021-03-10	20956	20956	20148	20163	23366	-0.01118140356039432
2021-03-11	20261	20921	20261	20883	29794	0.03570897187918454
2021-03-12	21247	21325	21049	21119	21505	0.0113010582770674
2021-03-15	21138	21340	20931	20957	13741	-0.007670817747052472
2021-03-16	21187	21281	21020	21223	33541	0.012692656391659174
2021-03-17	21227	21262	20768	20957	14819	-0.0125335720680394
2021-03-18	21212	21395	21089	21134	29457	0.008445865343322145
2021-03-19	20798	21025	20744	21016	15159	-0.0055834200813854595
2021-03-22	20946	20946	20744	20804	12730	-0.010087552341073502
2021-03-23	20956	21039	20477	20494	10358	-0.014900980580657586
2021-03-24	20241	20597	20241	20514	9334	0.0009758953840148799
2021-03-25	20492	20615	20399	20514	4886	0.0
2021-03-26	20552	20635	20394	20637	8546	0.005995905235449017
2021-03-29	20754	20754	20477	20597	7841	-0.0019382662208654589
2021-03-30	20695	20976	20606	20962	9109	0.017721027334077766
2021-03-31	20971	21049	20720	20760	27841	-0.009636485068218681
2021-04-01	21044	21197	20991	21198	21432	0.02109826589595376
2021-04-02	21395	21523	21370	21440	13829	0.011416171336918524
2021-04-05	21596	21596	21335	21573	12326	0.006203358208955123
2021-04-06	21759	21774	21375	21524	25324	-0.0022713577156631137
2021-04-07	21572	21680	21463	21602	11531	0.003623861735736922
2021-04-08	21601	21621	21429	21538	25066	-0.002962688639940758
2021-04-09	21582	21651	21301	21341	23800	-0.009146624570526507
2021-04-12	21473	21508	21104	21179	268669	-0.007591021976477208
2021-04-13	21187	21695	21177	21647	27486	0.02209736059304035
2021-04-14	21680	21739	21508	21593	21971	-0.0024945719961195767
2021-04-15	21577	21680	21483	21593	18117	0.0
2021-04-16	21779	21779	21592	21602	10803	0.00041680174130509506
2021-04-19	21601	21744	21542	21676	29500	0.003425608739931585
2021-04-20	21695	21749	21596	21740	15322	0.002952574275696618
2021-04-21	21710	21710	21286	21327	14806	-0.018997240110395608
2021-04-22	21552	21552	21345	21346	7700	0.000890889482815238
2021-04-23	21262	21458	21049	21376	11892	0.001405415534526444
2021-04-26	21508	21532	21345	21519	14121	0.006689745508982048
2021-04-27	21552	21646	21439	21519	18843	0.0
2021-04-28	21577	21577	20991	21036	13997	-0.022445280914540677
2021-04-29	21164	21194	20822	20912	12635	-0.005894656778855256
2021-04-30	20901	20901	20470	20604	21229	-0.014728385615914275
2021-05-03	20494	20802	20385	20440	6140	-0.007959619491360925
2021-05-04	20400	20658	20296	20659	5916	0.010714285714285676
2021-05-06	20484	20529	20286	20371	14212	-0.01394065540442424
2021-05-07	20390	20594	20286	20530	17881	0.0078052132934072205
2021-05-10	20653	20782	20519	20743	10812	0.010375060886507637
2021-05-11	20445	20509	20013	20063	55580	-0.03278214337366825
2021-05-12	20063	20063	19591	19671	37278	-0.019538453870308503
2021-05-13	19254	19442	19090	19175	27063	-0.02521478318336634
2021-05-14	19383	19730	19368	19646	42442	0.02456323337679267
2021-05-17	19849	19849	19358	19463	21765	-0.009314873256642597
2021-05-18	19527	19750	19462	19750	8343	0.01474592817140219
2021-05-20	19666	19879	19606	19875	16213	0.006329113924050667
2021-05-21	20097	20221	19899	19984	18096	0.005484276729559756
2021-05-24	19894	19909	19636	19636	7037	-0.01741393114491596
2021-05-25	19775	19929	19730	19894	12754	0.013139132206152038
2021-05-26	20008	20008	19795	19889	15745	-0.0002513320599175639
2021-05-27	19934	20033	19680	19944	11991	0.002765347679621888
2021-05-28	20063	20137	19978	20088	10502	0.0072202166064982976
2021-05-31	20152	20152	19844	20013	13644	-0.003733572281959363
2021-06-01	20013	20246	19919	20172	10970	0.007944835856693144
2021-06-02	20261	20261	19998	20048	8986	-0.006147134642078167
2021-06-03	20142	20539	20087	20480	47814	0.02154828411811649
2021-06-04	20345	20400	20172	20356	9868	-0.006054687500000044
2021-06-07	20474	20544	20286	20405	9276	0.0024071526822557754
2021-06-08	20355	20355	20172	20237	9060	-0.008233276157804448
2021-06-09	20147	20147	19879	19889	15836	-0.017196224736868104
2021-06-10	19889	20053	19805	19974	10578	0.004273719141233867
2021-06-11	20068	20385	20068	20361	14742	0.019375187744067324
2021-06-14	20365	20365	20246	20331	31648	-0.0014734050390452502
2021-06-15	20479	20574	20445	20475	11352	0.007082779991146593
2021-06-16	20479	20613	20400	20614	14879	0.00678876678876672
2021-06-17	20465	20534	20336	20490	10077	-0.006015329387794699
2021-06-18	20633	20767	20584	20634	25571	0.007027818448023471
2021-06-21	20455	20623	20395	20510	9330	-0.006009498885334863
2021-06-22	20564	20599	20450	20480	10062	-0.0014627011214042307
2021-06-23	20574	20648	20504	20574	11243	0.004589843750000044
2021-06-24	20608	20817	20608	20817	27203	0.011811023622047223
2021-06-25	20936	20981	20797	20892	17486	0.0036028246144976794
2021-06-28	20951	20961	20718	20768	11531	-0.005935286233965109
2021-06-29	20822	20901	20698	20728	9228	-0.0019260400616333273
2021-06-30	20837	21045	20837	20991	25796	0.0126881512929371
2021-07-01	20976	21080	20976	21016	41029	0.0011909866133104074
2021-07-02	21015	21105	20911	20946	22448	-0.0033307955843167036
2021-07-05	20976	21159	20946	21130	51687	0.008784493459371712
2021-07-06	21239	21412	21159	21393	24055	0.012446758163748184
2021-07-07	21388	21393	21229	21333	13133	-0.0028046557285092977
2021-07-08	21348	21388	20951	20951	11371	-0.017906529789528003
2021-07-09	20762	20847	20494	20847	253233	-0.004963963533960225
2021-07-12	20951	21000	20842	20892	237184	0.0021585839689164388
2021-07-13	20981	21219	20981	21219	36269	0.01565192418150496
2021-07-14	21110	21199	21030	21199	10925	-0.0009425514868749429
2021-07-15	21204	21402	21199	21403	19279	0.009623095429029727
2021-07-16	21298	21298	21139	21209	5672	-0.00906414988553006
2021-07-19	20991	21105	20951	21080	7719	-0.0060823235418926425
2021-07-20	20772	21000	20708	20922	3567	-0.007495256166982878
2021-07-21	21005	21005	20737	20812	21569	-0.00525762355415349
2021-07-22	20921	21100	20921	21090	20394	0.013357678262540862
2021-07-23	21090	21154	21030	21110	5612	0.0009483167377903889
2021-07-26	21239	21268	20901	20902	6195	-0.009853150165798241
2021-07-27	20986	21159	20916	21056	19682	0.007367716008037428
2021-07-28	20991	21050	20713	20897	8445	-0.007551291793313042
2021-07-29	21045	21065	20896	20966	8702	0.0033019093649806486
2021-07-30	20956	20956	20668	20703	11728	-0.012544119049890279
2021-08-02	20777	20911	20663	20902	7513	0.009612133507221232
2021-08-03	20981	21323	20981	21289	31023	0.018514974643574877
2021-08-04	21437	21437	21149	21368	8437	0.0037108365822724476
2021-08-05	21397	21586	21358	21562	30789	0.0090789966304754
2021-08-06	21561	21611	21373	21458	25348	-0.004823300250440643
2021-08-09	21407	21457	21283	21378	47154	-0.0037282132537981294
2021-08-10	21522	21536	21149	21249	21261	-0.0060342408083076116
2021-08-11	21105	21105	20762	20832	29792	-0.019624452915431356
2021-08-12	20663	20797	20613	20659	27758	-0.00830453149001531
2021-08-13	20663	20663	20197	20396	37962	-0.012730529067234597
2021-08-17	20336	20425	19988	20108	14134	-0.014120415767797656
2021-08-18	20092	20375	19924	20286	29155	0.008852198130097522
2021-08-19	20107	20251	19800	19820	12266	-0.022971507443557138
2021-08-20	19894	19988	19482	19567	26377	-0.012764883955600381
2021-08-23	19810	20018	19671	19845	22052	0.014207594419175074
2021-08-24	20147	20311	19720	20038	17346	0.009725371630133539
2021-08-25	20117	20152	19839	19999	9538	-0.001946302026150315
2021-08-26	20157	20251	19889	19924	17032	-0.003750187509375502
2021-08-27	19879	19963	19725	19919	1729	-0.0002509536237703669
2021-08-30	20142	20147	19844	19934	6426	0.0007530498519001672
2021-08-31	19958	20474	19849	20475	14274	0.027139560549814368
2021-09-01	20455	20519	20261	20505	17408	0.00146520146520146
2021-09-02	20524	20524	20092	20128	16326	-0.018385759570836435
2021-09-03	20197	20326	20177	20326	6925	0.009837042925278316
2021-09-06	20336	20455	20266	20410	12930	0.004132638000590383
2021-09-07	20375	20390	20271	20341	6161	-0.0033806957373836433
2021-09-08	20331	20355	20147	20356	8458	0.0007374268718352006
2021-09-09	20221	20276	19924	19949	15917	-0.01999410493220677
2021-09-10	20048	20127	19948	20103	5682	0.007719685197252968
2021-09-13	20038	20167	19983	20142	12903	0.001940008953887462
2021-09-14	20251	20450	20241	20405	15332	0.01305729321815119
2021-09-15	20425	20425	20236	20376	4281	-0.00142122028914482
2021-09-16	20311	20311	19889	19954	8229	-0.02071063996859046
2021-09-17	19973	20147	19859	20147	5622	0.00967224616618223
2021-09-23	19934	20107	19934	20063	6856	-0.004169355238993422
2021-09-24	20162	20177	19998	20068	15293	0.00024921497283547644
2021-09-27	20142	20291	20043	20242	184153	0.00867052023121384
2021-09-28	20177	20177	19770	19815	204596	-0.021094753482857387
2021-09-29	19343	19507	19194	19438	216824	-0.019025990411304594
2021-09-30	19422	19646	19293	19612	5031	0.008951538224097222
2021-10-01	19517	19546	19150	19215	21033	-0.020242708545788246
2021-10-05	18941	18956	18619	18872	32129	-0.01785063752276872
2021-10-06	18971	19020	18395	18450	5839	-0.02236116998728277
2021-10-07	18539	18653	18395	18619	3109	0.009159891598915948
2021-10-08	18772	18822	18534	18684	8666	0.003491057521886276
2021-10-12	18584	18584	18177	18177	12865	-0.027135517019910127
2021-10-13	18117	18440	18117	18381	14937	0.01122297408813333
2021-10-14	18529	18733	18460	18688	3658	0.016702029269354268
2021-10-15	19006	19169	18966	19150	15263	0.02472174657534243
2021-10-18	19219	19264	19020	19095	7663	-0.002872062663185404
2021-10-19	19189	19293	19189	19294	4135	0.010421576328881965
2021-10-20	19408	19408	19154	19190	5248	-0.005390276769980273
2021-10-21	19189	19189	18976	19021	3288	-0.008806670140698247
2021-10-22	18986	19209	18931	19170	9158	0.00783344724252144
2021-10-25	19095	19298	18901	19224	3989	0.0028169014084507005
2021-10-26	19467	19546	19403	19537	4792	0.016281731169371705
2021-10-27	19462	19502	19318	19428	9783	-0.005579157496033216
2021-10-28	19427	19909	19427	19721	9853	0.015081325921350697
2021-10-29	19740	19814	19313	19314	6086	-0.0206378986866792
2021-11-01	19447	19487	19293	19438	18848	0.006420213316765011
2021-11-02	19566	19884	19507	19721	7223	0.014559111019652127
2021-11-03	19765	19800	19452	19527	22767	-0.009837229349424437
2021-11-04	19740	19864	19705	19750	8697	0.011420085010498182
2021-11-05	19943	19943	19730	19870	4128	0.006075949367088551
2021-11-08	19889	19889	19601	19800	10723	-0.003522898842476141
2021-11-09	19800	19958	19770	19944	18958	0.0072727272727273196
2021-11-10	19810	19869	19651	19736	7161	-0.010429201764941887
2021-11-11	19551	19750	19502	19750	2315	0.0007093635995136793
2021-11-12	19889	19978	19790	19964	10922	0.010835443037974679
2021-11-15	20241	20440	20231	20405	12272	0.022089761570827537
2021-11-16	20360	20608	20336	20475	8579	0.0034305317324185847
2021-11-17	20589	20589	20385	20475	11448	0.0
2021-11-18	20390	20544	20311	20544	7016	0.0033699633699633136
2021-11-19	20633	20857	20544	20857	16238	0.01523559190031154
2021-11-22	21144	21338	21095	21304	51315	0.021431653641463377
2021-11-23	21303	21303	21070	21110	45295	-0.00910627112279383
2021-11-24	21219	21343	20956	21170	23668	0.0028422548555187
2021-11-25	21174	21189	20827	20827	5867	-0.01620217288615966
2021-11-26	20782	21000	20519	20599	9911	-0.010947327987708255
2021-11-29	20073	20683	20073	20485	20657	-0.005534249235399802
2021-11-30	20742	20807	19839	20048	48782	-0.021332682450573626
2021-12-01	20137	20539	19963	20500	13180	0.022545889864325597
2021-12-02	20236	20678	20236	20629	31120	0.006292682926829274
2021-12-03	20584	20797	20385	20738	12973	0.005283823743273963
2021-12-06	20499	20936	20499	20892	11218	0.007425981290384742
2021-12-07	20891	21070	20827	21066	15201	0.008328546812176985
2021-12-08	21397	21502	21020	21110	21508	0.002088673692205445
2021-12-09	21110	21288	21065	21249	9283	0.006584557081951603
2021-12-10	21035	21090	20946	20981	10883	-0.0126123582286225
2021-12-13	21030	21308	20956	20956	17849	-0.0011915542633811338
2021-12-14	20842	20906	20643	20688	9012	-0.012788700133613329
2021-12-15	20554	20906	20554	20907	5012	0.010585846867749327
2021-12-16	21085	21194	20956	21070	1953	0.007796431817094662
2021-12-17	20728	20911	20628	20852	6657	-0.010346464167062197
2021-12-20	20733	20762	20415	20415	8633	-0.02095722232879338
2021-12-21	20618	20772	20410	20763	14308	0.017046289493019895
2021-12-22	20956	21060	20782	20872	31767	0.005249723065067657
2021-12-23	21015	21169	20936	21170	14482	0.014277500958221445
2021-12-24	21318	21467	21318	21348	39642	0.008408124704770925
2021-12-27	21338	21348	21139	21140	12555	-0.009743301480232391
2021-12-28	21229	21477	21179	21477	7687	0.015941343424787036
2021-12-29	21606	21730	21462	21582	17673	0.004888950970805883
2021-12-30	21656	21760	21561	21681	17026	0.004587155963302836
2022-01-03	21869	21869	21527	21537	154394	-0.00664176006641759
2022-01-04	21591	21646	21368	21443	6771	-0.004364581882342011
2022-01-05	21402	21402	20737	20946	12151	-0.023177726997155257
2022-01-06	20708	20946	20579	20579	12230	-0.017521245106464245
2022-01-07	20797	20991	20777	20887	8237	0.01496671364011859
2022-01-10	20772	20772	20365	20505	5613	-0.01828888782496285
2022-01-11	20584	20638	20479	20574	5556	0.0033650329188001926
2022-01-12	20767	21020	20767	20991	12087	0.020268299795858757
2022-01-13	21139	21144	20911	21001	5741	0.00047639464532411857
2022-01-14	20688	20986	20688	20941	10316	-0.002857006809199536
2022-01-17	20921	20921	20584	20758	2274	-0.008738837686834477
2022-01-18	20762	21030	20742	20882	59775	0.005973600539550983
2022-01-19	20623	20832	20509	20584	20655	-0.014270663729527788
2022-01-20	20504	20946	20504	20946	22110	0.017586474931986062
2022-01-21	20663	20663	20261	20415	3707	-0.025350902320252056
2022-01-24	20286	20395	20132	20366	38364	-0.002400195934362026
2022-01-25	20336	20336	19685	19835	25883	-0.026072866542276363
2022-01-26	19854	19948	19581	19582	5891	-0.012755230652886307
2022-01-27	19641	19641	18767	18837	24981	-0.038045143499131906
2022-01-28	18886	19323	18559	19314	36473	0.02532250358337307
2022-02-03	19690	19690	19388	19388	44144	0.003831417624521105
2022-02-04	19388	19586	19303	19492	15607	0.00536414276872299
2022-02-07	19492	19492	19016	19190	18367	-0.01549353580956292
2022-02-08	19313	19333	18956	19135	6854	-0.0028660760812923014
2022-02-09	19328	19452	19328	19433	3003	0.015573556310426007
2022-02-10	19631	19680	19358	19542	4344	0.005609015592034083
2022-02-11	19368	19413	19224	19319	3522	-0.0114113192099069
2022-02-14	18981	19055	18797	18956	6939	-0.018789792432320485
2022-02-15	18956	18996	18663	18773	2395	-0.009653935429415506
2022-02-16	19169	19254	19105	19254	2900	0.025621903798007883
2022-02-17	19254	19601	19145	19433	41363	0.009296769502441071
2022-02-18	19154	19413	19130	19413	4649	-0.0010291771728503374
2022-02-21	19090	19323	18891	19319	6913	-0.004842116107762862
2022-02-22	18936	19150	18906	19061	571	-0.013354728505616253
2022-02-23	19140	19209	18956	19210	392	0.007817008551492588
2022-02-24	18857	18867	18499	18520	4542	-0.03591879229567929
2022-02-25	18782	18981	18782	18897	3507	0.0203563714902808
2022-02-28	18772	18986	18743	18986	4554	0.00470974228713561
2022-03-02	19020	19159	18921	19061	2586	0.003950279153060121
2022-03-03	19358	19477	19298	19478	5028	0.02187713131525104
2022-03-04	19264	19264	18921	18976	16516	-0.025772666598213423
2022-03-07	18509	18529	18286	18411	12366	-0.029774451939291735
2022-03-08	18003	18341	18003	18133	6136	-0.015099668676334832
2022-03-10	18584	18589	18311	18535	9547	0.022169525175095073
2022-03-11	18425	18435	18023	18172	19311	-0.01958456973293765
2022-03-14	18043	18048	17765	18009	4988	-0.008969843715606385
2022-03-15	17745	17944	17740	17835	11555	-0.009661835748792313
2022-03-16	18093	18226	17978	18227	7724	0.021979254275301452
2022-03-17	18718	18857	18708	18808	48919	0.03187578866516705
2022-03-18	18807	18921	18673	18902	1536	0.004997873245427442
2022-03-21	18986	18986	18738	18803	27173	-0.005237541000952306
2022-03-22	18743	18971	18743	18971	10944	0.008934744455671995
2022-03-23	19110	19154	18976	19110	27427	0.007326972747878413
2022-03-24	18946	19045	18807	19021	5102	-0.004657247514390339
2022-03-25	19264	19264	19001	19056	5728	0.0018400714999211587
2022-03-28	18986	19060	18867	18872	13038	-0.00965575146935349
2022-03-29	19055	19145	19025	19145	3097	0.014465875370919923
2022-03-30	19368	19487	19313	19398	10541	0.01321493862627321
2022-03-31	19318	19546	19303	19502	4999	0.00536137746159393
2022-04-01	19348	19393	19239	19294	8118	-0.01066557276176805
2022-04-04	19189	19363	19055	19363	1988	0.003576241318544726
2022-04-05	19403	19512	19363	19433	4390	0.0036151422816712575
2022-04-06	19194	19229	19065	19066	29863	-0.018885401121803147
2022-04-07	18946	18981	18827	18947	3000	-0.00624147697471944
2022-04-08	19016	19100	18862	19046	18064	0.005225101599197757
2022-04-11	18976	19006	18703	18783	10029	-0.013808673737267685
2022-04-12	18509	18733	18509	18659	2770	-0.006601714316136986
2022-04-13	18698	19095	18698	19071	3058	0.022080497347124695
2022-04-14	19154	19179	18976	19140	13440	0.0036180588327827667
2022-04-15	18911	18936	18807	18922	2103	-0.011389759665621724
2022-04-18	18802	18877	18753	18808	12435	-0.006024733114892711
2022-04-19	18886	19164	18886	19165	3953	0.01898128455976189
2022-04-20	19110	19164	19001	19140	2907	-0.001304461257500611
2022-04-21	19244	19393	19244	19254	20166	0.005956112852664619
2022-04-22	19105	19120	18936	19056	4231	-0.010283577438454317
2022-04-25	18757	18777	18514	18559	21438	-0.026081024349286275
2022-04-26	18633	18757	18623	18688	7857	0.0069508055390914425
2022-04-27	18207	18490	18207	18490	9839	-0.010595034246575374
2022-04-28	18630	18630	18320	18445	1559	-0.0024337479718766764
2022-04-29	18590	18900	18515	18900	4810	0.024667931688804545
2022-05-02	18595	18800	18590	18780	1690	-0.006349206349206327
2022-05-03	18815	19005	18800	18930	1182	0.007987220447284393
2022-05-04	19000	19075	18745	18790	8128	-0.007395668251452769
2022-05-06	18550	18640	18440	18505	28359	-0.015167642362958977
2022-05-09	18350	18470	18110	18110	4508	-0.02134558227506078
2022-05-10	17915	18320	17770	18250	28977	0.007730535615682044
2022-05-11	18205	18355	18035	18315	1306	0.0035616438356165236
2022-05-12	18040	18185	17790	17825	1048	-0.026754026754026716
2022-05-13	17930	18380	17930	18380	2371	0.031136044880785363
2022-05-16	18595	18640	18240	18295	784	-0.004624591947769319
2022-05-17	18295	18565	18295	18560	10015	0.01448483192129002
2022-05-18	18770	18850	18605	18780	30912	0.0118534482758621
2022-05-19	18205	18665	18205	18605	10422	-0.009318423855165014
2022-05-20	18695	18845	18695	18830	12430	0.012093523246439197
2022-05-23	18945	19035	18800	18930	10507	0.005310674455655917
2022-05-24	18910	18910	18365	18370	13122	-0.029582673005810856
2022-05-25	18420	18510	18200	18375	8237	0.00027218290691344293
2022-05-26	18420	18495	18000	18100	4962	-0.014965986394557818
2022-05-27	18400	18400	18195	18235	44568	0.0074585635359116775
2022-05-30	18440	18470	18295	18465	10519	0.012613106663010631
2022-05-31	18445	18500	18280	18500	668	0.0018954779312212455
2022-06-02	18325	18345	18215	18280	6987	-0.011891891891891881
2022-06-03	18500	18500	18250	18260	2326	-0.001094091903719896
2022-06-07	18030	18060	17730	17755	3571	-0.02765607886089816
2022-06-08	17755	17865	17705	17790	4006	0.0019712756969867407
2022-06-09	17725	17760	17620	17755	5799	-0.0019673974142776496
2022-06-10	17595	17620	17505	17540	26450	-0.012109264995775804
2022-06-13	17070	17170	16945	16970	21307	-0.03249714937286208
2022-06-14	16630	16940	16610	16910	9939	-0.003535651149086605
2022-06-15	16800	16870	16500	16620	2685	-0.01714961561206385
2022-06-16	16885	17160	16730	16790	7583	0.010228640192539107
2022-06-17	16425	16670	16370	16630	9829	-0.009529481834425257
2022-06-20	16735	16735	16170	16335	23620	-0.017739025856885138
2022-06-21	16380	16485	16265	16420	959	0.005203550658096079
2022-06-22	16345	16345	15740	15740	2884	-0.04141291108404388
2022-06-23	15680	15880	15400	15445	2980	-0.018742058449809362
2022-06-24	15545	15935	15515	15875	6297	0.02784072515377134
2022-06-27	16080	16390	16045	16230	6749	0.022362204724409418
2022-06-28	16310	16330	16150	16310	358	0.004929143561306137
2022-06-29	16080	16160	16000	16055	923	-0.015634580012262367
2022-06-30	15875	15875	15475	15485	3506	-0.035502958579881616
2022-07-01	15510	15545	14975	15080	7435	-0.026154342912495965
2022-07-04	15080	15185	14915	15080	2144	0.0
2022-07-05	15305	15625	15305	15625	1367	0.03614058355437666
2022-07-06	15610	15650	15370	15425	4142	-0.012800000000000034
2022-07-07	15650	15845	15650	15755	4007	0.021393841166936767
2022-07-08	15995	16055	15790	15815	24412	0.0038083148206917716
2022-07-11	15825	15905	15710	15715	1114	-0.0063231109705975674
2022-07-12	15520	15520	15345	15435	669	-0.017817371937639215
2022-07-13	15515	15650	15510	15605	5628	0.011013929381276322
2022-07-14	15640	15755	15610	15670	3000	0.004165331624479407
