Date	Open	High	Low	Close	Volume	Change
2017-03-28	9595	9617	9595	9622	11	
2017-03-29	9647	9647	9557	9612	72	-0.0010392849719392805
2017-03-30	9577	9577	9577	9579	1	-0.0034332084893882175
2017-03-31	9525	9525	9525	9527	1	-0.005428541601419812
2017-04-03	9525	9567	9525	9570	11	0.004513487981526287
2017-04-04	9595	9595	9595	9597	0	0.0028213166144199775
2017-04-05	9595	9595	9595	9597	0	0.0
2017-04-06	9557	9557	9557	9560	1	-0.0038553714702511677
2017-04-07	9600	9622	9557	9627	107	0.007008368200836834
2017-04-10	9525	9525	9474	9475	13	-0.015788926976212703
2017-04-11	9520	9520	9426	9429	4	-0.004854881266490807
2017-04-12	9436	9441	9412	9416	7	-0.001378725209460141
2017-04-13	9515	9548	9515	9518	1103	0.010832625318606626
2017-04-14	9552	9552	9540	9545	128	0.0028367304055474385
2017-04-17	9712	9712	9702	9706	11	0.01686746987951815
2017-04-18	9726	9726	9726	9729	1	0.0023696682464455776
2017-04-19	9777	9918	9777	9920	2	0.019632027957652287
2017-04-20	10010	10099	10010	10104	2	0.0185483870967742
2017-04-21	10240	10264	10240	10266	30	0.016033254156769594
2017-04-24	10245	10245	10245	10247	10	-0.001850769530489016
2017-04-25	10044	10044	10044	10045	1	-0.019713086757099596
2017-04-26	10109	10109	10109	10112	1	0.006669985067197626
2017-04-27	10010	10010	9922	9925	66	-0.018492879746835444
2017-04-28	9936	9936	9936	9939	0	0.0014105793450882587
2017-05-02	10006	10006	9965	9966	69	0.00271657108361012
2017-05-04	10072	10254	10072	10257	114	0.029199277543648483
2017-05-08	10380	10521	10357	10522	182	0.025836014429170273
2017-05-10	10872	10933	10638	10738	8153	0.02052841665082683
2017-05-11	10843	10877	10843	10878	124	0.01303780964797907
2017-05-12	10768	10768	10768	10771	10	-0.009836366979224076
2017-05-15	10778	10778	10693	10697	2579	-0.006870299879305541
2017-05-16	10825	10825	10688	10701	22	0.0003739366177433201
2017-05-17	10825	10918	10825	10864	5393	0.015232221287730052
2017-05-18	10847	10847	10768	10780	98	-0.0077319587628865705
2017-05-19	10852	10852	10787	10790	15	0.0009276437847867136
2017-05-22	10787	10811	10773	10812	55	0.0020389249304912926
2017-05-23	10815	10815	10815	10817	86	0.0004624491305955658
2017-05-24	10945	10969	10904	10972	62	0.014329296477766373
2017-05-25	10969	10983	10969	10986	118	0.0012759752096245247
2017-05-26	11002	11002	10933	10934	117	-0.004733296923357
2017-05-29	11016	11016	11016	11019	442	0.007773916224620425
2017-05-30	11091	11091	11086	11089	116	0.0063526635810871035
2017-05-31	11072	11137	11011	11085	289	-0.00036071782847868494
2017-06-01	11115	11165	11081	11121	54113	0.0032476319350474014
2017-06-02	11120	11142	11096	11097	2613	-0.0021580793094145845
2017-06-05	11190	11190	11151	11155	412	0.0052266378300440675
2017-06-07	11091	11110	11021	11027	3423	-0.01147467503361721
2017-06-08	11077	11110	10923	11112	627	0.007708352226353465
2017-06-09	11105	11105	11011	11019	260	-0.008369330453563695
2017-06-12	10933	10933	10792	10878	4205	-0.012796079499047153
2017-06-13	10928	10928	10820	10842	29	-0.003309431880860414
2017-06-14	10838	10877	10815	10878	444	0.003320420586607531
2017-06-15	10877	10955	10802	10827	2607	-0.004688361831219012
2017-06-16	10825	10825	10778	10822	34	-0.0004618084418582802
2017-06-19	10797	10797	10718	10718	944	-0.00961005359452971
2017-06-20	10703	10703	10638	10641	17	-0.007184176152267185
2017-06-21	10601	10666	10544	10611	2558	-0.0028192839018889027
2017-06-22	10566	10586	10566	10589	11	-0.002073320139477919
2017-06-23	10652	10652	10596	10631	366	0.003966380205874032
2017-06-26	10628	10628	10544	10546	968	-0.007995484902643235
2017-06-27	10656	10656	10619	10621	1308	0.007111701118907687
2017-06-28	10619	10619	10619	10621	15	0.0
2017-06-29	10482	10482	10412	10472	250	-0.014028810846436257
2017-06-30	10469	10544	10469	10546	132	0.007066462948815966
2017-07-03	10544	10576	10535	10575	4317	0.0027498577659776924
2017-07-04	10549	10549	10422	10425	7	-0.014184397163120588
2017-07-05	10361	10361	10334	10345	121	-0.00767386091127098
2017-07-06	10292	10292	10292	10294	1	-0.004929917834702757
2017-07-07	10198	10198	10198	10200	0	-0.009131532931804909
2017-07-10	10104	10104	10001	10036	207	-0.01607843137254905
2017-07-11	10114	10114	10072	10074	114	0.0037863690713431097
2017-07-12	10069	10069	10034	10036	17	-0.0037720865594600417
2017-07-13	10064	10076	10030	10033	234	-0.0002989238740533917
2017-07-14	10015	10109	10015	10112	51	0.007874015748031482
2017-07-17	10114	10114	10039	10104	39	-0.0007911392405063333
2017-07-18	10099	10129	10099	10129	15	0.002474267616785486
2017-07-19	10245	10245	10231	10233	4	0.010267548622766354
2017-07-20	10344	10344	10222	10228	320	-0.0004886152643408526
2017-07-21	10231	10231	10099	10139	2683	-0.008701603441533035
2017-07-24	10212	10235	10184	10200	4173	0.006016372423315985
2017-07-25	10249	10259	10189	10262	92	0.006078431372549042
2017-07-26	10380	10385	10353	10374	1390	0.01091405184174632
2017-07-27	10390	10404	10366	10369	13	-0.00048197416618467326
2017-07-28	10366	10474	10366	10452	1467	0.008004629183142153
2017-07-31	10314	10390	10203	10243	1015	-0.019996172981247562
2017-08-01	10139	10300	10139	10223	3608	-0.0019525529629991212
2017-08-02	10222	10222	10217	10219	21	-0.00039127457693433065
2017-08-03	10114	10134	10114	10124	13	-0.009296408650552923
2017-08-04	10104	10104	10049	10050	16	-0.007309363887791354
2017-08-07	10076	10134	10059	10064	1124	0.0013930348258706093
2017-08-08	10064	10064	9965	9966	129	-0.009737678855325949
2017-08-09	9950	10001	9950	10005	11	0.00391330523780864
2017-08-10	10085	10085	10054	10060	4004	0.005497251374312784
2017-08-11	10059	10059	10034	10041	4411	-0.0018886679920476768
2017-08-14	10039	10039	10039	10041	0	0.0
2017-08-16	10039	10039	10039	10041	0	0.0
2017-08-17	10020	10054	10020	10055	51	0.0013942834379045976
2017-08-18	10010	10049	10001	10005	12	-0.004972650422675251
2017-08-21	9965	9970	9909	9911	55	-0.009395302348825574
2017-08-22	9931	9931	9918	9920	177	0.0009080819291695796
2017-08-23	9918	9922	9918	9925	6	0.0005040322580645018
2017-08-24	9926	10134	9926	10124	1071	0.020050377833753075
2017-08-25	10165	10165	9983	10069	24	-0.005432635322007107
2017-08-28	10069	10104	10069	10109	11	0.003972589134968674
2017-08-29	10076	10080	10010	10084	976	-0.002473043822336485
2017-08-30	10030	10080	9992	10084	19	0.0
2017-08-31	10104	10104	10030	10033	329	-0.00505751685838951
2017-09-01	10020	10034	9931	9971	8225	-0.006179607295923484
2017-09-04	9899	9899	9867	9869	23	-0.010229666031491336
2017-09-05	9867	9867	9712	9761	1107	-0.010943357989664615
2017-09-06	9796	9796	9675	9691	29	-0.007171396373322425
2017-09-07	9675	9712	9675	9710	50	0.001960581983283527
2017-09-08	9679	9679	9501	9541	86	-0.017404737384140057
2017-09-11	9492	9572	9465	9466	86	-0.007860811235719578
2017-09-12	9441	9497	9441	9490	254	0.002535389816184175
2017-09-13	9520	9520	9310	9316	612	-0.018335089567966256
2017-09-14	9319	9339	9286	9341	45	0.002683555173894403
2017-09-15	9339	9381	9339	9368	25	0.002890482817685447
2017-09-18	9356	9356	9319	9321	77	-0.0050170794192997414
2017-09-19	9314	9342	9263	9346	183	0.002682115652826944
2017-09-20	9371	9371	9324	9326	102	-0.002139952921035748
2017-09-21	9263	9268	9263	9265	19	-0.006540853527771784
2017-09-22	9291	9314	9146	9162	191	-0.011117107393416092
2017-09-25	9146	9151	8954	8967	113	-0.02128356254092989
2017-09-26	8978	9072	8978	9073	340	0.011821121891379516
2017-09-27	9068	9137	9048	9050	23018	-0.0025349939380580055
2017-09-28	9231	9231	9226	9228	31	0.01966850828729272
2017-09-29	9314	9412	9310	9411	386	0.01983094928478546
2017-10-10	9398	9492	9398	9434	10862	0.0024439485708214193
2017-10-11	9431	9431	9431	9434	2	0.0
2017-10-12	9426	9426	9412	9429	38	-0.0005299978800085148
2017-10-13	9445	9702	9445	9701	375	0.028847173613320676
2017-10-16	9781	9909	9768	9911	285	0.02164725286052982
2017-10-17	9862	9862	9806	9854	150	-0.005751185551407523
2017-10-18	9876	10069	9876	9990	533	0.013801501928150994
2017-10-19	9988	9988	9950	9976	962	-0.0014014014014014364
2017-10-20	9979	9979	9862	9892	25	-0.008420208500400927
2017-10-23	9904	9904	9904	9906	106	0.0014152850788515803
2017-10-24	9904	10184	9904	10186	363	0.028265697557036118
2017-10-25	10139	10179	10134	10164	52	-0.002159827213822907
2017-10-26	10198	10477	10198	10447	759	0.02784336875245974
2017-10-27	10497	10497	10422	10425	1544	-0.0021058677132190784
2017-10-30	10422	10512	10390	10467	1457	0.004028776978417303
2017-10-31	10464	10464	10404	10425	441	-0.004012611063341942
2017-11-01	10437	10437	10264	10304	1885863	-0.011606714628297321
2017-11-02	10348	10348	10249	10252	5525	-0.005046583850931707
2017-11-03	10277	10417	10277	10420	4438	0.016387046429964913
2017-11-06	10432	10628	10432	10631	3480	0.02024952015355086
2017-11-07	10586	10683	10581	10687	521	0.0052676135829179405
2017-11-08	10623	10833	10623	10790	147	0.009637877795452443
2017-11-09	10894	10894	10847	10855	763	0.006024096385542244
2017-11-10	10852	10852	10722	10723	5264	-0.01216029479502534
2017-11-13	10745	10899	10745	10790	3164	0.006248251422176665
2017-11-14	10787	10787	10693	10762	117	-0.0025949953660796554
2017-11-15	10698	10763	10698	10766	1503	0.00037167812674221423
2017-11-16	10758	10758	10642	10701	42	-0.006037525543377331
2017-11-17	10708	10749	10703	10705	278	0.00037379684141658487
2017-11-20	10899	10950	10885	10902	499	0.018402615600186856
2017-11-21	10955	10955	10797	10860	1377	-0.0038525041276830096
2017-11-22	10857	10857	10713	10714	349	-0.013443830570902371
2017-11-23	10857	10857	10806	10842	1102	0.011946985252940134
2017-11-24	10838	10838	10802	10803	21	-0.003597122302158251
2017-11-27	10802	11021	10802	10991	1770	0.017402573359251994
2017-11-28	10988	11057	10918	10944	1221	-0.0042762260030934085
2017-11-29	10960	11062	10960	11066	7720	0.011147660818713545
2017-11-30	11133	11142	10950	10953	4635	-0.01021145852159766
2017-12-01	10950	10960	10857	10934	6820	-0.0017346845613074313
2017-12-04	11091	11180	11062	11181	2932	0.0225900859703676
2017-12-05	11216	11216	11129	11173	137	-0.0007154995080941307
2017-12-06	11170	11170	11002	11027	66	-0.013067215609057548
2017-12-07	11031	11031	10811	10812	1992	-0.01949759680783536
2017-12-08	10820	10820	10745	10748	1112	-0.005919348871624153
2017-12-11	10778	10792	10778	10794	185	0.004279866021585477
2017-12-12	10811	10811	10566	10611	730	-0.016953863257365254
2017-12-13	10610	10862	10610	10860	9041	0.023466214305909006
2017-12-14	10889	11007	10862	10963	661	0.009484346224677642
2017-12-15	10918	10928	10843	10902	127	-0.005564170391316292
2017-12-18	10928	11045	10928	10986	1153	0.007705008255366019
2017-12-19	11011	11011	10736	10762	1151	-0.020389586746768606
2017-12-20	10749	10847	10683	10771	1629	0.000836275785170093
2017-12-21	10768	10768	10647	10658	8427	-0.010491133599480063
2017-12-22	10652	10675	10521	10673	1362	0.0014073935072245192
2017-12-26	10671	10736	10666	10682	679	0.0008432493207157776
2017-12-27	10745	10749	10623	10728	560	0.004306309679835252
2017-12-28	10768	10811	10768	10807	21	0.007363907531692693
2018-01-02	10904	10913	10843	10912	21434	0.009715924863514358
2018-01-03	10838	10838	10763	10766	10	-0.013379765395894472
2018-01-04	10797	10811	10666	10673	5890	-0.008638305777447508
2018-01-05	10628	10628	10558	10584	8720	-0.008338798838189776
2018-01-08	10652	10652	10558	10561	467	-0.0021730914588057315
2018-01-09	10610	10623	10558	10584	3794	0.0021778240696903595
2018-01-10	10678	10753	10678	10748	243	0.015495086923658308
2018-01-11	10825	10889	10749	10868	779	0.01116486788239679
2018-01-12	10872	10872	10666	10673	2694	-0.01794258373205737
2018-01-15	10671	10731	10666	10733	2070	0.005621662138105554
2018-01-16	10736	10833	10698	10766	307	0.003074629646883542
2018-01-17	10768	10797	10753	10799	1363	0.003065205275868399
2018-01-18	10820	10820	10736	10771	1041	-0.0025928326696916804
2018-01-19	10736	10843	10736	10846	1943	0.006963141769566361
2018-01-22	10933	10933	10894	10907	740	0.00562419325096819
2018-01-23	10904	11011	10867	10912	1065	0.0004584211973961416
2018-01-24	10955	10955	10749	10803	5784	-0.009989002932551339
2018-01-25	10830	10847	10802	10822	373	0.0017587707118393858
2018-01-26	10802	11007	10802	11009	615	0.01727961559785629
2018-01-29	11036	11115	10945	10967	801	-0.0038150604051230275
2018-01-30	10964	11002	10904	10907	1237	-0.005470958329534037
2018-01-31	10913	10913	10741	10812	1302	-0.008710002750527135
2018-02-01	10838	10899	10811	10888	17216	0.007029226785053577
2018-02-02	10885	10899	10731	10762	25227	-0.011572373254959634
2018-02-05	10619	10623	10558	10589	919	-0.016075078981601987
2018-02-06	10404	10404	10273	10336	364	-0.02389271885919353
2018-02-07	10512	10512	10203	10205	1249	-0.012674148606811153
2018-02-08	10259	10259	10119	10238	357	0.0032337089661931273
2018-02-09	10059	10094	10049	10069	307	-0.016507130298886508
2018-02-12	10069	10124	10044	10115	44	0.0045684775052139415
2018-02-13	10114	10114	10015	10041	26	-0.007315867523480013
2018-02-14	10072	10072	9970	10033	84	-0.0007967333930883891
2018-02-19	10259	10259	10124	10139	212	0.010565135054320773
2018-02-20	10174	10174	10049	10050	191	-0.008777985994674053
2018-02-21	10155	10264	10094	10266	171	0.021492537313432925
2018-02-22	10287	10287	10193	10247	123	-0.001850769530489016
2018-02-23	10245	10366	10245	10369	362	0.011905923684981001
2018-02-26	10456	10456	10366	10425	610	0.005400713665734358
2018-02-27	10459	10459	10314	10331	137	-0.009016786570743451
2018-02-28	10357	10357	10160	10200	14	-0.012680282644468077
2018-03-02	10010	10076	9979	10028	9886	-0.0168627450980392
2018-03-05	10025	10114	9955	9985	736	-0.004287993617869912
2018-03-06	10049	10049	9945	9985	2961	0.0
2018-03-07	10001	10049	9950	9953	900	-0.003204807210816174
2018-03-08	10044	10104	10015	10064	325	0.011152416356877248
2018-03-09	10319	10408	10319	10407	1281	0.034081875993640764
2018-03-12	10408	10451	10385	10387	1349	-0.0019217834150091484
2018-03-13	10385	10385	10310	10369	1056	-0.0017329354000192865
2018-03-14	10339	10339	10212	10275	457	-0.009065483653197037
2018-03-15	10231	10412	10198	10415	188	0.013625304136253069
2018-03-16	10427	10451	10371	10392	1917	-0.002208353336533797
2018-03-19	10310	10353	10292	10299	878	-0.008949191685912239
2018-03-20	10124	10305	10104	10309	2930	0.0009709680551510669
2018-03-21	10300	10300	10249	10252	791	-0.0055291492870307435
2018-03-22	10268	10319	10165	10205	6785	-0.004584471322668704
2018-03-23	10076	10076	9996	10000	5467	-0.020088192062714394
2018-03-26	9936	10076	9899	10079	1111	0.007900000000000018
2018-03-27	10076	10226	10076	10168	1542	0.008830241095346691
2018-03-28	10198	10208	10184	10200	166	0.0031471282454760274
2018-03-29	10217	10249	10217	10252	64	0.005098039215686301
2018-03-30	10297	10447	10297	10447	160	0.019020678891923604
2018-04-02	10610	10815	10610	10687	20774	0.022973102326026673
2018-04-03	10877	10983	10877	10977	433	0.027135772433798167
2018-04-04	10942	10942	10736	10812	1570	-0.015031429352282077
2018-04-05	10811	10811	10698	10701	1096	-0.010266370699223093
2018-04-06	10698	10758	10688	10692	222	-0.000841042893187538
2018-04-09	10708	10726	10708	10728	89	0.0033670033670034627
2018-04-10	10726	10862	10688	10832	1050	0.009694258016405666
2018-04-11	10825	10825	10688	10723	248	-0.010062776957163955
2018-04-12	10656	10656	10558	10561	927	-0.015107712393919615
2018-04-13	10562	10688	10487	10692	265	0.012404128396932057
2018-04-16	10726	10736	10683	10705	427	0.0012158623269733493
2018-04-17	10736	10736	10718	10738	250	0.003082671648762192
2018-04-18	10753	10815	10753	10785	358	0.004376978953250177
2018-04-19	10768	10768	10722	10723	107	-0.005748725081131223
2018-04-20	10718	10718	10647	10663	242	-0.005595449034785038
2018-04-23	10596	10656	10596	10658	12	-0.0004689111882208996
2018-04-24	10718	10736	10718	10738	105	0.007506098705198028
2018-04-25	10693	10693	10591	10611	642	-0.011827155894952535
2018-04-26	10678	10678	10642	10653	97	0.0039581566299122795
2018-04-27	10689	10694	10676	10692	208	0.0036609405801182326
2018-04-30	10689	10973	10689	10970	330	0.026000748222970493
2018-05-02	10968	11077	10968	11050	9362	0.007292616226071136
2018-05-03	10897	10897	10789	10791	2569	-0.02343891402714937
2018-05-04	10817	10892	10737	10786	19100	-0.0004633490872022472
2018-05-08	10784	10784	10689	10724	725	-0.005748192100871519
2018-05-09	10723	10789	10657	10777	751	0.004942185751585226
2018-05-10	10760	10775	10614	10777	1037	0.0
2018-05-11	10822	10827	10751	10809	2840	0.002969286443351482
2018-05-14	10840	10850	10694	10697	1256	-0.010361735590711407
2018-05-15	10679	10679	10562	10569	1746	-0.011965971767785355
2018-05-16	10566	10623	10566	10621	100271	0.004920049200491938
2018-05-17	10605	10605	10525	10526	7453	-0.008944543828264706
2018-05-18	10525	10623	10525	10621	284	0.00902527075812265
2018-05-21	10619	10694	10619	10663	1271	0.003954429903022305
2018-05-23	10544	10544	10459	10536	433	-0.01191034418081216
2018-05-24	10623	10684	10596	10687	55281	0.01433181473044809
2018-05-25	10699	10699	10548	10606	81	-0.007579301955647044
2018-05-28	10581	10647	10571	10616	63365	0.0009428625306431293
2018-05-29	10652	10652	10628	10631	16	0.0014129615674454143
2018-05-30	10520	10610	10506	10536	8864	-0.008936130185307145
2018-05-31	10548	10610	10529	10560	94940	0.002277904328018332
2018-06-01	10558	10742	10558	10729	22713	0.01600378787878798
2018-06-04	10727	10727	10605	10621	210	-0.010066175785254927
2018-06-05	10619	10784	10619	10777	7810	0.014687882496940086
2018-06-07	10775	10954	10775	10956	7454	0.016609446042497922
2018-06-08	11030	11030	10865	10866	252	-0.008214676889375716
2018-06-11	10865	10865	10742	10857	3503	-0.000828271673108727
2018-06-12	10875	10982	10875	10942	183533	0.007829050382241798
2018-06-14	10870	10949	10870	10951	399	0.000822518735148936
2018-06-15	10949	10949	10714	10758	60	-0.017623961282074663
2018-06-18	10808	10808	10676	10719	629	-0.0036252091466815184
2018-06-19	10723	10723	10534	10536	561	-0.017072488105233652
2018-06-20	10803	10803	10737	10739	6969	0.01926727410782081
2018-06-21	10737	10737	10610	10616	114	-0.011453580407859154
2018-06-22	10558	10727	10558	10729	478	0.010644310474755114
2018-06-25	10727	10727	10633	10724	1995	-0.00046602665672479393
2018-06-26	10723	10775	10657	10777	8	0.004942185751585226
2018-06-27	10657	10808	10657	10767	328	-0.0009279020135474214
2018-06-28	10906	10992	10865	10866	2457	0.009194761772081339
2018-06-29	10865	10865	10799	10829	120	-0.003405116878336112
2018-07-02	10865	10865	10714	10719	43495	-0.01015790931757321
2018-07-03	10684	10684	10501	10526	311	-0.018005410952514178
2018-07-04	10420	10463	10406	10418	131	-0.01026030780923426
2018-07-05	10312	10312	10284	10295	93	-0.011806488769437462
2018-07-06	10364	10397	10345	10399	641	0.010101991257892129
2018-07-09	10420	10420	10388	10389	3	-0.0009616309260506162
2018-07-10	10388	10388	10289	10290	364	-0.009529309846953549
2018-07-11	10227	10227	10160	10200	1494	-0.008746355685131157
2018-07-12	10250	10312	10250	10314	109	0.011176470588235343
2018-07-13	10364	10374	10331	10333	367	0.001842156292418018
2018-07-16	10331	10350	10331	10333	278	0.0
2018-07-17	10236	10279	10185	10200	908	-0.012871382947837073
2018-07-18	10236	10236	10063	10083	1048	-0.011470588235294121
2018-07-19	10038	10038	9835	9880	525	-0.020132896955271207
2018-07-20	9897	9925	9817	9912	709	0.0032388663967610754
2018-07-23	9916	9973	9916	9959	16917	0.004741727199354395
2018-07-24	9958	9987	9953	9988	663	0.00291193894969366
2018-07-25	9921	9939	9921	9937	860	-0.005106127352823342
2018-07-26	9916	9916	9765	9767	235	-0.017107779007748847
2018-07-27	9765	9778	9632	9781	470	0.0014333981775365157
2018-07-30	9765	9793	9755	9781	93	0.0
2018-07-31	9765	9768	9760	9762	11	-0.001942541662406705
2018-08-01	9760	9887	9760	9870	88369	0.011063306699446773
2018-08-02	9869	9869	9750	9772	9192	-0.009929078014184411
2018-08-03	9773	9798	9768	9790	197	0.001841997544003382
2018-08-06	9788	9921	9788	9875	27484	0.008682328907047898
2018-08-07	9821	9873	9817	9851	4527	-0.002430379746835465
2018-08-08	9826	9826	9712	9742	601	-0.011064866511014126
2018-08-09	9727	9760	9717	9757	240	0.0015397249024839965
2018-08-10	9755	9755	9698	9701	531	-0.005739469099108385
2018-08-13	9698	9698	9543	9574	1485	-0.013091433872796654
2018-08-14	9609	9609	9561	9564	45	-0.001044495508669363
2018-08-16	9458	9472	9439	9441	18	-0.012860727728983723
2018-08-17	9547	9547	9444	9469	536	0.002965787522508201
2018-08-20	9561	9561	9401	9403	479	-0.006970113000316802
2018-08-21	9401	9504	9401	9503	750	0.010634903754121128
2018-08-22	9500	9504	9458	9460	1058	-0.004524886877828038
2018-08-23	9595	9703	9590	9626	794	0.01754756871035945
2018-08-24	9693	9693	9609	9616	2191	-0.0010388531061708006
2018-08-27	9742	9742	9642	9653	28	0.0038477537437604514
2018-08-28	9727	9727	9617	9621	264	-0.0033150315963949017
2018-08-29	9613	9613	9514	9554	280	-0.006963933063091177
2018-08-30	9670	9670	9552	9554	76	0.0
2018-08-31	9463	9509	9463	9503	58	-0.005338078291814985
2018-09-03	9613	9613	9491	9498	38	-0.0005261496369567409
2018-09-04	9552	9552	9476	9478	28	-0.0021057064645187973
2018-09-05	9556	9595	9467	9469	182	-0.0009495674192867565
2018-09-06	9514	9514	9439	9441	1888	-0.002957017636498027
2018-09-07	9552	9552	9401	9473	513	0.0033894714542950233
2018-09-10	9363	9368	9316	9332	521	-0.014884408318378561
2018-09-11	9363	9392	9331	9332	43	0.0
2018-09-12	9373	9373	9340	9347	15	0.0016073724817831092
2018-09-13	9348	9467	9348	9464	2734	0.012517385257301727
2018-09-14	9519	9539	9504	9540	14	0.008030431107354241
2018-09-17	9534	9534	9420	9431	77	-0.011425576519916159
2018-09-18	9415	9444	9383	9427	10	-0.00042413317781786475
2018-09-19	9424	9424	9392	9393	272	-0.003606661716346715
2018-09-20	9415	9415	9358	9361	249	-0.0034067922921324767
2018-09-21	9415	9415	9343	9383	52	0.00235017626321965
2018-09-27	9486	9543	9486	9535	217	0.016199509751678498
2018-09-28	9581	9652	9576	9581	8821	0.004824331410592464
2018-10-01	9613	9783	9613	9719	15293	0.014403506940820376
2018-10-02	9717	9717	9556	9559	8267	-0.016462599032822323
2018-10-04	9543	9543	9062	9110	30453	-0.04697144052725177
2018-10-05	9103	9127	8942	9129	1069	0.0020856201975851807
2018-10-08	9098	9118	9014	9016	2562	-0.012378135611786578
2018-10-10	9042	9042	8872	8894	1004	-0.01353149955634425
2018-10-11	8590	8665	8524	8524	5825	-0.041601079379356865
2018-10-12	8650	8679	8604	8615	544	0.010675739089629266
2018-10-15	8604	8604	8533	8576	235	-0.004526987811955929
2018-10-16	8627	8641	8585	8600	18	0.002798507462686617
2018-10-17	8660	8660	8660	8662	2	0.007209302325581479
2018-10-18	8660	8689	8570	8581	21328	-0.009351189101824087
2018-10-19	8560	8594	8447	8559	2101	-0.0025638037524764457
2018-10-22	8693	8783	8684	8784	2136	0.02628811777076767
2018-10-23	8693	8693	8467	8529	3848	-0.02903005464480879
2018-10-24	8542	8622	8542	8615	125	0.01008324539805372
2018-10-25	8556	8565	8348	8568	3796	-0.005455600696459673
2018-10-26	8650	8650	8259	8351	4726	-0.025326797385620936
2018-10-29	8269	8429	8018	8058	1299	-0.03508561848880376
2018-10-30	7975	8074	7885	8043	17112	-0.0018615040953090523
2018-10-31	7951	8046	7943	8048	1411	0.0006216585851051004
2018-11-01	8117	8254	8056	8214	16091	0.020626242544731666
2018-11-02	8363	8363	8203	8265	3192	0.006208911614316914
2018-11-05	8343	8343	8150	8152	1402	-0.01367211131276469
2018-11-06	8306	8306	8225	8303	61	0.01852306182531893
2018-11-07	8301	8414	8203	8223	1322	-0.009635071660845429
2018-11-08	8396	8406	8282	8294	1917	0.00863431837528883
2018-11-09	8343	8343	8089	8109	2437	-0.022305280925970616
2018-11-12	8155	8155	8074	8095	460	-0.0017264767542236603
2018-11-13	7948	8000	7899	7964	2585	-0.016182828906732505
2018-11-14	8056	8079	8008	8043	8561	0.009919638372676953
2018-11-15	8150	8329	8141	8331	3559	0.03580753450205143
2018-11-16	8325	8339	8245	8308	117	-0.0027607730164446176
2018-11-19	8329	8367	8277	8346	2538	0.00457390467019736
2018-11-20	8250	8311	8230	8243	1037	-0.01234124131320391
2018-11-21	8240	8386	8117	8360	517	0.014193861458206891
2018-11-22	8358	8462	8358	8449	4724	0.010645933014354014
2018-11-23	8447	8485	8291	8322	131	-0.015031364658539492
2018-11-26	8358	8504	8348	8468	2455	0.01754385964912286
2018-11-27	8429	8575	8429	8576	1856	0.012753897024090799
2018-11-28	8570	8645	8570	8643	291	0.0078125
2018-11-29	8670	8698	8570	8619	194	-0.0027768136063867077
2018-11-30	8533	8632	8533	8634	1016	0.0017403411068568353
2018-12-03	8655	8731	8641	8643	2984	0.0010423905489924667
2018-12-04	8641	8716	8627	8675	94	0.0037024181418487956
2018-12-05	8514	8711	8514	8714	2333	0.004495677233429474
2018-12-06	8665	8665	8524	8568	2383	-0.016754647693366986
2018-12-07	8519	8608	8519	8586	79	0.0021008403361344463
2018-12-10	8551	8665	8494	8657	583	0.008269275564873002
2018-12-11	8641	8650	8617	8619	5864	-0.004389511378075528
2018-12-12	8617	8741	8617	8742	252	0.014270797076227026
2018-12-13	8741	8792	8741	8789	1319	0.005376344086021501
2018-12-14	8802	8820	8731	8776	2427	-0.00147912162930941
2018-12-17	8783	8783	8731	8751	1772	-0.0028486782133090305
2018-12-18	8840	8840	8750	8751	139	0.0
2018-12-19	8787	8886	8787	8865	2710	0.013027082619129216
2018-12-20	8862	8862	8764	8809	4282	-0.006316976875352487
2018-12-21	8806	8806	8726	8766	52	-0.004881371324781503
2018-12-24	8689	8698	8665	8667	86	-0.011293634496919891
2018-12-26	8580	8590	8514	8549	194	-0.013614860966885911
2018-12-27	8641	8726	8641	8675	211	0.01473856591414191
2018-12-28	8750	8797	8750	8779	13	0.011988472622478374
2019-01-02	8778	8806	8472	8492	356	-0.032691650529673044
2019-01-03	8533	8594	8533	8564	66	0.008478568064060221
2019-01-04	8560	8665	8560	8667	74	0.012027090144792085
2019-01-07	8726	8726	8599	8624	11776	-0.0049613476404754
2019-01-08	8670	8675	8670	8675	23	0.005913729128014911
2019-01-09	8675	8745	8675	8710	304	0.004034582132564912
2019-01-10	8707	8707	8585	8600	86	-0.012629161882893203
2019-01-11	8670	8670	8617	8643	62	0.004999999999999893
2019-01-14	8627	8711	8627	8680	2247	0.004280920976512892
2019-01-15	8769	8769	8711	8724	54	0.005069124423963123
2019-01-16	8721	8721	8670	8690	94	-0.003897294818890451
2019-01-17	8689	8689	8608	8610	26	-0.009205983889528202
2019-01-18	8641	8641	8590	8591	172	-0.002206736353077776
2019-01-21	8580	8632	8580	8610	67	0.002211616808287742
2019-01-22	8604	8632	8565	8624	1070	0.001626016260162677
2019-01-23	8650	8731	8645	8690	310	0.007653061224489832
2019-01-24	8655	8679	8617	8662	65	-0.003222094361334915
2019-01-25	8655	8778	8655	8766	134	0.012006465019625878
2019-01-28	8750	8750	8670	8710	8535	-0.006388318503308232
2019-01-29	8698	8736	8689	8714	145	0.00045924225028692867
2019-01-30	8711	8815	8707	8776	164	0.007114987376635407
2019-01-31	8920	8920	8810	8875	645	0.011280765724703823
2019-02-01	8886	8906	8797	8799	171	-0.008563380281690125
2019-02-07	8754	8773	8731	8732	53	-0.007614501647914551
2019-02-08	8773	8773	8632	8662	463	-0.008016491067338483
2019-02-11	8675	8679	8622	8629	150	-0.0038097437081505703
2019-02-12	8599	8617	8560	8572	185	-0.0066056321705875165
2019-02-13	8604	8655	8604	8652	3377	0.009332711152589823
2019-02-14	8650	8952	8650	8955	930	0.03502080443828026
2019-02-15	8745	8810	8741	8814	314	-0.015745393634840843
2019-02-18	8810	8925	8810	8894	251	0.009076469253460395
2019-02-19	8891	8891	8840	8860	5981	-0.0038228018889139292
2019-02-20	8876	9108	8876	9110	532	0.028216704288938965
2019-02-21	9108	9175	9076	9129	342072	0.0020856201975851807
2019-02-22	9198	9198	9076	9125	200	-0.0004381640924526753
2019-02-25	9245	9245	9137	9228	99	0.011287671232876662
2019-02-26	9227	9227	9094	9110	477894	-0.012787169484178573
2019-02-27	9108	9212	9047	9205	204	0.01042810098792546
2019-02-28	9203	9250	9165	9177	2891	-0.003041825095057016
2019-03-04	9274	9274	9175	9181	1621	0.0004358722894191036
2019-03-05	9179	9183	9146	9148	313	-0.003594379697200778
2019-03-06	9146	9165	9132	9134	361	-0.0015303891560997096
2019-03-07	9193	9217	9156	9167	391	0.0036128749726296316
2019-03-08	9156	9250	9156	9181	1186	0.0015272171921021371
2019-03-11	9179	9217	9098	9186	3517	0.0005446029844242695
2019-03-12	9208	9208	9062	9067	1017	-0.012954495972131497
2019-03-13	9118	9203	9108	9205	726	0.015220028675416275
2019-03-14	9203	9255	9156	9228	1438	0.002498642042368271
2019-03-15	9274	9429	9274	9398	9836	0.018422193324663994
2019-03-18	9486	9595	9486	9586	30123	0.020004256224728678
2019-03-19	9627	9627	9519	9554	1806	-0.0033382015439181734
2019-03-20	9504	9524	9420	9526	298	-0.002930709650408203
2019-03-21	9444	9444	9312	9347	1651	-0.018790678144026907
2019-03-22	9321	9340	9236	9332	143	-0.0016047929817053497
2019-03-25	9292	9297	9208	9209	125	-0.01318045435062154
2019-03-26	9278	9410	9278	9383	162	0.018894559669888178
2019-03-27	9358	9368	9297	9347	465	-0.0038367259938185683
2019-03-28	9259	9274	9193	9261	290	-0.009200813095110782
2019-03-29	9331	9331	9240	9309	621	0.005183025591188883
2019-04-01	9307	9388	9274	9347	2421	0.004082071113975738
2019-04-02	9406	9406	9255	9290	456	-0.006098213330480329
2019-04-03	9283	9287	9232	9243	797	-0.005059203444564009
2019-04-04	9240	9287	9232	9243	620	0.0
2019-04-05	9297	9297	9193	9233	847	-0.001081899816076981
2019-04-08	9321	9340	9245	9280	1629	0.0050904364778512345
2019-04-09	9283	9424	9274	9413	383	0.014331896551724066
2019-04-10	9363	9363	9307	9313	127	-0.010623605651758239
2019-04-11	9339	9383	9336	9383	397	0.007516374959733785
2019-04-12	9383	9444	9292	9445	842	0.006607694767132077
2019-04-15	9529	9627	9500	9616	1590	0.01810481736368441
2019-04-16	9514	9600	9496	9559	1362	-0.005927620632279584
2019-04-17	9595	9600	9552	9559	4781	0.0
2019-04-18	9543	9543	9401	9403	698	-0.01631969871325456
2019-04-19	9467	9566	9467	9488	267	0.00903966819100277
2019-04-22	9444	9529	9434	9530	283	0.004426644182124795
2019-04-23	9529	9552	9500	9516	171	-0.001469045120671586
2019-04-24	9571	9595	9458	9521	399	0.0005254308532998131
2019-04-25	9444	9476	9392	9393	229	-0.013443965969961114
2019-04-26	9392	9401	9312	9342	336	-0.005429575215586069
2019-04-29	9379	9407	9259	9366	303	0.0025690430314708745
2019-04-30	9392	9392	9278	9327	1121	-0.004163997437540035
2019-05-02	9302	9321	9239	9289	3851	-0.00407419320253033
2019-05-03	9278	9278	9221	9275	45	-0.0015071590052750938
2019-05-07	9091	9187	9091	9126	310	-0.01606469002695421
2019-05-08	9101	9182	9049	9141	358	0.0016436554898093814
2019-05-09	9140	9140	8930	8931	377	-0.022973416475221553
2019-05-10	8930	9044	8867	8940	482	0.0010077258985556892
2019-05-13	8930	8930	8786	8787	1031	-0.017114093959731513
2019-05-14	8752	8782	8748	8749	8307	-0.004324570388073323
2019-05-15	8867	8901	8814	8822	6528	0.008343810721225253
2019-05-16	8819	8819	8757	8759	1956	-0.007141237814554557
2019-05-17	8757	8757	8638	8644	553	-0.013129352665829486
2019-05-20	8705	8705	8652	8669	1051	0.002892179546506224
2019-05-21	8667	8696	8605	8669	7402	0.0
2019-05-22	8667	8667	8595	8611	52	-0.0066905064021225424
2019-05-23	8600	8600	8552	8559	100	-0.0060387875972592875
2019-05-24	8557	8557	8442	8444	151	-0.013436149082836746
2019-05-27	8428	8467	8423	8467	201	0.002723827569871995
2019-05-28	8524	8524	8481	8487	67	0.002362111727884697
2019-05-29	8467	8467	8405	8425	2134	-0.007305290444208801
2019-05-30	8423	8462	8390	8391	4	-0.004035608308605387
2019-05-31	8366	8432	8361	8435	10535	0.005243713502562253
2019-06-03	8361	8467	8361	8435	426	0.0
2019-06-04	8462	8462	8432	8435	79	0.0
2019-06-05	8447	8447	8413	8430	89	-0.0005927682276229973
2019-06-07	8428	8494	8423	8472	1659	0.004982206405693912
2019-06-10	8432	8538	8432	8507	1224	0.004131255901794084
2019-06-11	8504	8538	8499	8511	905	0.000470201010932092
2019-06-12	8519	8586	8519	8564	10553	0.0062272353424979165
2019-06-13	8547	8552	8485	8515	130	-0.005721625408687481
2019-06-14	8524	8552	8467	8482	172	-0.003875513799177943
2019-06-17	8467	8547	8467	8507	184	0.0029474180617778956
2019-06-18	8529	8561	8485	8487	141	-0.002351005054660904
2019-06-19	8547	8600	8547	8564	148	0.009072699422646435
2019-06-20	8595	8595	8561	8577	570	0.001517982251284522
2019-06-21	8504	8504	8442	8482	9067	-0.011076133846333214
2019-06-24	8462	8462	8385	8415	6525	-0.007899080405564751
2019-06-25	8447	8481	8442	8453	71	0.004515745692216244
2019-06-26	8408	8413	8380	8381	165	-0.008517686028628901
2019-06-27	8380	8452	8356	8425	15888	0.005249970170624119
2019-06-28	8452	8452	8408	8410	45	-0.0017804154302670794
2019-07-01	8457	8494	8423	8430	6954	0.0023781212841855748
2019-07-02	8390	8390	8289	8329	624	-0.011981020166073497
2019-07-03	8289	8299	8242	8282	7267	-0.005642934325849391
2019-07-04	8279	8279	8208	8262	3661	-0.002414875633904856
2019-07-05	8356	8418	8356	8410	460	0.017913338174776028
2019-07-08	8380	8385	8237	8257	854	-0.01819262782401898
2019-07-09	8284	8284	8199	8205	86	-0.006297686811190473
2019-07-10	8204	8204	8132	8167	70	-0.004631322364411994
2019-07-11	8175	8319	8175	8272	315	0.012856618097220496
2019-07-12	8242	8266	8208	8234	77	-0.00459381044487428
2019-07-15	8261	8261	8179	8195	2012	-0.004736458586349301
2019-07-16	8179	8279	8179	8272	18182	0.00939597315436247
2019-07-17	8261	8261	8122	8124	9703	-0.017891682785299845
2019-07-18	8132	8213	8132	8186	39632	0.007631708517971347
2019-07-19	8161	8242	8151	8229	3315	0.005252870754947514
2019-07-22	8222	8222	8184	8210	59	-0.0023089075221777167
2019-07-23	8156	8256	8156	8229	780	0.0023142509135201106
2019-07-24	8170	8227	8151	8162	81	-0.008141937051889703
2019-07-25	8165	8165	8051	8152	11452	-0.0012251899044352088
2019-07-26	8099	8099	7951	7962	272	-0.02330716388616294
2019-07-29	7946	7984	7865	7871	1851	-0.01142928912333585
2019-07-30	7937	7951	7883	7937	330	0.008385211536018344
2019-07-31	7937	7937	7860	7875	689	-0.007811515686027448
2019-08-01	7860	7870	7784	7833	1216	-0.005333333333333301
2019-08-02	7826	7826	7692	7694	111	-0.01774543597599898
2019-08-05	7712	7712	7530	7560	1518	-0.01741616844294258
2019-08-06	7482	7530	7301	7445	1326	-0.015211640211640232
2019-08-07	7525	7525	7387	7432	109	-0.0017461383478845072
2019-08-08	7482	7554	7434	7527	185	0.012782561894510325
2019-08-09	7549	7587	7506	7517	159	-0.0013285505513485063
2019-08-12	7506	7516	7459	7498	12820	-0.002527604097379288
2019-08-13	7454	7569	7454	7570	8	0.009602560682848704
2019-08-14	7559	7564	7482	7484	123	-0.011360634081902243
2019-08-16	7501	7506	7449	7498	1813	0.0018706574024585088
2019-08-19	7449	7492	7434	7479	32707	-0.0025340090690850747
2019-08-20	7525	7564	7464	7560	9975	0.010830324909747224
2019-08-21	7521	7559	7497	7532	1446	-0.0037037037037036535
2019-08-22	7578	7587	7511	7536	1218	0.0005310674455656361
2019-08-23	7540	7540	7477	7494	123	-0.005573248407643283
2019-08-26	7439	7439	7330	7375	954	-0.015879370162796946
2019-08-27	7372	7444	7367	7375	861	0.0
2019-08-28	7454	7454	7363	7427	1375	0.007050847457627185
2019-08-29	7367	7473	7367	7469	127	0.005655042412818112
2019-08-30	7573	7621	7549	7599	80	0.017405275137234
2019-09-02	7611	7645	7559	7627	80	0.003684695354651879
2019-09-03	7597	7821	7597	7747	17431	0.015733578077881116
2019-09-04	7744	7807	7744	7804	206	0.007357686846521272
2019-09-05	7826	7831	7774	7828	461989	0.003075345976422339
2019-09-06	7826	7826	7740	7757	97	-0.009070005109862
2019-09-09	7811	7850	7802	7828	71	0.009153023075931355
2019-09-10	7850	7878	7831	7871	280	0.005493101686254498
2019-09-11	7831	7932	7831	7918	155	0.005971287002922043
2019-09-16	7999	8004	7922	7967	1673	0.006188431422076368
2019-09-17	8004	8008	7964	7980	90	0.0016317308899209682
2019-09-18	8008	8008	7964	7990	121	0.0012531328320801727
2019-09-19	7917	7954	7907	7914	10225	-0.009511889862327871
2019-09-20	7912	7951	7875	7952	8789	0.004801617386909207
2019-09-23	7888	7959	7888	7927	100	-0.0031438631790744465
2019-09-24	7942	8017	7942	7990	812	0.007947521130314161
2019-09-25	8051	8056	7984	7985	373	-0.0006257822277847547
2019-09-26	8041	8041	7927	7957	243	-0.0035065748278021447
2019-09-27	7979	8056	7974	7999	399	0.00527837124544428
2019-09-30	8056	8056	7954	8004	800	0.0006250781347667544
2019-10-01	7946	8046	7937	8024	19173	0.002498750624687629
2019-10-02	8012	8012	7927	7927	8854	-0.012088733798604201
2019-10-04	7917	7917	7855	7861	165	-0.008325974517471968
2019-10-07	7865	7907	7850	7885	535	0.003053046686172234
2019-10-08	7893	8031	7893	7994	317	0.01382371591629683
2019-10-10	7954	7959	7865	7905	80	-0.011133350012509369
2019-10-11	7984	7984	7888	7918	339	0.0016445287792536956
2019-10-14	7922	7974	7898	7932	457	0.0017681232634503274
2019-10-15	7989	8036	7964	8014	310	0.010337871911245688
2019-10-16	8079	8079	8008	8057	193	0.005365610182181291
2019-10-17	8070	8112	8012	8014	151	-0.005336974059823807
2019-10-18	8027	8108	8027	8033	183	0.002370851010731201
2019-10-21	8099	8099	7984	8004	188	-0.0036101083032491488
2019-10-22	8017	8099	8017	8071	240	0.008370814592703724
2019-10-23	8108	8108	8051	8105	216	0.0042126130591004785
2019-10-24	8012	8094	8008	8095	196	-0.0012338062924120985
2019-10-25	8065	8079	8004	8004	310	-0.011241507103150084
2019-10-28	8074	8079	7989	8009	210	0.0006246876561719628
2019-10-29	8036	8041	7964	7985	278	-0.0029966287926083135
2019-10-30	7989	8213	7989	8162	5973	0.02216656230432057
2019-10-31	8189	8337	8189	8224	8160	0.007596177407498184
2019-11-01	8252	8309	8232	8309	135	0.010335603112840541
2019-11-04	8309	8432	8309	8435	9189	0.015164279696714411
2019-11-05	8423	8423	8380	8391	2102	-0.005216360403082376
2019-11-06	8390	8504	8390	8482	15355	0.010844952925753715
2019-11-07	8481	8481	8447	8453	28907	-0.0034190049516623633
2019-11-08	8467	8467	8341	8344	19914	-0.01289483023778537
2019-11-11	8361	8361	8266	8282	461	-0.007430488974113136
2019-11-12	8289	8319	8232	8300	1797	0.0021733880705143704
2019-11-13	8274	8279	8208	8215	419	-0.010240963855421725
2019-11-14	8271	8279	8218	8267	409	0.006329884357881843
2019-11-15	8279	8356	8274	8319	281	0.006290068948832772
2019-11-18	8319	8319	8227	8239	22145	-0.009616540449573274
2019-11-19	8222	8237	8184	8219	147	-0.002427479062993121
2019-11-20	8127	8170	8117	8134	8325	-0.010341890740966031
2019-11-21	8141	8199	8108	8119	79	-0.0018441111384313036
2019-11-22	8179	8213	8161	8191	1005	0.008868087202857478
2019-11-25	8256	8266	8237	8243	288	0.006348431204981075
2019-11-26	8232	8232	8151	8162	1051590	-0.009826519471066386
2019-11-27	8184	8247	8184	8186	158	0.002940455770644501
2019-11-28	8179	8319	8179	8300	1857	0.013926215489860727
2019-11-29	8356	8390	8222	8234	2222	-0.007951807228915642
2019-12-02	8232	8279	8179	8195	779	-0.004736458586349301
2019-12-03	8194	8237	8112	8239	255	0.005369127516778427
2019-12-04	8099	8161	8099	8147	382	-0.011166403689768178
2019-12-05	8179	8199	8041	8076	337	-0.008714864367251773
2019-12-06	8079	8127	8056	8100	8444	0.002971768202080227
2019-12-09	8099	8099	8027	8052	71	-0.00592592592592589
2019-12-10	8070	8165	8070	8162	74	0.013661202185792254
2019-12-11	8156	8156	8084	8147	101	-0.0018377848566527577
2019-12-12	8132	8194	8127	8195	15853	0.005891739290536435
2019-12-13	8184	8227	8156	8172	5910	-0.0028065893837705413
2019-12-16	8213	8213	8170	8195	127	0.00281448849730781
2019-12-17	8156	8204	8146	8186	10859	-0.001098230628431951
2019-12-18	8232	8232	8175	8205	118	0.002321035914976788
2019-12-19	8194	8227	8170	8224	69	0.0023156611822059414
2019-12-20	8237	8274	8232	8257	536	0.004012645914396984
2019-12-23	8256	8274	8222	8257	163	0.0
2019-12-24	8256	8256	8213	8243	1022	-0.0016955310645513366
2019-12-26	8261	8261	8161	8234	14926	-0.001091835496785154
2019-12-27	8232	8346	8232	8300	929	0.008015545299975724
2019-12-30	8341	8371	8337	8372	539	0.00867469879518068
2020-01-02	8371	8405	8274	8405	863	0.003941710463449599
2020-01-03	8432	8442	8328	8344	840	-0.007257584770969716
2020-01-06	8279	8324	8247	8247	1664	-0.01162511984659631
2020-01-07	8314	8538	8314	8539	703	0.035406814599248104
2020-01-08	8418	8423	8319	8368	146	-0.020025764141000102
2020-01-09	8418	8437	8366	8372	67	0.00047801147227533036
2020-01-10	8428	8494	8428	8497	189	0.01493072145246055
2020-01-13	8514	8772	8514	8721	1028	0.026362245498411152
2020-01-14	8791	8814	8719	8764	946	0.004930627221648942
2020-01-15	8729	8829	8714	8826	140	0.007074395253308996
2020-01-16	8824	8844	8791	8844	5000	0.0020394289598912874
2020-01-17	8844	8920	8791	8849	629	0.0005653550429669529
2020-01-20	8849	8867	8652	8687	1131	-0.01830715335066113
2020-01-21	8643	8691	8566	8573	57684	-0.013123057442154917
2020-01-22	8595	8667	8566	8669	1544	0.011197947043042111
2020-01-23	8595	8595	8504	8529	417	-0.01614949821201983
2020-01-28	8247	8252	8108	8134	158339	-0.04631258060733967
2020-01-29	8189	8332	8170	8262	741	0.015736415047946872
2020-01-30	8271	8271	8089	8119	884	-0.017308157831033677
2020-01-31	8141	8156	8036	8047	825	-0.008868087202857478
2020-02-03	7927	8060	7902	8047	3788	0.0
2020-02-04	8031	8094	7984	8081	88934	0.004225177084627774
2020-02-05	8089	8179	7999	8042	12484	-0.004826135379284779
2020-02-06	8099	8199	8074	8176	2576	0.01666252176075611
2020-02-07	8161	8170	8117	8172	232	-0.0004892367906066397
2020-02-10	8103	8179	8074	8181	184	0.0011013215859030367
2020-02-11	8208	8266	8208	8262	2038	0.00990099009900991
2020-02-12	8232	8390	8222	8386	16832	0.0150084725248123
2020-02-13	8385	8432	8337	8344	630	-0.005008347245408995
2020-02-14	8337	8366	8289	8309	342	-0.004194630872483174
2020-02-17	8319	8413	8309	8363	501	0.006498977012877605
2020-02-18	8309	8332	8222	8257	79933	-0.01267487743632667
2020-02-19	8309	8309	8179	8257	222	0.0
2020-02-20	8256	8256	8070	8085	13562	-0.020830810221630136
2020-02-21	8041	8099	7984	8004	837	-0.010018552875695752
2020-02-24	7860	7860	7678	7694	1703	-0.03873063468265869
2020-02-25	7697	7798	7697	7789	9212	0.012347283597608616
2020-02-26	7722	7754	7669	7727	4553	-0.007959943510078338
2020-02-27	7707	7802	7645	7685	1295	-0.00543548595832799
2020-02-28	7611	7616	7420	7469	5013	-0.028106701366298004
2020-03-02	7511	7607	7424	7541	599	0.009639844691391009
2020-03-03	7640	7683	7535	7536	961	-0.0006630420368651802
2020-03-04	7540	7683	7540	7656	1775	0.015923566878981
2020-03-05	7692	7798	7654	7799	2374	0.018678160919540332
2020-03-06	7687	7707	7645	7709	1782	-0.011539941018079203
2020-03-09	7602	7626	7497	7522	1025	-0.02425736152548974
2020-03-10	7469	7582	7444	7551	816	0.0038553576176549864
2020-03-11	7516	7516	7353	7384	422	-0.022116275989935152
2020-03-12	7344	7358	6991	7092	3403	-0.03954496208017333
2020-03-13	6613	7009	6585	6887	5270	-0.028905809362662183
2020-03-16	6971	7000	6800	6801	3069	-0.012487294903441248
2020-03-17	6479	6890	6479	6830	1092	0.004264078811939465
2020-03-18	6724	7034	6724	6777	77823	-0.007759882869692536
2020-03-19	6862	6881	6302	6342	30489	-0.0641876936697654
2020-03-20	6379	6522	6288	6462	58751	0.018921475875118166
2020-03-23	6211	6307	6059	6184	14165	-0.04302073661405137
2020-03-24	6270	6522	6184	6524	7729	0.054980595084088035
2020-03-25	6652	6738	6561	6739	685	0.032955242182709954
2020-03-26	6818	6995	6733	6805	5784	0.009793737943315062
2020-03-27	6929	6967	6647	6820	50455	0.0022042615723731895
2020-03-30	6642	6881	6608	6877	517	0.008357771260997016
2020-03-31	6885	6967	6881	6968	1844	0.013232514177693666
2020-04-01	7024	7086	6766	6768	3267	-0.028702640642939148
2020-04-02	6818	7019	6780	6997	1117	0.033835697399527076
2020-04-03	7009	7115	6971	7116	4154	0.017007288838073453
2020-04-06	7152	7429	7152	7417	174151	0.04229904440697019
2020-04-07	7516	7535	7348	7450	11681	0.004449238236483799
2020-04-08	7439	7564	7363	7450	41384	0.0
2020-04-09	7578	7578	7382	7494	6196	0.005906040268456314
2020-04-10	7492	7492	7291	7442	173939	-0.006938884440886084
2020-04-13	7392	7449	7348	7379	1693	-0.008465466272507438
2020-04-14	7382	7506	7382	7464	5965	0.011519176040113877
2020-04-16	7315	7469	7315	7455	3400	-0.001205787781350498
2020-04-17	7501	7645	7501	7617	10210	0.021730382293762673
2020-04-20	7592	7722	7592	7627	17047	0.001312852829197908
2020-04-21	7616	7616	7372	7546	12645	-0.010620165202569809
2020-04-22	7540	7702	7459	7704	13764	0.020938245428041347
2020-04-23	7712	7959	7664	7962	12922	0.03348909657320864
2020-04-24	7865	7964	7836	7885	5672	-0.009670936950514908
2020-04-27	7888	8046	7888	8009	9110	0.015726062143310182
2020-04-28	8008	8037	7906	7985	2842	-0.0029966287926083135
2020-04-29	8061	8086	8004	8063	70650	0.009768315591734522
2020-05-04	7926	8052	7824	7917	38525	-0.018107404191988086
2020-05-06	7999	8047	7946	8024	4365	0.01351522041177211
2020-05-07	8027	8124	8027	8111	2000	0.010842472582253349
2020-05-08	8119	8168	8057	8106	11128	-0.0006164468006411017
2020-05-11	8105	8105	8052	8063	2571	-0.0053047125585985455
2020-05-12	8061	8086	7959	8029	4908	-0.004216792757038346
2020-05-13	7994	8105	7994	8106	9687	0.009590235396687019
2020-05-14	8178	8178	8105	8179	163246	0.00900567480878367
2020-05-15	8231	8255	8159	8251	18473	0.00880303215552014
2020-05-18	8367	8367	8178	8189	23167	-0.007514240698097252
2020-05-19	8246	8270	8159	8203	6486	0.0017096104530467393
2020-05-20	8202	8270	8187	8203	9926	0.0
2020-05-21	8173	8207	8129	8208	6623	0.0006095330976472191
2020-05-22	8226	8226	8139	8159	3418	-0.005969785575048681
2020-05-25	8207	8284	8134	8261	2742	0.012501532050496422
2020-05-26	8284	8309	8231	8276	4857	0.001815760803776767
2020-05-27	8279	8314	8255	8271	1664	-0.0006041565973899932
2020-05-28	8270	8270	8096	8154	186823	-0.014145810663764968
2020-05-29	8164	8187	8129	8154	816	0.0
2020-06-01	8154	8221	8105	8213	62782	0.00723571253372568
2020-06-02	8231	8319	8173	8309	6636	0.01168878607086321
2020-06-03	8309	8381	8284	8314	6315	0.0006017571308218894
2020-06-04	8319	8449	8319	8329	30402	0.00180418571084906
2020-06-05	8420	8420	8328	8382	3228	0.006363308920638744
2020-06-08	8479	8479	8337	8402	11747	0.0023860653781913044
2020-06-09	8401	8449	8304	8377	4956	-0.0029754820280885053
2020-06-10	8342	8410	8342	8387	4946	0.0011937447773666676
2020-06-11	8314	8401	8236	8314	3984	-0.00870394658399909
2020-06-12	8027	8231	7969	8154	4601	-0.019244647582391194
2020-06-15	8154	8154	7799	7801	5109	-0.043291636006867806
2020-06-16	7916	8144	7916	8140	76972	0.04345596718369449
2020-06-17	8114	8164	8032	8077	2479	-0.007739557739557701
2020-06-18	8081	8114	8023	8058	420	-0.0023523585489662047
2020-06-19	8110	8110	7954	8063	7083	0.0006205013651030544
2020-06-22	8004	8023	7926	7926	1544	-0.016991194344536775
2020-06-23	8013	8042	7897	8033	7594	0.013499873832954812
2020-06-24	8047	8071	7984	8072	972	0.004854973235403959
2020-06-25	8032	8032	7873	7873	1219	-0.024653121902874164
2020-06-26	7964	7999	7892	7999	4208	0.01600406452432357
2020-06-29	7897	7897	7814	7859	778	-0.017502187773471678
2020-06-30	7931	8226	7887	8009	32866	0.01908639776052934
2020-07-01	8061	8061	7931	7951	6163	-0.007241852915470082
2020-07-02	8013	8168	8013	8154	3387	0.025531379700666657
2020-07-03	8173	8289	8101	8213	4316	0.00723571253372568
2020-07-06	8319	8319	8168	8242	1567	0.003530987458906676
2020-07-07	8241	8274	8159	8189	3435	-0.00643047803931085
2020-07-08	8187	8231	8124	8169	2172	-0.0024423006472096276
2020-07-09	8168	8187	8124	8189	3095	0.002448280083241494
2020-07-10	8207	8207	8076	8111	2109	-0.00952497252411777
2020-07-13	8139	8207	8139	8189	2555	0.009616570090001275
2020-07-14	8236	8265	8197	8266	3338	0.009402857491757288
2020-07-15	8328	8352	8207	8237	1947	-0.0035083474473748266
2020-07-16	8274	8314	8221	8304	5397	0.008134029379628593
2020-07-17	8309	8367	8274	8304	614	0.0
2020-07-20	8342	8342	8197	8276	1119	-0.00337186897880537
2020-07-21	8279	8449	8279	8450	6830	0.021024649589173494
2020-07-22	8459	8459	8332	8368	1693	-0.009704142011834338
2020-07-23	8324	8337	8197	8242	2872	-0.015057361376673017
2020-07-24	8217	8221	8134	8174	1618	-0.008250424654210109
2020-07-27	8173	8236	8173	8227	1759	0.00648397357474928
2020-07-28	8207	8255	8178	8227	1862	0.0
2020-07-29	8202	8304	8159	8299	11351	0.008751671326121313
2020-07-30	8304	8352	8279	8319	6399	0.0024099289070973473
2020-07-31	8342	8367	8236	8295	85865	-0.0028849621348719934
2020-08-03	8294	8294	8202	8256	13194	-0.004701627486437654
2020-08-04	8255	8309	8255	8295	11911	0.004723837209302362
2020-08-05	8314	8415	8314	8368	5520	0.008800482218203731
2020-08-06	8406	8512	8377	8513	2669	0.017327915869980837
2020-08-07	8580	8701	8537	8664	25350	0.01773757782215446
2020-08-10	8692	8725	8585	8702	8217	0.004385964912280604
2020-08-11	8697	9002	8687	8978	487230	0.03171684670190755
2020-08-12	8987	9098	8919	9022	238089	0.004900868790376434
2020-08-13	9040	9176	8982	9070	7684	0.005320328086898751
2020-08-14	9176	9283	9070	9187	8087	0.012899669239250233
2020-08-18	9220	9220	8740	8765	14694	-0.045934472624360456
2020-08-19	8764	8967	8745	8905	111486	0.01597261836851116
2020-08-20	8827	8870	8599	8644	80879	-0.029309376754632188
2020-08-21	8701	8852	8657	8736	4166	0.0106432207311431
2020-08-24	8774	8774	8633	8731	5191	-0.0005723443223443203
2020-08-25	8807	8837	8745	8832	10134	0.011567976176841244
2020-08-26	8827	8827	8599	8712	388715	-0.013586956521739135
2020-08-27	8706	8706	8585	8634	5193	-0.008953168044077087
2020-08-28	8657	8682	8551	8634	7347	0.0
2020-08-31	8697	8715	8537	8537	6005	-0.01123465369469534
2020-09-01	8556	8647	8546	8649	3467	0.013119362773808207
2020-09-02	8720	8720	8590	8629	3614	-0.002312406058503913
2020-09-03	8657	8662	8565	8600	7969	-0.0033607602271410464
2020-09-04	8483	8483	8406	8464	5530	-0.015813953488372112
2020-09-07	8464	8517	8430	8509	2123	0.005316635160680594
2020-09-08	8541	8614	8532	8591	64556	0.009636855094605767
2020-09-09	8580	8580	8464	8562	1765	-0.003375625654755021
2020-09-10	8560	8667	8546	8654	2565	0.010745153001635144
2020-09-11	8638	8706	8624	8677	5907	0.002657730529235014
2020-09-14	8692	8715	8643	8672	5885	-0.0005762360262763222
2020-09-15	8672	8735	8652	8707	6535	0.0040359778597784945
2020-09-16	8740	8779	8667	8702	5223	-0.0005742506029631222
2020-09-17	8720	8720	8604	8619	2912	-0.009538037232820096
2020-09-18	8643	8687	8633	8654	1593	0.004060795915999504
2020-09-21	8677	8720	8599	8610	5571	-0.005084354055927887
2020-09-22	8614	8614	8357	8377	6316	-0.027061556329848968
2020-09-23	8410	8430	8319	8392	1140	0.0017906171660500014
2020-09-24	8284	8284	8168	8184	6335	-0.024785510009532885
2020-09-25	8251	8255	8197	8208	449	0.0029325513196480912
2020-09-28	8241	8401	8236	8372	2163	0.019980506822611988
2020-09-29	8434	8469	8391	8392	11016	0.0023889154323937234
2020-10-05	8425	8604	8425	8576	1212	0.0219256434699715
2020-10-06	8604	8638	8556	8557	998	-0.0022154850746268773
2020-10-07	8556	8609	8492	8586	1411	0.0033890382143273445
2020-10-08	8609	8672	8585	8605	1232	0.0022129047286278958
2020-10-12	8672	8803	8672	8760	3413	0.01801278326554323
2020-10-13	8812	8812	8629	8672	3620	-0.010045662100456654
2020-10-14	8652	8652	8556	8591	1476	-0.009340405904059046
2020-10-15	8594	8594	8502	8576	1773	-0.001746013269700808
2020-10-16	8599	8599	8556	8566	3307	-0.0011660447761193682
2020-10-19	8682	8697	8585	8639	2920	0.008522063973850136
2020-10-20	8652	8652	8546	8619	1481	-0.0023150827642087757
2020-10-21	8619	8638	8590	8634	3231	0.0017403411068568353
2020-10-22	8647	8647	8522	8600	4815	-0.00393791985174885
2020-10-23	8672	8672	8532	8586	1932	-0.0016279069767441978
2020-10-26	8565	8565	8396	8426	2656	-0.01863498718844636
2020-10-27	8357	8401	8328	8372	1585	-0.006408734868264876
2020-10-28	8304	8342	8294	8339	6513	-0.003941710463449599
2020-10-29	8314	8332	8260	8319	717	-0.0023983691090059267
2020-10-30	8347	8347	8101	8136	2925	-0.021997836278398797
2020-11-02	8192	8260	8144	8246	7032	0.013520157325467075
2020-11-03	8241	8324	8241	8309	2134	0.007640067911714787
2020-11-04	8332	8391	8279	8377	1072	0.008183896979179206
2020-11-05	8396	8434	8352	8436	1794	0.007043094186462984
2020-11-06	8483	8483	8367	8411	3025	-0.002963489805595021
2020-11-09	8381	8522	8381	8455	6386	0.005231244798478141
2020-11-10	8599	8599	8454	8504	9003	0.005795387344766478
2020-11-11	8487	8692	8469	8692	19346	0.022107243650047126
2020-11-12	8677	8798	8609	8731	18613	0.004486884491486487
2020-11-13	8662	8667	8560	8624	6131	-0.012255182682396115
2020-11-16	8624	8657	8575	8581	5063	-0.004986085343228197
2020-11-17	8624	8647	8565	8629	8376	0.00559375364176673
2020-11-18	8633	8730	8629	8697	145453	0.00788040329122719
2020-11-19	8629	8652	8599	8649	112347	-0.0055191445325974975
2020-11-20	8647	8798	8647	8784	4575	0.015608740894901052
2020-11-23	8764	8837	8764	8779	44392	-0.0005692167577413532
2020-11-24	8822	8822	8730	8731	11645	-0.005467593119945269
2020-11-25	8793	8793	8604	8672	97749	-0.006757530637956699
2020-11-26	8662	8677	8604	8639	23390	-0.0038053505535055043
2020-11-27	8672	8672	8604	8615	2179	-0.002778099317050531
2020-11-30	8652	8652	8507	8509	26467	-0.012304120719675016
2020-12-01	8546	8619	8537	8610	9326	0.011869784933599803
2020-12-02	8609	8662	8609	8664	19127	0.006271777003484358
2020-12-03	8677	8697	8614	8677	17818	0.0015004616805169846
2020-12-04	8677	8677	8590	8624	6616	-0.006108101878529393
2020-12-07	8624	8643	8560	8619	22845	-0.0005797773654916405
2020-12-08	8647	8672	8619	8672	11930	0.006149205244227796
2020-12-09	8701	8857	8697	8837	19196	0.019026752767527633
2020-12-10	8837	8910	8784	8837	6847	0.0
2020-12-11	8919	9088	8910	9042	22032	0.02319791784542269
2020-12-14	9098	9098	8963	9046	15831	0.00044238000442375913
2020-12-15	9060	9060	8914	8954	20493	-0.010170240990493018
2020-12-16	9012	9113	9012	9075	21232	0.013513513513513598
2020-12-17	9127	9127	8958	9007	15980	-0.00749311294765842
2020-12-18	9016	9147	9016	9124	13454	0.012989896746974594
2020-12-21	9132	9180	9040	9167	6211	0.004712845243314279
2020-12-22	9180	9234	9030	9032	18625	-0.014726737209555973
2020-12-23	9103	9103	9002	9012	19130	-0.0022143489813994943
2020-12-24	9055	9065	8997	9065	18797	0.005881047492232616
2020-12-28	9103	9103	8972	9027	14721	-0.0041919470490898725
2020-12-29	9118	9171	9045	9172	26923	0.01606292234407891
2020-12-30	9225	9230	9171	9215	7937	0.00468818142171834
2021-01-04	9215	9215	9079	9138	18962	-0.008355941399891487
2021-01-05	9171	9253	9123	9245	14030	0.01170934558984471
2021-01-06	9302	9302	9190	9192	21868	-0.005732828555976233
2021-01-07	9225	9331	9220	9298	18965	0.011531766753698935
2021-01-08	9350	9462	9297	9448	23721	0.016132501613250083
2021-01-11	9457	9457	9132	9225	25314	-0.023602878916172743
2021-01-12	9307	9365	9127	9245	9137	0.0021680216802169028
2021-01-13	9370	9443	9302	9395	23776	0.016224986479177916
2021-01-14	9457	9510	9355	9487	53224	0.009792442788717493
2021-01-15	9530	9651	9438	9438	41679	-0.005164962580373134
2021-01-18	9380	9390	9152	9182	45438	-0.027124390760754347
2021-01-19	9210	9393	9210	9327	16548	0.015791766499673177
2021-01-20	9365	9447	9326	9395	11524	0.007290661520317432
2021-01-21	9452	9476	9393	9463	33177	0.007237892496008591
2021-01-22	9505	9675	9393	9550	42204	0.009193701785902952
2021-01-25	9660	9922	9607	9884	32831	0.03497382198952881
2021-01-26	9931	9931	9631	9671	233687	-0.021549979765277172
2021-01-27	9713	9771	9549	9575	22780	-0.009926584634474156
2021-01-28	9398	9549	9380	9497	115981	-0.008146214099216675
2021-01-29	9544	9544	9234	9250	178277	-0.02600821311993262
2021-02-01	9248	9340	9190	9313	36565	0.006810810810810919
2021-02-02	9390	9505	9340	9468	50259	0.016643401696553095
2021-02-03	9438	9544	9418	9506	41524	0.004013519222644701
2021-02-04	9510	9563	9408	9443	12429	-0.006627393225331346
2021-02-05	9515	9553	9447	9506	22650	0.006671608598962209
2021-02-08	9540	9709	9540	9642	48378	0.014306753629286684
2021-02-09	9665	9694	9568	9570	37202	-0.007467330429371533
2021-02-10	9612	9690	9568	9652	12591	0.008568443051201635
2021-02-15	9786	9786	9699	9739	28023	0.009013675922088682
2021-02-16	9685	9791	9685	9720	13366	-0.001950918985522132
2021-02-17	9694	9713	9617	9690	12557	-0.0030864197530864335
2021-02-18	9718	9806	9675	9710	22787	0.002063983488132193
2021-02-19	9771	9776	9525	9739	25076	0.0029866117404737658
2021-02-22	9748	9781	9607	9623	24987	-0.01191087380634559
2021-02-23	9617	9776	9549	9758	29363	0.014028889119817034
2021-02-24	9781	9811	9457	9458	11809	-0.030744004919040835
2021-02-25	9573	9694	9544	9695	11698	0.025058151829139286
2021-02-26	9603	9603	9457	9535	8749	-0.016503352243424474
2021-03-02	9612	9631	9462	9530	78591	-0.000524383848977461
2021-03-03	9530	9690	9530	9690	29436	0.016789087093389332
2021-03-04	9583	9713	9540	9710	19613	0.002063983488132193
2021-03-05	9675	9675	9553	9637	20344	-0.0075180226570545905
2021-03-08	9709	9709	9525	9526	16160	-0.011518107294801294
2021-03-09	9621	9621	9380	9477	11259	-0.005143816922107969
2021-03-10	9530	9563	9447	9492	12281	0.0015827793605571738
2021-03-11	9496	9573	9433	9550	36599	0.006110408765276132
2021-03-12	9593	9641	9578	9633	13364	0.008691099476439756
2021-03-15	9646	9709	9603	9705	6692	0.007474307069448738
2021-03-16	9704	9781	9704	9758	46670	0.005461102524471961
2021-03-17	9781	9786	9709	9788	9677	0.0030744004919041057
2021-03-18	9796	9888	9791	9831	48956	0.004393134450347391
2021-03-19	9704	9767	9680	9758	29624	-0.007425490794425782
2021-03-22	9713	9758	9641	9743	43212	-0.0015372002459520528
2021-03-23	9713	9791	9680	9720	28747	-0.002360669198398835
2021-03-24	9680	9781	9612	9783	11863	0.0064814814814815325
2021-03-25	9776	9830	9733	9826	47854	0.004395379740365968
2021-03-26	9825	9840	9767	9788	12178	-0.003867290860981032
2021-03-29	9786	9791	9713	9783	9197	-0.0005108295872496837
2021-03-30	9781	9931	9781	9894	24526	0.011346212818153845
2021-03-31	9946	9946	9816	9821	6923	-0.007378209015564963
2021-04-01	9854	9888	9816	9821	6001	0.0
2021-04-02	9883	9883	9771	9802	10218	-0.0019346298747581203
2021-04-05	9796	9801	9743	9788	11110	-0.0014282799428687598
2021-04-06	9786	9816	9763	9763	8995	-0.0025541479362484187
2021-04-07	9758	9786	9748	9758	3316	-0.0005121376626037177
2021-04-08	9771	9820	9713	9821	5511	0.0064562410329984665
2021-04-09	9816	9854	9791	9826	4756	0.0005091131249364
2021-04-12	9825	10242	9748	9850	515596	0.002442499491145833
2021-04-13	9825	9946	9806	9933	7630	0.008426395939086229
2021-04-14	9985	9985	9913	9928	33947	-0.0005033725963958791
2021-04-15	9926	9936	9878	9928	14509	0.0
2021-04-16	9946	9946	9869	9913	5217	-0.0015108783239322632
2021-04-19	9951	9951	9878	9913	13308	0.0
2021-04-20	9941	10029	9922	10030	10655	0.011802683345102372
2021-04-21	10024	10024	9859	9880	9760	-0.014955134596211339
2021-04-22	9931	9931	9820	9821	17860	-0.0059716599190283715
2021-04-23	9801	9946	9758	9923	12568	0.01038590774870185
2021-04-26	9961	9961	9869	9903	9211	-0.0020155195001512194
2021-04-27	9946	9946	9806	9816	8326	-0.008785216601030044
2021-04-28	9816	9913	9801	9846	16852	0.003056234718826323
2021-04-29	9889	9899	9781	9841	43247	-0.0005078204346943282
2021-04-30	9894	9909	9816	9816	21019	-0.0025403922365613285
2021-05-03	9816	9874	9791	9792	10840	-0.0024449877750610804
2021-05-04	9830	9845	9659	9796	8691	0.00040849673202614234
2021-05-06	9820	9894	9732	9895	13193	0.010106165781951892
2021-05-07	9933	10022	9894	9998	17778	0.010409297625063152
2021-05-10	10061	10179	10012	10174	65010	0.01760352070414073
2021-05-11	10144	10267	10090	10258	49412	0.008256339689404424
2021-05-12	10282	10282	10002	10106	140062	-0.014817703255995296
2021-05-13	10022	10193	9943	10120	61701	0.0013853156540668543
2021-05-14	10184	10184	10081	10101	352355	-0.00187747035573127
2021-05-17	10110	10164	10090	10140	189226	0.0038610038610038533
2021-05-18	10174	10208	10110	10135	25305	-0.0004930966469427478
2021-05-20	10095	10100	10017	10027	25406	-0.01065614208189447
2021-05-21	10071	10071	9894	9939	20439	-0.008776303979255995
2021-05-24	9889	9987	9870	9978	11941	0.003923936009659013
2021-05-25	9978	10130	9963	10111	22726	0.01332932451393054
2021-05-26	10164	10272	10154	10238	32665	0.01256057758876472
2021-05-27	10277	10375	10203	10204	127744	-0.0033209611252197346
2021-05-28	10203	10233	10139	10140	16269	-0.0062720501764014225
2021-05-31	10213	10316	10179	10297	29065	0.015483234714003924
2021-06-01	10355	10355	10238	10258	23217	-0.0037875109255123274
2021-06-02	10277	10277	10208	10263	24135	0.00048742444921034966
2021-06-03	10267	10267	10184	10189	17391	-0.0072103673389847245
2021-06-04	10164	10203	10135	10174	8790	-0.0014721758759446146
2021-06-07	10179	10223	10066	10160	27379	-0.0013760566149007003
2021-06-08	10149	10198	10139	10165	12769	0.0004921259842520787
2021-06-09	10179	10208	10120	10135	8972	-0.002951303492375823
2021-06-10	10164	10193	10086	10194	15353	0.0058214109521459445
2021-06-11	10223	10223	10135	10169	17498	-0.002452422993918013
2021-06-14	10144	10193	10139	10169	17956	0.0
2021-06-15	10213	10247	10144	10223	22924	0.005310256662405255
2021-06-16	10282	10419	10247	10395	39007	0.01682480680817755
2021-06-17	10370	10439	10355	10395	13080	0.0
2021-06-18	10454	10454	10360	10425	25051	0.0028860028860029363
2021-06-21	10336	10385	10267	10351	230060	-0.007098321342925651
2021-06-22	10355	10395	10331	10395	11911	0.004250797024442088
2021-06-23	10395	10395	10203	10228	12898	-0.016065416065416116
2021-06-24	10228	10243	10159	10238	20411	0.000977708251857612
2021-06-25	10306	10336	10272	10273	7146	0.003418636452432011
2021-06-28	10292	10321	10223	10317	11230	0.004283072130828458
2021-06-29	10326	10326	10267	10287	9383	-0.0029078220412910305
2021-06-30	10287	10336	10287	10302	6737	0.0014581510644502416
2021-07-01	10321	10321	10208	10253	9830	-0.004756357988740079
2021-07-02	10228	10252	10149	10189	13377	-0.006242075490100474
2021-07-05	10189	10218	10159	10169	8224	-0.00196290116792619
2021-07-06	10198	10243	10189	10228	14079	0.0058019470941095275
2021-07-07	10247	10247	10130	10160	10334	-0.006648416112632005
2021-07-08	10169	10189	10071	10096	15827	-0.006299212598425252
2021-07-09	10046	10046	9855	9934	17171	-0.016045958795562587
2021-07-12	9968	10027	9963	10003	6993	0.006945842560901916
2021-07-13	10100	10105	10041	10057	5313	0.005398380485854171
2021-07-14	10066	10066	9963	10012	8409	-0.004474495376354803
2021-07-15	10017	10135	10012	10111	15817	0.009888134238913215
2021-07-16	10154	10159	10090	10160	8550	0.0048462071011770025
2021-07-19	10144	10144	10046	10066	7887	-0.009251968503937058
2021-07-20	10012	10056	9997	10032	8582	-0.003377707132922736
2021-07-21	10081	10090	10022	10052	5136	0.001993620414673103
2021-07-22	10051	10149	9968	10027	18975	-0.002487067250298458
2021-07-23	9982	9982	9766	9801	45868	-0.02253914431036197
2021-07-26	9840	9840	9703	9703	16653	-0.009998979695949428
2021-07-27	9717	9762	9683	9698	12458	-0.0005153045449860505
2021-07-28	9737	9742	9609	9703	21350	0.0005155702206640633
2021-07-29	9762	9766	9683	9703	7448	0.0
2021-07-30	9693	9693	9536	9556	13978	-0.015149953622590973
2021-08-02	9609	9624	9546	9585	9808	0.003034742570112936
2021-08-03	9565	9575	9487	9576	10381	-0.0009389671361502705
2021-08-04	9575	9712	9555	9693	18630	0.012218045112782017
2021-08-05	9708	9742	9688	9718	6739	0.0025791808521613557
2021-08-06	9717	9717	9649	9684	12281	-0.0034986622761885577
2021-08-09	9624	9624	9565	9615	7851	-0.0071251548946715815
2021-08-10	9624	9624	9526	9556	7874	-0.006136245449817945
2021-08-11	9555	9555	9462	9507	26047	-0.0051276684805358075
2021-08-12	9546	9551	9462	9482	9412	-0.002629641316924336
2021-08-13	9551	9551	9369	9463	22722	-0.002003796667369717
2021-08-17	9497	9497	9354	9374	14298	-0.009405051252245555
2021-08-18	9359	9452	9349	9433	8123	0.00629400469383401
2021-08-19	9433	9433	9197	9198	10590	-0.024912541079190054
2021-08-20	9290	9315	9109	9139	12117	-0.006414437921287264
2021-08-23	9246	9266	9182	9212	7076	0.007987744829849985
2021-08-24	9305	9467	9305	9438	196743	0.02453321754233606
2021-08-25	9452	9452	9374	9404	6431	-0.0036024581479127127
2021-08-26	9364	9428	9320	9340	6065	-0.006805614632071411
2021-08-27	9339	9403	9290	9384	34442	0.00471092077087798
2021-08-30	9428	9433	9379	9419	121029	0.0037297527706734446
2021-08-31	9413	9501	9354	9502	16193	0.008811975793608706
2021-09-01	9497	9536	9443	9536	59142	0.003578194064407514
2021-09-02	9541	9541	9462	9507	12119	-0.0030411073825503676
2021-09-03	9501	9546	9457	9477	8234	-0.00315556958030927
2021-09-06	9452	9467	9398	9458	173101	-0.0020048538567056795
2021-09-07	9433	9492	9428	9482	65142	0.002537534362444527
2021-09-08	9443	9443	9256	9271	10910	-0.02225268930605362
2021-09-09	9227	9227	9030	9095	376484	-0.018983928378815684
2021-09-10	9124	9148	9055	9099	9044	0.00043980208905991525
2021-09-13	9099	9143	9070	9075	5523	-0.002637652489284492
2021-09-14	9119	9192	9119	9149	7837	0.008154269972451722
2021-09-15	9192	9212	9158	9178	5900	0.003169745327358253
2021-09-16	9187	9187	9099	9099	4082	-0.00860753976901285
2021-09-17	9079	9099	9011	9099	7008	0.0
2021-09-23	9011	9020	8888	9011	9500	-0.009671392460709916
2021-09-24	9011	9030	8942	8962	5794	-0.005437798246587522
2021-09-27	8917	9006	8873	8982	21751	0.0022316447221601976
2021-09-28	8962	8962	8829	8864	18050	-0.013137385882876829
2021-09-29	8814	8819	8721	8805	6631	-0.006656137184115507
2021-09-30	8765	8809	8755	8810	3810	0.0005678591709254999
2021-10-01	8780	8780	8628	8643	11386	-0.018955732122587943
2021-10-05	8584	8741	8525	8717	12930	0.008561841953025562
2021-10-06	8736	8736	8603	8628	20187	-0.010209934610531102
2021-10-07	8687	8863	8687	8839	7697	0.024455261937876616
2021-10-08	8800	8829	8770	8815	38051	-0.002715239280461579
2021-10-12	8790	8790	8608	8623	6348	-0.021781055019852502
2021-10-13	8643	8726	8623	8692	2863	0.008001855502725252
2021-10-14	8736	8824	8736	8825	11361	0.015301426599171553
2021-10-15	8883	8922	8844	8923	17327	0.011104815864022566
2021-10-18	8893	8917	8819	8884	11446	-0.00437072733385635
2021-10-19	8927	8976	8908	8947	9241	0.00709140027014854
2021-10-20	8996	9006	8952	8982	7855	0.003911925785179404
2021-10-21	9006	9006	8903	8908	13559	-0.008238699621465173
2021-10-22	8917	8966	8888	8908	11447	0.0
2021-10-25	8932	9055	8893	9036	13326	0.014369106421194378
2021-10-26	9084	9084	8952	8987	35361	-0.005422753430721516
2021-10-27	8927	8927	8736	8751	18418	-0.026260153555135224
2021-10-28	8731	8731	8628	8628	23739	-0.014055536510113154
2021-10-29	8623	8633	8530	8540	18011	-0.010199350950394037
2021-11-01	8564	8687	8544	8687	26267	0.01721311475409837
2021-11-02	8726	8805	8716	8766	13478	0.009094048578335512
2021-11-03	8795	8795	8662	8707	9856	-0.006730549851699741
2021-11-04	8755	8824	8716	8741	19349	0.00390490410014932
2021-11-05	8760	8760	8608	8653	23874	-0.010067497997940711
2021-11-08	8657	8711	8613	8697	21059	0.005084941638737961
2021-11-09	8692	8780	8603	8663	11157	-0.003909394043923209
2021-11-10	8589	8589	8471	8481	22573	-0.021008888375851353
2021-11-11	8382	8461	8368	8457	10287	-0.0028298549699328213
2021-11-12	8485	8554	8481	8535	15877	0.009223128769066946
2021-11-15	8544	8554	8510	8555	24878	0.0023432923257176164
2021-11-16	8525	8574	8490	8525	42126	-0.003506721215663311
2021-11-17	8539	8539	8397	8432	11725	-0.010909090909090868
2021-11-18	8397	8397	8319	8329	8344	-0.012215370018975324
2021-11-19	8309	8363	8294	8349	17813	0.0024012486492976937
2021-11-22	8319	8373	8304	8373	14412	0.002874595759971177
2021-11-23	8363	8373	8304	8373	3183	0.0
2021-11-24	8358	8422	8333	8344	26954	-0.0034635136749074924
2021-11-25	8333	8333	8270	8270	4723	-0.00886864813039312
2021-11-26	8260	8260	8117	8142	13558	-0.015477629987908137
2021-11-29	8034	8088	7970	8049	10230	-0.01142225497420779
2021-11-30	8063	8063	7735	7774	31571	-0.0341657348738974
2021-12-01	7808	7926	7774	7872	16137	0.012606122974015976
2021-12-02	7838	8103	7838	8103	22152	0.029344512195121908
2021-12-03	8117	8201	8088	8201	5988	0.012094286066888893
2021-12-06	8201	8274	8117	8231	9241	0.0036580904767711253
2021-12-07	8299	8304	8220	8304	11884	0.008868910217470605
2021-12-08	8333	8333	8201	8201	19159	-0.012403660886319834
2021-12-09	8216	8299	8216	8295	5917	0.011462016827216148
2021-12-10	8294	8324	8250	8319	11193	0.002893309222423257
2021-12-13	8358	8387	8270	8295	22104	-0.0028849621348719934
2021-12-14	8289	8397	8279	8358	17997	0.0075949367088608
2021-12-15	8378	8417	8324	8407	14579	0.005862646566164198
2021-12-16	8422	8422	8284	8334	8428	-0.008683240157012051
2021-12-17	8338	8368	8289	8349	7406	0.0017998560115191076
2021-12-20	8319	8319	8255	8255	3820	-0.011258833393220757
2021-12-21	8299	8304	8245	8245	8925	-0.0012113870381587066
2021-12-22	8279	8279	8216	8231	3809	-0.0016979987871437174
2021-12-23	8260	8260	8196	8216	10039	-0.0018223788118090223
2021-12-24	8216	8265	8176	8196	6227	-0.0024342745861732906
2021-12-27	8201	8216	8181	8196	4116	0.0
2021-12-28	8225	8245	8171	8245	34039	0.0059785261102978104
2021-12-29	8245	8309	8245	8280	480845	0.004244996967859294
2021-12-30	8255	8255	8137	8177	16356	-0.012439613526570081
2022-01-03	8186	8206	8127	8172	17929	-0.0006114711997065037
2022-01-04	8147	8147	8108	8118	8219	-0.0066079295154185536
2022-01-05	8103	8103	8009	8044	13795	-0.009115545700911554
2022-01-06	8019	8093	8005	8044	13464	0.0
2022-01-07	8073	8127	8044	8118	19208	0.009199403281949348
2022-01-10	8009	8009	7769	7882	12762	-0.029071199802907066
2022-01-11	7857	7882	7803	7848	8950	-0.004313625983253022
2022-01-12	7852	7897	7847	7882	5911	0.0043323139653415055
2022-01-13	7897	7951	7897	7922	4324	0.005074854097944614
2022-01-14	7852	7882	7843	7858	5287	-0.008078767987881874
2022-01-17	7838	7852	7759	7769	11178	-0.01132603715958258
2022-01-18	7793	7803	7710	7715	6913	-0.006950701505985313
2022-01-19	7700	7764	7676	7720	7153	0.0006480881399870686
2022-01-20	7759	7833	7749	7794	12885	0.00958549222797922
2022-01-21	7793	7877	7759	7804	10854	0.0012830382345394575
2022-01-24	7803	7823	7720	7750	6501	-0.006919528446950318
2022-01-25	7744	7744	7548	7578	10624	-0.02219354838709675
2022-01-26	7607	7676	7582	7627	9126	0.0064660860385326036
2022-01-27	7631	7631	7391	7426	15015	-0.026353743280451036
2022-01-28	7435	7646	7435	7642	8823	0.029086991650956184
2022-02-03	7735	7803	7720	7750	15742	0.014132426066474801
2022-02-04	7739	7901	7739	7892	9738	0.018322580645161235
2022-02-07	7872	7941	7813	7926	10371	0.004308160162189489
2022-02-08	7985	8009	7857	7912	16042	-0.001766338632349207
2022-02-09	7916	7980	7916	7966	26101	0.006825075834175909
2022-02-10	7965	8137	7965	8103	32097	0.017198091890534783
2022-02-11	8014	8088	7980	7990	12235	-0.013945452301616701
2022-02-14	7941	7965	7882	7951	21693	-0.004881101376720931
2022-02-15	7936	8029	7906	7951	16668	0.0
2022-02-16	8058	8058	8000	8049	8223	0.012325493648597696
2022-02-17	8049	8201	7877	8147	96983	0.01217542551869788
2022-02-18	8122	8299	8112	8299	70999	0.018657174420031897
2022-02-21	8162	8255	8137	8255	36133	-0.00530184359561392
2022-02-22	8162	8230	8122	8167	25075	-0.01066020593579653
2022-02-23	8171	8225	8073	8123	49525	-0.005387535202644789
2022-02-24	8049	8063	7921	7971	99943	-0.018712298411916795
2022-02-25	8000	8049	7946	8000	36687	0.0036381884330698444
2022-02-28	7975	8058	7916	8059	32358	0.007374999999999909
2022-03-02	8014	8083	8009	8054	33845	-0.0006204243702692125
2022-03-03	8054	8147	8049	8147	43904	0.01154705736280115
2022-03-04	8152	8152	8034	8074	38496	-0.008960353504357421
2022-03-07	8000	8000	7847	7926	56411	-0.018330443398563268
2022-03-08	7852	7906	7808	7814	72761	-0.014130709058793878
2022-03-10	7906	7960	7818	7833	46277	0.0024315331456359335
2022-03-11	7833	7882	7793	7853	46921	0.002553300140431425
2022-03-14	7803	7803	7592	7607	55972	-0.03132560804787976
2022-03-15	7548	7612	7524	7578	27576	-0.003812278164848193
2022-03-16	7636	7671	7573	7671	32145	0.012272367379255744
2022-03-17	7754	7764	7715	7715	18295	0.005735888410898227
2022-03-18	7705	7710	7646	7681	34349	-0.004406999351911911
2022-03-21	7695	7749	7690	7720	53817	0.005077463871891785
2022-03-22	7720	7754	7700	7755	40756	0.0045336787564767
2022-03-23	7779	7798	7739	7784	11026	0.0037395228884591347
2022-03-24	7744	7803	7720	7804	5936	0.002569373072970116
2022-03-25	7803	7803	7749	7794	13657	-0.0012813941568426968
2022-03-28	7759	7759	7661	7720	9911	-0.00949448293559152
2022-03-29	7735	7823	7735	7818	15339	0.012694300518134805
2022-03-30	7867	7867	7798	7818	15305	0.0
2022-03-31	7818	7862	7808	7814	15909	-0.0005116398055768911
2022-04-01	7813	7975	7808	7966	44525	0.019452265165088356
2022-04-04	8000	8058	7990	8054	27454	0.011046949535526096
2022-04-05	8058	8078	7975	8074	12248	0.0024832381425379246
2022-04-06	8044	8083	7990	8000	16861	-0.00916522169928169
2022-04-07	7946	7980	7911	7912	15100	-0.01100000000000001
2022-04-08	7911	7911	7843	7877	12665	-0.00442366026289176
2022-04-11	7847	7960	7828	7941	19452	0.008124920655071755
2022-04-12	7916	7941	7843	7941	89402	0.0
2022-04-13	7946	7995	7926	7995	21172	0.006800151114469299
2022-04-14	7995	8005	7936	8005	17685	0.001250781738586726
2022-04-15	7970	7970	7892	7907	16827	-0.012242348532167435
2022-04-18	7901	8103	7867	8044	41262	0.017326419628177492
2022-04-19	8068	8073	8019	8059	15094	0.0018647439085033302
2022-04-20	8068	8181	8034	8128	73668	0.008561856309715843
2022-04-21	8166	8206	8152	8167	31354	0.004798228346456712
2022-04-22	8078	8186	8068	8172	27886	0.0006122199093914205
2022-04-25	8103	8137	8014	8015	25001	-0.019211943220753813
2022-04-26	8049	8058	7985	8049	27154	0.004242046163443591
2022-04-27	7877	8009	7877	8005	23285	-0.005466517579823527
2022-04-28	8075	8175	8050	8150	14365	0.018113678950655743
2022-04-29	8170	8225	8150	8175	15242	0.0030674846625766694
2022-05-02	8145	8195	8120	8195	13414	0.0024464831804280607
2022-05-03	8185	8205	8025	8045	25970	-0.018303843807199516
2022-05-04	8030	8030	7920	7955	42012	-0.011187072715972635
2022-05-06	7875	7875	7810	7855	48708	-0.012570710245128902
2022-05-09	7820	7830	7715	7730	19504	-0.015913430935709738
2022-05-10	7705	7795	7600	7790	61841	0.0077619663648125226
2022-05-11	7745	7885	7740	7820	30574	0.0038510911424902705
2022-05-12	7655	7720	7580	7600	19793	-0.02813299232736577
2022-05-13	7650	7675	7605	7675	12429	0.009868421052631637
2022-05-16	7735	7765	7675	7675	11980	0.0
2022-05-17	7665	7665	7565	7600	38198	-0.009771986970684043
2022-05-18	7600	7615	7535	7560	37030	-0.0052631578947368585
2022-05-19	7430	7470	7400	7440	54742	-0.015873015873015928
2022-05-20	7475	7525	7455	7510	23893	0.009408602150537737
2022-05-23	7525	7580	7500	7575	10030	0.008655126498002597
2022-05-24	7575	7585	7520	7520	9009	-0.007260726072607304
2022-05-25	7555	7580	7540	7570	10963	0.0066489361702126715
2022-05-26	7550	7595	7490	7525	15360	-0.005944517833553542
2022-05-27	7565	7585	7535	7585	12712	0.007973421926910307
2022-05-30	7605	7690	7605	7650	31544	0.00856954515491104
2022-05-31	7680	7695	7635	7695	12935	0.00588235294117645
2022-06-02	7675	7675	7625	7655	18971	-0.005198180636777128
2022-06-03	7695	7705	7650	7695	13290	0.0052253429131285944
2022-06-07	7685	7685	7550	7570	25265	-0.01624431448992858
2022-06-08	7575	7575	7495	7515	20465	-0.007265521796565366
2022-06-09	7515	7515	7430	7490	16521	-0.003326679973386537
2022-06-10	7430	7430	7350	7390	41253	-0.013351134846461998
2022-06-13	7260	7300	7205	7215	22971	-0.023680649526387043
2022-06-14	7145	7175	7080	7175	30082	-0.005544005544005581
2022-06-15	7210	7210	7085	7135	26031	-0.0055749128919860835
2022-06-16	7175	7200	7045	7050	8430	-0.01191310441485638
2022-06-17	6960	7100	6950	7100	23298	0.007092198581560183
2022-06-20	7100	7140	6995	7040	12548	-0.008450704225352101
2022-06-21	7060	7085	7015	7085	4998	0.006392045454545414
2022-06-22	7085	7085	6875	6875	17563	-0.029640084685956247
2022-06-23	6890	7010	6880	6905	25112	0.004363636363636347
2022-06-24	6905	7005	6905	6985	8947	0.011585807385952274
2022-06-27	7020	7140	6985	7120	13737	0.019327129563350143
2022-06-28	7120	7160	7075	7160	3049	0.00561797752808979
2022-06-29	7095	7220	7095	7200	8782	0.005586592178770999
2022-06-30	7205	7205	7060	7060	12176	-0.019444444444444486
2022-07-01	7115	7160	7060	7130	33460	0.009915014164305846
2022-07-04	7140	7155	7030	7120	16761	-0.0014025245441795509
2022-07-05	7140	7175	7095	7135	11353	0.00210674157303381
2022-07-06	7110	7220	7080	7085	17426	-0.0070077084793273015
2022-07-07	7150	7220	7110	7210	2042	0.017642907551164377
2022-07-08	7210	7235	7175	7185	2639	-0.0034674063800277377
2022-07-11	7185	7185	7085	7125	2875	-0.008350730688935326
2022-07-12	7125	7125	7070	7120	6513	-0.00070175438596487
2022-07-13	7145	7245	7140	7220	4294	0.014044943820224809
2022-07-14	7175	7245	7175	7210	968	-0.0013850415512465242
