Date	Open	High	Low	Close	Volume	Change
2017-07-11	10640	10699	10640	10701	20	
2017-07-12	10694	10699	10694	10701	20	0.0
2017-07-13	10748	10824	10748	10781	34	0.007475936828333696
2017-07-14	10842	10842	10842	10845	10	0.005936369539003783
2017-07-17	10910	10910	10892	10898	32	0.0048870447210696
2017-07-18	10887	10887	10882	10886	20	-0.0011011194714626305
2017-07-19	10905	10905	10882	10886	20	0.0
2017-07-20	10922	10973	10922	10975	20	0.008175638434686716
2017-07-21	10959	10999	10959	11003	20	0.0025512528473803364
2017-07-24	10995	10995	10995	10998	20	-0.00045442152140329206
2017-07-25	10999	11003	10942	10943	53	-0.005000909256228425
2017-07-26	10983	10983	10942	10943	20	0.0
2017-07-27	10973	10973	10963	10967	20	0.0021931828566206235
2017-07-28	10905	10905	10798	10800	20	-0.015227500683869799
2017-07-31	10730	10798	10730	10800	20	0.0
2017-08-01	10770	10874	10770	10877	20	0.007129629629629708
2017-08-02	10927	10927	10905	10907	20	0.0027581134504000016
2017-08-03	10878	10878	10735	10737	22272	-0.015586320711469703
2017-08-04	10752	10820	10752	10822	22	0.00791655024681015
2017-08-07	10838	10874	10820	10827	54	0.00046202180742938026
2017-08-08	10834	10834	10780	10805	44	-0.0020319571441765882
2017-08-09	10712	10712	10668	10669	58	-0.012586765386395138
2017-08-10	10622	10622	10568	10616	94	-0.004967663323647953
2017-08-11	10456	10483	10388	10441	189	-0.01648455162019591
2017-08-14	10496	10519	10496	10522	25	0.007757877597931229
2017-08-16	10631	10631	10554	10558	34	0.003421402775137805
2017-08-17	10578	10627	10578	10629	22	0.006724758476984283
2017-08-18	10519	10609	10519	10611	28	-0.0016934801016088574
2017-08-21	10618	10618	10604	10607	20	-0.00037696729808689433
2017-08-22	10627	10636	10627	10639	20	0.0030168756481567804
2017-08-23	10694	10694	10636	10639	20	0.0
2017-08-24	10654	10654	10604	10607	314	-0.0030078014851019352
2017-08-25	10684	10684	10672	10679	22	0.006787970208352867
2017-08-28	10668	10668	10622	10624	32	-0.005150294971439262
2017-08-29	10554	10578	10537	10580	22	-0.004141566265060237
2017-08-30	10604	10618	10604	10620	20	0.003780718336483968
2017-08-31	10636	10636	10554	10558	42	-0.0058380414312617646
2017-09-01	10599	10599	10582	10584	20	0.0024625876112900347
2017-09-04	10383	10461	10383	10463	25	-0.011432350718065032
2017-09-05	10496	10496	10438	10441	20	-0.0021026474242569204
2017-09-06	10416	10416	10372	10396	25	-0.004309931998850658
2017-09-07	10433	10523	10433	10526	20	0.012504809542131623
2017-09-08	10528	10528	10464	10508	32	-0.0017100513015390062
2017-09-11	10559	10582	10559	10584	20	0.007232584697373534
2017-09-12	10654	10654	10591	10602	31	0.001700680272108901
2017-09-13	10627	10627	10591	10620	47	0.001697792869269854
2017-09-14	10622	10636	10559	10639	100	0.0017890772128059673
2017-09-15	10631	10689	10573	10692	100	0.004981671209700167
2017-09-18	10708	10842	10708	10845	20	0.014309764309764272
2017-09-19	10864	10864	10829	10832	22	-0.0011987090825265057
2017-09-20	10860	10860	10820	10822	20	-0.0009231905465287849
2017-09-21	10829	10842	10829	10845	20	0.002125300314174794
2017-09-22	10842	10842	10789	10791	20	-0.004979253112033177
2017-09-25	10798	10798	10761	10773	32	-0.0016680567139282232
2017-09-26	10712	10712	10672	10709	25	-0.005940777870602432
2017-09-27	10721	10721	10703	10705	20	-0.0003735176020169817
2017-09-28	10726	10739	10726	10741	22	0.0033629145259224114
2017-09-29	10766	10801	10766	10805	20	0.00595847686435147
2017-10-10	10950	11018	10950	11015	18935	0.01943544655252194
2017-10-11	11053	11089	11023	11069	2957	0.004902405810258692
2017-10-12	11117	11153	11068	11154	1556	0.007679103803414966
2017-10-13	11104	11158	11104	11133	28	-0.0018827326519633703
2017-10-16	11179	11179	11117	11133	2437	0.0
2017-10-17	11165	11165	11153	11154	20	0.0018862840204796338
2017-10-18	11124	11169	11124	11174	20	0.0017930787161557493
2017-10-19	11179	11179	11081	11124	27	-0.004474673348845548
2017-10-20	11129	11165	11108	11169	22	0.004045307443365731
2017-10-23	11225	11225	11215	11218	20	0.004387142985047943
2017-10-24	11198	11206	11198	11209	20	-0.0008022820467106229
2017-10-25	11225	11225	11189	11209	31	0.0
2017-10-26	11189	11189	11158	11159	20	-0.0044607012222321885
2017-10-27	11158	11206	11158	11209	20	0.004480688233712726
2017-10-30	11275	11275	11225	11227	22	0.0016058524400035523
2017-10-31	11210	11337	11210	11339	634	0.009975950832813663
2017-11-01	11382	11463	11382	11465	32	0.011112091013316894
2017-11-02	11485	11485	11458	11461	20	-0.00034888791975573596
2017-11-03	11485	11485	11468	11469	20	0.0006980193700374393
2017-11-06	11476	11476	11337	11371	450	-0.008544772865986539
2017-11-07	11391	11391	11368	11376	25	0.00043971506463802434
2017-11-08	11284	11391	11284	11393	22	0.001494374120956321
2017-11-09	11400	11400	11391	11393	20	0.0
2017-11-10	11319	11350	11255	11312	935	-0.007109628719389138
2017-11-13	11368	11368	11296	11299	34	-0.0011492220650636265
2017-11-14	11296	11296	11260	11263	20	-0.0031861226657226016
2017-11-15	11225	11225	11134	11190	802	-0.006481399271952459
2017-11-16	11163	11265	11134	11267	1485	0.0068811438784628365
2017-11-17	11284	11284	11247	11250	20	-0.0015088310996715926
2017-11-20	11234	11234	11198	11199	20	-0.004533333333333278
2017-11-21	11206	11210	11206	11214	20	0.0013394053040449716
2017-11-22	11279	11279	11198	11267	423	0.004726235063313711
2017-11-23	11284	11284	11243	11245	20	-0.001952604952516146
2017-11-24	11243	11251	11243	11255	20	0.0008892841262784223
2017-11-27	11270	11270	11099	11119	53	-0.012083518436250551
2017-11-28	11108	11139	11108	11142	22	0.002068531342746649
2017-11-29	11165	11165	11139	11159	27	0.0015257583916712392
2017-11-30	11084	11084	11028	11028	22	-0.011739403172327245
2017-12-01	11028	11028	10973	10998	22	-0.002720348204570233
2017-12-04	11032	11084	10978	11088	39	0.008183306055646433
2017-12-05	11008	11144	10995	11145	246	0.005140692640692723
2017-12-06	11158	11158	11028	11028	119	-0.010497981157469694
2017-12-07	11036	11036	10910	10983	1155	-0.004080522306855294
2017-12-08	11032	11032	10919	10998	1160	0.0013657470636438962
2017-12-11	11028	11028	10892	10980	702	-0.0016366612111292644
2017-12-12	10987	10987	10878	10943	718	-0.003369763205828824
2017-12-13	10946	11018	10882	11020	249	0.007036461664991389
2017-12-14	11053	11149	11053	11104	474	0.007622504537205144
2017-12-15	11081	11081	11013	11064	471	-0.0036023054755043304
2017-12-18	11068	11068	11068	11069	10	0.0004519161243672354
2017-12-19	11122	11122	11081	11102	360	0.0029812991236788378
2017-12-20	11084	11124	11081	11083	472	-0.0017114033507475979
2017-12-21	11068	11068	10892	10894	22	-0.017053144455472347
2017-12-22	10869	10937	10847	10939	275	0.00413071415458055
2017-12-26	10905	10963	10897	10898	1996	-0.003748057409269534
2017-12-27	10942	11003	10942	11008	22	0.010093595155074242
2017-12-28	11028	11144	11028	11145	20	0.012445494186046568
2018-01-02	11153	11189	11129	11190	865	0.004037685060565233
2018-01-03	11229	11243	11174	11245	1377	0.004915102770330693
2018-01-04	11284	11284	11149	11149	29	-0.0085371276122721
2018-01-05	11189	11284	11189	11285	20	0.012198403444255046
2018-01-08	11305	11350	11305	11353	22	0.006025697828976551
2018-01-09	11332	11332	11324	11325	20	-0.002466308464722955
2018-01-10	11315	11359	11255	11259	35	-0.005827814569536405
2018-01-11	11247	11247	11220	11223	20	-0.003197442046362964
2018-01-12	11234	11234	11158	11223	45	0.0
2018-01-15	11260	11260	11238	11240	20	0.0015147465027176565
2018-01-16	11243	11328	11243	11330	20	0.008007117437722311
2018-01-17	11296	11296	11291	11295	20	-0.0030891438658429138
2018-01-18	11350	11350	11284	11285	20	-0.0008853474988933518
2018-01-19	11300	11324	11279	11325	22	0.003544528134691971
2018-01-22	11305	11305	11243	11245	20	-0.007064017660044164
2018-01-23	11300	11372	11300	11376	20	0.011649622054246356
2018-01-24	11372	11372	11372	11376	20	0.0
2018-01-25	11368	11503	11368	11505	22	0.011339662447257481
2018-01-26	11472	11472	11468	11474	72	-0.00269448066058231
2018-01-29	11543	11589	11543	11590	58	0.010109813491371744
2018-01-30	11538	11543	11458	11461	372	-0.01113028472821398
2018-01-31	11409	11476	11409	11478	370	0.001483291161329836
2018-02-01	11498	11526	11480	11483	28	0.00043561596096886035
2018-02-02	11436	11436	11215	11267	22	-0.018810415396673386
2018-02-05	11089	11149	11089	11149	20	-0.010473062927132348
2018-02-06	10946	10968	10946	10970	20	-0.016055251592070996
2018-02-07	11081	11081	10748	10750	22	-0.020054694621695512
2018-02-08	10708	10806	10708	10809	22	0.005488372093023219
2018-02-09	10528	10551	10528	10553	30	-0.02368396706448328
2018-02-12	10614	10677	10614	10679	20	0.01193973277740934
2018-02-13	10717	10824	10717	10741	304	0.005805787058713374
2018-02-14	10820	10834	10815	10836	28	0.008844614095521841
2018-02-19	10987	10987	10915	10917	25	0.007475083056478482
2018-02-20	10882	10882	10815	10818	20	-0.00906842539159114
2018-02-21	10829	10852	10829	10854	20	0.0033277870216306127
2018-02-22	10793	10793	10780	10781	20	-0.006725631103740581
2018-02-23	10842	10932	10842	10935	22	0.014284389203227832
2018-02-26	11003	11003	10959	10970	32	0.0032007315957933713
2018-02-27	11053	11053	10955	10957	20	-0.0011850501367365318
2018-02-28	10922	10922	10847	10849	20	-0.009856712603814932
2018-03-02	10748	10748	10644	10679	22	-0.015669646972071183
2018-03-05	10668	10668	10493	10494	302	-0.0173237194493866
2018-03-06	10659	10735	10659	10737	22	0.023156089193824947
2018-03-07	10770	10770	10752	10755	20	0.0016764459346185756
2018-03-08	10815	10824	10815	10827	20	0.006694560669456173
2018-03-09	10910	11028	10905	10983	36	0.014408423385979585
2018-03-12	11099	11099	11084	11102	32	0.010834926704907488
2018-03-13	11099	11149	11099	11149	32	0.004233471446586146
2018-03-14	11089	11153	11089	11154	20	0.0004484707148624256
2018-03-15	11153	11174	11153	11178	20	0.002151694459386677
2018-03-16	11165	11165	11153	11154	20	-0.0021470746108427363
2018-03-19	11108	11149	11041	11088	31	-0.00591715976331364
2018-03-20	11003	11104	10959	11104	58	0.0014430014430013571
2018-03-21	11129	11129	11104	11104	660	0.0
2018-03-22	11153	11163	11144	11164	596	0.005403458213256496
2018-03-23	10869	10932	10780	10781	27	-0.034306700107488375
2018-03-26	10770	10780	10717	10781	129	0.0
2018-03-27	10932	10932	10915	10917	20	0.012614785270383067
2018-03-28	10798	10798	10766	10769	20	-0.013556837959146306
2018-03-29	10798	10852	10784	10854	29	0.007893026279134574
2018-03-30	10915	10915	10847	10849	67268	-0.00046065966463981756
2018-04-02	10869	10869	10798	10822	57992	-0.0024887086367406663
2018-04-03	10708	10770	10708	10773	20	-0.004527813712807194
2018-04-04	10824	10824	10644	10648	27	-0.01160308177852043
2018-04-05	10730	10789	10730	10791	50	0.013429752066115741
2018-04-06	10703	10730	10703	10733	20	-0.005374849411546645
2018-04-09	10730	10793	10730	10795	20	0.005776576912326359
2018-04-10	10748	10806	10680	10791	43940	-0.00037054191755447885
2018-04-11	10824	10824	10757	10769	10735	-0.0020387359836900876
2018-04-12	10801	10847	10801	10849	20	0.007428730615655965
2018-04-13	10860	10869	10838	10840	22	-0.0008295695455802221
2018-04-16	10878	10878	10793	10836	73445	-0.00036900369003689537
2018-04-17	10842	10842	10829	10832	20	-0.00036913990402365204
2018-04-18	10905	10968	10905	10970	22	0.012740029542097409
2018-04-19	11003	11068	11003	11061	87753	0.008295350957155945
2018-04-20	10999	11023	10978	10980	36432	-0.007323026851098424
2018-04-23	10987	10999	10987	11003	20	0.002094717668488233
2018-04-24	11023	11023	10922	10935	31662	-0.006180132691084195
2018-04-25	10847	10860	10798	10858	30225	-0.007041609510745284
2018-04-26	10897	11013	10897	10983	40842	0.0115122490329711
2018-04-27	11091	11115	11060	11116	10984	0.01210962396430837
2018-04-30	11123	11202	11123	11203	244	0.007826556315221334
2018-05-02	11224	11224	11178	11181	44	-0.001963759707221291
2018-05-03	11202	11202	11142	11144	22	-0.003309185224935174
2018-05-04	11101	11676	11000	11003	30244	-0.012652548456568602
2018-05-08	11024	11024	10927	10957	16036	-0.0041806779969099095
2018-05-09	10950	10950	10804	10911	16404	-0.004198229442365586
2018-05-10	10968	10973	10901	10962	5528	0.004674182018146844
2018-05-11	11029	11033	11029	11034	20	0.006568144499178974
2018-05-14	11050	11050	11019	11021	25	-0.0011781765452238968
2018-05-15	11004	11004	10905	10916	27	-0.009527266128300571
2018-05-16	10864	10932	10864	10934	20	0.0016489556614145418
2018-05-17	10978	10978	10901	10902	20	-0.002926650813974807
2018-05-18	10922	10932	10922	10934	20	0.00293524124013933
2018-05-21	10946	10978	10946	10980	20	0.004207060545088792
2018-05-23	10963	11045	10963	11049	20	0.006284153005464477
2018-05-24	11033	11033	10950	10962	25	-0.007874015748031482
2018-05-25	10891	10959	10891	10962	20	0.0
2018-05-28	10991	11024	10991	11024	33	0.005655902207626351
2018-05-29	10991	10991	10896	10898	22	-0.011429608127721314
2018-05-30	10827	10827	10599	10683	27	-0.019728390530372564
2018-05-31	10741	10741	10681	10683	20	0.0
2018-06-01	10668	10759	10622	10761	32124	0.007301319853973531
2018-06-04	10763	10841	10763	10843	20	0.007620109655236407
2018-06-05	10841	10886	10841	10888	20	0.0041501429493682185
2018-06-07	10963	10963	10946	10947	20	0.005418809698750859
2018-06-08	10918	10918	10868	10870	20	-0.0070338905636246896
2018-06-11	10855	10955	10855	10957	22	0.008003679852805812
2018-06-12	10973	10973	10937	10939	20	-0.0016427854339691184
2018-06-14	10873	10873	10772	10774	22	-0.015083645671450818
2018-06-15	10800	10800	10649	10688	41990	-0.007982179320586646
2018-06-18	10663	10663	10462	10565	167625	-0.011508233532934176
2018-06-19	10540	10540	10398	10404	394	-0.015238996687174655
2018-06-20	10403	10531	10403	10532	63	0.01230296039984613
2018-06-21	10517	10517	10408	10409	3125	-0.011678693505506987
2018-06-22	10334	10462	10326	10464	14156	0.005283888942261505
2018-06-25	10425	10435	10425	10437	18	-0.0025802752293577758
2018-06-26	10372	10480	10353	10483	25	0.004407396761521465
2018-06-27	10454	10454	10425	10428	11	-0.005246589716684125
2018-06-28	10353	10353	10353	10354	10	-0.007096279248178017
2018-06-29	10317	10372	10211	10373	50	0.001835039598222954
2018-07-02	10343	10362	10125	10127	297	-0.02371541501976282
2018-07-03	10170	10170	10161	10163	20	0.003554853362298882
2018-07-04	10143	10143	10088	10090	20	-0.007182918429597507
2018-07-05	10070	10070	10056	10058	20	-0.0031714568880079064
2018-07-06	10088	10148	10088	10149	20	0.009047524358719361
2018-07-09	10153	10220	10143	10222	23661	0.0071928268794954064
2018-07-10	10280	10280	10235	10236	31	0.0013695949911953775
2018-07-11	10148	10198	10148	10199	20	-0.0036146932395466624
2018-07-12	10211	10211	10202	10204	20	0.0004902441415826075
2018-07-13	10261	10362	10261	10363	25	0.015582124656997154
2018-07-16	10334	10334	10302	10305	20	-0.005596834893370595
2018-07-17	10312	10312	10297	10300	20	-0.00048520135856378044
2018-07-18	10338	10338	10280	10281	20	-0.0018446601941747298
2018-07-19	10326	10326	10285	10286	22	0.0004863340142009509
2018-07-20	10271	10321	10271	10322	20	0.0034999027804782923
2018-07-23	10302	10302	10194	10194	20	-0.01240069753923656
2018-07-24	10220	10235	10220	10236	20	0.0041200706297821466
2018-07-25	10261	10261	10248	10250	32	0.0013677217663150554
2018-07-26	10293	10297	10252	10300	22	0.004878048780487809
2018-07-27	10321	10343	10321	10346	20	0.004466019417475708
2018-07-30	10317	10334	10317	10337	20	-0.0008699014111733794
2018-07-31	10326	10348	10317	10351	34	0.0013543581309858332
2018-08-01	10367	10367	10293	10354	85702	0.0002898270698483696
2018-08-02	10338	10338	10179	10181	20	-0.01670851844697696
2018-08-03	10194	10243	10194	10245	20	0.00628621942834684
2018-08-06	10248	10248	10194	10204	158643	-0.004001952171791112
2018-08-07	10215	10276	10215	10227	73073	0.0022540180321442005
2018-08-08	10248	10285	10248	10268	31	0.0040089957954434485
2018-08-09	10285	10285	10266	10268	25	0.0
2018-08-10	10239	10239	10156	10158	20	-0.010712894429294906
2018-08-13	10111	10111	10038	10040	25	-0.01161645993305771
2018-08-14	10010	10097	10010	10099	22	0.005876494023904444
2018-08-16	9952	10010	9952	10013	20	-0.008515694623229986
2018-08-17	10006	10020	10006	10017	22	0.00039948067512241003
2018-08-20	10051	10051	10029	10030	20	0.001297793750623999
2018-08-21	10002	10129	10002	10132	20	0.01016949152542379
2018-08-22	10120	10148	10120	10145	4630	0.0012830635609948349
2018-08-23	10161	10161	10088	10145	14825	0.0
2018-08-24	10116	10189	10102	10190	23824	0.004435682602267121
2018-08-27	10225	10248	10211	10250	30	0.0058881256133465065
2018-08-28	10302	10302	10266	10268	36	0.0017560975609756113
2018-08-29	10280	10302	10271	10305	22	0.0036034281262173895
2018-08-30	10317	10317	10307	10310	27	0.00048520135856389146
2018-08-31	10239	10353	10239	10354	35	0.004267701260911805
2018-09-03	10266	10280	10198	10214	3946	-0.013521344407958269
2018-09-04	10261	10289	10261	10291	20	0.007538672410417169
2018-09-05	10243	10243	10211	10214	18	-0.007482266057720288
2018-09-06	10116	10170	10116	10132	8251	-0.008028196592911652
2018-09-07	10061	10111	10015	10081	43734	-0.005033557046979831
2018-09-10	10061	10111	10061	10112	20	0.003075091756770121
2018-09-11	10102	10102	10079	10081	20	-0.003065664556962
2018-09-12	10075	10075	10066	10067	20	-0.0013887511159607069
2018-09-13	10075	10088	10061	10081	24301	0.0013906824277341023
2018-09-14	10174	10239	10174	10236	52377	0.015375458783850826
2018-09-17	10207	10207	10161	10163	22	-0.007131692067213757
2018-09-18	10075	10179	10075	10181	156	0.001771130571681656
2018-09-19	10230	10230	10129	10199	7683	0.0017679992142225487
2018-09-20	10239	10280	10189	10281	7344	0.008040003921953032
2018-09-21	10297	10302	10230	10305	9732	0.0023344032681644755
2018-09-27	10312	10389	10293	10392	10336	0.008442503639010113
2018-09-28	10408	10408	10348	10351	22	-0.003945342571208599
2018-10-01	10394	10394	10271	10351	56517	0.0
2018-10-02	10343	10343	10215	10250	14152	-0.009757511351560222
2018-10-04	10230	10230	10020	10067	5978	-0.01785365853658538
2018-10-05	10070	10097	10034	10095	10096	0.0027813648554684267
2018-10-08	10047	10088	10038	10040	22	-0.00544824170381375
2018-10-10	10024	10024	9896	9967	17596	-0.00727091633466137
2018-10-11	9717	9747	9522	9525	47637	-0.0443463429316745
2018-10-12	9578	9665	9578	9665	4609	0.014698162729658737
2018-10-15	9594	9594	9573	9574	20	-0.009415416451112213
2018-10-16	9645	9645	9522	9562	15845	-0.0012533946104031912
2018-10-17	9670	9711	9635	9711	8905	0.015582514118385182
2018-10-18	9645	9645	9551	9588	3097	-0.012666048810627162
2018-10-19	9496	9609	9496	9612	20	0.0025031289111390187
2018-10-22	9532	9635	9532	9639	20	0.002808988764045006
2018-10-23	9568	9568	9317	9378	33332	-0.027077497665732975
2018-10-24	9459	9459	9326	9373	13983	-0.0005331627212625811
2018-10-25	9152	9234	9070	9218	45262	-0.01653686119705533
2018-10-26	9181	9181	9029	9095	25	-0.013343458450857049
2018-10-29	9126	9126	9029	9037	6684	-0.006377130291368882
2018-10-30	9044	9140	9034	9115	41235	0.008631182914684121
2018-10-31	9107	9144	9044	9146	11988	0.0034009873834339732
2018-11-01	9167	9167	9111	9120	31	-0.0028427727968510785
2018-11-02	9230	9445	9230	9448	20	0.035964912280701755
2018-11-05	9363	9363	9305	9305	20	-0.015135478408128678
2018-11-06	9377	9377	9353	9356	20	0.0054809242342825915
2018-11-07	9372	9372	9346	9346	22	-0.0010688328345447307
2018-11-08	9512	9512	9440	9443	101	0.01037877166702339
2018-11-09	9430	9430	9349	9402	28606	-0.004341840516784878
2018-11-12	9317	9413	9317	9414	33	0.0012763241863433805
2018-11-13	9275	9336	9177	9337	28030	-0.008179307414489023
2018-11-14	9349	9349	9285	9288	25	-0.005247938309949629
2018-11-15	9285	9404	9234	9407	32063	0.012812230835486549
2018-11-16	9423	9440	9404	9407	25	0.0
2018-11-19	9413	9423	9367	9414	44977	0.0007441267141490293
2018-11-20	9254	9317	9254	9291	34	-0.013065646908859141
2018-11-21	9172	9254	9126	9254	18694	-0.0039823485093101185
2018-11-22	9222	9263	9181	9223	15608	-0.0033499027447589924
2018-11-23	9189	9239	9167	9172	25	-0.0055296541255557274
2018-11-26	9203	9295	9203	9279	28090	0.011665939816833948
2018-11-27	9275	9382	9254	9383	5122	0.011208104321586365
2018-11-28	9353	9418	9353	9419	49	0.0038367259938185683
2018-11-29	9517	9551	9440	9443	25	0.0025480411933325176
2018-11-30	9464	9464	9341	9342	33845	-0.010695753468177527
2018-12-03	9512	9541	9428	9542	69870	0.02140869192892314
2018-12-04	9486	9486	9418	9419	29	-0.012890379375392946
2018-12-05	9290	9346	9285	9346	24336	-0.007750291963053435
2018-12-06	9295	9295	9177	9233	44236	-0.012090734003851966
2018-12-07	9280	9280	9244	9264	22	0.0033575219321997363
2018-12-10	9131	9131	9131	9131	20	-0.014356649395509513
2018-12-11	9152	9152	9102	9115	49839	-0.001752272478370398
2018-12-12	9157	9263	9157	9264	20	0.0163466812945694
2018-12-13	9263	9305	9263	9305	5502	0.004425734024179562
2018-12-14	9304	9304	9121	9168	24465	-0.014723267060720024
2018-12-17	9172	9218	9172	9218	20	0.005453752181500793
2018-12-18	9152	9172	9152	9172	20	-0.004990236493816469
2018-12-19	9198	9230	9198	9233	20	0.006650675970344633
2018-12-20	9157	9157	9099	9146	6420	-0.00942272284197987
2018-12-21	9099	9126	9066	9127	5790	-0.00207741089000657
2018-12-24	9090	9140	9080	9141	9486	0.0015339103758080785
2018-12-26	9039	9049	8938	9033	15272	-0.011814899901542497
2018-12-27	9208	9208	9099	9156	36625	0.013616738625041425
2018-12-28	9203	9213	9203	9213	34	0.006225425950196595
2019-01-02	9259	9259	9085	9086	20	-0.013784869206555972
2019-01-03	9054	9054	8967	8967	20	-0.013097072419106293
2019-01-04	8975	9034	8975	9037	20	0.0078064012490242085
2019-01-07	9136	9181	9136	9182	20	0.016045147726015285
2019-01-08	9162	9162	9111	9115	22	-0.007296885210193893
2019-01-09	9157	9346	9157	9329	29	0.023477783872737357
2019-01-10	9349	9353	9341	9342	30	0.0013935041269159676
2019-01-11	9367	9387	9367	9387	29	0.00481695568400764
2019-01-14	9353	9353	9239	9296	23484	-0.009694258016405666
2019-01-15	9321	9491	9321	9492	20	0.02108433734939763
2019-01-16	9505	9553	9491	9557	29	0.006847871892119661
2019-01-17	9587	9614	9573	9615	38	0.006068850057549424
2019-01-18	9650	9673	9645	9675	35	0.006240249609984483
2019-01-21	9711	9711	9640	9644	35	-0.0032041343669250155
2019-01-22	9686	9686	9558	9644	10409	0.0
2019-01-23	9583	9670	9583	9670	33	0.0026959767731231654
2019-01-24	9691	9783	9691	9783	20	0.011685625646328912
2019-01-25	9824	9979	9824	9981	44	0.020239190432382648
2019-01-28	10006	10010	9988	9989	34	0.0008015228934976637
2019-01-29	9947	10024	9947	10026	20	0.0037040744819301086
2019-01-30	10010	10156	10010	10158	39	0.013165769000598404
2019-01-31	10256	10256	10148	10149	49	-0.0008860011813348612
2019-02-01	10179	10179	10125	10127	22	-0.002167701251354792
2019-02-07	10194	10194	10143	10145	20	0.001777426681149441
2019-02-08	10061	10061	9961	9962	22	-0.018038442582552938
2019-02-11	9942	9974	9911	9976	69380	0.0014053402931137882
2019-02-12	9983	10066	9979	10054	56925	0.007818765036086583
2019-02-13	10111	10111	10079	10095	77545	0.004077978913865188
2019-02-14	10070	10138	10020	10140	71280	0.004457652303120341
2019-02-15	10125	10125	9979	10045	44804	-0.009368836291913207
2019-02-18	10116	10116	10102	10117	57131	0.007167745146839266
2019-02-19	10088	10097	10020	10086	115102	-0.0030641494514184187
2019-02-20	10143	10198	10133	10199	61147	0.01120364862185208
2019-02-21	10156	10194	10120	10194	173231	-0.0004902441415824965
2019-02-22	10153	10179	10129	10181	62063	-0.0012752599568373046
2019-02-25	10248	10248	10184	10199	67492	0.0017679992142225487
2019-02-26	10202	10207	10138	10168	63867	-0.003039513677811523
2019-02-27	10194	10207	10184	10194	58766	0.0025570416994491474
2019-02-28	10174	10174	10034	10054	107	-0.013733568765940785
2019-03-04	10097	10097	9961	9962	1107	-0.009150586831112029
2019-03-05	9928	9928	9860	9866	39	-0.009636619152780579
2019-03-06	9860	9860	9833	9862	2397	-0.0004054327995134388
2019-03-07	9850	9850	9829	9829	20	-0.0033461772459947303
2019-03-08	9783	9783	9706	9711	15736	-0.012005290466985397
2019-03-11	9722	9722	9645	9701	38390	-0.0010297600659046058
2019-03-12	9783	9824	9783	9825	68142	0.012782187403360457
2019-03-13	9793	9793	9722	9757	34486	-0.0069211195928753355
2019-03-14	9788	9788	9722	9726	16516	-0.003177206108434971
2019-03-15	9763	9891	9763	9885	19745	0.016347933374460277
2019-03-18	9911	9911	9841	9890	77898	0.0005058168942841945
2019-03-19	9896	9896	9804	9870	68580	-0.002022244691607722
2019-03-20	9855	9882	9783	9885	56639	0.001519756838905817
2019-03-21	9911	10010	9911	9981	61639	0.009711684370258045
2019-03-22	10034	10034	9924	9985	57037	0.00040076144674872083
2019-03-25	9829	9829	9773	9783	56365	-0.020230345518277404
2019-03-26	9793	9793	9722	9772	57749	-0.0011243994684656533
2019-03-27	9737	9773	9665	9776	57187	0.00040933278755628244
2019-03-28	9732	9732	9673	9706	56432	-0.007160392798690629
2019-03-29	9722	9752	9673	9752	55936	0.004739336492890933
2019-04-01	9841	9915	9841	9916	563	0.016817063166529866
2019-04-02	9965	9969	9952	9962	2265	0.004638967325534482
2019-04-03	9961	10116	9961	10117	2513	0.015559124673760305
2019-04-04	10116	10148	10107	10145	2460	0.002767618859345733
2019-04-05	10156	10170	10156	10173	20	0.0027599802858551126
2019-04-08	10207	10207	10153	10153	20	-0.001965988400668417
2019-04-09	10170	10179	10170	10181	20	0.0027578055747070618
2019-04-10	10129	10207	10129	10209	20	0.0027502209999017424
2019-04-11	10225	10225	10184	10186	329	-0.0022529140954060667
2019-04-12	10174	10207	10174	10209	20	0.0022580011780874987
2019-04-15	10248	10266	10248	10255	3751	0.004505828190812133
2019-04-16	10261	10297	10248	10300	35208	0.004388103364212581
2019-04-17	10289	10289	10276	10286	25923	-0.0013592233009708243
2019-04-18	10302	10302	10138	10140	13416	-0.014194050165273198
2019-04-19	10174	10174	10133	10136	6178	-0.00039447731755426485
2019-04-22	10116	10129	10051	10099	198	-0.0036503551696921432
2019-04-23	10138	10138	10102	10122	121	0.0022774532131895064
2019-04-24	10179	10179	10024	10026	42	-0.009484291641967957
2019-04-25	10043	10043	10043	10045	10	0.0018950728106921222
2019-04-26	9956	9956	9911	9926	119	-0.01184668989547033
2019-04-29	9995	10139	9995	10140	20	0.021559540600443183
2019-04-30	10154	10154	10032	10112	868	-0.002761341222879632
2019-05-02	10065	10157	10065	10159	20	0.004647943037974667
2019-05-03	10125	10125	10125	10127	10	-0.0031499163303474464
2019-05-07	9971	9990	9915	9991	27283	-0.013429446035351011
2019-05-08	9896	10013	9896	9986	27472	-0.0005004504053648384
2019-05-09	9943	9943	9711	9711	27159	-0.027538553975565816
2019-05-10	9733	9733	9631	9697	26921	-0.001441664092266537
2019-05-13	9602	9634	9575	9575	39680	-0.012581210683716648
2019-05-14	9468	9612	9468	9585	80277	0.001044386422976551
2019-05-15	9589	9644	9580	9637	46020	0.005425143453312575
2019-05-16	9649	9649	9500	9511	52610	-0.013074608280585265
2019-05-17	9542	9560	9468	9469	35534	-0.004415939438544791
2019-05-20	9510	9542	9476	9478	26874	0.0009504699545885842
2019-05-21	9486	9547	9486	9533	26856	0.005802912006752425
2019-05-22	9580	9580	9463	9553	26874	0.002097975453687173
2019-05-23	9523	9533	9476	9533	26852	-0.0020935831675913397
2019-05-24	9476	9476	9453	9459	26852	-0.007762509178642629
2019-05-27	9453	9476	9430	9478	26854	0.002008668992493856
2019-05-28	9458	9491	9434	9492	26931	0.001477104874446189
2019-05-29	9444	9444	9332	9375	34407	-0.012326169405815435
2019-05-30	9374	9458	9374	9459	26835	0.008960000000000079
2019-05-31	9430	9444	9364	9431	28027	-0.0029601437784121387
2019-06-03	9426	9589	9379	9585	26862	0.016329127345986683
2019-06-04	9565	9575	9547	9575	26855	-0.0010432968179446833
2019-06-05	9659	9659	9580	9580	26855	0.0005221932114882755
2019-06-07	9575	9589	9538	9590	26852	0.0010438413361169019
2019-06-10	9654	9718	9612	9721	26858	0.01366006256517216
2019-06-11	9728	9799	9706	9800	26863	0.008126735932517226
2019-06-12	9780	9794	9748	9748	26885	-0.0053061224489795444
2019-06-13	9738	9738	9701	9716	26852	-0.003282724661469061
2019-06-14	9696	9696	9659	9659	26867	-0.005866611774392738
2019-06-17	9672	9672	9631	9655	26852	-0.0004141215446733515
2019-06-18	9659	9701	9659	9701	26854	0.004764370792335493
2019-06-19	9827	9840	9799	9842	27402	0.014534584063498501
2019-06-20	9845	9859	9822	9861	26855	0.0019305019305020377
2019-06-21	9874	9878	9812	9827	24966	-0.0034479261738160627
2019-06-24	9832	9859	9827	9852	24721	0.0025440113971710865
2019-06-25	9845	9864	9812	9852	28	0.0
2019-06-26	9859	9869	9854	9870	27	0.0018270401948843329
2019-06-27	9901	9976	9901	9977	108	0.01084093211752779
2019-06-28	10003	10003	9976	9977	20	0.0
2019-07-01	10045	10045	9990	9996	58	0.0019043800741704864
2019-07-02	9924	9957	9924	9958	93	-0.0038015206082433473
2019-07-03	9906	9924	9799	9805	264	-0.015364531030327422
2019-07-04	9822	9906	9812	9907	27	0.010402855685874624
2019-07-05	9915	9915	9807	9884	28	-0.0023215907943877623
2019-07-08	9803	9803	9701	9701	33	-0.018514771347632575
2019-07-09	9723	9723	9676	9679	20	-0.002267807442531744
2019-07-10	9723	9728	9681	9731	109	0.005372455832214129
2019-07-11	9775	9849	9775	9852	205	0.012434487719658716
2019-07-12	9845	9845	9836	9837	20	-0.001522533495736944
2019-07-15	9822	9849	9822	9852	3364	0.0015248551387618825
2019-07-16	9864	9887	9864	9889	8532	0.0037555826228177214
2019-07-17	9822	9836	9790	9810	11098	-0.007988674284558628
2019-07-18	9807	9807	9760	9763	51822	-0.004791029561671767
2019-07-19	9845	9906	9840	9907	18631	0.014749564682986716
2019-07-22	9906	9911	9896	9912	25	0.0005046936509538469
2019-07-23	9938	9962	9938	9963	261	0.0051452784503631666
2019-07-24	9980	9980	9882	9884	20	-0.007929338552644771
2019-07-25	9911	9911	9854	9856	20	-0.0028328611898017497
2019-07-26	9812	9836	9812	9837	28	-0.0019277597402597157
2019-07-29	9807	9807	9664	9684	27	-0.015553522415370558
2019-07-30	9701	9743	9701	9735	1202	0.005266418835192077
2019-07-31	9706	9706	9659	9659	20	-0.007806882383153524
2019-08-01	9584	9597	9584	9600	20	-0.006108292783932101
2019-08-02	9486	9496	9486	9496	20	-0.010833333333333361
2019-08-05	9426	9426	9313	9315	20	-0.019060657118786906
2019-08-06	9085	9191	9085	9169	64	-0.015673644659151886
2019-08-07	9184	9184	9137	9137	20	-0.0034900207219979995
2019-08-08	9188	9201	9149	9166	495	0.003173908284995086
2019-08-09	9216	9221	9191	9221	897	0.006000436395374287
2019-08-12	9248	9248	9221	9221	15110	0.0
2019-08-13	9145	9145	9112	9115	20	-0.011495499403535447
2019-08-14	9225	9225	9191	9194	43	0.008667032364234828
2019-08-16	9174	9174	9122	9137	24245	-0.006199695453556697
2019-08-19	9216	9216	9188	9216	17426	0.008646163948779595
2019-08-20	9221	9309	9221	9310	10853	0.010199652777777679
2019-08-21	9285	9337	9285	9338	20	0.003007518796992459
2019-08-22	9332	9332	9238	9254	444	-0.008995502248875575
2019-08-23	9211	9263	9211	9263	20	0.0009725524097687899
2019-08-26	9103	9122	9103	9123	20	-0.015113893986829274
2019-08-27	9154	9174	9137	9137	568	0.0015345829222843665
2019-08-28	9211	9243	9164	9246	92	0.011929517347050389
2019-08-29	9258	9258	9211	9211	373	-0.003785420722474564
2019-08-30	9271	9379	9271	9380	284	0.01834762783628263
2019-09-02	9384	9384	9364	9367	21462	-0.0013859275053305087
2019-09-03	9347	9347	9322	9325	20	-0.004483826198355967
2019-09-04	9322	9411	9318	9412	160	0.009329758713136682
2019-09-05	9471	9547	9471	9548	276	0.014449638759030936
2019-09-06	9589	9589	9570	9572	20	0.0025136154168412528
2019-09-09	9602	9669	9602	9655	281	0.008671124111993223
2019-09-10	9672	9718	9669	9721	48	0.006835836354220692
2019-09-11	9803	9803	9757	9805	216	0.008641086307993096
2019-09-16	9832	9854	9832	9847	22	0.004283528811830806
2019-09-17	9859	9859	9849	9852	20	0.000507768863613256
2019-09-18	9864	9896	9864	9898	28	0.004669102720259888
2019-09-19	9901	9934	9891	9935	66359	0.003738128914932304
2019-09-20	9948	10008	9948	10010	51660	0.007549068948162985
2019-09-23	10003	10018	10003	10019	20	0.0008991008991008353
2019-09-24	10018	10060	9980	10061	677	0.00419203513324673
2019-09-25	9995	9995	9920	9921	76	-0.013915117781532649
2019-09-26	9971	9971	9934	9935	29	0.001411148069750956
2019-09-27	9906	9906	9836	9837	20	-0.009864116758933061
2019-09-30	9817	9924	9812	9926	20823	0.009047473823320162
2019-10-01	9920	9934	9920	9935	49921	0.0009067096514205897
2019-10-02	9887	9887	9748	9768	26008	-0.01680926019124307
2019-10-04	9718	9733	9691	9697	216	-0.00726863226863228
2019-10-07	9718	9718	9664	9689	107	-0.0008249974218830225
2019-10-08	9711	9799	9711	9773	198	0.008669625348333154
2019-10-10	9691	9718	9672	9721	26	-0.005320781745625669
2019-10-11	9794	9807	9794	9810	20	0.009155436683468743
2019-10-14	9915	9920	9874	9898	479	0.008970438328236519
2019-10-15	9911	9911	9896	9898	20	0.0
2019-10-16	9985	9985	9948	9949	29	0.005152556071933656
2019-10-17	9980	9980	9920	9940	22	-0.0009046135289978441
2019-10-18	9953	9971	9849	9852	119	-0.008853118712273678
2019-10-21	9882	9882	9874	9874	20	0.0022330491270807773
2019-10-22	9924	10013	9924	10015	187	0.014279927081223498
2019-10-23	9980	9980	9924	9935	22	-0.007988017973040384
2019-10-24	9995	9995	9938	9958	22	0.0023150478107700767
2019-10-25	9953	9962	9934	9935	50	-0.0023097007431210903
2019-10-28	10003	10013	9962	9977	483	0.00422747861097128
2019-10-29	10023	10023	9966	9973	61	-0.00040092212087805557
2019-10-30	9980	9980	9869	9889	615	-0.008422741401784783
2019-10-31	9938	9971	9891	9894	38	0.0005056122964910426
2019-11-01	9891	9976	9891	9977	59	0.008388922579340985
2019-11-04	10032	10125	10032	10127	205	0.01503457953292564
2019-11-05	10139	10191	10139	10191	20	0.006319739310753469
2019-11-06	10218	10218	10199	10201	20	0.0009812579727210835
2019-11-07	10181	10191	10181	10191	50200	-0.0009802960494069701
2019-11-08	10246	10246	10167	10169	34181	-0.0021587675399862283
2019-11-11	10181	10181	10092	10117	45880	-0.005113580489723657
2019-11-12	10134	10186	10134	10187	9925	0.006919047148364221
2019-11-13	10162	10162	10129	10132	72	-0.005399037989594624
2019-11-14	10162	10171	10134	10174	267	0.004145282273983364
2019-11-15	10218	10326	10218	10327	37	0.015038333005700899
2019-11-18	10326	10326	10284	10290	4683	-0.003582841096155698
2019-11-19	10297	10297	10260	10262	9967	-0.0027210884353741083
2019-11-20	10250	10250	10134	10136	31124	-0.012278308321964526
2019-11-21	10134	10134	9957	9996	31691	-0.013812154696132617
2019-11-22	10032	10055	10032	10052	168	0.0056022408963585235
2019-11-25	10144	10144	10134	10136	20	0.008356545961002881
2019-11-26	10167	10167	10162	10164	20193	0.0027624309392264568
2019-11-27	10186	10186	10162	10164	33	0.0
2019-11-28	10083	10102	10083	10098	22	-0.00649350649350644
2019-11-29	10125	10125	9934	9935	30	-0.016141810259457268
2019-12-02	9976	9976	9943	9944	53	0.0009058882737795759
2019-12-03	9874	9906	9832	9907	61	-0.0037208366854384334
2019-12-04	9836	9836	9794	9832	34	-0.007570404764308036
2019-12-05	9882	9887	9812	9814	236	-0.0018307567127746616
2019-12-06	9859	9920	9859	9912	410	0.009985734664764712
2019-12-09	9976	9976	9943	9973	25	0.006154156577885317
2019-12-10	9938	10036	9938	10038	107	0.006517597513285844
2019-12-11	10027	10065	10027	10066	15166	0.002789400278939924
2019-12-12	10154	10218	10149	10220	25	0.015299026425591
2019-12-13	10334	10396	10334	10397	339	0.017318982387475534
2019-12-16	10396	10396	10368	10374	22068	-0.0022121765894007606
2019-12-17	10447	10512	10386	10514	244	0.013495276653171295
2019-12-18	10526	10526	10512	10514	90	0.0
2019-12-19	10545	10568	10489	10518	67	0.00038044512079138393
2019-12-20	10540	10573	10536	10570	5483	0.004943905685491634
2019-12-23	10582	10582	10540	10541	70	-0.0027436140018921584
2019-12-24	10550	10550	10484	10486	20	-0.005217721278816034
2019-12-26	10484	10503	10475	10504	38	0.001716574480259414
2019-12-27	10634	10680	10634	10682	110	0.016945925361766978
2019-12-30	10703	10703	10652	10654	50	-0.002621231979030192
2020-01-02	10652	10652	10507	10514	34	-0.013140604467805517
2020-01-03	10550	10550	10456	10490	252	-0.0022826707247479705
2020-01-06	10423	10423	10386	10401	2047	-0.008484270734032462
2020-01-07	10442	10479	10442	10481	20	0.007691568118450176
2020-01-08	10442	10442	10376	10378	28	-0.009827306554718085
2020-01-09	10507	10507	10456	10490	65	0.010792060127192027
2020-01-10	10536	10587	10536	10565	51	0.007149666348903683
2020-01-13	10596	10680	10596	10682	3241	0.01107430194036918
2020-01-14	10741	10760	10741	10742	6671	0.005616925669350348
2020-01-15	10722	10722	10699	10700	4740	-0.003909886427108544
2020-01-16	10703	10801	10703	10803	20	0.00962616822429907
2020-01-17	10843	10900	10834	10836	5753	0.00305470702582622
2020-01-20	10885	10918	10885	10920	54	0.007751937984496138
2020-01-21	10908	10908	10811	10812	28	-0.009890109890109855
2020-01-22	10806	10937	10806	10938	79	0.011653718091009901
2020-01-23	10862	10895	10820	10821	55	-0.010696653867251826
2020-01-28	10596	10596	10438	10486	15548	-0.030958321781720755
2020-01-29	10517	10531	10512	10532	25	0.004386801449551836
2020-01-30	10568	10568	10334	10337	36	-0.018515001898974592
2020-01-31	10391	10391	10191	10191	247	-0.014124020508851642
2020-02-03	10060	10167	10060	10169	32	-0.0021587675399862283
2020-02-04	10213	10373	10213	10374	21698	0.020159307699872064
2020-02-05	10479	10479	10410	10411	20	0.003566608829766782
2020-02-06	10526	10718	10526	10719	68	0.02958409374699844
2020-02-07	10708	10708	10629	10630	20	-0.00830301334079675
2020-02-10	10521	10573	10521	10574	20	-0.005268109125117548
2020-02-11	10639	10684	10639	10686	43	0.010592018157745464
2020-02-12	10736	10783	10736	10784	46	0.009170877784016485
2020-02-13	10811	10824	10722	10723	10780	-0.005656528189911025
2020-02-14	10699	10792	10699	10793	32	0.0065280238739158225
2020-02-17	10764	10787	10764	10789	20	-0.0003706105809321292
2020-02-18	10722	10722	10582	10630	1197	-0.01473723236629898
2020-02-19	10680	10680	10587	10598	25	-0.0030103480714958053
2020-02-20	10689	10689	10521	10523	44	-0.007076806944706582
2020-02-21	10405	10405	10391	10393	20	-0.012353891475814893
2020-02-24	10149	10149	10003	10005	23239	-0.037332820167420344
2020-02-25	9962	10083	9962	10085	20	0.007996001999000413
2020-02-26	9878	10003	9878	9958	14623	-0.012592959841348561
2020-02-27	9924	9924	9845	9847	20	-0.011146816629845402
2020-02-28	9686	9686	9518	9538	280	-0.031380115771300954
2020-03-02	9555	9584	9555	9585	20	0.004927657789893125
2020-03-03	9803	9803	9589	9590	65	0.0005216484089722861
2020-03-04	9607	9812	9607	9814	22	0.023357664233576658
2020-03-05	9869	9891	9864	9894	25	0.00815162013450177
2020-03-06	9803	9803	9691	9693	20	-0.02031534263189816
2020-03-09	9369	9369	9253	9254	53	-0.04529041576395332
2020-03-10	9216	9295	9216	9296	44068	0.004538577912254205
2020-03-11	9258	9258	8996	9053	10235	-0.02614027538726338
2020-03-12	8968	8968	8637	8639	20	-0.04573069700651722
2020-03-13	8105	8445	8105	8377	33	-0.030327584211135572
2020-03-16	8506	8506	8152	8154	34	-0.0266205085352752
2020-03-17	7871	8157	7871	7948	477	-0.025263674270296743
2020-03-18	7938	7938	7564	7565	20	-0.04818822345244089
2020-03-19	7438	7438	6948	6951	20	-0.081163251817581
2020-03-20	7107	7349	7107	7352	96	0.05768954107322677
2020-03-23	6879	6944	6879	6946	30	-0.0552230685527747
2020-03-24	7093	7485	7093	7486	43	0.07774258566081205
2020-03-25	7905	8036	7905	8037	33	0.07360406091370564
2020-03-26	7965	8017	7965	8018	20	-0.0023640661938534313
2020-03-27	8352	8352	8157	8158	20	0.01746071339486166
2020-03-30	7910	8176	7910	8177	97	0.0023290022064230698
2020-03-31	8268	8292	8268	8293	20	0.014186131833190618
2020-04-01	8260	8260	8017	8018	22	-0.03316049680453392
2020-04-02	8068	8166	8068	8167	20	0.018583187827388326
2020-04-03	8221	8221	8171	8172	20	0.0006122199093914205
2020-04-06	8287	8487	8287	8489	34	0.03879099363680871
2020-04-07	8703	8703	8684	8685	20	0.023088703027447366
2020-04-08	8585	8614	8548	8615	28	-0.008059873344847479
2020-04-09	8716	8726	8716	8727	20	0.013000580383052851
2020-04-10	8706	8828	8706	8830	20	0.01180245215996334
2020-04-13	8777	8777	8674	8676	144	-0.01744054360135905
2020-04-14	8748	8800	8748	8802	20	0.014522821576763434
2020-04-16	8731	8748	8711	8751	33	-0.005794137695978141
2020-04-17	8926	9011	8926	9011	20	0.029710890183978877
2020-04-20	8987	8987	8936	8942	25	-0.007657307734990515
2020-04-21	8856	8856	8791	8820	26	-0.013643480205770553
2020-04-22	8711	8884	8711	8886	20	0.007482993197278853
2020-04-23	8926	8968	8926	8969	20	0.009340535674094097
2020-04-24	8907	8907	8842	8844	20	-0.013936893745122081
2020-04-27	8861	9020	8861	9021	79	0.0200135685210312
2020-04-28	9092	9106	9092	9107	22	0.009533311162842173
2020-04-29	9130	9196	9130	9198	65	0.009992313604919367
2020-05-04	9001	9001	8934	8935	32	-0.028593172428788893
2020-05-06	9034	9034	9034	9035	20	0.011191941801902638
2020-05-07	9006	9054	9006	9054	20	0.002102933038184762
2020-05-08	9130	9130	9130	9130	20	0.008394079964656465
2020-05-11	9163	9163	9068	9079	22	-0.005585980284775416
2020-05-12	9034	9034	8987	8988	20	-0.010023130300693905
2020-05-13	8848	9015	8848	9016	20	0.0031152647975076775
2020-05-14	8958	8958	8924	8926	20	-0.009982253771073646
2020-05-15	9020	9020	9015	9016	20	0.010082903876316385
2020-05-18	9011	9044	9011	9045	20	0.0032165039929015204
2020-05-19	9287	9330	9287	9331	40	0.0316196793808734
2020-05-20	9307	9373	9282	9374	22	0.004608294930875667
2020-05-21	9445	9445	9416	9422	283	0.0051205461915937445
2020-05-22	9388	9388	9249	9250	20	-0.018255147527064364
2020-05-25	9292	9368	9292	9370	20	0.012972972972973063
2020-05-26	9397	9545	9397	9546	22	0.018783351120597702
2020-05-27	9564	9597	9564	9599	75	0.005552063691598663
2020-05-28	9688	9688	9545	9599	90	0.0
2020-05-29	9540	9655	9540	9655	20	0.005833941035524592
2020-06-01	9665	9789	9665	9789	33	0.01387881926462975
2020-06-02	9764	9932	9764	9933	52	0.014710389212381214
2020-06-03	10070	10294	10070	10271	86	0.034027987516359604
2020-06-04	10509	10519	10213	10257	290	-0.001363061045662528
2020-06-05	10142	10423	10142	10424	27	0.016281563810080835
2020-06-08	10538	10538	10404	10415	27	-0.0008633921719110038
2020-06-09	10528	10528	10380	10386	163	-0.0027844455112817634
2020-06-10	10371	10395	10371	10396	22	0.0009628345850183351
2020-06-11	10195	10285	10147	10147	27	-0.023951519815313627
2020-06-12	9822	9955	9822	9957	38	-0.01872474623041298
2020-06-15	9827	9827	9502	9503	20	-0.04559606307120623
2020-06-16	9741	9960	9741	9961	26	0.04819530674523831
2020-06-17	9955	9984	9927	9985	22	0.0024093966469229677
2020-06-18	9936	9951	9936	9952	25	-0.003304957436154221
2020-06-19	10013	10013	9979	9980	20	0.002813504823151236
2020-06-22	9955	9955	9927	9928	20	-0.0052104208416833275
2020-06-23	9989	9989	9908	9914	20	-0.0014101531023368308
2020-06-24	9941	10079	9941	10066	22	0.015331853943917784
2020-06-25	9884	9884	9827	9827	20	-0.023743294257897896
2020-06-26	9889	9927	9889	9928	20	0.01027780604457118
2020-06-29	9798	9798	9746	9746	22	-0.01833199033037869
2020-06-30	9893	9893	9865	9866	20	0.012312743689718797
2020-07-01	9927	9927	9846	9847	20	-0.0019258057976890841
2020-07-02	9941	9951	9917	9952	25	0.010663146135879042
2020-07-03	10013	10027	9941	10028	23	0.007636655948553006
2020-07-06	10056	10203	10036	10205	380	0.01765057838053452
2020-07-07	10261	10261	10070	10071	20	-0.013130818226359642
2020-07-08	10094	10094	9984	10028	104	-0.004269685234832732
2020-07-09	10089	10089	10056	10056	20	0.002792181890705958
2020-07-10	9979	9979	9870	9928	4438	-0.012728719172633296
2020-07-13	9989	10127	9989	10129	20	0.020245769540693015
2020-07-14	10079	10132	10070	10134	4211	0.0004936321453252734
2020-07-15	10271	10294	10271	10286	86	0.014999013222814384
2020-07-16	10285	10285	10198	10233	85	-0.00515263464903748
2020-07-17	10294	10294	10285	10286	20	0.0051793218020130816
2020-07-20	10299	10309	10271	10310	83	0.0023332685203187875
2020-07-21	10361	10419	10361	10419	144	0.010572259941804107
2020-07-22	10428	10462	10409	10410	84	-0.0008638065073423018
2020-07-23	10371	10371	10280	10329	89	-0.007780979827089363
2020-07-24	10266	10280	10261	10281	22	-0.0046471100784200026
2020-07-27	10375	10390	10375	10391	20	0.01069934831242092
2020-07-28	10495	10561	10495	10563	38	0.016552786064863767
2020-07-29	10591	10609	10591	10611	20	0.004544163589889294
2020-07-30	10672	10672	10639	10639	76	0.0026387710866082603
2020-07-31	10639	10639	10523	10525	8559	-0.010715292790675846
2020-08-03	10480	10500	10480	10500	20	-0.002375296912114022
2020-08-04	10595	10652	10586	10654	294	0.014666666666666606
2020-08-05	10647	10724	10647	10725	20	0.00666416369438716
2020-08-06	10796	10886	10796	10887	29	0.0151048951048951
2020-08-07	10977	10977	10953	10954	20	0.006154128777440926
2020-08-10	10987	11187	10987	11188	20	0.021362059521635945
2020-08-11	11301	11383	11301	11384	20	0.017518770110833026
2020-08-12	11278	11397	11278	11398	164	0.001229796205200362
2020-08-13	11449	11521	11354	11355	92	-0.0037725916827513473
2020-08-14	11359	11359	11249	11307	25	-0.0042272126816380595
2020-08-18	11287	11292	10934	11007	100	-0.026532236667551112
2020-08-19	11106	11106	11073	11073	20	0.005996184246388703
2020-08-20	10982	10982	10647	10649	20	-0.038291339293777704
2020-08-21	10771	10801	10743	10773	25	0.011644285848436464
2020-08-24	10672	10858	10672	10859	20	0.007982920263622129
2020-08-25	10962	11068	10962	11068	20	0.01924670779998161
2020-08-26	11043	11043	11039	11040	20	-0.0025298156848572173
2020-08-27	11053	11053	10934	10935	20	-0.009510869565217406
2020-08-28	10987	11001	10987	11002	20	0.006127114769090003
2020-08-31	11116	11116	10819	10821	32	-0.016451554262861268
2020-09-01	10877	10953	10877	10954	20	0.01229091581184738
2020-09-02	10987	10987	10958	10959	20	0.0004564542632827795
2020-09-03	11106	11106	11078	11098	22	0.01268363901815861
2020-09-04	10891	10996	10891	10997	20	-0.009100738871868796
2020-09-07	10982	11096	10982	11098	20	0.009184322997181082
2020-09-08	11177	11177	11139	11141	22	0.0038745719949540014
2020-09-09	11030	11039	11030	11040	20	-0.00906561349968582
2020-09-10	11172	11172	11073	11174	25	0.012137681159420266
2020-09-11	11111	11139	11111	11141	20	-0.0029532844102380107
2020-09-14	11240	11268	11240	11269	22	0.011489094336235572
2020-09-15	11311	11335	11311	11336	20	0.005945514242612582
2020-09-16	11340	11340	11301	11303	20	-0.00291107974594218
2020-09-17	11287	11287	11139	11149	38	-0.01362470140670613
2020-09-18	11202	11202	11096	11197	25	0.004305318862678265
2020-09-21	11167	11167	11096	11098	20	-0.008841654014468125
2020-09-22	11073	11073	10834	10835	20	-0.023697963597044458
2020-09-23	10929	10929	10796	10916	22	0.007475772958006388
2020-09-24	10743	10743	10672	10672	20	-0.02235251007695127
2020-09-25	10667	10720	10667	10720	20	0.004497751124437732
2020-09-28	10819	10862	10819	10863	20	0.013339552238806007
2020-09-29	10944	10953	10944	10954	20	0.008377059744085535
2020-10-05	10962	11101	10962	11102	35	0.013511046193171339
2020-10-06	11139	11139	11101	11102	31	0.0
2020-10-07	11034	11197	11034	11197	20	0.0085570167537381
2020-10-08	11283	11283	11202	11226	27	0.0025899794587835867
2020-10-12	11235	11254	11235	11255	20	0.0025832887938712634
2020-10-13	11306	11306	11273	11274	20	0.0016881386050644487
2020-10-14	11258	11258	11163	11169	23	-0.009313464608834532
2020-10-15	11149	11149	11068	11116	27	-0.004745277106276258
2020-10-16	11116	11116	11058	11059	22	-0.005127743792731176
2020-10-19	11111	11124	11063	11063	33	0.00036169635590921345
2020-10-20	11043	11154	11043	11131	20972	0.006146614842267084
2020-10-21	11159	11187	11159	11188	20	0.005120833707663364
2020-10-22	11121	11124	11086	11126	22	-0.005541651769753297
2020-10-23	11187	11187	11159	11184	22	0.005213014560488949
2020-10-26	11225	11225	11124	11126	28	-0.0051859799713877
2020-10-27	11025	11034	11020	11035	27	-0.00817904008628434
2020-10-28	11005	11106	11005	11106	20	0.006434073402809215
2020-10-29	10982	11015	10982	11016	20	-0.008103727714748765
2020-10-30	10944	10944	10767	10768	129295	-0.02251270878721856
2020-11-02	10771	10877	10771	10878	20	0.010215453194650781
2020-11-03	10958	11068	10958	11068	33	0.017466446037874617
2020-11-04	11144	11144	11101	11136	1070	0.006143838091796194
2020-11-05	11215	11364	11215	11365	20	0.020563936781609282
2020-11-06	11426	11426	11421	11422	20	0.0050153981522216284
2020-11-09	11517	11530	11517	11517	22	0.008317282437401596
2020-11-10	11540	11540	11517	11517	20	0.0
2020-11-11	11583	11722	11583	11722	28	0.01779977424676571
2020-11-12	11684	11684	11621	11656	2118	-0.005630438491724954
2020-11-13	11626	11731	11626	11732	20	0.006520247083047437
2020-11-16	11874	11946	11874	11947	13	0.018325946130242077
2020-11-17	12012	12012	11989	11990	20	0.0035992299322005206
2020-11-18	11979	12022	11951	11985	18369	-0.0004170141784820558
2020-11-19	11941	11941	11917	11942	214496	-0.0035878181059657566
2020-11-20	11965	12003	11965	12004	20	0.0051917601741751085
2020-11-23	12017	12252	12017	12247	221982	0.020243252249250165
2020-11-24	12275	12313	12275	12314	50789	0.005470727525108243
2020-11-25	12438	12438	12209	12257	3565	-0.004628877700178613
2020-11-26	12270	12347	12247	12348	41	0.007424328954882986
2020-11-27	12356	12371	12280	12372	1463	0.0019436345966958868
2020-11-30	12385	12385	12118	12118	22	-0.020530229550598134
2020-12-01	12265	12332	12265	12333	20	0.01774220168344609
2020-12-02	12390	12552	12390	12553	26	0.017838319954593285
2020-12-03	12580	12648	12557	12648	22	0.007567912052895753
2020-12-04	12743	12877	12743	12877	10933	0.018105629348513563
2020-12-07	13067	13067	12829	12920	8289	0.0033392871010329284
2020-12-08	12881	12881	12676	12716	2882	-0.015789473684210575
2020-12-09	12819	12972	12819	12973	445	0.02021075810003148
2020-12-10	12810	12977	12810	12978	5505	0.00038541586371687586
2020-12-11	13100	13100	13001	13074	5935	0.0073971336107259145
2020-12-14	13044	13049	12972	13036	626	-0.002906532048340238
2020-12-15	13029	13029	12905	12992	93557	-0.003375268487265992
2020-12-16	13087	13087	12958	13049	3542	0.004387315270935943
2020-12-17	13024	13024	12963	13021	24748	-0.002145758295654887
2020-12-18	13049	13062	13029	13044	432	0.0017663773903693336
2020-12-21	13039	13039	12972	13039	22	-0.00038331800061330856
2020-12-22	13034	13034	12815	12863	24651	-0.013497967635554886
2020-12-23	12910	13062	12857	13064	56851	0.015626214724403287
2020-12-24	13182	13277	13130	13279	18109	0.016457440293937475
2020-12-28	13440	13440	13311	13312	39	0.002485126892085354
2020-12-29	13511	13554	13416	13556	803	0.018329326923076872
2020-12-30	13549	13855	13549	13856	7789	0.022130421953378665
2021-01-04	13945	14165	13817	14167	5282	0.022445150115473433
2021-01-05	14127	14337	14061	14338	238	0.01207030422813582
2021-01-06	14566	14566	14280	14281	46	-0.003975449853536039
2021-01-07	14452	14695	14371	14667	16067	0.027028919543449437
2021-01-08	14871	15239	14815	15240	2452	0.03906729392513797
2021-01-11	15507	15721	15120	15293	195	0.0034776902887139194
2021-01-12	15158	15196	15005	15121	38	-0.011246975740534904
2021-01-13	15230	15301	15129	15264	1458	0.009457046491634147
2021-01-14	15244	15292	15144	15255	4783	-0.000589622641509413
2021-01-15	15363	15363	14858	14964	9145	-0.01907571288102261
2021-01-18	14690	14791	14533	14624	10092	-0.022721197540764515
2021-01-19	14762	15043	14762	15025	31602	0.027420678336980364
2021-01-20	15211	15211	14896	15106	13116	0.005391014975041575
2021-01-21	15244	15358	15244	15360	57746	0.016814510790414294
2021-01-22	15344	15401	15249	15250	10092	-0.00716145833333337
2021-01-25	15277	15583	15277	15584	1835	0.02190163934426237
2021-01-26	15559	15559	15215	15274	67	-0.019892197125256694
2021-01-27	15330	15392	15030	15135	694	-0.009100432106848189
2021-01-28	14843	14948	14748	14882	688	-0.016716220680541793
2021-01-29	14944	14991	14543	14548	45514	-0.022443219997312136
2021-02-01	14409	14843	14409	14811	1423	0.018078086334891497
2021-02-02	15030	15225	15030	15111	1097	0.020255215718047337
2021-02-03	15230	15282	15025	15283	1470	0.011382436635563487
2021-02-04	15182	15182	15053	15054	28	-0.014983969116011298
2021-02-05	15177	15225	15043	15226	1279	0.011425534741597021
2021-02-08	15124	15163	15048	15126	567	-0.006567713122290764
2021-02-09	15239	15244	15068	15068	149	-0.003834457225968535
2021-02-10	15077	15172	14962	15174	49	0.007034775683567807
2021-02-15	15277	15373	15277	15365	6596	0.012587320416501901
2021-02-16	15426	15439	15311	15441	19074	0.004946306540839496
2021-02-17	15344	15344	15306	15307	4910	-0.008678194417459983
2021-02-18	15297	15297	15091	15093	150695	-0.013980531782844419
2021-02-19	15091	15163	14871	15159	78493	0.004372888093818306
2021-02-22	15201	15282	14987	14987	447	-0.011346394880928812
2021-02-23	14838	14934	14838	14934	20	-0.0035363982117835313
2021-02-24	14891	14891	14548	14634	296	-0.020088388911209343
2021-02-25	14752	15106	14752	15058	36494	0.02897362306956408
2021-02-26	14781	14781	14700	14701	36	-0.023708327799176532
2021-03-02	15115	15115	14795	14835	535	0.009115026188694753
2021-03-03	14771	14962	14771	14959	1061	0.008358611391978465
2021-03-04	14815	14853	14810	14853	42	-0.007086035162778281
2021-03-05	14642	14762	14556	14763	963	-0.006059381943041786
2021-03-08	14819	14819	14604	14634	49	-0.008738061369640282
2021-03-09	14576	14590	14414	14591	57	-0.002938362716960463
2021-03-10	14724	14724	14509	14510	20	-0.005551367281200759
2021-03-11	14657	14791	14657	14792	20	0.019434872501723044
2021-03-12	14957	14972	14901	14973	23	0.012236343969713293
2021-03-15	14939	14967	14934	14934	27	-0.0026046884391905945
2021-03-16	14977	15043	14977	15045	347	0.007432703897147341
2021-03-17	15020	15020	14848	14949	54	-0.0063808574277168795
2021-03-18	15101	15101	15038	15040	32	0.006087363703257687
2021-03-19	14848	14891	14848	14892	20	-0.009840425531914887
2021-03-22	14891	14934	14891	14934	28	0.0028203062046736616
2021-03-23	15025	15025	14805	14806	46	-0.008571045935449328
2021-03-24	14681	14733	14681	14734	23	-0.004862893421585857
2021-03-25	14595	14791	14595	14792	41	0.003936473462739176
2021-03-26	14871	14948	14795	14949	31	0.010613845321795656
2021-03-29	14948	14962	14929	14964	28	0.0010034115994381754
2021-03-30	15020	15115	15020	15116	22	0.010157711841753514
2021-03-31	15106	15106	15101	15102	52	-0.0009261709446943822
2021-04-01	15187	15220	15177	15221	108	0.007879751026354187
2021-04-02	15230	15349	15230	15335	137	0.007489652453846585
2021-04-05	15349	15387	15277	15388	115	0.003456146071079136
2021-04-06	15469	15469	15416	15446	101	0.0037691707824278886
2021-04-07	15474	15507	15439	15451	507	0.0003237084034701798
2021-04-08	15449	15550	15449	15550	12	0.00640735227493372
2021-04-09	15593	15593	15449	15459	43	-0.005852090032154367
2021-04-12	15487	15487	15383	15426	288	-0.00213467882786722
2021-04-13	15492	15621	15439	15588	37610	0.010501750291715295
2021-04-14	15659	15674	15563	15674	81111	0.005517064408519401
2021-04-15	15779	15798	15717	15799	127	0.007974990430011486
2021-04-16	15798	15817	15717	15789	244	-0.0006329514526235425
2021-04-19	15759	15807	15759	15779	133911	-0.0006333523339033809
2021-04-20	15779	15883	15779	15885	147	0.00671778946701318
2021-04-21	15759	15759	15573	15679	407	-0.012968209002203301
2021-04-22	15707	15731	15611	15684	1332	0.0003188978888959415
2021-04-23	15678	15712	15520	15713	33	0.0018490181076256107
2021-04-26	15793	15865	15750	15865	87	0.0096735187424426
2021-04-27	16022	16022	15845	15951	139	0.0054207374724235535
2021-04-28	15951	15956	15802	15827	782	-0.007773807284809697
2021-04-29	15768	15905	15705	15705	235	-0.0077083464964933235
2021-04-30	15734	15758	15593	15647	24	-0.0036930913721744396
2021-05-03	15558	15671	15510	15510	266	-0.00875567201380456
2021-05-04	15607	15607	15466	15603	150	0.0059961315280463445
2021-05-06	15593	15768	15593	15769	23	0.010638979683394112
2021-05-07	15817	15919	15763	15920	198	0.009575749889022767
2021-05-10	16007	16193	15978	16193	45	0.0171482412060302
2021-05-11	16124	16124	15885	15940	1380	-0.015624035076885034
2021-05-12	15959	15959	15632	15696	385	-0.015307402760351363
2021-05-13	15554	15583	15495	15525	92	-0.01089449541284404
2021-05-14	15646	15676	15588	15666	185	0.009082125603864677
2021-05-17	15724	15724	15515	15520	274	-0.009319545512574967
2021-05-18	15627	15754	15627	15754	148	0.015077319587628812
2021-05-20	15646	15680	15646	15681	276	-0.004633743811095603
2021-05-21	15866	15866	15622	15793	742	0.007142401632548978
2021-05-24	15656	15685	15656	15686	30	-0.00677515354904068
2021-05-25	15763	15822	15754	15808	61	0.0077776361086319135
2021-05-26	15856	15856	15724	15798	35434	-0.0006325910931174183
2021-05-27	15768	15768	15602	15769	81425	-0.0018356754019496213
2021-05-28	15802	15890	15802	15891	245	0.007736698585832924
2021-05-31	15880	15939	15851	15940	594	0.0030835063872631796
2021-06-01	15944	16017	15944	16018	124	0.00489335006273528
2021-06-02	16056	16056	15978	16018	34	0.0
2021-06-03	16022	16178	16022	16169	557	0.009426894743413738
2021-06-04	16071	16071	16071	16071	20	-0.006060980889356138
2021-06-07	16149	16149	16002	16115	335	0.002737850787132068
2021-06-08	16110	16110	16046	16047	90	-0.004219671113869117
2021-06-09	16080	16080	15934	15935	95	-0.006979497725431494
2021-06-10	15910	15973	15910	15974	27	0.0024474427361154127
2021-06-11	16046	16076	16007	16076	136	0.006385376236384133
2021-06-14	16041	16080	16007	16081	110951	0.0003110226424483109
2021-06-15	16080	16110	16080	16110	22	0.001803370437161833
2021-06-16	16168	16227	16168	16227	116573	0.007262569832402255
2021-06-17	16124	16163	16076	16164	14259	-0.0038824181919023815
2021-06-18	16168	16193	16100	16193	27469	0.0017941103687206805
2021-06-21	16066	16066	15988	15988	52	-0.012659791267831788
2021-06-22	16056	16139	16056	16140	35	0.00950713034776074
2021-06-23	16178	16207	16120	16208	260	0.004213135068153573
2021-06-24	16232	16261	16232	16262	20	0.00333168805528139
2021-06-25	16329	16407	16329	16369	29	0.006579756487516963
2021-06-28	16383	16383	16344	16344	25	-0.00152727717026091
2021-06-29	16373	16373	16256	16257	138	-0.005323054331864863
2021-06-30	16339	16354	16290	16354	123	0.005966660515470235
2021-07-01	16334	16334	16227	16247	82	-0.006542741836859434
2021-07-02	16266	16285	16256	16257	45	0.0006154982458299596
2021-07-05	16285	16285	16276	16286	22	0.0017838469582334149
2021-07-06	16334	16363	16334	16364	22	0.004789389659830556
2021-07-07	16359	16359	16198	16262	185	-0.006233194817892973
2021-07-08	16310	16310	16149	16149	23	-0.006948714795228184
2021-07-09	15998	15998	15812	15842	25	-0.01901046504427517
2021-07-12	15934	16061	15934	16052	39	0.013255902032571543
2021-07-13	16154	16222	16154	16222	22	0.010590580613007772
2021-07-14	16202	16202	16100	16101	39	-0.007459006287757419
2021-07-15	16207	16285	16207	16286	40	0.011489969567107572
2021-07-16	16198	16227	16198	16227	20	-0.0036227434606410647
2021-07-19	16095	16095	16076	16076	22	-0.00930547852344854
2021-07-20	15954	15993	15885	15993	35	-0.005162975864642982
2021-07-21	15998	16066	15919	15920	27	-0.004564496967423226
2021-07-22	16037	16095	16012	16096	112	0.011055276381909618
2021-07-23	16110	16144	16061	16144	9666	0.0029821073558649047
2021-07-26	16139	16144	15988	15988	57	-0.009663032705649166
2021-07-27	16037	16095	16012	16013	56	0.0015636727545658147
2021-07-28	15968	15998	15968	15998	22	-0.000936738899644074
2021-07-29	16061	16061	15983	16032	515	0.002125265658207365
2021-07-30	15929	15929	15851	15852	31	-0.011227544910179632
2021-08-02	15866	15895	15768	15896	74	0.0027756749936915792
2021-08-03	15934	15949	15934	15949	1240	0.003334172118772072
2021-08-04	16085	16251	16032	16252	68	0.01899805630447049
2021-08-05	16242	16242	16222	16222	89	-0.0018459266551809073
2021-08-06	16202	16222	16076	16125	29	-0.005979533966218753
2021-08-09	16183	16183	15959	16091	39	-0.002108527131783
2021-08-10	16061	16061	15890	15954	111	-0.008514076191659892
2021-08-11	15939	15939	15773	15842	551	-0.007020183026200333
2021-08-12	15846	15846	15758	15759	22	-0.005239237470016422
2021-08-13	15719	15719	15461	15461	23	-0.018909829303889847
2021-08-17	15549	15549	15275	15344	664	-0.007567427721363429
2021-08-18	15397	15466	15397	15466	4300	0.007950990615224196
2021-08-19	15417	15417	15066	15110	11192	-0.02301823354454935
2021-08-20	15110	15178	14944	14944	8761	-0.01098610191925875
2021-08-23	15061	15110	15032	15081	68	0.009167558886509664
2021-08-24	15232	15349	15232	15349	20	0.017770704860420317
2021-08-25	15329	15480	15275	15364	66	0.000977262362368947
2021-08-26	15480	15480	15256	15315	521	-0.003189273626659772
2021-08-27	15241	15310	15241	15310	20	-0.00032647730982693357
2021-08-30	15456	15456	15290	15349	241	0.0025473546701502148
2021-08-31	15315	15597	15315	15598	22	0.016222555215323453
2021-09-01	15597	15700	15593	15671	52	0.004680087190665372
2021-09-02	15558	15568	15549	15569	18	-0.006508837980984006
2021-09-03	15583	15656	15568	15657	22230	0.00565225769156652
2021-09-06	15651	15690	15583	15691	27	0.0021715526601520097
2021-09-07	15651	15651	15593	15593	20	-0.006245618507424666
2021-09-08	15529	15529	15485	15486	22	-0.006862053485538366
2021-09-09	15402	15402	15261	15261	23	-0.014529252227818645
2021-09-10	15300	15344	15295	15344	33	0.005438699954131376
2021-09-13	15285	15368	15246	15369	28	0.001629301355578816
2021-09-14	15446	15446	15349	15417	22583	0.003123170017567789
2021-09-15	15402	15417	15383	15417	8615	0.0
2021-09-16	15441	15441	15315	15315	20	-0.006616073165985559
2021-09-17	15241	15339	15241	15339	20	0.0015670910871694588
2021-09-23	15310	15310	15290	15291	27	-0.0031292783101897204
2021-09-24	15446	15446	15290	15295	4022	0.00026159178601781186
2021-09-27	15339	15368	15232	15315	2400	0.0013076168682575329
2021-09-28	15290	15290	15158	15169	191	-0.009533137446947393
2021-09-29	14802	14983	14802	14910	2551	-0.017074296262113542
2021-09-30	14939	15046	14939	15047	22	0.009188464118041528
2021-10-01	14963	14963	14753	14778	83	-0.017877317737755027
2021-10-05	14622	14622	14485	14486	108	-0.019759101366896736
2021-10-06	14607	14607	14339	14339	337	-0.010147728841640169
2021-10-07	14466	14544	14422	14544	23	0.014296673408187521
2021-10-08	14573	14573	14495	14495	20	-0.003369086908690866
2021-10-12	14383	14383	14261	14261	20	-0.016143497757847514
2021-10-13	14275	14407	14275	14408	23	0.01030783255031209
2021-10-14	14490	14549	14490	14549	33	0.009786229872293273
2021-10-15	14549	14710	14549	14700	7200	0.010378720186954515
2021-10-18	14573	14656	14573	14656	637	-0.0029931972789115635
2021-10-19	14763	14763	14690	14759	24	0.00702783842794763
2021-10-20	14861	14861	14753	14754	52	-0.0003387763398604582
2021-10-21	14758	14758	14719	14720	20	-0.0023044598075098177
2021-10-22	14666	14695	14666	14695	20	-0.0016983695652174058
2021-10-25	14773	14783	14695	14783	131	0.005988431439265085
2021-10-26	14851	14919	14851	14920	92	0.009267401745247872
2021-10-27	14846	14846	14690	14778	39	-0.009517426273458418
2021-10-28	14841	14841	14729	14730	20	-0.0032480714575721104
2021-10-29	14783	14783	14509	14510	22	-0.014935505770536373
2021-11-01	14436	14549	14436	14539	88	0.0019986216402481105
2021-11-02	14690	14714	14690	14715	20	0.012105371758717842
2021-11-03	14519	14529	14519	14529	20	-0.01264016309887872
2021-11-04	14705	14705	14612	14612	26	0.005712712506022344
2021-11-05	14758	14758	14495	14495	47	-0.008007117437722422
2021-11-08	14446	14524	14446	14525	5115	0.002069679199724117
2021-11-09	14431	14597	14431	14529	3811	0.00027538726333897756
2021-11-10	14524	14524	14329	14388	133	-0.009704728474086322
2021-11-11	14280	14285	14266	14276	877	-0.007784264664998597
2021-11-12	14466	14509	14466	14510	41	0.01639114597926583
2021-11-15	14622	14685	14622	14681	396	0.011784975878704307
2021-11-16	14641	14641	14641	14642	20	-0.0026564947891832835
2021-11-17	14714	14714	14427	14442	22	-0.013659336156262802
2021-11-18	14392	14417	14348	14417	31	-0.0017310621797534953
2021-11-19	14466	14475	14466	14476	20	0.004092390927377343
2021-11-22	14607	14831	14607	14832	23	0.024592428847747927
2021-11-23	14822	14822	14656	14705	25	-0.008562567421790734
2021-11-24	14778	14778	14670	14671	20	-0.0023121387283236983
2021-11-25	14617	14617	14549	14549	20	-0.00831572489946153
2021-11-26	14544	14544	14197	14207	9042	-0.023506770224757667
2021-11-29	14187	14187	14085	14086	598	-0.008516928274794111
2021-11-30	14251	14280	13836	13837	230	-0.017677126224620143
2021-12-01	13944	14212	13870	14212	28	0.0271012502710124
2021-12-02	14197	14456	14197	14456	23	0.017168589924007938
2021-12-03	14392	14588	14392	14588	22	0.009131156613171099
2021-12-06	14505	14661	14505	14661	26	0.005004112969563934
2021-12-07	14602	14719	14602	14720	25	0.004024282108996635
2021-12-08	14895	14895	14763	14764	20	0.002989130434782661
2021-12-09	14778	14802	14778	14803	23	0.0026415605526957098
2021-12-10	14739	14797	14739	14798	20	-0.0003377693710734375
2021-12-13	14866	14866	14797	14798	20	0.0
2021-12-14	14680	14710	14588	14710	419	-0.005946749560751474
2021-12-15	14641	14690	14641	14690	20	-0.0013596193065941176
2021-12-16	14812	14812	14763	14764	20	0.005037440435670559
2021-12-17	14710	14846	14710	14847	23	0.005621782714711365
2021-12-20	14675	14739	14573	14573	22	-0.018454906715161257
2021-12-21	14622	14661	14622	14661	22	0.006038564468537677
2021-12-22	14719	14719	14666	14690	23	0.0019780369688289223
2021-12-23	14753	14773	14753	14773	20	0.005650102110279054
2021-12-24	14856	14875	14817	14876	61	0.006972178975157339
2021-12-27	14866	14866	14788	14788	22	-0.0059155687012637514
2021-12-28	14753	14851	14753	14852	22	0.004327833378414914
2021-12-29	14988	14988	14939	14939	20	0.005857796929706449
2021-12-30	14949	14949	14841	14842	20	-0.006493071825423358
2022-01-03	14851	14968	14773	14852	49	0.0006737636437137429
2022-01-04	14861	14880	14841	14881	22	0.0019525989765687424
2022-01-05	14871	14871	14724	14725	20	-0.010483166453867376
2022-01-06	14670	14670	14563	14564	20	-0.010933786078098473
2022-01-07	14685	14744	14685	14744	20	0.012359241966492629
2022-01-10	14695	14695	14612	14686	22	-0.003933803581117723
2022-01-11	14778	14778	14695	14720	23	0.0023151300558355015
2022-01-12	14861	14919	14841	14920	520	0.013586956521739024
2022-01-13	14953	14953	14890	14915	27	-0.00033512064343166337
2022-01-14	14724	14724	14656	14656	15	-0.017365068722762333
2022-01-17	14641	14641	14461	14486	31	-0.011599344978165949
2022-01-18	14495	14495	14368	14388	53	-0.006765152561093446
2022-01-19	14295	14295	14290	14290	16	-0.0068112315818738
2022-01-20	14251	14378	14251	14378	27	0.006158152554233798
2022-01-21	14231	14231	14095	14217	748	-0.011197663096397248
2022-01-24	14163	14163	14026	14027	20	-0.013364282197369293
2022-01-25	13890	13890	13641	13651	53	-0.026805446638625496
2022-01-26	13700	13700	13670	13671	123	0.001465094132298006
2022-01-27	13587	13587	13226	13246	27	-0.031087703898763808
2022-01-28	13290	13563	13168	13563	25	0.023931752982032206
2022-02-03	13841	13841	13734	13734	124	0.012607830126078357
2022-02-04	13812	13865	13812	13866	41	0.009611183923110556
2022-02-07	13753	13792	13734	13793	635	-0.005264676186355066
2022-02-08	13963	13963	13826	13827	22	0.0024650184876386927
2022-02-09	13983	14022	13968	14022	697	0.014102842265133475
2022-02-10	14168	14168	14129	14149	22	0.009057195835116216
2022-02-11	14002	14100	14002	14071	719	-0.005512757085306408
2022-02-14	13973	13973	13846	13846	20	-0.015990334731007083
2022-02-15	13841	13841	13739	13739	22	-0.007727863642929322
2022-02-16	13944	13963	13944	13964	20	0.01637673775383952
2022-02-17	13997	14144	13904	14061	4431	0.006946433686622733
2022-02-18	13953	14051	13900	14051	22	-0.0007111869710546559
2022-02-21	13904	14017	13812	14017	41435	-0.0024197566009536153
2022-02-22	13826	13851	13729	13822	4003	-0.013911678675893602
2022-02-23	13934	13934	13792	13905	4189	0.006004919693242572
2022-02-24	13763	13763	13568	13568	41	-0.024235886371808735
2022-02-25	13661	13685	13661	13685	20	0.008623231132075526
2022-02-28	13626	13763	13626	13764	20	0.005772743880160691
2022-03-02	13768	13768	13748	13749	20	-0.0010897994768962471
2022-03-03	13924	13987	13919	13988	94	0.017383082405993067
2022-03-04	13895	13895	13851	13856	55	-0.009436659994280783
2022-03-07	13631	13631	13456	13524	213	-0.02396073903002305
2022-03-08	13329	13358	13329	13359	22	-0.012200532386867802
2022-03-10	13597	13597	13543	13544	22	0.013848341941762099
2022-03-11	13573	13573	13514	13554	26	0.0007383343177791435
2022-03-14	13553	13553	13543	13544	20	-0.000737789582411108
2022-03-15	13500	13500	13412	13417	19084	-0.009376845835794456
2022-03-16	13509	13582	13465	13583	642	0.012372363419542287
2022-03-17	13875	13875	13817	13817	741	0.017227416623720737
2022-03-18	13817	13861	13787	13861	36	0.003184482883404449
2022-03-21	13817	13817	13704	13739	36	-0.008801673760911899
2022-03-22	13748	13826	13748	13827	20	0.006405124099279513
2022-03-23	13948	14012	13900	13944	150	0.008461705359080085
2022-03-24	13875	13914	13875	13915	20	-0.0020797475616752825
2022-03-25	13875	13875	13836	13837	20	-0.005605461731943984
2022-03-28	13826	13826	13739	13827	70	-0.0007227000072269618
2022-03-29	13939	13939	13851	13871	33	0.0031821797931583795
2022-03-30	13997	13997	13919	13920	439	0.0035325499243024083
2022-03-31	13958	13978	13958	13978	20	0.004166666666666652
2022-04-01	13900	13900	13870	13890	31	-0.006295607383030477
2022-04-04	13817	13953	13817	13954	20	0.004607631389488942
2022-04-05	13992	13992	13880	13944	197	-0.0007166403898524187
2022-04-06	13831	13831	13812	13812	26	-0.009466437177280573
2022-04-07	13685	13685	13612	13656	88	-0.011294526498696777
2022-04-08	13646	13646	13612	13646	31	-0.0007322788517867274
2022-04-11	13587	13675	13587	13676	26	0.0021984464311886054
2022-04-12	13636	13636	13548	13549	20	-0.0092863410353905
2022-04-13	13612	13758	13612	13759	22	0.015499298841242792
2022-04-14	13743	13743	13656	13705	20378	-0.003924703830220255
2022-04-15	13612	13612	13529	13573	41	-0.009631521342575722
2022-04-18	13485	13553	13485	13554	20	-0.0013998379135047312
2022-04-19	13680	13729	13675	13729	252	0.012911317692194224
2022-04-20	13646	13743	13646	13744	20	0.0010925777551169524
2022-04-21	13792	13812	13792	13812	20	0.004947613504074466
2022-04-22	13661	13700	13661	13700	20	-0.00810889081957722
2022-04-25	13543	13543	13475	13476	20	-0.016350364963503616
2022-04-26	13504	13504	13485	13485	20	0.0006678539626001623
2022-04-27	13265	13300	13265	13300	20	-0.013718946978123814
2022-04-28	13345	13465	13345	13465	70	0.012406015037593976
2022-04-29	13505	13645	13505	13645	20	0.013367991088006015
2022-05-02	13545	13605	13525	13605	21	-0.0029314767314034818
2022-05-03	13625	13625	13580	13585	302	-0.0014700477765526854
2022-05-04	13665	13665	13585	13615	22	0.0022083179977916423
2022-05-06	13440	13460	13415	13460	300	-0.011384502387073114
2022-05-09	13405	13405	13305	13305	20	-0.01151560178306088
2022-05-10	13215	13255	13215	13255	20	-0.0037579857196542443
2022-05-11	13200	13230	13200	13230	20	-0.0018860807242550015
2022-05-12	13100	13100	13060	13060	20	-0.012849584278155746
2022-05-13	13160	13325	13160	13325	20	0.020290964777947895
2022-05-16	13445	13445	13245	13245	1520	-0.006003752345215774
2022-05-17	13345	13425	13345	13425	20	0.013590033975084959
2022-05-18	13520	13520	13420	13445	19827	0.0014897579143389184
2022-05-19	13195	13225	13195	13225	66	-0.016362960208255894
2022-05-20	13305	13455	13285	13455	21	0.017391304347825987
2022-05-23	13460	13480	13385	13480	218	0.00185804533630618
2022-05-24	13445	13445	13285	13285	22	-0.014465875370919923
2022-05-25	13335	13335	13330	13330	20	0.0033872788859616865
2022-05-26	13375	13375	13235	13235	20	-0.007126781695423801
2022-05-27	13440	13440	13415	13415	70	0.013600302228938377
2022-05-30	13555	13610	13550	13610	121	0.01453596720089445
2022-05-31	13585	13645	13585	13635	21	0.0018368846436442876
2022-06-02	13545	13545	13505	13505	20	-0.009534286762009514
2022-06-03	13615	13615	13525	13570	134	0.0048130322102923895
2022-06-07	13430	13440	13350	13350	22	-0.01621223286661755
2022-06-08	13360	13370	13360	13370	20	0.0014981273408238849
2022-06-09	13320	13320	13310	13310	20	-0.004487658937920691
2022-06-10	13220	13220	13190	13190	531	-0.009015777610818954
2022-06-13	12945	12945	12745	12745	24	-0.03373768006065203
2022-06-14	12545	12670	12545	12670	5774	-0.005884660651235829
2022-06-15	12645	12645	12455	12455	20	-0.016969218626677218
2022-06-16	12640	12645	12440	12440	22	-0.001204335608189444
2022-06-17	12200	12300	12200	12300	20	-0.0112540192926045
2022-06-20	12415	12415	11985	12085	23	-0.017479674796747946
2022-06-21	12160	12185	12075	12125	213	0.003309888291270102
2022-06-22	12145	12145	11835	11835	21	-0.023917525773195836
2022-06-23	11840	11840	11680	11680	21	-0.013096746937051096
2022-06-24	11750	11940	11750	11940	4020	0.022260273972602773
2022-06-27	11985	12090	11985	12090	20	0.012562814070351758
2022-06-28	12145	12170	12145	12170	20	0.006617038875103454
2022-06-29	12070	12070	11990	11990	20	-0.014790468364831555
2022-06-30	11895	11915	11795	11795	126	-0.01626355296080062
2022-07-01	11910	11910	11640	11640	20	-0.013141161509114041
2022-07-04	11610	11650	11610	11650	20	0.0008591065292096189
2022-07-05	11710	11825	11710	11825	20	0.015021459227467782
2022-07-06	11685	11685	11550	11550	20	-0.023255813953488413
2022-07-07	11645	11750	11645	11745	50	0.016883116883116944
2022-07-08	11885	11885	11845	11845	20	0.008514261387824629
2022-07-11	11815	11815	11725	11725	21	-0.010130856901646279
2022-07-12	11670	11670	11560	11590	22	-0.011513859275053329
2022-07-13	11645	11645	11620	11620	20	0.0025884383088869978
2022-07-14	11555	11600	11555	11600	21	-0.0017211703958691649
