Date	Open	High	Low	Close	Volume	Change
2017-07-11	11809	11868	11809	11871	347	
2017-07-12	11873	11873	11819	11875	32	0.0003369556060988099
2017-07-13	11942	12015	11942	11980	32	0.008842105263157984
2017-07-14	12035	12035	11960	12009	152	0.00242070116861437
2017-07-17	12081	12090	12081	12082	29	0.006078774252643804
2017-07-18	12071	12071	12047	12070	152	-0.0009932130441979714
2017-07-19	12090	12090	11994	12065	152	-0.00041425020712515526
2017-07-20	12098	12144	12098	12147	20	0.006796518856195588
2017-07-21	12116	12153	12116	12156	20	0.0007409236848605616
2017-07-24	12149	12163	12149	12165	20	0.0007403751233958644
2017-07-25	12172	12172	12098	12101	40	-0.005260994656802298
2017-07-26	12131	12131	12052	12055	20	-0.0038013387323361236
2017-07-27	12090	12098	12056	12101	21	0.0038158440481128597
2017-07-28	12040	12040	11860	11861	22	-0.019833071646971345
2017-07-31	11791	11846	11791	11848	20	-0.00109602900261363
2017-08-01	11814	11942	11814	11944	21	0.008102633355840716
2017-08-02	12020	12020	11984	11985	20	0.0034326858673812133
2017-08-03	11960	11960	11740	11770	21773	-0.017939090529829005
2017-08-04	11799	11814	11786	11816	21	0.003908241291418868
2017-08-07	11809	11887	11809	11830	361	0.0011848341232227888
2017-08-08	11846	11846	11767	11825	24	-0.0004226542688081647
2017-08-09	11727	11727	11671	11674	41	-0.012769556025369999
2017-08-10	11615	11630	11570	11631	57	-0.00368339900633885
2017-08-11	11451	11477	11427	11443	93	-0.01616370045567883
2017-08-14	11514	11514	11492	11517	21	0.006466835620029698
2017-08-16	11652	11652	11598	11600	32	0.007206737865763646
2017-08-17	11635	11666	11635	11669	21	0.00594827586206903
2017-08-18	11551	11680	11551	11682	22	0.0011140629017054593
2017-08-21	11699	11699	11666	11669	20	-0.0011128231467214533
2017-08-22	11690	11699	11690	11701	20	0.0027423086811209085
2017-08-23	11758	11758	11722	11724	20	0.001965643962054564
2017-08-24	11727	11740	11712	11714	133	-0.0008529512111906667
2017-08-25	11809	11809	11762	11765	20	0.004353764725968823
2017-08-28	11772	11772	11740	11742	29	-0.0019549511262217933
2017-08-29	11661	11699	11661	11701	20	-0.0034917390563787842
2017-08-30	11735	11740	11735	11742	20	0.0035039740193145708
2017-08-31	11772	11772	11694	11696	41	-0.003917560892522598
2017-09-01	11731	11731	11717	11719	20	0.0019664842681259564
2017-09-04	11524	11570	11524	11572	20	-0.01254373240037543
2017-09-05	11620	11620	11570	11572	20	0.0
2017-09-06	11551	11551	11542	11545	20	-0.002333218112685831
2017-09-07	11598	11702	11598	11706	20	0.013945430922477353
2017-09-08	11727	11727	11640	11682	30	-0.002050230650948226
2017-09-11	11749	11781	11749	11784	20	0.008731381612737454
2017-09-12	11860	11860	11796	11797	28	0.0011031907671419372
2017-09-13	11836	11836	11767	11825	40	0.0023734847842671325
2017-09-14	11836	11873	11781	11875	21	0.0042283298097252064
2017-09-15	11868	11965	11868	11968	20	0.007831578947368412
2017-09-18	11994	12186	11994	12188	21	0.018382352941176405
2017-09-19	12214	12214	12149	12152	20	-0.0029537249753855965
2017-09-20	12181	12181	12136	12138	20	-0.0011520737327188613
2017-09-21	12144	12144	12126	12128	20	-0.0008238589553468678
2017-09-22	12112	12112	12056	12060	21	-0.005606860158311355
2017-09-25	12066	12066	12030	12050	29	-0.0008291873963516272
2017-09-26	11989	11989	11934	11935	20	-0.009543568464730257
2017-09-27	11956	11956	11910	11912	20	-0.0019271051529116123
2017-09-28	11951	11951	11855	11931	26	0.0015950302216252155
2017-09-29	11960	11994	11960	11995	21	0.005364177353113675
2017-10-10	12199	12264	12199	12266	20	0.022592746977907474
2017-10-11	12305	12369	12305	12373	20	0.00872330017935763
2017-10-12	12356	12466	12356	12469	21	0.007758829709852089
2017-10-13	12466	12466	12398	12409	21	-0.004811933595316398
2017-10-16	12452	12452	12374	12377	20	-0.002578773470867879
2017-10-17	12430	12430	12425	12427	20	0.004039751151329041
2017-10-18	12393	12393	12374	12377	20	-0.00402349722378692
2017-10-19	12338	12379	12292	12294	21	-0.006705986911206274
2017-10-20	12314	12374	12314	12377	20	0.006751260777615009
2017-10-23	12462	12462	12439	12441	20	0.005170881473701261
2017-10-24	12425	12430	12415	12418	27	-0.0018487259866569739
2017-10-25	12443	12452	12406	12455	29	0.0029795458205830183
2017-10-26	12443	12443	12342	12344	20	-0.00891208350060213
2017-10-27	12356	12430	12342	12432	36	0.0071289695398573105
2017-10-30	12503	12503	12452	12455	20	0.0018500643500642955
2017-10-31	12443	12581	12443	12584	20	0.01035728623042953
2017-11-01	12645	12761	12645	12762	79	0.014144945963127764
2017-11-02	12797	12797	12718	12722	20	-0.003134304967873369
2017-11-03	12756	12756	12609	12727	78	0.0003930199654142985
2017-11-06	12728	12728	12728	12731	10	0.00031429244912395404
2017-11-07	12659	12664	12627	12629	22	-0.008011939360615838
2017-11-08	12577	12649	12577	12653	20	0.0019003879958825465
2017-11-09	12664	12664	12632	12634	20	-0.0015016201691298026
2017-11-10	12549	12594	12539	12598	57	-0.0028494538546778303
2017-11-13	12614	12614	12553	12556	32	-0.0033338625178599424
2017-11-14	12563	12563	12471	12542	54	-0.0011150047785919437
2017-11-15	12507	12517	12410	12518	49	-0.00191357040344442
2017-11-16	12526	12609	12526	12611	32	0.007429301805400135
2017-11-17	12654	12654	12624	12624	20	0.0010308460867496372
2017-11-20	12614	12614	12544	12547	20	-0.006099493029150804
2017-11-21	12558	12568	12558	12569	20	0.0017534071889695468
2017-11-22	12659	12664	12659	12666	20	0.007717399952263504
2017-11-23	12683	12683	12627	12658	38	-0.000631612190115316
2017-11-24	12649	12673	12649	12675	20	0.0013430241744352145
2017-11-27	12696	12696	12476	12487	52	-0.014832347140039448
2017-11-28	12471	12476	12443	12477	21	-0.0008008328661808228
2017-11-29	12517	12517	12476	12492	24	0.0012022120702090966
2017-11-30	12389	12389	12273	12275	20	-0.0173711175152097
2017-12-01	12338	12338	12219	12253	22	-0.0017922606924644091
2017-12-04	12300	12346	12209	12349	37	0.007834815963437602
2017-12-05	12310	12393	12310	12395	20	0.003724997975544486
2017-12-06	12393	12393	12250	12253	20	-0.011456232351754747
2017-12-07	12269	12269	12223	12225	20	-0.0022851546560026526
2017-12-08	12283	12283	12273	12275	20	0.004089979550102152
2017-12-11	12310	12310	12269	12270	20	-0.00040733197556008793
2017-12-12	12287	12287	12227	12234	21	-0.0029339853300733854
2017-12-13	12236	12314	12236	12317	20	0.006784371423900648
2017-12-14	12356	12415	12356	12418	20	0.008200048713160601
2017-12-15	12398	12398	12329	12330	20	-0.007086487357062299
2017-12-18	12329	12329	12329	12330	10	0.0
2017-12-19	12403	12403	12374	12377	20	0.003811841038118491
2017-12-20	12374	12384	12351	12359	5460	-0.0014543104144785213
2017-12-21	12342	12342	12121	12123	2198	-0.01909539606764299
2017-12-22	12140	12219	12140	12206	3283	0.006846490142703887
2017-12-26	12158	12219	12108	12111	32	-0.007783057512698699
2017-12-27	12231	12342	12231	12344	21	0.019238708612005606
2017-12-28	12374	12517	12374	12518	21	0.014095917044718131
2018-01-02	12577	12577	12539	12579	21	0.00487298290461724
2018-01-03	12637	12645	12637	12649	20	0.005564830272676735
2018-01-04	12710	12710	12539	12542	20	-0.008459166732547985
2018-01-05	12539	12733	12539	12736	21	0.015468027427842479
2018-01-08	12820	12839	12802	12841	35	0.008244346733668362
2018-01-09	12835	12835	12765	12767	185	-0.0057627910598863075
2018-01-10	12820	13055	12654	12670	38521	-0.007597712853450345
2018-01-11	12637	12637	12604	12611	29	-0.004656669297553262
2018-01-12	12649	12659	12649	12663	20	0.004123384346998549
2018-01-15	12733	12733	12640	12644	21	-0.0015004343362552408
2018-01-16	12700	12811	12700	12813	20	0.013366023410313232
2018-01-17	12779	12779	12742	12744	20	-0.0053851557012408735
2018-01-18	12747	12811	12747	12749	21	0.0003923414940363301
2018-01-19	12770	12770	12710	12717	21	-0.0025100007843752437
2018-01-22	12692	12692	12589	12593	20	-0.009750727372808021
2018-01-23	12659	12756	12659	12758	20	0.013102517271500025
2018-01-24	12770	12811	12770	12790	192	0.002508230130114475
2018-01-25	12802	12963	12802	12964	24	0.013604378420641217
2018-01-26	12963	12978	12958	12978	60	0.001079913606911509
2018-01-29	13073	13141	13073	13144	20	0.012790876868546741
2018-01-30	13091	13091	12986	12988	21	-0.01186853317102865
2018-01-31	12889	13003	12889	13008	22	0.0015398829688944016
2018-02-01	13069	13069	12963	12993	13620	-0.0011531365313652842
2018-02-02	12943	12943	12718	12722	21	-0.020857384745632257
2018-02-05	12489	12549	12489	12552	21	-0.013362678824084262
2018-02-06	12273	12384	12140	12385	39065	-0.013304652644996806
2018-02-07	12539	12539	12103	12106	20	-0.022527250706499746
2018-02-08	12108	12209	12108	12211	20	0.008673385098298292
2018-02-09	11850	11919	11850	11922	21	-0.02366718532470724
2018-02-12	12006	12112	11997	12115	21	0.016188558966616418
2018-02-13	12177	12283	12172	12174	268	0.004869995872884836
2018-02-14	12269	12305	12236	12308	26	0.011007064235255548
2018-02-19	12448	12448	12351	12373	103	0.005281117972050664
2018-02-20	12342	12342	12250	12253	20	-0.009698537137315166
2018-02-21	12273	12319	12273	12321	20	0.005549661307434839
2018-02-22	12255	12255	12250	12253	20	-0.005519032546059566
2018-02-23	12300	12398	12300	12400	34	0.011997061944013732
2018-02-26	12485	12485	12430	12441	29	0.0033064516129033272
2018-02-27	12549	12549	12452	12455	38	0.0011253114701390565
2018-02-28	12398	12398	12264	12280	23948	-0.014050582095543995
2018-03-02	12153	12153	12131	12133	20	-0.011970684039087964
2018-03-05	12126	12126	11914	11917	267	-0.017802686887002372
2018-03-06	12116	12214	12116	12216	22	0.025090207266929676
2018-03-07	12245	12245	12241	12244	20	0.002292075965946383
2018-03-08	12329	12329	12287	12330	68	0.007023848415550482
2018-03-09	12410	12507	12410	12511	20	0.014679643146796373
2018-03-12	12632	12645	12594	12649	27	0.011030293341859121
2018-03-13	12632	12696	12632	12698	29	0.003873824017708971
2018-03-14	12624	12678	12624	12680	20	-0.0014175460702472442
2018-03-15	12678	12718	12678	12708	87	0.00220820189274451
2018-03-16	12705	12705	12673	12675	20	-0.002596789423984891
2018-03-19	12692	12692	12585	12589	21	-0.006785009861932978
2018-03-20	12498	12640	12443	12644	38	0.004368893478433611
2018-03-21	12678	12678	12604	12680	41	0.002847200253084381
2018-03-22	12723	12737	12692	12727	28	0.003706624605678277
2018-03-23	12457	12457	12287	12290	849	-0.034336450066787094
2018-03-26	12300	12310	12300	12313	17	0.001871440195280627
2018-03-27	12507	12507	12481	12487	101	0.014131405831235178
2018-03-28	12334	12334	12250	12253	20	-0.018739489068631432
2018-03-29	12305	12360	12264	12359	47862	0.00865094262629551
2018-03-30	12481	12485	12410	12414	29890	0.004450198236103153
2018-04-02	12448	12498	12314	12390	78151	-0.0019333011116481336
2018-04-03	12255	12314	12219	12317	65	-0.00589184826472966
2018-04-04	12374	12374	12204	12206	66	-0.009011934724364679
2018-04-05	12295	12346	12295	12349	46	0.011715549729641062
2018-04-06	12245	12292	12245	12294	20	-0.004453801927281509
2018-04-09	12292	12384	12292	12385	28	0.0074019847079875856
2018-04-10	12369	12439	12369	12441	16832	0.004521598708114638
2018-04-11	12489	12489	12406	12423	4010	-0.0014468290330359457
2018-04-12	12457	12457	12434	12436	20	0.0010464461080255116
2018-04-13	12439	12439	12439	12441	20	0.0004020585397233045
2018-04-16	12531	12531	12485	12487	20	0.0036974519733139477
2018-04-17	12498	12498	12398	12450	53	-0.0029630816048690223
2018-04-18	12531	12553	12531	12556	20	0.008514056224899536
2018-04-19	12585	12599	12549	12574	19496	0.0014335775724754196
2018-04-20	12526	12526	12489	12492	20	-0.006521393351359928
2018-04-23	12466	12466	12457	12460	20	-0.002561639449247477
2018-04-24	12485	12485	12374	12390	11801	-0.005617977528089901
2018-04-25	12292	12329	12250	12330	11270	-0.004842615012106588
2018-04-26	12389	12512	12389	12482	15217	0.012327656123276576
2018-04-27	12601	12616	12601	12616	20	0.010735459061048003
2018-04-30	12616	12638	12616	12641	130	0.0019816106531389543
2018-05-02	12635	12635	12550	12552	20	-0.007040582232418324
2018-05-03	12583	12583	12527	12529	20	-0.0018323773103887664
2018-05-04	12471	12471	12332	12333	9418	-0.01564370660068637
2018-05-08	12363	12378	12257	12287	9655	-0.0037298305359604322
2018-05-09	12276	12276	12112	12277	2546	-0.0008138683161064142
2018-05-10	12337	12345	12221	12347	1570	0.005701718660910737
2018-05-11	12410	12430	12410	12431	20	0.0068032720498907295
2018-05-14	12443	12443	12388	12389	130	-0.0033786501488215492
2018-05-15	12392	12392	12293	12296	20	-0.0075066591331020005
2018-05-16	12257	12341	12257	12342	20	0.003741054001301203
2018-05-17	12392	12392	12290	12292	20	-0.004051207259763379
2018-05-18	12317	12327	12317	12329	20	0.003010087862024058
2018-05-21	12337	12383	12337	12371	21	0.003406602319733887
2018-05-23	12359	12430	12359	12431	20	0.004850052542235916
2018-05-24	12434	12434	12397	12399	20	-0.0025742096371973444
2018-05-25	12355	12439	12355	12440	20	0.0033067182837325237
2018-05-28	12434	12452	12434	12455	29	0.001205787781350498
2018-05-29	12425	12425	12350	12352	22	-0.008269771176234397
2018-05-30	12290	12290	12090	12115	24	-0.01918717616580312
2018-05-31	12173	12173	12117	12119	27	0.00033016921172102087
2018-06-01	12108	12228	12108	12231	20	0.009241686607805999
2018-06-04	12238	12238	12228	12241	27	0.0008175946365791553
2018-06-05	12242	12290	12233	12292	28	0.004166326280532706
2018-06-07	12378	12388	12378	12389	21	0.007891311422063119
2018-06-08	12345	12345	12276	12277	29	-0.00904027766567117
2018-06-11	12262	12345	12262	12347	20	0.005701718660910737
2018-06-12	12392	12392	12332	12357	21	0.0008099133392727165
2018-06-14	12276	12276	12169	12170	20	-0.015133122926276554
2018-06-15	12196	12196	12034	12082	17254	-0.007230895645028768
2018-06-18	12052	12052	11731	11840	95049	-0.02002979639132596
2018-06-19	11852	11852	11619	11622	34	-0.018412162162162127
2018-06-20	11604	11810	11604	11812	58	0.016348304938909042
2018-06-21	11797	11797	11670	11673	20	-0.011767693870640028
2018-06-22	11591	11749	11591	11752	40	0.006767754647477142
2018-06-25	11712	11722	11712	11724	17	-0.0023825731790333426
2018-06-26	11680	11763	11680	11765	20	0.003497099965881878
2018-06-27	11763	11763	11763	11765	10	0.0
2018-06-28	11644	11644	11554	11556	17	-0.017764555886102817
2018-06-29	11591	11629	11405	11629	41	0.006317064728279753
2018-07-02	11619	11619	11321	11323	20	-0.02631352652850627
2018-07-03	11391	11391	11373	11375	20	0.004592422502870175
2018-07-04	11354	11354	11340	11346	27	-0.0025494505494505493
2018-07-05	11316	11316	11255	11259	20	-0.007667900581702858
2018-07-06	11285	11354	11209	11356	59	0.008615329958255646
2018-07-09	11350	11368	11350	11370	20	0.001232828460725699
2018-07-10	11456	11456	11419	11421	29	0.004485488126649173
2018-07-11	11311	11331	11280	11332	22	-0.00779266263899836
2018-07-12	11354	11363	11354	11365	20	0.0029121073067419623
2018-07-13	11423	11516	11423	11519	22	0.013550373955125483
2018-07-16	11550	11550	11466	11468	20	-0.00442746766212343
2018-07-17	11489	11489	11452	11453	20	-0.0013079874433205019
2018-07-18	11474	11474	11396	11398	20	-0.00480223522221257
2018-07-19	11447	11447	11368	11370	20	-0.0024565713283032364
2018-07-20	11354	11396	11354	11398	20	0.0024626209322780035
2018-07-23	11377	11377	11233	11234	20	-0.014388489208633115
2018-07-24	11285	11331	11285	11332	20	0.00872351789211323
2018-07-25	11381	11381	11306	11310	30	-0.0019414048711613452
2018-07-26	11373	11409	11373	11411	20	0.00893015030946076
2018-07-27	11438	11447	11438	11448	20	0.00324248532118121
2018-07-30	11423	11447	11423	11448	20	0.0
2018-07-31	11438	11484	11438	11486	20	0.0033193570929419547
2018-08-01	11508	11573	11508	11542	49421	0.004875500609437644
2018-08-02	11525	11525	11354	11356	20	-0.01611505804886504
2018-08-03	11401	11452	11401	11453	20	0.008541740049313074
2018-08-06	11452	11452	11391	11393	21	-0.00523880206059546
2018-08-07	11419	11474	11419	11478	20	0.0074607214956552426
2018-08-08	11452	11499	11452	11473	31	-0.00043561596096886035
2018-08-09	11484	11484	11461	11473	21	0.0
2018-08-10	11452	11452	11354	11356	20	-0.01019785583543975
2018-08-13	11270	11270	11098	11155	24724	-0.017699894328989108
2018-08-14	11176	11255	11176	11259	20	0.009323173464814039
2018-08-16	11103	11150	11103	11150	20	-0.009681143973709894
2018-08-17	11158	11224	11158	11216	22	0.005919282511210655
2018-08-20	11260	11260	11242	11244	20	0.0024964336661912334
2018-08-21	11242	11381	11242	11383	20	0.01236214870152974
2018-08-22	11391	11433	11391	11435	20	0.004568215760344385
2018-08-23	11474	11479	11474	11481	20	0.004022737210319205
2018-08-24	11452	11573	11428	11560	40	0.006880933716575166
2018-08-27	11578	11609	11578	11613	28	0.004584775086505122
2018-08-28	11675	11694	11609	11613	36	0.0
2018-08-29	11639	11670	11639	11673	45	0.0051666236114698005
2018-08-30	11694	11694	11680	11686	20	0.0011136811445215944
2018-08-31	11619	11773	11619	11774	32	0.007530378230361068
2018-09-03	11731	11731	11651	11654	14	-0.010191948360794956
2018-09-04	11660	11717	11660	11719	20	0.005577484125622201
2018-09-05	11707	11707	11647	11649	16	-0.005973205904940659
2018-09-06	11568	11568	11550	11552	26	-0.008326895012447433
2018-09-07	11484	11535	11484	11537	20	-0.0012984764542935956
2018-09-10	11535	11601	11535	11603	29	0.005720724625119189
2018-09-11	11604	11604	11586	11588	20	-0.0012927691114367201
2018-09-12	11591	11591	11563	11565	20	-0.001984811874352732
2018-09-13	11586	11586	11586	11588	20	0.00198875918720276
2018-09-14	11694	11759	11694	11761	20	0.014929237141870999
2018-09-17	11740	11740	11694	11695	20	-0.005611767706827697
2018-09-18	11604	11745	11604	11747	32	0.0044463445917057864
2018-09-19	11797	11797	11749	11752	20	0.0004256405890865622
2018-09-20	11797	11852	11797	11853	27	0.008594281824370276
2018-09-21	11884	11884	11867	11868	20	0.0012655024044545549
2018-09-27	11889	11954	11889	11957	28	0.0074991573980451864
2018-09-28	11954	11954	11862	11863	20	-0.007861503721669272
2018-10-01	11917	11917	11740	11822	24722	-0.0034561240832841067
2018-10-02	11810	11810	11644	11644	20	-0.015056673997631553
2018-10-04	11644	11644	11479	11481	27	-0.013998625901751938
2018-10-05	11469	11469	11401	11463	32	-0.001567807682257616
2018-10-08	11391	11391	11391	11393	20	-0.00610660385588413
2018-10-10	11391	11391	11289	11290	20	-0.009040638988852767
2018-10-11	11022	11022	10791	10792	32	-0.044109831709477465
2018-10-12	10860	10986	10860	10987	60	0.0180689399555225
2018-10-15	10926	10926	10879	10881	20	-0.009647765541094033
2018-10-16	10953	10953	10870	10871	21	-0.0009190331770977389
2018-10-17	11014	11019	11014	11021	20	0.013798178640419545
2018-10-18	10953	10967	10926	10927	21	-0.008529171581526218
2018-10-19	10823	10972	10823	10974	20	0.00430127207833797
2018-10-22	10887	10991	10887	10992	20	0.0016402405686166688
2018-10-23	10907	10907	10661	10662	21	-0.030021834061135344
2018-10-24	10762	10762	10599	10601	20	-0.0057212530482085855
2018-10-25	10349	10417	10329	10420	32250	-0.01707386095651353
2018-10-26	10390	10390	10264	10267	21	-0.014683301343570099
2018-10-29	10302	10302	10153	10153	21	-0.011103535599493508
2018-10-30	10133	10268	10133	10271	20	0.011622180636265078
2018-10-31	10278	10288	10268	10289	35	0.0017525070587089964
2018-11-01	10315	10315	10278	10281	20	-0.00077752940033049
2018-11-02	10399	10632	10399	10634	32	0.0343351814025874
2018-11-05	10572	10572	10465	10512	97	-0.011472634944517557
2018-11-06	10590	10590	10558	10560	20	0.004566210045662045
2018-11-07	10576	10576	10538	10541	21	-0.0017992424242424532
2018-11-08	10720	10720	10651	10652	20	0.01053031021724693
2018-11-09	10609	10609	10563	10563	20	-0.00835523845287267
2018-11-12	10455	10512	10455	10512	21	-0.004828173814257264
2018-11-13	10349	10460	10349	10462	20	-0.004756468797564639
2018-11-14	10487	10487	10469	10471	20	0.0008602561651691598
2018-11-15	10460	10595	10460	10597	20	0.012033234648075597
2018-11-16	10637	10637	10590	10592	20	-0.00047183165046715825
2018-11-19	10609	10627	10609	10630	20	0.0035876132930514615
2018-11-20	10492	10492	10492	10494	20	-0.012793979303857062
2018-11-21	10357	10469	10357	10471	20	-0.002191728606822929
2018-11-22	10487	10487	10432	10434	20	-0.0035335689045936647
2018-11-23	10455	10455	10357	10359	20	-0.007188039102932753
2018-11-26	10395	10529	10395	10532	20	0.01670045371174833
2018-11-27	10590	10632	10590	10634	38	0.009684770224078987
2018-11-28	10637	10688	10637	10689	20	0.005172089524167811
2018-11-29	10827	10827	10703	10704	20	0.0014033118158855995
2018-11-30	10725	10725	10586	10588	20035	-0.010837070254110626
2018-12-03	10708	10791	10708	10770	31495	0.017189270872685958
2018-12-04	10730	10730	10673	10677	19642	-0.008635097493036259
2018-12-05	10529	10599	10512	10601	2035	-0.007118104336424125
2018-12-06	10558	10558	10395	10443	2203	-0.014904254315630583
2018-12-07	10473	10521	10473	10508	21	0.006224265057933609
2018-12-10	10357	10390	10357	10392	20	-0.011039208222306862
2018-12-11	10427	10427	10362	10374	4078	-0.0017321016166281789
2018-12-12	10427	10529	10427	10532	20	0.015230383651436252
2018-12-13	10533	10563	10533	10563	20	0.002943410558298609
2018-12-14	10543	10543	10329	10378	2262	-0.017513963836031432
2018-12-17	10381	10390	10381	10392	20	0.0013490075158990589
2018-12-18	10293	10329	10293	10331	20	-0.005869899923017674
2018-12-19	10362	10399	10329	10401	19589	0.0067757235504790625
2018-12-20	10311	10311	10298	10298	20	-0.009902893952504543
2018-12-21	10264	10329	10260	10331	47496	0.0032045057292677814
2018-12-24	10222	10288	10222	10289	130	-0.004065434130287482
2018-12-26	10158	10204	10069	10150	24257	-0.013509573330741542
2018-12-27	10344	10353	10302	10318	18818	0.016551724137930934
2018-12-28	10390	10417	10367	10420	34	0.00988563675130849
2019-01-02	10469	10469	10278	10281	20	-0.013339731285988532
2019-01-03	10260	10260	10143	10145	20	-0.013228285186265953
2019-01-04	10153	10260	10153	10262	20	0.011532774765894427
2019-01-07	10381	10395	10381	10396	20	0.013057883453517771
2019-01-08	10390	10441	10344	10345	253	-0.004905732974220811
2019-01-09	10395	10567	10395	10551	26	0.019913001449975765
2019-01-10	10581	10581	10558	10560	24	0.000852999715666769
2019-01-11	10595	10599	10586	10601	21	0.003882575757575779
2019-01-14	10567	10567	10460	10490	5683	-0.010470710310348075
2019-01-15	10543	10711	10543	10713	22	0.021258341277407
2019-01-16	10725	10766	10725	10770	26	0.005320638476617123
2019-01-17	10796	10796	10771	10775	30	0.00046425255338911064
2019-01-18	10818	10860	10800	10862	27	0.008074245939675206
2019-01-21	10902	10902	10809	10811	36	-0.004695267906462908
2019-01-22	10860	10860	10735	10825	2929	0.001294977337896519
2019-01-23	10762	10842	10762	10844	26	0.001755196304849882
2019-01-24	10851	10935	10851	10936	32	0.008483954260420479
2019-01-25	10972	11130	10972	11132	80	0.017922457937088465
2019-01-28	11155	11181	11130	11146	27898	0.001257635644987376
2019-01-29	11107	11162	11042	11165	15254	0.0017046474071416018
2019-01-30	11158	11303	11158	11305	11182	0.012539184952978122
2019-01-31	11409	11409	11311	11323	36	0.0015922158337018377
2019-02-01	11354	11354	11285	11290	4605	-0.002914421972975312
2019-02-07	11373	11373	11306	11310	21	0.001771479185119551
2019-02-08	11229	11229	11093	11165	7718	-0.012820512820512775
2019-02-11	11176	11191	11079	11193	79063	0.0025078369905955356
2019-02-12	11191	11242	11172	11234	44505	0.00366300366300365
2019-02-13	11306	11306	11246	11271	53366	0.0032935730817162945
2019-02-14	11251	11321	11186	11323	45262	0.0046136101499423265
2019-02-15	11311	11311	11158	11230	44019	-0.008213371014748727
2019-02-18	11275	11306	11270	11300	59087	0.006233303650934996
2019-02-19	11280	11285	11200	11285	65593	-0.0013274336283185528
2019-02-20	11350	11377	11316	11379	63328	0.008329641116526343
2019-02-21	11358	11368	11293	11370	89369	-0.0007909306617452927
2019-02-22	11340	11368	11311	11370	62953	0.0
2019-02-25	11438	11438	11368	11375	54309	0.0004397537379068339
2019-02-26	11381	11386	11280	11337	77890	-0.003340659340659302
2019-02-27	11368	11386	11326	11365	69040	0.002469789185851612
2019-02-28	11350	11350	11191	11198	136	-0.014694236691596974
2019-03-04	11246	11246	11130	11132	155374	-0.005893909626719096
2019-03-05	11103	11103	11032	11048	38	-0.007545813869924589
2019-03-06	11052	11052	10996	11021	450	-0.002443881245474344
2019-03-07	11005	11005	10976	10979	20	-0.0038109064513202062
2019-03-08	10921	10921	10842	10853	11243	-0.01147645505055106
2019-03-11	10865	10865	10823	10825	20	-0.0025799318160877327
2019-03-12	10916	10962	10916	10965	234	0.012933025404157084
2019-03-13	10926	10926	10870	10900	355	-0.005927952576379347
2019-03-14	10931	10931	10837	10839	16604	-0.005596330275229322
2019-03-15	10892	10991	10892	10992	20	0.014115693329642909
2019-03-18	11032	11042	11005	11026	61755	0.003093158660844253
2019-03-19	11065	11065	11014	11026	57081	0.0
2019-03-20	11014	11047	10944	11048	55329	0.0019952838744785595
2019-03-21	11069	11145	11069	11099	55748	0.004616220130340354
2019-03-22	11135	11145	11069	11109	56191	0.0009009820704568572
2019-03-25	10949	10949	10887	10900	55761	-0.01881357457916999
2019-03-26	10916	10931	10875	10932	62114	0.0029357798165137172
2019-03-27	10907	10931	10837	10927	55938	-0.0004573728503476371
2019-03-28	10875	10875	10805	10848	54904	-0.007229797748695921
2019-03-29	10846	10892	10818	10890	55311	0.0038716814159291957
2019-04-01	10976	11027	10931	11031	42818	0.01294765840220391
2019-04-02	11069	11069	11019	11034	1792	0.0002719608376393623
2019-04-03	11027	11158	11027	11160	1987	0.011419249592169667
2019-04-04	11158	11200	11155	11198	1946	0.003405017921146891
2019-04-05	11209	11219	11209	11221	20	0.002053938203250505
2019-04-08	11280	11280	11237	11239	265	0.0016041351038231788
2019-04-09	11265	11289	11265	11290	20	0.0045377702642583895
2019-04-10	11233	11316	11233	11319	20	0.002568644818423449
2019-04-11	11331	11331	11303	11305	32	-0.0012368583797155441
2019-04-12	11293	11373	11293	11375	42	0.006191950464396356
2019-04-15	11433	11452	11414	11453	1359	0.006857142857142895
2019-04-16	11443	11479	11443	11481	3295	0.002444774294944496
2019-04-17	11469	11489	11456	11458	27381	-0.0020033098162181018
2019-04-18	11469	11469	11306	11310	311	-0.012916739396055199
2019-04-19	11350	11350	11311	11314	13956	0.00035366931918656697
2019-04-22	11285	11303	11260	11305	44	-0.0007954746331978457
2019-04-23	11316	11316	11311	11319	52	0.0012383900928791824
2019-04-24	11335	11335	11205	11206	20	-0.009983214064846702
2019-04-25	11224	11224	11224	11225	10	0.0016955202570052563
2019-04-26	11111	11116	11089	11119	205	-0.009443207126948794
2019-04-29	11163	11302	11136	11303	3067	0.01654825074197319
2019-04-30	11320	11320	11188	11283	315	-0.001769441741130695
2019-05-02	11226	11310	11226	11312	20	0.002570238411769843
2019-05-03	11273	11273	11231	11251	32	-0.005392503536067905
2019-05-07	11107	11111	11060	11114	27313	-0.012176695404852889
2019-05-08	10999	11141	10999	11109	26958	-0.000449883030412046
2019-05-09	11065	11065	10686	10688	37041	-0.037897200468088976
2019-05-10	10805	10842	10776	10777	26545	0.0083270958083832
2019-05-13	10676	10738	10624	10627	27558	-0.013918530203210544
2019-05-14	10507	10666	10507	10632	27671	0.00047049967065015963
2019-05-15	10629	10659	10582	10659	45230	0.0025395033860045046
2019-05-16	10681	10681	10512	10512	36444	-0.013791162397973511
2019-05-17	10568	10568	10445	10446	26573	-0.006278538812785395
2019-05-20	10497	10521	10473	10475	26579	0.0027761822707257355
2019-05-21	10478	10521	10478	10522	26856	0.004486873508353195
2019-05-22	10568	10568	10421	10537	26749	0.0014255844896406966
2019-05-23	10516	10516	10450	10512	26659	-0.0023725918193033824
2019-05-24	10455	10455	10421	10422	27285	-0.008561643835616417
2019-05-27	10416	10440	10416	10437	26554	0.0014392630972941411
2019-05-28	10426	10455	10388	10456	26740	0.0018204464884545857
2019-05-29	10412	10412	10294	10333	26671	-0.011763580719204247
2019-05-30	10331	10384	10331	10385	26659	0.005032420400657989
2019-05-31	10360	10365	10317	10356	26984	-0.0027924891670678686
2019-06-03	10365	10521	10365	10522	26474	0.016029354963306375
2019-06-04	10502	10502	10464	10490	26476	-0.0030412469112336415
2019-06-05	10592	10592	10497	10498	26474	0.0007626310772164135
2019-06-07	10512	10534	10502	10537	26474	0.0037149933320632655
2019-06-10	10619	10666	10564	10669	26498	0.012527284805921912
2019-06-11	10671	10734	10649	10735	26476	0.006186146780391866
2019-06-12	10714	10729	10676	10679	26474	-0.005216581276199395
2019-06-13	10666	10666	10587	10644	26504	-0.0032774604363704496
2019-06-14	10615	10615	10568	10569	26739	-0.0070462232243517775
2019-06-17	10577	10577	10544	10560	26474	-0.0008515469770081774
2019-06-18	10568	10615	10568	10612	26478	0.0049242424242423866
2019-06-19	10761	10761	10706	10759	26735	0.01385224274406327
2019-06-20	10757	10796	10748	10796	26478	0.003438981317966272
2019-06-21	10809	10809	10734	10749	497	-0.004353464246017014
2019-06-24	10761	10786	10761	10764	39926	0.0013954786491767734
2019-06-25	10766	10766	10753	10754	20	-0.00092902266815309
2019-06-26	10766	10796	10748	10769	33037	0.0013948298307606688
2019-06-27	10809	10923	10809	10896	32973	0.011793109852354045
2019-06-28	10928	10928	10852	10896	32865	0.0
2019-07-01	10960	10965	10861	10891	32803	-0.0004588839941263023
2019-07-02	10823	10842	10796	10844	26	-0.00431548985400787
2019-07-03	10800	10809	10686	10688	194	-0.014385835485060894
2019-07-04	10691	10771	10691	10774	47	0.008046407185628768
2019-07-05	10786	10796	10710	10769	2687	-0.00046408019305732573
2019-07-08	10676	10676	10526	10551	45	-0.02024329092766275
2019-07-09	10573	10573	10526	10527	22	-0.0022746659084447174
2019-07-10	10573	10582	10573	10584	53	0.0054146480478769465
2019-07-11	10629	10724	10629	10726	20	0.013416477702191898
2019-07-12	10719	10719	10710	10711	20	-0.0013984710050345406
2019-07-15	10701	10710	10701	10711	509	0.0
2019-07-16	10729	10753	10729	10754	70659	0.004014564466436443
2019-07-17	10681	10681	10639	10654	63579	-0.00929886553840431
2019-07-18	10654	10654	10601	10640	100632	-0.0013140604467805073
2019-07-19	10719	10800	10719	10801	15778	0.015131578947368496
2019-07-22	10791	10796	10791	10796	20	-0.0004629200999907157
2019-07-23	10805	10842	10805	10825	2739	0.0026861800666913016
2019-07-24	10823	10823	10714	10726	4564	-0.009145496535796771
2019-07-25	10766	10766	10671	10731	13333	0.0004661570016781802
2019-07-26	10696	10753	10696	10754	20	0.0021433230826577443
2019-07-29	10710	10710	10534	10546	29	-0.01934164031988095
2019-07-30	10568	10615	10568	10602	15347	0.005310070168784264
2019-07-31	10554	10573	10431	10527	2702	-0.007074136955291466
2019-08-01	10440	10559	10440	10498	1481	-0.0027548209366391463
2019-08-02	10355	10436	10355	10404	1320	-0.00895408649266527
2019-08-05	10336	10336	10157	10177	1644	-0.021818531334102276
2019-08-06	9924	10142	9924	10011	1182	-0.016311290164095493
2019-08-07	10042	10042	9986	9997	67	-0.0013984616921386417
2019-08-08	10057	10119	10052	10072	161	0.007502250675202493
2019-08-09	10142	10152	10114	10152	713	0.00794281175536149
2019-08-12	10179	10189	10147	10167	83199	0.0014775413711582974
2019-08-13	10095	10095	10085	10092	35	-0.007376807317792888
2019-08-14	10218	10218	10174	10177	20	0.008422512881490318
2019-08-16	10142	10142	10119	10120	29443	-0.005600864694900287
2019-08-19	10209	10209	10152	10152	150300	0.003162055335968361
2019-08-20	10174	10261	10174	10262	52793	0.010835303388494921
2019-08-21	10237	10269	10237	10272	21	0.0009744689144415286
2019-08-22	10265	10269	10167	10192	414	-0.007788161993769416
2019-08-23	10137	10184	10137	10187	20	-0.0004905808477236873
2019-08-26	10000	10033	9991	10020	906	-0.016393442622950838
2019-08-27	10071	10095	10052	10054	488	0.00339321357285427
2019-08-28	10132	10162	10076	10162	97	0.010741993236522696
2019-08-29	10184	10184	10128	10130	395	-0.0031489864199960582
2019-08-30	10204	10299	10204	10299	215	0.01668311944718659
2019-09-02	10279	10326	10251	10309	16885	0.0009709680551510669
2019-09-03	10294	10294	10294	10294	20	-0.001455039286060722
2019-09-04	10304	10416	10299	10419	168	0.01214299591995327
2019-09-05	10487	10582	10473	10532	849	0.01084557059218727
2019-09-06	10592	10592	10544	10551	96284	0.0018040258260538788
2019-09-09	10592	10663	10592	10627	48182	0.00720310871007479
2019-09-10	10649	10659	10601	10659	23448	0.0030111978921614213
2019-09-11	10734	10734	10659	10721	41911	0.005816680739281432
2019-09-16	10729	10729	10701	10702	21	-0.0017722227404159963
2019-09-17	10696	10710	10671	10697	31329	-0.00046720239207620473
2019-09-18	10714	10757	10714	10759	55	0.0057960175750211285
2019-09-19	10776	10828	10776	10830	48546	0.00659912631285442
2019-09-20	10847	10894	10847	10896	42834	0.006094182825484795
2019-09-23	10885	10923	10852	10924	182	0.0025697503671071598
2019-09-24	10918	10975	10880	10977	3747	0.0048517026730134916
2019-09-25	10923	10928	10842	10853	6066	-0.011296346907169519
2019-09-26	10909	10909	10857	10858	5311	0.00046070211001558725
2019-09-27	10833	10833	10761	10777	37	-0.007459937373365255
2019-09-30	10738	10876	10714	10863	17632	0.007979957316507358
2019-10-01	10861	10918	10838	10877	114459	0.001288778422166903
2019-10-02	10805	10805	10676	10692	18712	-0.017008366277466158
2019-10-04	10644	10696	10611	10612	310	-0.007482229704451893
2019-10-07	10659	10659	10573	10612	859	0.0
2019-10-08	10629	10743	10629	10744	441	0.012438748586505843
2019-10-10	10634	10691	10634	10692	20	-0.004839910647803425
2019-10-11	10766	10791	10738	10769	14585	0.007201646090535085
2019-10-14	10871	10871	10786	10811	552	0.0039000835732194705
2019-10-15	10828	10838	10776	10811	46577	0.0
2019-10-16	10904	10904	10852	10877	15744	0.006104893164369685
2019-10-17	10904	10904	10833	10844	2399	-0.0030339247954399573
2019-10-18	10894	10909	10781	10782	140	-0.005717447436370371
2019-10-21	10818	10818	10753	10821	50026	0.0036171396772397557
2019-10-22	10871	10942	10866	10943	181	0.01127437390259689
2019-10-23	10923	10923	10866	10891	4250	-0.004751896189344795
2019-10-24	10947	10947	10833	10919	188	0.0025709301257919037
2019-10-25	10909	10937	10866	10938	2776	0.001740086088469539
2019-10-28	10979	10999	10960	10982	8516	0.004022673249222786
2019-10-29	11008	11031	10932	10967	13867	-0.001365871425969778
2019-10-30	10979	10979	10866	10915	2990	-0.004741497218929469
2019-10-31	10975	11004	10894	10919	5239	0.0003664681630783928
2019-11-01	10937	11031	10937	11029	90	0.01007418261745574
2019-11-04	11089	11178	11089	11180	315	0.013691177803971444
2019-11-05	11188	11226	11188	11227	44	0.004203935599284447
2019-11-06	11258	11263	11258	11266	20	0.003473768593569071
2019-11-07	11244	11244	11226	11227	151759	-0.0034617432984199725
2019-11-08	11288	11288	11188	11213	104300	-0.0012469938541017633
2019-11-11	11231	11231	11093	11156	20666	-0.005083385356282832
2019-11-12	11178	11235	11146	11236	29082	0.007171029042667643
2019-11-13	11206	11206	11155	11171	41600	-0.0057849768600926055
2019-11-14	11206	11226	11155	11227	1211	0.005012980037597314
2019-11-15	11283	11401	11226	11398	61890	0.015231139217956713
2019-11-18	11405	11405	11339	11355	90110	-0.0037725916827513473
2019-11-19	11363	11363	11254	11327	12406	-0.0024658740642888866
2019-11-20	11310	11310	11198	11198	60811	-0.011388717224331213
2019-11-21	11168	11168	10960	11014	42120	-0.016431505626004594
2019-11-22	11051	11098	11036	11066	6821	0.004721263846014123
2019-11-25	11168	11193	11151	11176	811	0.00994035785288272
2019-11-26	11202	11202	11202	11203	26118	0.002415891195418851
2019-11-27	11221	11221	11168	11203	3611	0.0
2019-11-28	11136	11193	11116	11151	44900	-0.004641613853432092
2019-11-29	11173	11173	10979	10990	55	-0.014438166980539902
2019-12-02	11031	11051	10979	10999	7730	0.0008189262966333821
2019-12-03	10923	10975	10866	10977	1344	-0.002000181834712289
2019-12-04	10885	10889	10809	10882	1973	-0.008654459324041186
2019-12-05	10942	10942	10813	10867	2089	-0.001378423083991942
2019-12-06	10918	11013	10918	11014	3758	0.013527192417410516
2019-12-09	11046	11069	11004	11047	822	0.002996186671508916
2019-12-10	11008	11107	11008	11109	6032	0.005612383452521019
2019-12-11	11116	11159	11060	11161	186	0.004680889368980035
2019-12-12	11258	11305	11221	11308	22	0.013170862825911733
2019-12-13	11466	11466	11415	11464	30198	0.013795542978422448
2019-12-16	11462	11471	11462	11474	20	0.0008722958827633853
2019-12-17	11561	11665	11561	11668	20	0.0169077915286735
2019-12-18	11675	11685	11613	11648	77	-0.0017140898183064524
2019-12-19	11708	11708	11643	11643	20	-0.0004292582417582125
2019-12-20	11708	11713	11656	11714	2715	0.006098084686077421
2019-12-23	11732	11732	11675	11714	14864	0.0
2019-12-24	11732	11732	11633	11653	196	-0.005207444084002089
2019-12-26	11643	11680	11628	11668	20131	0.0012872221745472423
2019-12-27	11770	11968	11770	11894	30065	0.019369214946863167
2019-12-30	11931	11954	11873	11890	32482	-0.0003363040188330002
2020-01-02	11954	11954	11732	11790	17175	-0.008410428931875491
2020-01-03	11836	11902	11690	11766	12929	-0.0020356234096692294
2020-01-06	11660	11675	11628	11663	196	-0.008754037055923813
2020-01-07	11708	11789	11708	11771	36	0.009260053159564352
2020-01-08	11723	11723	11665	11668	26	-0.00875031857955999
2020-01-09	11846	11878	11755	11880	3295	0.018169352074048684
2020-01-10	11893	12006	11893	12008	153	0.01077441077441077
2020-01-13	12025	12125	12002	12125	1521	0.009743504330446351
2020-01-14	12191	12252	12152	12155	1505	0.0024742268041237914
2020-01-15	12135	12135	12092	12093	20	-0.005100781571369839
2020-01-16	12105	12228	12100	12230	825	0.01132886794013066
2020-01-17	12323	12323	12200	12249	143	0.001553556827473379
2020-01-20	12304	12361	12304	12343	2467	0.007674095844558693
2020-01-21	12333	12333	12191	12192	766	-0.012233654703070584
2020-01-22	12157	12370	12157	12372	73	0.014763779527559029
2020-01-23	12333	12333	12233	12235	448	-0.011073391529259569
2020-01-28	11973	11973	11850	11922	339	-0.025582345729464606
2020-01-29	11978	12010	11945	11979	149	0.004781077000503231
2020-01-30	12015	12015	11732	11766	2463	-0.01778111695467066
2020-01-31	11817	11817	11561	11621	23062	-0.012323644399116152
2020-02-03	11424	11618	11368	11601	21085	-0.0017210222872385827
2020-02-04	11647	11860	11638	11861	713	0.022411861046461423
2020-02-05	12002	12002	11888	11890	34	0.0024449877750611915
2020-02-06	12010	12205	12010	12206	98	0.0265769554247266
2020-02-07	12205	12205	12063	12113	515	-0.007619203670326091
2020-02-10	11988	12053	11988	12055	20	-0.004788244035333955
2020-02-11	12130	12205	12130	12188	43	0.011032766486934964
2020-02-12	12238	12271	12238	12272	20	0.006892024942566355
2020-02-13	12309	12309	12220	12220	10589	-0.004237288135593209
2020-02-14	12205	12333	12205	12334	20	0.00932896890343704
2020-02-17	12304	12333	12304	12334	43	0.0
2020-02-18	12267	12267	12092	12135	223	-0.01613426301281007
2020-02-19	12205	12205	12148	12150	21	0.0012360939431397266
2020-02-20	12252	12252	12135	12135	20	-0.0012345679012345512
2020-02-21	11945	11945	11916	11918	20	-0.017882159044087298
2020-02-24	11628	11628	11476	11478	81	-0.036918946131901276
2020-02-25	11391	11595	11391	11596	24	0.01028053667886386
2020-02-26	11363	11491	11363	11435	61	-0.01388409796481549
2020-02-27	11401	11401	11240	11261	42	-0.015216440752076954
2020-02-28	11084	11141	10842	10877	108275	-0.034099991119794004
2020-03-02	10937	11060	10776	11024	59220	0.013514755906959719
2020-03-03	11288	11288	11031	11043	1755	0.0017235123367198568
2020-03-04	11079	11325	11079	11327	386	0.0257176491895319
2020-03-05	11420	11462	11334	11426	3234	0.008740178334951887
2020-03-06	11325	11325	11155	11218	6372	-0.01820409592158234
2020-03-09	10857	10876	10671	10744	2473	-0.04225352112676062
2020-03-10	10691	10842	10649	10844	2827	0.00930752047654515
2020-03-11	10813	10813	10412	10493	24558	-0.03236812984138693
2020-03-12	10397	10397	9924	10020	37111	-0.04507767082817116
2020-03-13	9442	9991	9168	9765	86497	-0.025449101796407136
2020-03-16	9924	9924	9484	9486	1771	-0.02857142857142858
2020-03-17	9106	9484	9106	9297	28795	-0.01992409867172673
2020-03-18	9347	9347	8879	8880	22	-0.044853178444659525
2020-03-19	8760	8760	7966	8199	415	-0.07668918918918921
2020-03-20	8439	8713	8439	8715	20	0.0629345042078302
2020-03-23	8184	8268	8184	8270	27	-0.051061388410786
2020-03-24	8520	8965	8520	8965	9571	0.08403869407496978
2020-03-25	9432	9475	9320	9477	121	0.05711098717233676
2020-03-26	9423	9707	9390	9457	5377	-0.0021103724807428614
2020-03-27	9820	9820	9272	9567	6164	0.011631595643438741
2020-03-30	9320	9622	9320	9623	51	0.0058534545834640905
2020-03-31	9745	9868	9745	9869	37	0.025563753507222176
2020-04-01	9792	9792	9466	9467	27	-0.040733610294862665
2020-04-02	9499	9607	9499	9609	20	0.014999471849582724
2020-04-03	9665	9665	9622	9643	22	0.003538349464044188
2020-04-06	9777	9986	9777	9988	31	0.03577724774447777
2020-04-07	10194	10194	10029	10177	21	0.01892270724869838
2020-04-08	10109	10128	10090	10101	111	-0.007467819593200309
2020-04-09	10227	10227	10142	10209	21	0.010692010692010756
2020-04-10	10189	10299	10189	10299	20	0.00881575080811059
2020-04-13	10237	10237	10067	10110	8150	-0.018351296242353654
2020-04-14	10222	10321	10218	10286	1094	0.017408506429277937
2020-04-16	10265	10341	10237	10324	10824	0.0036943418238382097
2020-04-17	10529	10676	10483	10602	5457	0.026927547462223922
2020-04-20	10592	10615	10473	10512	1093	-0.008488964346349714
2020-04-21	10440	10440	10232	10385	28	-0.012081430745814359
2020-04-22	10246	10492	10237	10493	22	0.010399614829080361
2020-04-23	10544	10573	10450	10574	110	0.0077194320022873075
2020-04-24	10502	10502	10436	10437	20	-0.012956307925099275
2020-04-27	10455	10597	10455	10597	22	0.015330075692248757
2020-04-28	10655	10660	10655	10660	20	0.005945078795885683
2020-04-29	10678	10751	10678	10728	2106	0.006378986866791836
2020-05-04	10486	10486	10434	10459	31	-0.02507457121551082
2020-05-06	10573	10620	10554	10607	1064	0.01415049239889088
2020-05-07	10602	10660	10602	10660	42	0.004996700292259737
2020-05-08	10755	10812	10678	10761	21354	0.009474671669793544
2020-05-11	10794	10808	10650	10718	1109	-0.0039959111606727715
2020-05-12	10683	10693	10683	10693	20	-0.002332524724762086
2020-05-13	10539	10736	10539	10737	20	0.004114841485083787
2020-05-14	10655	10698	10602	10698	5234	-0.003632299525006988
2020-05-15	10741	10774	10663	10737	53058	0.003645541222658366
2020-05-18	10769	10803	10698	10756	3192	0.0017695818198752988
2020-05-19	10961	10961	10899	10943	10928	0.01738564522127195
2020-05-20	10947	11023	10913	11015	36889	0.006579548569862093
2020-05-21	11109	11109	11062	11083	37	0.006173399909214616
2020-05-22	11053	11053	10899	10900	100	-0.016511774790219258
2020-05-25	10942	11058	10942	11058	21084	0.01449541284403666
2020-05-26	11101	11206	11043	11202	42233	0.01302224633749316
2020-05-27	11182	11268	11134	11197	11059	-0.0004463488662739268
2020-05-28	11268	11326	11066	11231	13368	0.0030365276413324427
2020-05-29	11215	11278	11134	11226	26616	-0.0004451963315822427
2020-06-01	11273	11431	11273	11428	27000	0.017993942633173
2020-06-02	11407	11532	11407	11519	1122	0.007962898144907138
2020-06-03	11671	11901	11671	11825	912	0.02656480597274058
2020-06-04	12045	12059	11800	11873	10916	0.004059196617336225
2020-06-05	11748	12117	11748	12109	8916	0.019877031921165633
2020-06-08	12227	12251	12089	12161	5304	0.004294326533982984
2020-06-09	12270	12270	12097	12209	6285	0.003947043828632424
2020-06-10	12193	12256	12193	12257	24	0.003931525923499102
2020-06-11	12256	12275	12002	12070	6299	-0.015256588072122046
2020-06-12	11666	11911	11666	11912	78	-0.013090306545153307
2020-06-15	11800	11800	11335	11336	10450	-0.04835460040295503
2020-06-16	11666	11930	11666	11922	5237	0.05169371912491183
2020-06-17	11997	11997	11915	11988	22	0.005535983895319507
2020-06-18	12002	12002	11920	11922	22	-0.005505505505505548
2020-06-19	11988	11988	11863	11926	5318	0.0003355141754739499
2020-06-22	11887	11968	11887	11917	5235	-0.0007546536978031426
2020-06-23	12011	12074	11810	11960	5234	0.003608290677183934
2020-06-24	12002	12155	12002	12127	30	0.013963210702341078
2020-06-25	11935	11935	11853	11859	21	-0.02209944751381221
2020-06-26	11925	11954	11925	11955	20	0.008095117632178184
2020-06-29	11820	11844	11734	11734	578	-0.018485989125888724
2020-06-30	11901	11930	11820	11821	27	0.007414351457303514
2020-07-01	11897	11897	11786	11797	212	-0.002030285085864114
2020-07-02	11872	11940	11872	11940	20	0.012121725862507482
2020-07-03	11983	12041	11983	12041	20	0.008458961474036908
2020-07-06	12097	12261	12054	12257	74	0.017938709409517584
2020-07-07	12304	12304	12122	12122	102	-0.011014114383617546
2020-07-08	12141	12141	12059	12070	30	-0.004289721168124094
2020-07-09	12141	12141	12117	12118	32	0.003976801988401002
2020-07-10	12064	12074	11958	12026	9134	-0.0075920118831490635
2020-07-13	12141	12242	12141	12243	20	0.018044237485448145
2020-07-14	12180	12218	12155	12218	21	-0.0020419831740586813
2020-07-15	12361	12361	12251	12305	21	0.007120641676215511
2020-07-16	12251	12251	12175	12175	20	-0.010564811052417689
2020-07-17	12237	12266	12237	12267	21	0.007556468172484676
2020-07-20	12290	12290	12275	12286	21	0.0015488709545936619
2020-07-21	12439	12457	12395	12459	2461	0.014081067882142362
2020-07-22	12404	12434	12404	12434	20	-0.002006581587607359
2020-07-23	12376	12381	12376	12382	20	-0.004182081389737857
2020-07-24	12352	12352	12285	12338	27	-0.00355354546922948
2020-07-27	12386	12429	12338	12416	49	0.0063219322418544
2020-07-28	12548	12683	12548	12684	30	0.021585051546391787
2020-07-29	12716	12750	12702	12727	78	0.0033900977609586658
2020-07-30	12836	12836	12716	12741	3592	0.001100023571933617
2020-07-31	12750	12750	12616	12616	111	-0.009810846872302048
2020-08-03	12596	12664	12596	12650	1741	0.0026949904882689335
2020-08-04	12760	12836	12760	12837	26	0.014782608695652177
2020-08-05	12928	13047	12928	13049	42	0.01651476201604729
2020-08-06	13162	13287	13148	13221	3712	0.013181086673308196
2020-08-07	13340	13340	13167	13274	3306	0.004008773920278319
2020-08-10	13273	13445	13273	13427	5076	0.011526291999397253
2020-08-11	13475	13637	13470	13614	20060	0.013927161689133882
2020-08-12	13599	13609	13422	13581	184	-0.0024239753195239855
2020-08-13	13728	13728	13470	13518	34	-0.004638833664678543
2020-08-14	13526	13526	13407	13495	31138	-0.0017014351235389302
2020-08-18	13536	13536	13167	13168	427	-0.024231196739533112
2020-08-19	13282	13282	13201	13264	41	0.007290400972053357
2020-08-20	13158	13158	12716	12804	269	-0.034680337756332946
2020-08-21	12846	13081	12846	12991	34637	0.014604810996563522
2020-08-24	12880	13105	12880	13087	1563	0.007389731352474893
2020-08-25	13167	13273	13129	13269	2640	0.013906930541758955
2020-08-26	13244	13301	13177	13250	5423	-0.0014319089607355284
2020-08-27	13273	13273	13148	13149	46	-0.007622641509433925
2020-08-28	13220	13301	13129	13178	10456	0.0022054909118565114
2020-08-31	13326	13326	12981	12981	5575	-0.014949157687054182
2020-09-01	13052	13124	13009	13097	6029	0.008936137431630797
2020-09-02	13158	13162	13052	13163	2236	0.005039321982133416
2020-09-03	13321	13402	13321	13351	1796	0.01428245840613851
2020-09-04	13110	13234	13095	13221	282	-0.009737098344693274
2020-09-07	13196	13263	13196	13264	110	0.0032524014824899528
2020-09-08	13378	13450	13330	13452	291	0.01417370325693601
2020-09-09	13287	13287	13287	13288	20	-0.012191495688373521
2020-09-10	13435	13435	13311	13389	21	0.0076008428657434735
2020-09-11	13311	13364	13301	13364	369	-0.0018672044215400918
2020-09-14	13470	13493	13470	13495	20	0.009802454354983503
2020-09-15	13551	13613	13551	13600	855	0.0077806595035199155
2020-09-16	13618	13618	13522	13528	21	-0.0052941176470587825
2020-09-17	13503	13503	13321	13321	21	-0.015301596688350072
2020-09-18	13378	13397	13249	13399	200	0.005855416260040602
2020-09-21	13369	13397	13230	13230	588	-0.012612881558325295
2020-09-22	13201	13201	12779	12875	11111	-0.026832955404384018
2020-09-23	12994	12994	12760	12943	22	0.0052815533980583584
2020-09-24	12712	12726	12482	12568	14233	-0.028973190141389216
2020-09-25	12510	12621	12510	12621	16128	0.004217059197963113
2020-09-28	12736	12807	12649	12809	112962	0.014895808573013314
2020-09-29	12923	12941	12870	12943	129	0.01046139433211013
2020-10-05	12966	13105	12966	13087	131	0.011125705014293441
2020-10-06	13014	13162	13014	13125	180	0.00290364483838923
2020-10-07	13057	13244	13057	13240	9407	0.008761904761904749
2020-10-08	13354	13354	13249	13312	4194	0.005438066465256908
2020-10-12	13311	13330	13273	13331	617	0.0014272836538462563
2020-10-13	13392	13392	13273	13307	21	-0.0018003150551346714
2020-10-14	13296	13296	13167	13178	26	-0.009694145938228038
2020-10-15	13138	13138	12933	13034	634	-0.010927303080892403
2020-10-16	13024	13024	12846	12938	37471	-0.007365352155899951
2020-10-19	12989	12989	12846	12900	1254	-0.0029370845571186077
2020-10-20	12894	12941	12712	12943	177869	0.0033333333333334103
2020-10-21	12989	12989	12918	12991	95848	0.0037085683380977397
2020-10-22	12923	12923	12769	12852	42239	-0.010699715187437508
2020-10-23	12913	12913	12774	12905	34415	0.004123871770930654
2020-10-26	12976	12976	12764	12809	36078	-0.0074389771406431215
2020-10-27	12697	12812	12669	12732	5016	-0.006011398235615584
2020-10-28	12736	12855	12716	12857	226	0.009817781966698025
2020-10-29	12721	12827	12639	12828	107476	-0.0022555806175623694
2020-10-30	12740	12740	12452	12520	56563	-0.024009978172747082
2020-11-02	12520	12621	12520	12621	58	0.008067092651757202
2020-11-03	12721	12937	12721	12938	8749	0.025116868710878704
2020-11-04	13032	13076	12913	13077	3737	0.010743546143144211
2020-11-05	13206	13402	13206	13389	32	0.023858683184216467
2020-11-06	13465	13478	13460	13480	34	0.006796624094405956
2020-11-09	13609	13704	13609	13633	395	0.011350148367952562
2020-11-10	13604	13604	13493	13538	107	-0.006968385535098709
2020-11-11	13584	13675	13584	13638	5567	0.007386615452799505
2020-11-12	13647	13671	13556	13609	3816	-0.002126411497286984
2020-11-13	13570	13728	13518	13729	85	0.008817694172973845
2020-11-16	13868	13987	13815	13964	11547	0.017117051496831515
2020-11-17	14011	14055	13924	14007	6638	0.0030793468920080613
2020-11-18	14088	14088	14078	14079	154	0.005140286999357535
2020-11-19	14040	14083	13987	14084	1999	0.0003551388592939464
2020-11-20	14117	14203	14107	14185	9487	0.007171258165293848
2020-11-23	14213	14453	14213	14453	151049	0.01889319703912573
2020-11-24	14428	14582	14428	14516	54439	0.004358956618003118
2020-11-25	14635	14635	14279	14415	215	-0.006957839625241102
2020-11-26	14453	14563	14453	14564	193	0.010336455081512375
2020-11-27	14572	14615	14519	14616	1586	0.00357044767920911
2020-11-30	14659	14659	14414	14415	64	-0.01375205254515599
2020-12-01	14567	14668	14567	14655	184	0.01664932362122795
2020-12-02	14725	14908	14725	14909	20	0.01733196861139552
2020-12-03	14937	14999	14937	15000	20	0.006103695754242411
2020-12-04	15119	15267	15119	15259	21	0.017266666666666763
2020-12-07	15373	15383	15181	15383	4332	0.00812635166131459
2020-12-08	15368	15368	15061	15077	2794	-0.01989208866931025
2020-12-09	15215	15402	15215	15403	370	0.02162233866153751
2020-12-10	15219	15421	15219	15422	346	0.0012335259365059414
2020-12-11	15479	15512	15440	15508	5098	0.005576449228374969
2020-12-14	15512	15550	15459	15523	513	0.0009672427134381767
2020-12-15	15531	15531	15368	15465	114	-0.0037363911615022616
2020-12-16	15574	15584	15464	15561	1541	0.006207565470417009
2020-12-17	15541	15589	15436	15590	26	0.001863633442580781
2020-12-18	15647	15685	15642	15685	128	0.00609364977549709
2020-12-21	15771	15839	15685	15834	94	0.009499521836149105
2020-12-22	15834	15891	15464	15465	8377	-0.02330428192497158
2020-12-23	15661	15661	15512	15523	972	0.003750404138376906
2020-12-24	15627	15761	15627	15753	31	0.014816723571474677
2020-12-28	15944	15944	15743	15743	87	-0.0006347997206881395
2020-12-29	16001	16126	15987	16127	671	0.024391793177920285
2020-12-30	16154	16505	16154	16501	392	0.02319092205617901
2021-01-04	16764	16951	16509	16952	12662	0.0273316768680687
2021-01-05	16874	17190	16802	17177	650	0.013272770174610704
2021-01-06	17416	17416	17071	17101	102	-0.004424521162018968
2021-01-07	17301	17492	17301	17494	577	0.022981112215659794
2021-01-08	17742	18092	17646	18093	10236	0.03424031096375901
2021-01-11	18356	18662	17886	18132	290	0.0021555297628916836
2021-01-12	17996	17996	17507	17887	114	-0.013512022942863466
2021-01-13	17968	18049	17934	18031	835	0.008050539497959308
2021-01-14	18016	18054	17977	17978	38	-0.0029393821751427796
2021-01-15	18125	18125	17545	17648	885	-0.01835576816108575
2021-01-18	17311	17517	17157	17167	3416	-0.027255213055303762
2021-01-19	17320	17588	17320	17590	22	0.02464029824663605
2021-01-20	17938	17938	17464	17699	2408	0.006196702671972698
2021-01-21	17871	17895	17636	17896	2945	0.01113057234872028
2021-01-22	17862	17938	17727	17805	32404	-0.005084935181046024
2021-01-25	17857	18188	17857	18189	2156	0.021566975568660496
2021-01-26	18164	18164	17709	17892	1521	-0.016328550222661997
2021-01-27	17953	17953	17623	17738	1768	-0.008607198748043832
2021-01-28	17430	17430	17306	17426	50	-0.01758935618446278
2021-01-29	17598	17598	16850	17043	2054	-0.021978652588086733
2021-02-01	17003	17368	16879	17350	1857	0.01801326057618957
2021-02-02	17565	17838	17526	17676	1445	0.018789625360230655
2021-02-03	17752	17809	17512	17810	107	0.00758090065625705
2021-02-04	17694	17694	17401	17484	151	-0.018304323413812496
2021-02-05	17641	17727	17474	17729	399	0.01401281171356672
2021-02-08	17651	17666	17583	17585	50	-0.008122285520897998
2021-02-09	17565	17718	17440	17517	521	-0.003866932044355953
2021-02-10	17421	17661	17421	17656	231	0.007935148712679085
2021-02-15	17886	17905	17828	17906	221	0.014159492523788009
2021-02-16	17814	17968	17814	17968	121	0.0034625265274210726
2021-02-17	17852	17852	17722	17777	26	-0.010630008904719546
2021-02-18	17747	17747	17512	17513	22452	-0.01485064971592509
2021-02-19	17531	17583	17224	17585	178	0.004111231656483749
2021-02-22	17674	17766	17377	17446	19882	-0.007904464031845304
2021-02-23	17272	17358	17263	17359	43	-0.004986816462226318
2021-02-24	17311	17454	16970	16971	644	-0.02235151794458201
2021-02-25	17137	17574	17137	17575	97790	0.03559012432973896
2021-02-26	17200	17200	16970	17172	184	-0.02293029871977237
2021-03-02	17608	17608	17133	17321	3008	0.008676915909620275
2021-03-03	17243	17445	17177	17436	2161	0.006639339530050137
2021-03-04	17263	17296	17263	17297	20	-0.007972011929341605
2021-03-05	17076	17238	16927	17240	19290	-0.003295369139157067
2021-03-08	17320	17325	16946	17009	4605	-0.01339907192575407
2021-03-09	16955	16955	16557	16870	4567	-0.008172144158974715
2021-03-10	17046	17046	16668	16769	1942	-0.005986959098992273
2021-03-11	16908	17085	16908	17086	528	0.018903929870594638
2021-03-12	17311	17311	17162	17311	10666	0.013168676109095223
2021-03-15	17435	17435	17248	17263	37	-0.0027728034197909146
2021-03-16	17320	17411	17268	17412	844	0.008631176504663163
2021-03-17	17363	17363	17157	17288	274	-0.007121525384792049
2021-03-18	17483	17507	17387	17388	23822	0.005784359093012448
2021-03-19	17137	17210	17085	17210	289	-0.010236945019553745
2021-03-22	17215	17248	17099	17197	5491	-0.0007553747821034129
2021-03-23	17306	17306	16970	16976	233	-0.012851078676513361
2021-03-24	16802	16908	16774	16908	457	-0.004005655042412792
2021-03-25	16908	16960	16845	16961	1734	0.0031346108351075763
2021-03-26	17046	17080	16879	17081	38	0.007075054536878733
2021-03-29	17056	17094	16960	17071	15802	-0.0005854458169896049
2021-03-30	17147	17301	17147	17292	22324	0.012945931697029955
2021-03-31	17296	17306	17185	17258	10455	-0.0019662271570668466
2021-04-01	17387	17474	17339	17474	47244	0.01251593463900802
2021-04-02	17497	17656	17497	17633	912	0.00909923314638883
2021-04-05	17666	17689	17588	17691	238	0.003289287132081986
2021-04-06	17828	17828	17714	17738	24	0.0026567181052512545
2021-04-07	17800	17800	17718	17782	1793	0.0024805502311422423
2021-04-08	17718	17780	17718	17782	20	0.0
2021-04-09	17780	17867	17656	17724	767	-0.0032617253402317248
2021-04-12	17757	17757	17684	17686	29	-0.0021439855563077925
2021-04-13	17761	17876	17761	17877	24	0.010799502431301677
2021-04-14	17958	17991	17900	17993	22229	0.0064887844716674525
2021-04-15	18125	18125	17972	18045	29	0.0028900127827489186
2021-04-16	18135	18135	17977	18064	31	0.0010529232474369987
2021-04-19	18016	18120	18016	18064	1966	0.0
2021-04-20	18049	18135	18049	18137	1772	0.004041186891053927
2021-04-21	17996	17996	17886	17887	61	-0.013783977504548739
2021-04-22	17934	17977	17823	17901	331	0.0007826913400794666
2021-04-23	17714	17910	17714	17911	125	0.0005586280096083751
2021-04-26	17972	17996	17857	17997	558	0.00480151861984246
2021-04-27	18068	18087	18039	18089	45	0.00511196310496187
2021-04-28	18020	18020	17814	17848	28	-0.013323013986400567
2021-04-29	17868	17941	17760	17765	731	-0.004650380995069425
2021-04-30	17730	17730	17471	17594	3139	-0.009625668449197877
2021-05-03	17520	17647	17485	17515	27	-0.0044901671024212275
2021-05-04	17569	17642	17377	17643	29	0.007308021695689337
2021-05-06	17598	17750	17598	17750	72	0.006064728220824156
2021-05-07	17735	17848	17696	17848	470	0.005521126760563488
2021-05-10	17941	18117	17936	18118	30	0.015127745405647763
2021-05-11	17970	17970	17725	17731	1341	-0.021359973507009578
2021-05-12	17799	17799	17397	17491	23	-0.013535615588517236
2021-05-13	17270	17270	17088	17221	27	-0.015436510205248388
2021-05-14	17363	17422	17358	17422	21	0.011671796062946438
2021-05-17	17475	17475	17211	17319	73	-0.005912065204913275
2021-05-18	17382	17559	17382	17559	21	0.01385761302615629
2021-05-20	17431	17446	17431	17447	20	-0.006378495358505654
2021-05-21	17672	17672	17436	17633	129	0.010660858600332501
2021-05-24	17588	17588	17324	17393	938	-0.013610843305166487
2021-05-25	17569	17569	17475	17564	24	0.009831541424710988
2021-05-26	17588	17588	17426	17505	7199	-0.0033591437030289217
2021-05-27	17456	17534	17299	17510	31890	0.00028563267637826684
2021-05-28	17495	17676	17495	17677	309	0.009537407195888026
2021-05-31	17784	17784	17574	17765	427	0.004978220286247614
2021-06-01	17774	17843	17740	17834	29	0.0038840416549394963
2021-06-02	17902	17902	17794	17848	421	0.0007850173825276752
2021-06-03	17887	18044	17887	18044	21	0.010981622590766404
2021-06-04	18034	18034	17848	17932	128	-0.006207049434715173
2021-06-07	17897	18024	17897	18000	131	0.003792103502119115
2021-06-08	17956	17956	17956	17956	20	-0.0024444444444444713
2021-06-09	17897	17897	17774	17775	27	-0.010080196034751632
2021-06-10	17760	17848	17760	17848	20	0.004106891701828319
2021-06-11	17941	17990	17917	17991	21	0.008012102196324422
2021-06-14	17961	18024	17921	18025	299	0.001889833805791774
2021-06-15	18015	18034	17995	18035	31	0.0005547850208045269
2021-06-16	18103	18191	18103	18192	27318	0.008705295259218149
2021-06-17	17995	18083	17995	18084	69	-0.00593667546174137
2021-06-18	18093	18132	18024	18133	40	0.0027095775270957745
2021-06-21	17975	17975	17843	17927	22	-0.011360502950421902
2021-06-22	17946	18122	17946	18123	32	0.010933229207340966
2021-06-23	18167	18186	18093	18187	69	0.003531424157148466
2021-06-24	18211	18225	18201	18226	33	0.0021443888491778917
2021-06-25	18304	18323	18304	18324	20	0.005376934050257853
2021-06-28	18328	18338	18328	18339	20	0.0008185985592665812
2021-06-29	18318	18318	18162	18236	22	-0.0056164458258356476
2021-06-30	18235	18309	18235	18309	24	0.004003070848870305
2021-07-01	18289	18289	18220	18221	54	-0.004806379376263048
2021-07-02	18279	18279	18230	18231	20	0.0005488172987213602
2021-07-05	18279	18279	18230	18265	21	0.001864955295924453
2021-07-06	18338	18377	18338	18378	29	0.006186695866411185
2021-07-07	18274	18274	18235	18265	122	-0.006148656001741193
2021-07-08	18318	18318	18098	18098	27	-0.009143169997262501
2021-07-09	17951	17951	17774	17912	38	-0.010277378715880192
2021-07-12	17931	18054	17931	18054	23	0.007927646270656563
2021-07-13	17985	18225	17985	18226	26	0.009526974631660634
2021-07-14	18225	18225	18098	18187	37	-0.002139800285306692
2021-07-15	18230	18323	18230	18324	21	0.0075328531368559215
2021-07-16	18225	18225	18196	18196	20	-0.00698537437240776
2021-07-19	18024	18024	18015	18015	20	-0.009947241151901487
2021-07-20	17887	17921	17804	17922	84	-0.005162364696086552
2021-07-21	18019	18019	17863	17863	21	-0.0032920432987390003
2021-07-22	18015	18068	18015	18069	20	0.01153221743268218
2021-07-23	18103	18147	18103	18142	1082	0.00404006862582329
2021-07-26	18127	18132	17907	17971	187	-0.009425642156322356
2021-07-27	18108	18108	18039	18040	20	0.003839519225418808
2021-07-28	18005	18019	17917	18020	24	-0.0011086474501108556
2021-07-29	18098	18098	18019	18074	157	0.002996670366259613
2021-07-30	17985	17985	17872	17873	21	-0.011120947216996746
2021-08-02	17887	17892	17828	17893	69	0.0011190063223858182
2021-08-03	17912	17912	17848	17912	1238	0.0010618677695188872
2021-08-04	18039	18225	17970	18226	21	0.01753014738722647
2021-08-05	18294	18294	18108	18108	42	-0.006474267529902322
2021-08-06	18191	18191	18059	18113	23	0.0002761210514690138
2021-08-09	18162	18162	17995	18015	32	-0.005410478661734719
2021-08-10	18152	18152	17858	17858	22	-0.008714959755759089
2021-08-11	17701	17828	17613	17692	294	-0.009295553813416957
2021-08-12	17706	17706	17613	17613	20	-0.0044652950486094856
2021-08-13	17583	17583	17299	17373	26	-0.013626298756600264
2021-08-17	17402	17402	17093	17123	30	-0.014390145628273787
2021-08-18	17054	17289	17054	17290	340	0.009752963849792629
2021-08-19	17162	17162	16878	16878	3517	-0.023828802776171165
2021-08-20	16951	16951	16608	16618	37	-0.015404668799620769
2021-08-23	16775	16892	16755	16859	24	0.014502346852810266
2021-08-24	17039	17196	17039	17197	21	0.02004863870929463
2021-08-25	17324	17324	17201	17265	5136	0.003954178054311752
2021-08-26	17265	17324	17083	17148	1371	-0.006776715899218022
2021-08-27	17044	17118	16985	17094	683	-0.0031490552834150254
2021-08-30	17319	17319	17206	17260	34	0.0097110097110098
2021-08-31	17235	17520	17177	17520	95	0.015063731170336103
2021-09-01	17529	17539	17525	17540	22	0.0011415525114155667
2021-09-02	17417	17417	17363	17417	239	-0.007012542759407103
2021-09-03	17534	17539	17461	17540	10923	0.00706206579778379
2021-09-06	17436	17583	17436	17584	636	0.0025085518814138563
2021-09-07	17569	17569	17515	17530	21	-0.00307097361237485
2021-09-08	17466	17466	17333	17412	34	-0.00673131774101543
2021-09-09	17319	17324	17147	17148	22	-0.015161957270847681
2021-09-10	17172	17191	17167	17192	26	0.0025658968975974528
2021-09-13	17123	17177	17123	17177	20	-0.0008724988366681785
2021-09-14	17289	17328	17221	17304	5090	0.0073936077312686255
2021-09-15	17275	17309	17275	17309	47604	0.00028895053166899665
2021-09-16	17333	17333	17098	17172	188	-0.0079149575365417
2021-09-17	17108	17230	17108	17231	20	0.0034358257628697153
2021-09-23	17201	17201	17181	17182	20	-0.0028437119145725553
2021-09-24	17348	17348	17167	17197	23	0.0008730066348503485
2021-09-27	17186	17235	17186	17231	33	0.001977089027155987
2021-09-28	17201	17201	17083	17084	21	-0.008531135743717666
2021-09-29	16873	16873	16765	16765	724	-0.018672442051041904
2021-09-30	16829	16946	16814	16947	3750	0.01085594989561578
2021-10-01	16897	16897	16584	16648	1601	-0.017643240691567863
2021-10-05	16481	16510	16221	16364	1104	-0.017059106198942797
2021-10-06	16500	16544	16142	16143	1696	-0.013505255438768016
2021-10-07	16334	16388	16309	16388	638	0.015176856841974784
2021-10-08	16432	16432	16339	16354	20	-0.0020746887966804906
2021-10-12	16211	16211	16044	16055	175	-0.01828298887122415
2021-10-13	16084	16236	16084	16236	27	0.011273746496418546
2021-10-14	16309	16373	16270	16373	238	0.008438038925843827
2021-10-15	16574	16579	16510	16579	829	0.01258168936664017
2021-10-18	16495	16520	16495	16520	20	-0.003558718861209953
2021-10-19	16657	16657	16574	16658	48999	0.008353510895883876
2021-10-20	16784	16784	16618	16653	927	-0.00030015608116218395
2021-10-21	16667	16667	16608	16609	21	-0.002642166576592775
2021-10-22	16554	16623	16554	16579	43	-0.0018062496236980197
2021-10-25	16637	16701	16628	16702	321	0.007419024066590341
2021-10-26	16775	16843	16775	16844	20	0.008501975811280094
2021-10-27	16784	16784	16642	16721	41	-0.007302303490857254
2021-10-28	16770	16770	16637	16638	20	-0.004963817953471672
2021-10-29	16706	16706	16388	16388	53	-0.015025844452458248
2021-11-01	16343	16441	16343	16432	2729	0.0026848913839394584
2021-11-02	16525	16633	16525	16633	41	0.012232229795520855
2021-11-03	16407	16407	16407	16408	20	-0.0135273251968977
2021-11-04	16603	16603	16490	16491	23	0.005058508044856191
2021-11-05	16647	16647	16363	16373	21	-0.0071554181068461675
2021-11-08	16324	16427	16299	16427	38	0.0032981127465949722
2021-11-09	16530	16530	16339	16432	22	0.0003043769404029728
2021-11-10	16417	16417	16192	16266	140	-0.01010223953261924
2021-11-11	16138	16138	16108	16109	714	-0.00965203491946387
2021-11-12	16314	16392	16299	16393	42	0.017629896331243344
2021-11-15	16525	16598	16525	16579	7879	0.011346306350271451
2021-11-16	16554	16569	16549	16569	20	-0.0006031726883406474
2021-11-17	16657	16657	16290	16329	26	-0.014484881405033456
2021-11-18	16339	16339	16211	16295	315	-0.002082185069508191
2021-11-19	16339	16339	16334	16334	20	0.0023933722000613056
2021-11-22	16481	16726	16481	16726	4356	0.02399902044814506
2021-11-23	16726	16726	16525	16574	1187	-0.009087647973215374
2021-11-24	16608	16686	16495	16530	230	-0.002654760468203232
2021-11-25	16505	16505	16383	16442	28	-0.005323653962492458
2021-11-26	16432	16432	16035	16109	10541	-0.020253010582654163
2021-11-29	16010	16020	15878	15883	847	-0.014029424545285218
2021-11-30	16084	16084	15486	15486	72	-0.02499527797015677
2021-12-01	15687	15991	15687	15991	470	0.032610099444659646
2021-12-02	15956	16280	15956	16280	27	0.018072665874554472
2021-12-03	16157	16432	16157	16427	43	0.009029484029484003
2021-12-06	16304	16495	16275	16496	28	0.004200401777561424
2021-12-07	16451	16584	16451	16535	22	0.002364209505334669
2021-12-08	16789	16789	16647	16648	51	0.006833988509222788
2021-12-09	16657	16696	16657	16697	22	0.0029432964920710347
2021-12-10	16618	16677	16618	16677	20	-0.0011978199676588863
2021-12-13	16740	16784	16642	16643	34	-0.0020387359836900876
2021-12-14	16530	16544	16407	16540	13029	-0.006188788079072305
2021-12-15	16481	16559	16481	16560	20	0.0012091898428052694
2021-12-16	16711	16711	16588	16628	21	0.004106280193236778
2021-12-17	16574	16686	16564	16687	21	0.003548231898003351
2021-12-20	16564	16564	16397	16398	20	-0.017318870977407586
2021-12-21	16549	16549	16441	16442	94	0.002683254055372508
2021-12-22	16603	16603	16564	16564	20	0.007420021895146567
2021-12-23	16637	16677	16637	16677	20	0.006822023665781218
2021-12-24	16780	16789	16726	16775	637	0.00587635665887154
2021-12-27	16760	16760	16623	16692	42	-0.004947839046199665
2021-12-28	16647	16750	16647	16751	20	0.003534627366402976
2021-12-29	16765	16917	16765	16844	23	0.005551907348815055
2021-12-30	16878	16878	16711	16795	27	-0.0029090477321301877
2022-01-03	16932	16932	16799	16800	32	0.00029770765108660946
2022-01-04	16834	16834	16780	16809	22	0.000535714285714306
2022-01-05	16765	16765	16574	16574	46	-0.013980605627937459
2022-01-06	16490	16500	16324	16324	503	-0.015083866296609183
2022-01-07	16510	16559	16510	16560	20	0.014457240872335131
2022-01-10	16500	16500	16383	16471	21	-0.005374396135265691
2022-01-11	16579	16579	16520	16520	22	0.002974925626859415
2022-01-12	16721	16829	16721	16829	61	0.01870460048426148
2022-01-13	16868	16868	16799	16839	26	0.0005942123715014791
2022-01-14	16775	16775	16642	16643	15	-0.011639646059742215
2022-01-17	16569	16569	16397	16452	31	-0.011476296340803938
2022-01-18	16471	16471	16392	16393	31	-0.0035861901288597453
2022-01-19	16255	16270	16255	16270	15	-0.007503202586469859
2022-01-20	16280	16383	16241	16383	27	0.006945298094652719
2022-01-21	16226	16226	16059	16202	745	-0.01104803759995121
2022-01-24	16123	16123	16005	16006	20	-0.012097271941735599
2022-01-25	15844	15844	15569	15570	83	-0.02723978508059477
2022-01-26	15628	15628	15554	15555	20	-0.0009633911368015502
2022-01-27	15491	15491	15045	15055	43	-0.03214400514304083
2022-01-28	14927	15344	14927	15344	53	0.01919628030554632
2022-02-03	15648	15648	15520	15521	21	0.011535453597497414
2022-02-04	15594	15677	15594	15677	42	0.010050898782294926
2022-02-07	15721	15721	15510	15521	21	-0.009950883459845627
2022-02-08	15697	15697	15515	15516	20	-0.000322144191740259
2022-02-09	15692	15701	15682	15702	20	0.011987625676720848
2022-02-10	15873	15873	15814	15834	28	0.00840657241115772
2022-02-11	15638	15711	15638	15712	26	-0.007704938739421463
2022-02-14	15584	15584	15422	15423	20	-0.018393584521384954
2022-02-15	15422	15422	15290	15290	21	-0.008623484406406035
2022-02-16	15540	15579	15540	15579	20	0.018901242642249905
2022-02-17	15613	15775	13344	15668	5440	0.005712818537775277
2022-02-18	15535	15618	15535	15619	20	-0.0031273934133265735
2022-02-21	15476	15564	15329	15565	59595	-0.0034573276138036846
2022-02-22	15329	15334	15216	15310	6088	-0.016382910375843274
2022-02-23	15442	15442	15260	15398	5974	0.005747877204441476
2022-02-24	15221	15221	14971	14972	40	-0.02766593064034295
2022-02-25	15104	15138	15104	15138	24	0.01108736307774505
2022-02-28	15064	15182	15064	15182	20	0.0029065926806710607
2022-03-02	15167	15167	15162	15163	20	-0.0012514820181793729
2022-03-03	15353	15398	15353	15398	20	0.015498252324737782
2022-03-04	15255	15255	15157	15158	20	-0.015586439797376284
2022-03-07	14849	14888	14785	14785	21	-0.0246074680036944
2022-03-08	14574	14633	14574	14634	20	-0.010213053770713576
2022-03-10	14927	14927	14873	14874	20	0.016400164001640016
2022-03-11	14903	14903	14800	14835	23	-0.002622025010084683
2022-03-14	14795	14805	14795	14805	20	-0.002022244691607722
2022-03-15	14760	14780	14687	14687	14466	-0.00797028031070579
2022-03-16	14800	14878	14800	14879	20	0.013072785456526237
2022-03-17	15216	15216	15192	15192	20	0.021036359970428187
2022-03-18	15157	15236	15157	15236	20	0.0028962611901000024
2022-03-21	15182	15182	15108	15109	20	-0.008335521134155921
2022-03-22	15128	15241	15128	15241	20	0.008736514660136363
2022-03-23	15398	15398	15388	15388	20	0.009645036414933417
2022-03-24	15304	15368	15304	15369	20	-0.001234728359760906
2022-03-25	15339	15349	15339	15349	20	-0.001301320840653264
2022-03-28	15260	15363	15260	15364	20	0.000977262362368947
2022-03-29	15368	15505	15368	15432	31	0.004425930747201212
2022-03-30	15564	15564	15481	15486	235	0.003499222395023427
2022-03-31	15540	15603	15540	15589	275	0.006651168797623619
2022-04-01	15496	15496	15481	15481	20	-0.006927962024504408
2022-04-04	15402	15579	15402	15579	20	0.00633034041728564
2022-04-05	15618	15618	15505	15555	152	-0.0015405353360292695
2022-04-06	15447	15447	15442	15442	20	-0.007264545162327218
2022-04-07	15314	15314	15290	15290	20	-0.00984328454863359
2022-04-08	15265	15290	15241	15290	27	0.0
2022-04-11	15211	15270	15211	15271	20	-0.0012426422498365008
2022-04-12	15226	15226	15094	15124	22	-0.009626088664789423
2022-04-13	15177	15295	15177	15295	21	0.011306532663316604
2022-04-14	15285	15285	15202	15256	11376	-0.002549852893102278
2022-04-15	15128	15128	15094	15094	20	-0.010618772941793364
2022-04-18	15010	15079	15010	15080	20	-0.0009275208692195447
2022-04-19	15226	15265	15226	15266	20	0.012334217506631218
2022-04-20	15172	15246	15172	15246	20	-0.001310100877767617
2022-04-21	15309	15349	15290	15339	321	0.006099960645415292
2022-04-22	15197	15241	15197	15241	20	-0.0063889432166372995
2022-04-25	15059	15059	14996	14996	24	-0.01607506069155562
2022-04-26	15025	15025	15010	15011	20	0.001000266737796851
2022-04-27	14751	14810	14702	14810	32	-0.013390180534274876
2022-04-28	14895	14945	14860	14945	21	0.009115462525320694
2022-04-29	15005	15165	15005	15165	20	0.014720642355302793
2022-05-02	15040	15095	15040	15095	20	-0.004615891856247889
2022-05-03	15110	15110	15085	15085	20	-0.0006624710168929848
2022-05-04	15180	15180	15100	15105	21	0.0013258203513424327
2022-05-06	14915	14960	14915	14960	20	-0.009599470374048291
2022-05-09	14895	14895	14760	14760	20	-0.013368983957219305
2022-05-10	14650	14680	14540	14680	8000	-0.005420054200542035
2022-05-11	14615	14615	14610	14610	20	-0.00476839237057225
2022-05-12	14475	14485	14400	14400	25	-0.014373716632443578
2022-05-13	14520	14720	14520	14720	20	0.022222222222222143
2022-05-16	14875	14875	14640	14650	1520	-0.004755434782608647
2022-05-17	14735	14845	14735	14845	57	0.013310580204778155
2022-05-18	14955	14955	14850	14875	10958	0.002020882452004047
2022-05-19	14600	14665	14600	14665	20	-0.014117647058823568
2022-05-20	14735	14905	14730	14905	36	0.016365496079099984
2022-05-23	14915	14945	14835	14945	158	0.0026836632002684713
2022-05-24	14900	14900	14710	14710	21	-0.01572432251589162
2022-05-25	14755	14755	14745	14745	20	0.0023793337865398723
2022-05-26	14790	14790	14620	14620	20	-0.008477449983045116
2022-05-27	14850	14850	14815	14815	20	0.013337893296853531
2022-05-30	14950	15015	14950	15010	125	0.013162335470806585
2022-05-31	14980	15060	14980	15055	41	0.0029980013324450994
2022-06-02	14980	14980	14915	14915	42	-0.009299236134174715
2022-06-03	15035	15035	14965	14965	20	0.003352329869259041
2022-06-07	14830	14830	14705	14705	20	-0.017373872368860677
2022-06-08	14735	14740	14735	14740	20	0.002380142808568575
2022-06-09	14690	14690	14690	14690	20	-0.0033921302578019397
2022-06-10	14585	14585	14550	14550	20	-0.00953029271613337
2022-06-13	14335	14335	14050	14050	43	-0.03436426116838487
2022-06-14	13855	13965	13825	13965	4155	-0.006049822064056909
2022-06-15	13930	13930	13660	13685	24	-0.020050125313283207
2022-06-16	13890	13890	13660	13660	22	-0.001826817683595161
2022-06-17	13390	13570	13390	13570	20	-0.0065885797950219205
2022-06-20	13705	13705	13215	13355	31	-0.01584377302873985
2022-06-21	13430	13475	13345	13395	170	0.0029951329090227574
2022-06-22	13410	13410	13075	13075	20	-0.02388951101157144
2022-06-23	13090	13090	12885	12885	20	-0.01453154875717022
2022-06-24	12945	13175	12945	13175	4020	0.022506790842064417
2022-06-27	13250	13405	13250	13405	20	0.01745730550284641
2022-06-28	13470	13530	13470	13530	20	0.00932487877657584
2022-06-29	13460	13460	13400	13400	20	-0.00960827790096086
2022-06-30	13310	13325	13195	13195	101	-0.015298507462686572
2022-07-01	13305	13305	13005	13005	20	-0.014399393709738528
2022-07-04	12975	12975	12970	12970	20	-0.0026912725874663757
2022-07-05	13005	13160	13005	13160	2020	0.014649190439475657
2022-07-06	12975	12975	12795	12795	20	-0.02773556231003038
2022-07-07	12920	13055	12920	13055	20	0.02032043767096514
2022-07-08	13215	13215	13145	13150	24	0.007276905400229738
2022-07-11	13110	13110	13030	13030	20	-0.009125475285171047
2022-07-12	12965	12965	12885	12885	20	-0.01112816577129705
2022-07-13	12930	12930	12910	12910	20	0.0019402405898332198
2022-07-14	12830	12910	12830	12910	21	0.0
