Date	Open	High	Low	Close	Volume	Change
2017-07-11	9227	9273	9227	9276	112	
2017-07-12	9273	9273	9273	9276	1	0.0
2017-07-13	9339	9394	9339	9395	44	0.012828805519620623
2017-07-14	9394	9397	9389	9395	87	0.0
2017-07-17	9402	9402	9402	9405	9	0.001064395955295394
2017-07-18	9379	9379	9379	9380	10	-0.0026581605528973595
2017-07-19	9379	9379	9379	9380	0	0.0
2017-07-20	9425	9458	9425	9460	65	0.008528784648187626
2017-07-21	9458	9458	9458	9460	10	0.0
2017-07-24	9498	9498	9498	9502	108	0.004439746300211489
2017-07-25	9508	9508	9467	9468	63	-0.003578194064407514
2017-07-26	9397	9397	9397	9400	4	-0.007182087029995787
2017-07-27	9420	9430	9410	9432	36789	0.0034042553191488967
2017-07-28	9329	9329	9227	9252	122472	-0.01908396946564883
2017-07-31	9214	9273	9195	9276	49157	0.0025940337224383825
2017-08-01	9259	9384	9237	9334	444906	0.00625269512720994
2017-08-02	9389	9389	9352	9377	1608	0.0046068137990142866
2017-08-03	9360	9360	9127	9201	1139	-0.018769329209768593
2017-08-04	9222	9222	9222	9225	1	0.002608412129116333
2017-08-07	9222	9287	9222	9257	47	0.0034688346883469112
2017-08-08	9176	9176	9176	9180	10	-0.008318029599222232
2017-08-09	9122	9122	9093	9096	26	-0.009150326797385588
2017-08-10	9093	9093	9002	9003	138	-0.010224274406332445
2017-08-11	8914	8927	8868	8870	227	-0.014772853493280058
2017-08-14	8932	8932	8932	8935	108	0.00732807215332576
2017-08-16	8978	9015	8978	9018	2	0.009289311695579228
2017-08-17	9089	9089	9089	9091	1	0.008094921268573918
2017-08-18	9071	9089	9042	9060	40	-0.0034099659003410387
2017-08-21	9047	9047	9047	9051	1	-0.000993377483443747
2017-08-22	9071	9071	9071	9072	0	0.002320185614849146
2017-08-23	9071	9071	9071	9072	0	0.0
2017-08-24	9085	9085	9012	9013	356	-0.006503527336860659
2017-08-25	9012	9012	9012	9013	0	0.0
2017-08-28	9042	9047	8978	8991	4134	-0.00244091867302787
2017-08-29	8914	8969	8877	8972	15982	-0.002113224335446584
2017-08-30	8965	8978	8956	8981	1273	0.001003120820329828
2017-08-31	8961	8961	8947	8948	29	-0.0036744237835429905
2017-09-01	9002	9020	8919	9018	663299	0.007822977201609405
2017-09-04	8860	8922	8855	8894	185	-0.013750277223331109
2017-09-05	8882	8882	8845	8847	26	-0.005284461434675092
2017-09-06	8836	8836	8779	8784	80	-0.007121057985757906
2017-09-07	8872	8887	8850	8880	47954	0.010928961748633892
2017-09-08	8877	8900	8872	8889	47664	0.00101351351351342
2017-09-11	8983	8983	8909	8935	32620	0.005174935313308593
2017-09-12	8988	8988	8965	8967	7	0.0035814213766087732
2017-09-13	9012	9012	8932	8944	65662	-0.0025649604103936685
2017-09-14	8919	8932	8892	8935	65855	-0.0010062611806798127
2017-09-15	8896	9002	8896	9003	141135	0.007610520425293865
2017-09-18	9098	9108	9071	9106	37703	0.011440630900810822
2017-09-19	9144	9154	9103	9109	136720	0.000329453107841049
2017-09-20	9176	9176	9093	9161	8357	0.005708639806784488
2017-09-21	9157	9162	9089	9156	74319	-0.0005457919441108627
2017-09-22	9052	9062	9012	9032	35071	-0.013543031891655732
2017-09-25	9015	9015	8942	8991	97057	-0.0045394154118688634
2017-09-26	9015	9015	8961	8991	1223	0.0
2017-09-27	8932	8932	8932	8935	0	-0.006228450672895125
2017-09-28	8932	8932	8932	8935	0	0.0
2017-09-29	8965	8997	8951	8953	8725	0.002014549524342435
2017-10-10	9103	9200	9103	9165	82476	0.023679213671395027
2017-10-11	9222	9287	9214	9285	4622	0.013093289689034338
2017-10-12	9292	9292	9292	9294	0	0.0009693053311792266
2017-10-13	9268	9309	9268	9313	2	0.0020443296750591866
2017-10-16	9305	9305	9297	9304	219	-0.0009663910662515152
2017-10-17	9297	9309	9263	9267	879	-0.003976784178847836
2017-10-18	9214	9214	9214	9216	10	-0.005503399158303668
2017-10-19	9209	9209	9200	9201	229	-0.0016276041666666297
2017-10-20	9190	9190	9190	9192	1	-0.0009781545484186527
2017-10-23	9297	9297	9297	9299	10	0.011640557006092234
2017-10-24	9287	9287	9287	9289	0	-0.0010753844499408194
2017-10-25	9246	9246	9246	9248	9	-0.004413822801162648
2017-10-26	9195	9195	9195	9197	0	-0.005514705882352922
2017-10-27	9222	9222	9222	9225	0	0.003044471023159634
2017-10-30	9222	9222	9222	9225	0	0.0
2017-10-31	9222	9344	9222	9334	58696	0.011815718157181632
2017-11-01	9425	9467	9415	9441	53527	0.011463466895221819
2017-11-02	9440	9440	9440	9441	0	0.0
2017-11-03	9440	9440	9440	9441	0	0.0
2017-11-06	9397	9397	9397	9400	1	-0.004342760300815596
2017-11-07	9440	9440	9440	9441	2	0.004361702127659628
2017-11-08	9420	9420	9420	9423	1	-0.0019065776930410339
2017-11-09	9420	9420	9420	9423	0	0.0
2017-11-10	9384	9384	9384	9385	1	-0.004032685981110062
2017-11-13	9410	9410	9410	9415	1	0.003196590303676139
2017-11-14	9410	9410	9410	9415	0	0.0
2017-11-15	9319	9319	9319	9322	3	-0.009877854487519877
2017-11-16	9406	9406	9406	9410	1	0.009440034327397484
2017-11-17	9425	9425	9425	9427	0	0.0018065887353879706
2017-11-20	9425	9425	9425	9427	0	0.0
2017-11-21	9389	9389	9389	9390	5	-0.003924896573671344
2017-11-22	9493	9493	9493	9497	108	0.011395101171459032
2017-11-23	9493	9493	9493	9497	0	0.0
2017-11-24	9493	9493	9493	9497	0	0.0
2017-11-27	9527	9527	9420	9423	20	-0.007791934295040548
2017-11-28	9389	9389	9389	9390	1	-0.003502069404648256
2017-11-29	9410	9435	9402	9405	4	0.0015974440894568342
2017-11-30	9384	9389	9300	9304	196892	-0.010738968633705492
2017-12-01	9273	9297	9227	9230	154024	-0.007953568357695562
2017-12-04	9205	9339	9205	9334	200472	0.011267605633802802
2017-12-05	9369	9369	9369	9373	0	0.00417827298050133
2017-12-06	9319	9319	9273	9276	239	-0.010348874426544308
2017-12-07	9195	9237	9172	9206	46707	-0.007546356188012027
2017-12-08	9205	9205	9205	9206	0	0.0
2017-12-11	9190	9190	9190	9192	0	-0.0015207473386921189
2017-12-12	9149	9200	9149	9184	43982	-0.0008703220191470518
2017-12-13	9222	9268	9222	9272	604888	0.009581881533101022
2017-12-14	9334	9334	9246	9248	2	-0.0025884383088869978
2017-12-15	9218	9218	9218	9220	13	-0.003027681660899617
2017-12-18	9254	9282	9254	9267	102420	0.005097613882863339
2017-12-19	9259	9259	9259	9262	0	-0.0005395489370886297
2017-12-20	9250	9250	9250	9252	0	-0.0010796804145972727
2017-12-21	9186	9186	9127	9133	212745	-0.01286208387375698
2017-12-22	9167	9195	9154	9188	100191	0.006022117595532617
2017-12-26	9176	9214	9134	9137	62879	-0.005550718328254267
2017-12-27	9214	9305	9205	9289	45372	0.016635657217905164
2017-12-28	9287	9410	9287	9415	1349	0.0135644310474754
2018-01-02	9324	9374	9324	9359	25954	-0.005947955390334547
2018-01-03	9462	9472	9435	9436	2026	0.008227374719521396
2018-01-04	9503	9503	9435	9441	139872	0.0005298855447224415
2018-01-05	9458	9554	9453	9556	6247	0.012180913038873031
2018-01-08	9573	9573	9573	9574	33	0.0018836333193805732
2018-01-09	9577	9577	9577	9579	33	0.000522247754334737
2018-01-10	9503	9503	9503	9507	0	-0.007516442217350483
2018-01-11	9435	9453	9435	9455	691	-0.005469653939202734
2018-01-12	9458	9458	9458	9460	1	0.0005288207297726721
2018-01-15	9527	9564	9489	9556	19289	0.010147991543340451
2018-01-16	9582	9582	9582	9584	9	0.0029300962745919534
2018-01-17	9582	9582	9582	9584	0	0.0
2018-01-18	9651	9725	9651	9727	3	0.014920701168614325
2018-01-19	9682	9682	9682	9686	11	-0.004215071450601404
2018-01-22	9554	9554	9554	9556	110	-0.013421432996076788
2018-01-23	9664	9674	9664	9676	13	0.012557555462536563
2018-01-24	9761	9761	9761	9763	81	0.008991318726746522
2018-01-25	9742	9853	9742	9856	11	0.009525760524428994
2018-01-26	9848	9848	9848	9851	10	-0.0005073051948052409
2018-01-29	9949	9981	9949	9956	381	0.010658816363820822
2018-01-30	9904	9904	9890	9892	33	-0.006428284451586941
2018-01-31	9894	9894	9894	9897	118	0.0005054589567328183
2018-02-01	9822	9881	9802	9832	277000	-0.006567646761644896
2018-02-02	9835	9835	9627	9653	7408	-0.018205858421480925
2018-02-05	9493	9493	9493	9497	1	-0.016160779032425188
2018-02-06	9462	9462	9462	9465	0	-0.0033694851005581228
2018-02-07	9314	9314	9314	9317	10	-0.01563655573164291
2018-02-08	9254	9314	9254	9317	976	0.0
2018-02-09	9176	9176	9144	9147	11	-0.01824621659332404
2018-02-12	9287	9287	9287	9289	10	0.015524215589810764
2018-02-13	9278	9278	9278	9280	1	-0.000968887931962481
2018-02-14	9334	9334	9334	9334	1	0.00581896551724137
2018-02-19	9440	9472	9440	9473	20	0.014891793443325474
2018-02-20	9453	9453	9374	9377	1661	-0.010134065238044943
2018-02-21	9415	9415	9415	9420	56	0.00458568838647766
2018-02-22	9344	9344	9344	9344	10	-0.008067940552016983
2018-02-23	9444	9444	9444	9445	15	0.010809075342465668
2018-02-26	9489	9489	9489	9492	1	0.004976177871889975
2018-02-27	9582	9582	9582	9584	3	0.00969237252423083
2018-02-28	9444	9444	9444	9445	3	-0.014503338898163576
2018-03-02	9263	9300	9195	9257	272938	-0.019904711487559568
2018-03-05	9200	9214	9162	9170	3152	-0.009398293183536799
2018-03-06	9319	9319	9319	9322	4	0.0165757906215922
2018-03-07	9305	9305	9305	9308	0	-0.0015018236429951148
2018-03-08	9352	9352	9352	9354	1	0.004941985388912773
2018-03-09	9503	9503	9444	9445	21	0.009728458413512886
2018-03-12	9517	9517	9517	9519	113	0.007834833245103257
2018-03-13	9522	9522	9522	9524	45	0.0005252652589557982
2018-03-14	9462	9462	9462	9465	1	-0.006194876102477931
2018-03-15	9503	9503	9503	9507	0	0.0044374009508716394
2018-03-16	9462	9462	9462	9465	1	-0.004417797412432978
2018-03-19	9435	9435	9435	9436	0	-0.0030639197041733013
2018-03-20	9394	9462	9364	9465	15	0.003073336159389539
2018-03-21	9476	9476	9467	9468	17	0.000316957210776625
2018-03-22	9493	9498	9493	9502	10	0.003591043514997949
2018-03-23	9268	9273	9222	9225	45	-0.029151757524731647
2018-03-26	9195	9218	9139	9220	24	-0.0005420054200542257
2018-03-27	9218	9278	9218	9280	7	0.006507592190889477
2018-03-28	9176	9176	9176	9180	1	-0.010775862068965525
2018-03-29	9176	9176	9176	9180	0	0.0
2018-03-30	9232	9232	9232	9234	1	0.00588235294117645
2018-04-02	9190	9222	9149	9161	47050	-0.00790556638509854
2018-04-03	9028	9162	9028	9165	34	0.000436633555288779
2018-04-04	9127	9127	9127	9128	0	-0.004037097654118971
2018-04-05	9181	9186	9181	9188	76	0.006573181419807117
2018-04-06	9157	9157	9157	9161	1	-0.0029386155855463114
2018-04-09	9149	9254	9149	9257	11	0.010479205326929364
2018-04-10	9218	9300	9218	9304	12	0.005077238846278531
2018-04-11	9292	9292	9292	9294	20	-0.0010748065348237246
2018-04-12	9292	9292	9292	9294	0	0.0
2018-04-13	9339	9339	9339	9339	20	0.004841833440929699
2018-04-16	9379	9379	9344	9373	106123	0.003640646750187493
2018-04-17	9369	9369	9369	9373	0	0.0
2018-04-18	9531	9531	9531	9534	10	0.017176997759521972
2018-04-19	9627	9641	9627	9640	50928	0.011118103629116804
2018-04-20	9554	9587	9539	9565	50071	-0.00778008298755184
2018-04-23	9554	9554	9554	9556	0	-0.0009409304756926584
2018-04-24	9527	9527	9527	9529	0	-0.002825449979070749
2018-04-25	9448	9458	9448	9460	11	-0.0072410536257739855
2018-04-26	9536	9536	9536	9539	3	0.008350951374207272
2018-04-27	9643	9643	9643	9646	1	0.011217108711605084
2018-04-30	9700	9700	9700	9702	1	0.005805515239477588
2018-05-02	9723	9723	9723	9725	1	0.0023706452277880707
2018-05-03	9705	9705	9705	9706	1	-0.00195372750642675
2018-05-04	9611	9643	9569	9598	40862	-0.011127137852874558
2018-05-08	9634	9634	9592	9595	78	-0.00031256511773281037
2018-05-09	9592	9592	9476	9477	16	-0.012298071912454356
2018-05-10	9545	9545	9545	9547	0	0.0073863036826000705
2018-05-11	9565	9611	9545	9612	65709	0.006808421493663008
2018-05-14	9611	9611	9611	9612	0	0.0
2018-05-15	9648	9648	9550	9552	12	-0.006242197253433224
2018-05-16	9508	9508	9508	9510	4	-0.0043969849246231485
2018-05-17	9574	9574	9574	9575	7	0.006834910620399537
2018-05-18	9574	9574	9574	9575	0	0.0
2018-05-21	9574	9574	9574	9575	0	0.0
2018-05-23	9672	9672	9672	9673	10	0.010234986945169666
2018-05-24	9592	9592	9592	9595	1	-0.008063682414969464
2018-05-25	9517	9517	9517	9519	1	-0.007920792079207928
2018-05-28	9653	9653	9601	9622	239	0.01082046433448891
2018-05-29	9583	9583	9583	9585	2	-0.0038453543961753933
2018-05-30	9476	9476	9307	9383	45361	-0.021074595722483047
2018-05-31	9372	9372	9372	9375	0	-0.000852605776404114
2018-06-01	9387	9447	9341	9430	53608	0.005866666666666687
2018-06-04	9429	9429	9429	9430	12	0.0
2018-06-05	9382	9400	9382	9403	6	-0.002863202545068888
2018-06-07	9485	9493	9485	9496	10	0.009890460491332576
2018-06-08	9414	9414	9400	9413	94	-0.008740522325189515
2018-06-11	9331	9434	9331	9434	104608	0.0022309571868692757
2018-06-12	9382	9382	9382	9383	1	-0.005405978376086473
2018-06-14	9302	9302	9162	9164	86	-0.023340083129063216
2018-06-15	9162	9162	9079	9080	51	-0.009166302924487169
2018-06-18	9079	9079	8896	8922	67	-0.01740088105726867
2018-06-19	8975	8975	8757	8757	154	-0.01849361129791527
2018-06-20	8825	8825	8825	8829	1	0.008221993833504637
2018-06-21	8798	8803	8778	8782	10705	-0.005323366179635247
2018-06-22	8752	8812	8709	8786	28069	0.00045547711227511556
2018-06-25	8788	8788	8788	8791	10	0.0005690871841566025
2018-06-26	8788	8788	8788	8791	0	0.0
2018-06-27	8778	8778	8771	8772	2	-0.00216130133090664
2018-06-28	8649	8690	8649	8674	4	-0.011171910624715009
2018-06-29	8658	8728	8649	8730	3	0.006456075628314517
2018-07-02	8672	8709	8481	8519	103961	-0.02416953035509739
2018-07-03	8533	8533	8508	8511	2	-0.000939077356497231
2018-07-04	8508	8508	8508	8511	0	0.0
2018-07-05	8452	8452	8452	8455	21	-0.006579720361884589
2018-07-06	8433	8559	8433	8562	108	0.012655233589591974
2018-07-09	8490	8541	8490	8543	3	-0.0022191076851203473
2018-07-10	8611	8611	8606	8609	34	0.007725623317335728
2018-07-11	8584	8584	8499	8515	4	-0.01091880590080152
2018-07-12	8528	8545	8528	8538	109	0.0027011156782148493
2018-07-13	8601	8601	8601	8604	2	0.007730147575544688
2018-07-16	8611	8611	8611	8613	0	0.0010460251046024993
2018-07-17	8611	8611	8611	8613	0	0.0
2018-07-18	8653	8653	8593	8595	2	-0.002089864158829724
2018-07-19	8564	8564	8564	8567	1	-0.00325770796974989
2018-07-20	8574	8574	8574	8575	0	0.0009338158048324274
2018-07-23	8528	8528	8528	8529	1	-0.005364431486880483
2018-07-24	8513	8513	8513	8515	22	-0.0016414585531715487
2018-07-25	8523	8523	8523	8524	10	0.0010569583088666512
2018-07-26	8569	8579	8569	8580	2	0.006569685593617924
2018-07-27	8596	8601	8596	8604	4	0.002797202797202747
2018-07-30	8616	8616	8616	8618	0	0.0016271501627149743
2018-07-31	8685	8685	8685	8688	107	0.008122534230679879
2018-08-01	8653	8742	8653	8739	99041	0.005870165745856415
2018-08-02	8611	8611	8533	8558	129976	-0.020711751916695276
2018-08-03	8639	8644	8626	8626	202	0.00794578172470195
2018-08-06	8653	8653	8653	8656	1	0.003477857639693882
2018-08-07	8672	8709	8667	8707	126732	0.005891866913123822
2018-08-08	8677	8677	8677	8678	0	-0.003330653497186198
2018-08-09	8635	8635	8635	8636	1	-0.004839824844434237
2018-08-10	8579	8579	8579	8580	1	-0.006484483557202436
2018-08-13	8499	8499	8406	8407	5	-0.020163170163170152
2018-08-14	8494	8494	8494	8496	10	0.010586416081836525
2018-08-16	8406	8406	8406	8407	107	-0.010475517890772168
2018-08-17	8364	8364	8364	8366	1	-0.004876888307362881
2018-08-20	8452	8452	8452	8455	1	0.010638297872340496
2018-08-21	8494	8541	8494	8543	4	0.010408042578355925
2018-08-22	8574	8593	8574	8595	2215	0.006086854734870695
2018-08-23	8593	8593	8528	8567	31360	-0.00325770796974989
2018-08-24	8518	8559	8490	8548	62139	-0.002217812536477126
2018-08-27	8601	8601	8601	8604	5	0.0065512400561535955
2018-08-28	8635	8635	8635	8636	1	0.003719200371919973
2018-08-29	8639	8639	8639	8641	0	0.0005789717461788246
2018-08-30	8685	8685	8685	8688	2	0.0054391852794815065
2018-08-31	8700	8700	8700	8703	0	0.0017265193370166187
2018-09-03	8737	8737	8611	8626	26564	-0.008847523842353211
2018-09-04	8626	8672	8616	8674	38256	0.005564572223510256
2018-09-05	8672	8695	8653	8656	18	-0.0020751671662438964
2018-09-06	8635	8635	8635	8636	1	-0.002310536044362266
2018-09-07	8574	8574	8569	8571	537	-0.007526632700324276
2018-09-10	8601	8601	8601	8604	0	0.003850192509625483
2018-09-11	8588	8588	8588	8590	0	-0.0016271501627149743
2018-09-12	8541	8541	8541	8543	1	-0.0054714784633294045
2018-09-13	8564	8569	8518	8533	60066	-0.0011705489874751507
2018-09-14	8649	8681	8601	8683	52715	0.017578811672330996
2018-09-17	8667	8667	8549	8553	68	-0.014971783945640915
2018-09-18	8574	8579	8554	8571	57637	0.002104524728165469
2018-09-19	8631	8631	8554	8571	67413	0.0
2018-09-20	8626	8672	8601	8651	74610	0.009333800023334504
2018-09-21	8631	8662	8606	8664	253371	0.00150271644896538
2018-09-27	8677	8737	8667	8739	76262	0.00865650969529086
2018-09-28	8690	8704	8662	8674	175327	-0.007437921959034255
2018-10-01	8695	8695	8606	8651	195054	-0.0026516024902005775
2018-10-02	8601	8616	8574	8604	68045	-0.005432897930875091
2018-10-04	8601	8601	8425	8436	27417	-0.019525801952580246
2018-10-05	8447	8466	8406	8460	36042	0.002844950213371167
2018-10-08	8420	8420	8420	8421	0	-0.004609929078014163
2018-10-10	8364	8369	8266	8281	99398	-0.01662510390689942
2018-10-11	8098	8098	8004	8006	7	-0.033208549692066214
2018-10-12	8052	8052	8013	8020	33691	0.0017486884836372951
2018-10-15	7985	7985	7934	7936	28	-0.010473815461346625
2018-10-16	7958	7990	7925	7931	117376	-0.0006300403225806273
2018-10-17	8047	8074	8000	8020	59445	0.011221787920816961
2018-10-18	7966	8000	7944	7978	12561	-0.0052369077306733125
2018-10-19	7901	7948	7901	7950	2	-0.0035096515417397667
2018-10-22	7948	7948	7948	7950	1	0.0
2018-10-23	7901	7911	7761	7763	28788	-0.023522012578616303
2018-10-24	7808	7813	7756	7791	52517	0.0036068530207393756
2018-10-25	7639	7659	7527	7540	61262	-0.03221666024900527
2018-10-26	7536	7546	7527	7549	12	0.0011936339522546913
2018-10-29	7523	7541	7420	7450	91210	-0.01311431977745392
2018-10-30	7392	7566	7392	7530	4453	0.010738255033557076
2018-10-31	7439	7482	7420	7483	21871	-0.006241699867197914
2018-11-01	7570	7612	7486	7488	26741	0.0006681812107443008
2018-11-02	7681	7756	7681	7759	20	0.036191239316239354
2018-11-05	7742	7742	7686	7730	112479	-0.0037375950509086486
2018-11-06	7793	7793	7793	7796	50	0.00853816300129373
2018-11-07	7882	7882	7728	7730	5127	-0.008465879938429954
2018-11-08	7901	7901	7901	7903	1	0.02238033635187575
2018-11-09	7878	7878	7803	7838	7059	-0.008224724788055138
2018-11-12	7798	7832	7798	7833	35	-0.000637917836182722
2018-11-13	7701	7780	7677	7782	7788	-0.006510915358100333
2018-11-14	7766	7766	7766	7768	20	-0.0017990233873040884
2018-11-15	7756	7832	7732	7833	7774	0.008367662203913495
2018-11-16	7906	7906	7906	7907	1	0.009447210519596627
2018-11-19	7906	7925	7873	7907	18383	0.0
2018-11-20	7789	7789	7789	7791	10	-0.014670545086632125
2018-11-21	7677	7771	7677	7768	33559	-0.0029521242459248365
2018-11-22	7780	7798	7737	7754	29786	-0.0018022657054582725
2018-11-23	7701	7701	7701	7703	5	-0.006577250451379912
2018-11-26	7732	7844	7732	7828	5111	0.01622744385304431
2018-11-27	7827	7911	7798	7907	9969	0.010091977516607065
2018-11-28	7901	7929	7901	7931	43	0.0030352851903376887
2018-11-29	7990	7990	7925	7926	24	-0.0006304375236414472
2018-11-30	7891	7891	7891	7895	0	-0.003911178400201831
2018-12-03	7944	8027	7920	8001	35685	0.013426219126029038
2018-12-04	7901	7901	7901	7903	10	-0.012248468941382318
2018-12-05	7849	7873	7818	7857	4388	-0.005820574465392858
2018-12-06	7780	7784	7771	7782	4721	-0.009545628102329173
2018-12-07	7808	7808	7808	7810	0	0.003598046774608177
2018-12-10	7728	7728	7728	7730	1	-0.010243277848911658
2018-12-11	7725	7747	7715	7740	8425	0.001293661060802087
2018-12-12	7827	7827	7827	7828	22	0.01136950904392764
2018-12-13	7906	7906	7906	7907	10	0.010091977516607065
2018-12-14	7798	7798	7751	7763	4244	-0.01821171114202602
2018-12-17	7793	7827	7793	7810	591	0.006054360427669714
2018-12-18	7808	7808	7808	7810	0	0.0
2018-12-19	7818	7818	7818	7818	1	0.0010243277848911436
2018-12-20	7818	7818	7818	7818	0	0.0
2018-12-21	7813	7813	7813	7814	0	-0.0005116398055768911
2018-12-24	7813	7813	7813	7814	0	0.0
2018-12-26	7751	7756	7681	7735	22667	-0.010110058868697203
2018-12-27	7878	7887	7854	7857	17482	0.015772462831286305
2018-12-28	7854	7854	7854	7857	0	0.0
2019-01-02	7891	7891	7747	7754	13118	-0.013109329260531988
2019-01-03	7659	7659	7659	7660	1	-0.012122775341759096
2019-01-04	7654	7710	7654	7711	13	0.006657963446475179
2019-01-07	7859	7882	7849	7885	8004	0.022565166645052592
2019-01-08	7887	7896	7844	7861	257	-0.0030437539632213184
2019-01-09	7891	8000	7887	8001	33736	0.017809439002671512
2019-01-10	7985	7985	7985	7988	1071	-0.0016247969003874152
2019-01-11	8061	8061	8061	8062	1	0.009263895843765635
2019-01-14	8004	8004	7970	7983	6135	-0.009799057305879488
2019-01-15	8158	8158	8158	8160	1	0.02217211574596023
2019-01-16	8154	8154	8154	8155	5	-0.0006127450980392135
2019-01-17	8270	8270	8270	8272	96	0.014347026364193827
2019-01-18	8308	8308	8308	8309	0	0.004472920696324989
2019-01-21	8330	8330	8322	8324	65	0.0018052713924658903
2019-01-22	8251	8289	8251	8286	3236	-0.004565112926477655
2019-01-23	8340	8340	8340	8343	0	0.006879073135409142
2019-01-24	8433	8466	8433	8468	20	0.01498262016061358
2019-01-25	8504	8588	8504	8590	36	0.01440717997165808
2019-01-28	8579	8601	8504	8519	74841	-0.008265424912689223
2019-01-29	8518	8574	8518	8571	17188	0.006104002817232113
2019-01-30	8593	8685	8579	8660	12795	0.010383852525959636
2019-01-31	8737	8737	8704	8707	56644	0.005427251732101679
2019-02-01	8737	8752	8709	8711	184222	0.0004594004823705866
2019-02-07	8719	8728	8667	8669	2263	-0.004821490070026413
2019-02-08	8649	8649	8518	8533	8599	-0.015688083977390743
2019-02-11	8538	8611	8499	8613	36074	0.009375366225243154
2019-02-12	8611	8677	8611	8678	20	0.007546731684662689
2019-02-13	8700	8704	8672	8678	10573	0.0
2019-02-14	8606	8714	8596	8716	134	0.004378889144964315
2019-02-15	8649	8649	8579	8600	82	-0.013308857273978902
2019-02-18	8644	8644	8644	8646	1	0.005348837209302237
2019-02-19	8621	8621	8601	8604	19641	-0.004857737682165131
2019-02-20	8626	8685	8626	8688	161	0.009762900976290068
2019-02-21	8695	8695	8685	8688	49971	0.0
2019-02-22	8700	8714	8695	8707	2141	0.0021869244935543986
2019-02-25	8732	8747	8709	8734	2267	0.0031009532560009045
2019-02-26	8719	8728	8672	8693	3132	-0.004694298145179743
2019-02-27	8732	8732	8700	8703	2	0.0011503508570114285
2019-02-28	8677	8704	8584	8604	228	-0.011375387797311287
2019-03-04	8601	8606	8533	8533	159378	-0.008251975825197544
2019-03-05	8490	8490	8457	8460	3	-0.008555021680534347
2019-03-06	8457	8457	8457	8460	10	0.0
2019-03-07	8461	8461	8447	8450	113	-0.0011820330969266601
2019-03-08	8378	8378	8340	8343	3	-0.012662721893491158
2019-03-11	8359	8359	8359	8361	1	0.0021574973031284195
2019-03-12	8433	8447	8433	8450	292	0.010644659729697414
2019-03-13	8401	8425	8401	8426	630	-0.0028402366863905515
2019-03-14	8425	8425	8425	8426	0	0.0
2019-03-15	8481	8490	8481	8483	22	0.00676477569427969
2019-03-18	8494	8494	8494	8496	5215	0.0015324767181421617
2019-03-19	8494	8494	8494	8496	0	0.0
2019-03-20	8438	8490	8438	8491	2	-0.0005885122410546062
2019-03-21	8596	8601	8596	8604	15	0.01330820869155569
2019-03-22	8584	8584	8584	8585	85	-0.0022082752208275602
2019-03-25	8433	8433	8433	8436	1	-0.01735585323238209
2019-03-26	8411	8416	8411	8417	1160	-0.0022522522522522292
2019-03-27	8373	8466	8373	8468	5	0.00605916597362488
2019-03-28	8406	8416	8359	8361	44	-0.012635805384978771
2019-03-29	8411	8411	8378	8394	14377	0.00394689630426992
2019-04-01	8452	8538	8452	8533	275875	0.016559447224207657
2019-04-02	8569	8569	8538	8558	2362	0.0029298019453884994
2019-04-03	8579	8690	8579	8693	26952	0.01577471371815853
2019-04-04	8690	8704	8667	8703	2670	0.0011503508570114285
2019-04-05	8709	8709	8709	8711	1	0.0009192232563484115
2019-04-08	8709	8709	8709	8711	0	0.0
2019-04-09	8709	8709	8709	8711	0	0.0
2019-04-10	8757	8757	8757	8757	0	0.005280679600505156
2019-04-11	8761	8793	8761	8762	242	0.0005709717939934578
2019-04-12	8761	8761	8761	8762	13	0.0
2019-04-15	8868	8868	8864	8865	4445	0.011755307007532467
2019-04-16	8868	8868	8868	8870	13218	0.0005640157924422518
2019-04-17	8868	8868	8855	8855	35205	-0.0016910935738444488
2019-04-18	8747	8766	8747	8767	16330	-0.009937888198757738
2019-04-19	8778	8778	8778	8782	7267	0.001710961560396962
2019-04-22	8778	8778	8714	8762	107	-0.002277385561375578
2019-04-23	8778	8778	8761	8767	41	0.0005706459712393475
2019-04-24	8742	8742	8742	8744	0	-0.0026234743926086823
2019-04-25	8728	8728	8728	8730	0	-0.0016010978956999544
2019-04-26	8658	8662	8635	8651	56	-0.009049255441007986
2019-04-29	8711	8801	8701	8794	3356	0.016529880938619845
2019-04-30	8839	8854	8764	8832	435274	0.0043211280418467
2019-05-02	8791	8882	8791	8845	450385	0.0014719202898549888
2019-05-03	8820	8820	8777	8817	91	-0.0031656302996042607
2019-05-07	8734	8734	8691	8726	16	-0.010320970851763644
2019-05-08	8682	8729	8682	8699	86	-0.0030942012376804495
2019-05-09	8649	8649	8483	8485	38	-0.02460052879641339
2019-05-10	8506	8526	8393	8461	26663	-0.0028285209192693284
2019-05-13	8388	8388	8349	8351	14795	-0.01300082732537522
2019-05-14	8302	8364	8302	8366	18656	0.0017961920728055691
2019-05-15	8412	8412	8412	8413	21042	0.00561797752808979
2019-05-16	8412	8412	8279	8279	37140	-0.01592773089266608
2019-05-17	8293	8293	8269	8270	29	-0.0010870878125377459
2019-05-20	8264	8274	8216	8223	2277	-0.005683192261184966
2019-05-21	8269	8349	8269	8299	101	0.009242368965098002
2019-05-22	8240	8302	8231	8304	37	0.0006024822267742813
2019-05-23	8240	8283	8236	8284	3243	-0.00240847784200382
2019-05-24	8197	8197	8189	8189	3	-0.011467889908256867
2019-05-27	8221	8221	8206	8209	61	0.0024423006472096276
2019-05-28	8211	8269	8206	8242	1621	0.00401997807284693
2019-05-29	8107	8174	8107	8156	21707	-0.010434360592089353
2019-05-30	8193	8193	8193	8194	0	0.004659146640510148
2019-05-31	8179	8202	8121	8171	262682	-0.002806931901391252
2019-06-03	8184	8349	8184	8351	263112	0.022029127401786752
2019-06-04	8349	8349	8335	8337	10	-0.0016764459346185756
2019-06-05	8402	8412	8393	8413	2189	0.009115988964855548
2019-06-07	8388	8435	8388	8437	68	0.002852727921074605
2019-06-10	8468	8526	8430	8522	112	0.010074671091620191
2019-06-11	8526	8563	8526	8565	10	0.005045763905186629
2019-06-12	8516	8521	8506	8513	3247	-0.0060712200817280015
2019-06-13	8511	8511	8497	8498	20	-0.0017620110419358515
2019-06-14	8497	8497	8463	8498	8	0.0
2019-06-17	8473	8492	8473	8493	7	-0.000588373734996428
2019-06-18	8492	8526	8492	8527	47	0.004003296832685743
2019-06-19	8592	8596	8592	8599	22	0.00844376685821513
2019-06-20	8596	8596	8596	8599	5	0.0
2019-06-21	8587	8626	8587	8626	29813	0.00313989998837072
2019-06-24	8668	8673	8635	8674	28257	0.005564572223510256
2019-06-25	8663	8663	8649	8664	35	-0.0011528706479132511
2019-06-26	8621	8673	8621	8669	34774	0.0005771006463526351
2019-06-27	8673	8759	8673	8759	34647	0.010381820279155685
2019-06-28	8820	8820	8686	8717	161249	-0.00479506793012896
2019-07-01	8781	8801	8729	8751	256716	0.003900424457955687
2019-07-02	8682	8749	8682	8726	1392	-0.0028568163638441613
2019-07-03	8691	8691	8596	8599	121	-0.01455420582168232
2019-07-04	8596	8668	8596	8669	85	0.008140481451331505
2019-07-05	8668	8668	8592	8660	3281	-0.0010381820279156129
2019-07-08	8531	8531	8511	8513	733	-0.01697459584295613
2019-07-09	8511	8511	8497	8503	56	-0.0011746740279572343
2019-07-10	8526	8549	8502	8546	3366	0.005057038692226179
2019-07-11	8578	8631	8578	8631	54	0.009946173648490486
2019-07-12	8596	8639	8596	8626	4209	-0.0005793071486501766
2019-07-15	8596	8606	8568	8608	8956	-0.0020867145838163736
2019-07-16	8606	8606	8606	8608	7110	0.0
2019-07-17	8506	8516	8488	8513	15016	-0.011036245353159835
2019-07-18	8473	8473	8473	8475	27390	-0.00446376130623749
2019-07-19	8521	8616	8521	8612	1070	0.016165191740413087
2019-07-22	8587	8587	8568	8584	872	-0.0032512772875058493
2019-07-23	8587	8631	8587	8631	2473	0.005475302889095923
2019-07-24	8573	8578	8521	8556	12646	-0.008689607229753205
2019-07-25	8544	8544	8468	8522	14009	-0.00397381954184195
2019-07-26	8473	8473	8473	8475	1	-0.005515137291715599
2019-07-29	8330	8330	8330	8332	925	-0.016873156342182893
2019-07-30	8393	8393	8354	8384	19681	0.006240998559769562
2019-07-31	8340	8340	8240	8327	226867	-0.006798664122137366
2019-08-01	8221	8283	8211	8242	202808	-0.010207757896000924
2019-08-02	8146	8193	8126	8184	3675	-0.007037126910943936
2019-08-05	8126	8126	7988	8009	5054	-0.021383186705767332
2019-08-06	7922	7960	7874	7886	2954	-0.015357722562117648
2019-08-07	7874	7874	7850	7866	184	-0.002536139994927744
2019-08-08	7903	7936	7898	7900	102	0.0043224002034070175
2019-08-09	7978	7978	7946	7981	545	0.010253164556962124
2019-08-12	7951	7993	7951	7971	3895	-0.0012529758175666705
2019-08-13	7893	7893	7888	7891	13	-0.010036381884330647
2019-08-14	7969	7969	7969	7971	46	0.010138132049170023
2019-08-16	7869	7883	7869	7876	16979	-0.01191820348764272
2019-08-19	7893	7926	7893	7928	64276	0.006602336211274817
2019-08-20	7983	8036	7983	8009	8833	0.010216952573158355
2019-08-21	8051	8074	8036	8037	56	0.0034960669247097176
2019-08-22	8021	8021	7978	7995	362	-0.005225830533781228
2019-08-23	7973	7973	7973	7976	291	-0.0023764853033145794
2019-08-26	7855	7898	7845	7866	3516	-0.013791374122367084
2019-08-27	7917	7931	7865	7866	201	0.0
2019-08-28	7888	7946	7888	7947	62	0.010297482837528626
2019-08-29	7964	7964	7964	7966	280	0.002390839310431714
2019-08-30	8046	8111	8031	8109	12	0.017951292995229684
2019-09-02	8074	8111	8056	8085	64741	-0.002959674435812021
2019-09-03	8083	8093	8064	8066	6	-0.0023500309214594672
2019-09-04	8061	8093	8061	8094	565	0.0034713612695262963
2019-09-05	8169	8269	8169	8232	1959	0.017049666419570064
2019-09-06	8264	8269	8254	8261	41719	0.0035228377065110728
2019-09-09	8326	8349	8298	8299	19998	0.0045999273695678244
2019-09-10	8330	8354	8311	8347	10386	0.005783829377033367
2019-09-11	8417	8430	8378	8408	68271	0.007308014855636813
2019-09-16	8407	8417	8407	8418	9	0.0011893434823977422
2019-09-17	8449	8483	8430	8475	50250	0.006771204561653699
2019-09-18	8488	8488	8488	8488	5	0.0015339233038347277
2019-09-19	8544	8573	8516	8546	48668	0.006833176248821848
2019-09-20	8540	8611	8540	8599	50496	0.006201731804353017
2019-09-23	8626	8631	8596	8621	6129	0.002558437027561311
2019-09-24	8592	8639	8587	8631	4111	0.0011599582415033893
2019-09-25	8592	8596	8544	8551	4851	-0.009268914378403381
2019-09-26	8578	8578	8526	8565	10	0.001637235411062976
2019-09-27	8526	8526	8497	8508	18	-0.006654991243432606
2019-09-30	8468	8573	8440	8556	49730	0.005641748942172065
2019-10-01	8540	8573	8511	8546	86302	-0.001168770453482959
2019-10-02	8426	8440	8359	8361	33164	-0.021647554411420522
2019-10-04	8345	8383	8340	8342	116	-0.00227245544791288
2019-10-07	8307	8330	8307	8323	98	-0.002277631263486013
2019-10-08	8359	8393	8335	8394	64	0.00853057791661671
2019-10-10	8274	8307	8274	8308	9	-0.010245413390516989
2019-10-11	8340	8369	8335	8356	15865	0.00577756379393346
2019-10-14	8430	8459	8412	8413	133	0.006821445667783532
2019-10-15	8412	8463	8412	8446	73749	0.003922500891477387
2019-10-16	8497	8511	8478	8503	4237	0.006748756807956502
2019-10-17	8473	8478	8440	8456	7012	-0.0055274608961543015
2019-10-18	8483	8497	8402	8403	141	-0.006267738883632967
2019-10-21	8388	8407	8369	8379	76938	-0.002856122813280959
2019-10-22	8463	8463	8463	8466	42	0.010383100608664542
2019-10-23	8444	8444	8444	8446	1	-0.002362390739428344
2019-10-24	8364	8426	8364	8422	107	-0.0028415818138763926
2019-10-25	8402	8421	8378	8408	2702	-0.0016623129897886946
2019-10-28	8444	8444	8407	8422	11089	0.0016650808753568835
2019-10-29	8444	8454	8373	8398	18275	-0.002849679411066286
2019-10-30	8335	8354	8298	8332	2570	-0.007859014050964563
2019-10-31	8369	8378	8326	8347	4994	0.0018002880460874504
2019-11-01	8326	8326	8326	8327	5	-0.002396070444471099
2019-11-04	8440	8488	8430	8488	2671	0.019334694367719507
2019-11-05	8521	8563	8521	8546	81	0.006833176248821848
2019-11-06	8563	8563	8563	8565	10	0.0022232623449567335
2019-11-07	8578	8583	8568	8579	14655	0.0016345592527728936
2019-11-08	8587	8587	8558	8561	9991	-0.0020981466371371438
2019-11-11	8506	8540	8483	8517	44436	-0.005139586496904602
2019-11-12	8516	8583	8516	8584	34	0.007866619701772937
2019-11-13	8549	8558	8540	8561	29	-0.002679403541472558
2019-11-14	8521	8526	8492	8527	1196	-0.003971498656698991
2019-11-15	8540	8659	8540	8656	7506	0.015128415620968783
2019-11-18	8639	8649	8616	8646	17967	-0.001155268022181133
2019-11-19	8568	8616	8553	8612	3694	-0.003932454314133693
2019-11-20	8558	8587	8526	8527	12996	-0.009869948908499793
2019-11-21	8454	8459	8354	8374	131630	-0.01794300457370701
2019-11-22	8421	8459	8402	8441	7365	0.008000955337950755
2019-11-25	8516	8526	8492	8493	813	0.00616040753465219
2019-11-26	8558	8558	8549	8551	9568	0.006829153420463863
2019-11-27	8502	8506	8492	8498	7887	-0.006198105484738647
2019-11-28	8483	8502	8459	8466	49437	-0.0037655919039774055
2019-11-29	8354	8359	8349	8351	37	-0.0135837467517127
2019-12-02	8354	8373	8326	8351	17201	0.0
2019-12-03	8283	8283	8226	8275	829	-0.009100706502215283
2019-12-04	8240	8240	8169	8218	1590	-0.006888217522658557
2019-12-05	8283	8288	8189	8218	3997	0.0
2019-12-06	8254	8283	8250	8275	3247	0.006935994159162906
2019-12-09	8298	8340	8298	8308	2409	0.003987915407855036
2019-12-10	8326	8345	8321	8337	7700	0.0034906114588348913
2019-12-11	8354	8388	8330	8374	5515	0.004438047259206046
2019-12-12	8478	8497	8454	8498	43	0.014807738237401447
2019-12-13	8668	8686	8659	8684	319	0.021887502941868586
2019-12-16	8691	8691	8654	8669	7240	-0.0017273146015660545
2019-12-17	8701	8711	8691	8712	24	0.004960203022263299
2019-12-18	8806	8839	8769	8802	2917	0.010330578512396604
2019-12-19	8816	8816	8806	8807	2	0.0005680527152920334
2019-12-20	8820	8849	8791	8849	6746	0.004768933802657083
2019-12-23	8829	8834	8806	8832	2496	-0.0019211210306249171
2019-12-24	8816	8816	8781	8784	205	-0.005434782608695676
2019-12-26	8801	8816	8786	8817	1108	0.0037568306010928865
2019-12-27	8934	8992	8919	8964	9136	0.01667233752977193
2019-12-30	8963	8987	8939	8950	7750	-0.0015618027666219891
2020-01-02	8949	8949	8824	8854	16292	-0.010726256983240257
2020-01-03	8910	8929	8777	8837	9295	-0.0019200361418567624
2020-01-06	8777	8777	8706	8721	19652	-0.013126626683263587
2020-01-07	8786	8796	8744	8759	280	0.004357298474945592
2020-01-08	8721	8721	8691	8694	78	-0.007420938463294946
2020-01-09	8749	8791	8711	8794	2343	0.01150218541522885
2020-01-10	8796	8839	8777	8841	107	0.005344553104389416
2020-01-13	8811	8896	8796	8897	1880	0.0063341250989708
2020-01-14	8953	8977	8939	8964	4283	0.007530628301674724
2020-01-15	8896	8919	8896	8922	647	-0.004685408299866078
2020-01-16	8939	9006	8924	9007	281	0.00952701188074423
2020-01-17	9024	9034	9014	9036	13	0.0032197179971134027
2020-01-20	9077	9115	9053	9102	1695	0.007304116865869847
2020-01-21	9058	9058	9058	9060	21	-0.004614370468029039
2020-01-22	9072	9072	9072	9073	197	0.0014348785871964864
2020-01-23	9077	9077	9077	9078	111	0.0005510856387083152
2020-01-28	8824	8834	8769	8807	14987	-0.02985239039435994
2020-01-29	8868	8906	8859	8884	354	0.008743045304871133
2020-01-30	8801	8816	8686	8689	3781	-0.021949572264745587
2020-01-31	8729	8739	8573	8579	34494	-0.012659684658763992
2020-02-03	8430	8587	8407	8517	46363	-0.007226949527917026
2020-02-04	8578	8673	8563	8664	9500	0.017259598450158453
2020-02-05	8716	8716	8716	8717	82	0.006117266851338954
2020-02-06	8820	8987	8820	8988	389	0.03108867729723519
2020-02-07	8877	8906	8854	8854	546	-0.014908767245215837
2020-02-10	8816	8816	8816	8817	1	-0.0041789021911000646
2020-02-11	8896	8896	8896	8897	10	0.009073380968583455
2020-02-12	8915	8915	8915	8917	1	0.002247948746768591
2020-02-13	9039	9039	8972	8974	2	0.006392284400583259
2020-02-14	8972	9019	8972	9021	24	0.005237352351237012
2020-02-17	9001	9001	9001	9002	1	-0.002106196652255865
2020-02-18	8834	8849	8824	8827	242	-0.019440124416796323
2020-02-19	8820	8820	8820	8822	44	-0.0005664438654129356
2020-02-20	8820	8820	8820	8822	22	0.0
2020-02-21	8711	8711	8678	8679	43	-0.016209476309226978
2020-02-24	8430	8430	8345	8347	10780	-0.03825325498329302
2020-02-25	8402	8402	8402	8403	118	0.0067089972445188994
2020-02-26	8316	8316	8316	8318	0	-0.010115434963703485
2020-02-27	8240	8240	8240	8242	36	-0.009136811733589822
2020-02-28	8041	8069	7931	7951	27538	-0.03530696432904634
2020-03-02	7951	8031	7879	7999	10318	0.00603697648094581
2020-03-03	8031	8031	8031	8033	0	0.0042505313164145075
2020-03-04	8179	8206	8169	8184	566	0.01879746047553832
2020-03-05	8254	8321	8245	8294	3628	0.013440860215053752
2020-03-06	8164	8169	8093	8104	7290	-0.02290812635640227
2020-03-09	7874	7874	7750	7790	3271	-0.038746298124383016
2020-03-10	7765	7803	7708	7752	7101	-0.004878048780487809
2020-03-11	7713	7723	7571	7591	8455	-0.02076883384932926
2020-03-12	7471	7471	7185	7215	15851	-0.04953234093004877
2020-03-13	6833	7124	6648	7015	9108	-0.027720027720027685
2020-03-16	6986	7052	6848	6858	1977	-0.022380612972202396
2020-03-17	6590	6819	6539	6668	11195	-0.027704870224555256
2020-03-18	6577	6577	6329	6331	60	-0.0505398920215957
2020-03-19	6210	6210	5707	5732	127	-0.0946138050860843
2020-03-20	5992	6188	5992	6188	140	0.07955338450802518
2020-03-23	5854	5854	5854	5856	10	-0.05365223012281839
2020-03-24	6110	6263	6068	6264	10805	0.069672131147541
2020-03-25	6453	6653	6453	6654	197	0.0622605363984674
2020-03-26	6720	6838	6586	6650	5774	-0.0006011421701231923
2020-03-27	6828	6896	6557	6753	7159	0.015488721804511218
2020-03-30	6819	6819	6819	6821	67	0.010069598696875515
2020-03-31	6976	6986	6901	6987	64	0.024336607535552002
2020-04-01	6881	7023	6768	6768	799	-0.031343924431086356
2020-04-02	6853	6952	6853	6954	2	0.027482269503546153
2020-04-03	6971	6971	6947	6949	2	-0.000719010641357487
2020-04-06	7105	7214	7105	7215	39	0.03827888904878396
2020-04-07	7280	7308	7265	7311	5	0.013305613305613306
2020-04-08	7313	7318	7260	7263	4	-0.006565449322938011
2020-04-09	7299	7385	7299	7386	11	0.01693515076414709
2020-04-10	7385	7385	7385	7386	0	0.0
2020-04-13	7299	7308	7248	7311	10564	-0.010154346060113784
2020-04-14	7441	7441	7441	7443	1	0.018054985638079613
2020-04-16	7375	7403	7308	7391	64	-0.006986430202875149
2020-04-17	7508	7575	7508	7576	55	0.025030442429982314
2020-04-20	7536	7536	7532	7534	2	-0.0055438225976768285
2020-04-21	7343	7437	7295	7438	41	-0.012742235200424723
2020-04-22	7285	7466	7285	7466	35	0.0037644528098952357
2020-04-23	7476	7527	7476	7529	56	0.008438253415483432
2020-04-24	7471	7471	7446	7448	122	-0.010758400850046534
2020-04-27	7413	7584	7413	7571	201	0.01651450053705683
2020-04-28	7658	7658	7522	7650	31757	0.010434552899220684
2020-04-29	7707	7707	7673	7673	64	0.0030065359477124964
2020-05-04	7469	7551	7459	7479	11202	-0.025283461488335712
2020-05-06	7581	7581	7581	7581	1	0.013638186923385476
2020-05-07	7590	7590	7590	7591	1	0.001319087191663293
2020-05-08	7629	7629	7629	7630	1	0.005137663021999694
2020-05-11	7624	7624	7585	7586	52	-0.005766710353866333
2020-05-12	7551	7551	7551	7552	1	-0.004481940416556807
2020-05-13	7484	7551	7484	7552	52	0.0
2020-05-14	7459	7459	7459	7460	1	-0.01218220338983056
2020-05-15	7459	7502	7440	7504	4325	0.005898123324396876
2020-05-18	7484	7561	7484	7561	34	0.007595948827292087
2020-05-19	7740	7760	7735	7761	339	0.02645152757571756
2020-05-20	7735	7750	7712	7751	351	-0.0012884937508053085
2020-05-21	7765	7770	7735	7771	50	0.0025803122177783244
2020-05-22	7619	7619	7619	7620	1	-0.019431218633380487
2020-05-25	7619	7663	7619	7664	12	0.005774278215223028
2020-05-26	7755	7770	7750	7771	43	0.013961377870563618
2020-05-27	7770	7833	7770	7834	12	0.00810706472783429
2020-05-28	7916	7916	7712	7790	25378	-0.005616543272912944
2020-05-29	7789	7852	7735	7853	17509	0.008087291399229812
2020-06-01	7964	7988	7964	7990	7283	0.01744556220552651
2020-06-02	8013	8119	8013	8121	490	0.01639549436795984
2020-06-03	8290	8469	8290	8451	390	0.040635389730328875
2020-06-04	8571	8571	8372	8377	16	-0.008756360194059898
2020-06-05	8377	8484	8333	8485	5	0.0128924435955593
2020-06-08	8566	8566	8484	8533	781	0.005657041838538657
2020-06-09	8533	8533	8533	8533	20	0.0
2020-06-10	8542	8542	8542	8543	577	0.001171920778155311
2020-06-11	8426	8459	8426	8426	56	-0.013695423153458952
2020-06-12	8017	8124	8017	8101	142	-0.0385710894849276
2020-06-15	8042	8042	7750	7751	60	-0.04320454264905571
2020-06-16	7916	8085	7916	8086	97	0.04322022964778749
2020-06-17	8124	8124	8095	8096	11	0.001236705416769679
2020-06-18	8095	8095	8095	8096	0	0.0
2020-06-19	8095	8095	8090	8091	11	-0.0006175889328062789
2020-06-22	8066	8066	8032	8033	19	-0.007168458781361964
2020-06-23	8022	8022	7959	7960	13	-0.009087514004730513
2020-06-24	8105	8105	8105	8106	49	0.018341708542713553
2020-06-25	7998	8003	7925	7926	381	-0.022205773501110304
2020-06-26	7968	7968	7968	7970	0	0.0055513499873833805
2020-06-29	7906	7906	7876	7878	188	-0.011543287327478002
2020-06-30	7955	7955	7955	7955	6	0.009774054328509862
2020-07-01	7955	7955	7955	7955	0	0.0
2020-07-02	7993	7993	7993	7994	1	0.00490257699560015
2020-07-03	8027	8047	8017	8047	9398	0.0066299724793594805
2020-07-06	8085	8206	8085	8198	163	0.018764757052317727
2020-07-07	8216	8216	8216	8218	10	0.0024396194193705423
2020-07-08	8071	8071	8071	8072	0	-0.017765879776101223
2020-07-09	8071	8071	8071	8072	0	0.0
2020-07-10	7983	7983	7983	7985	1	-0.010777998017839407
2020-07-13	8090	8090	8090	8091	0	0.013274890419536556
2020-07-14	8114	8114	8114	8116	0	0.003089852923000791
2020-07-15	8280	8280	8280	8280	1	0.020206998521439035
2020-07-16	8275	8275	8275	8276	10	-0.0004830917874396601
2020-07-17	8299	8299	8299	8300	0	0.002899951667472145
2020-07-20	8430	8430	8430	8431	0	0.015783132530120536
2020-07-21	8542	8546	8533	8538	4079	0.012691258450954868
2020-07-22	8538	8538	8538	8538	0	0.0
2020-07-23	8479	8479	8479	8480	1	-0.0067931599906301265
2020-07-24	8493	8493	8493	8494	0	0.0016509433962264008
2020-07-27	8556	8556	8556	8558	0	0.007534730397927847
2020-07-28	8673	8673	8654	8664	22	0.012386071512035413
2020-07-29	8761	8761	8761	8761	0	0.011195752539242765
2020-07-30	8784	8784	8784	8786	0	0.0028535555301905102
2020-07-31	8722	8722	8697	8699	406	-0.009902117004325084
2020-08-03	8571	8571	8571	8572	227	-0.014599379238993015
2020-08-04	8722	8741	8722	8742	159	0.019832011199253374
2020-08-05	8771	8771	8771	8771	0	0.003317318691375082
2020-08-06	8911	8911	8911	8912	0	0.016075704024626658
2020-08-07	8911	8911	8911	8912	0	0.0
2020-08-10	8999	9183	8974	9184	2750	0.030520646319569078
2020-08-11	9242	9285	9227	9277	17853	0.01012630662020908
2020-08-12	9309	9309	9173	9242	190	-0.0037727713700549392
2020-08-13	9377	9377	9207	9291	1052	0.005301882709370265
2020-08-14	9251	9251	9168	9232	56	-0.0063502314067377386
2020-08-18	9198	9237	8863	8946	8719	-0.03097920277296362
2020-08-19	9027	9027	8989	8990	624	0.004918399284596475
2020-08-20	8916	8916	8620	8684	15215	-0.03403781979977749
2020-08-21	8731	8833	8727	8732	1048	0.005527406725011508
2020-08-24	8717	8882	8717	8883	24	0.01729271644525876
2020-08-25	9004	9066	9004	9068	3	0.020826297422042117
2020-08-26	9066	9066	9066	9068	0	0.0
2020-08-27	8999	8999	8940	8942	5	-0.013895015438906033
2020-08-28	8999	9042	8999	9004	3	0.006933571907850489
2020-08-31	9125	9158	8969	8970	438	-0.0037760995113282902
2020-09-01	9071	9110	9071	9082	2061	0.012486064659977814
2020-09-02	9101	9178	9101	9180	20	0.010790574763267946
2020-09-03	9295	9295	9295	9296	43	0.012636165577342151
2020-09-04	9285	9295	9285	9296	1710	0.0
2020-09-07	9353	9382	9353	9383	27	0.009358864027538827
2020-09-08	9382	9401	9382	9403	45	0.0021315144410103404
2020-09-09	9275	9275	9275	9277	1	-0.013399978730192497
2020-09-10	9309	9431	9309	9431	104	0.016600194028241866
2020-09-11	9314	9416	9314	9418	107	-0.0013784328279079494
2020-09-14	9518	9533	9518	9534	6	0.012316840093438142
2020-09-15	9605	9605	9533	9543	53	0.0009439899307741584
2020-09-16	9587	9587	9562	9563	45	0.002095777009326172
2020-09-17	9567	9567	9567	9567	1	0.0004182787828086454
2020-09-18	9484	9484	9465	9466	21	-0.01055712344517612
2020-09-21	9465	9465	9465	9466	1	0.0
2020-09-22	9168	9168	9168	9170	0	-0.03126980773293897
2020-09-23	9193	9193	9193	9193	1	0.00250817884405663
2020-09-24	8999	8999	8999	8999	72	-0.021103013162188655
2020-09-25	8960	9017	8960	8980	1260	-0.0021113457050783158
2020-09-28	9052	9052	9052	9053	0	0.008129175946547829
2020-09-29	9193	9193	9193	9193	1	0.015464486910416353
2020-10-05	9382	9392	9382	9393	26	0.02175568367235936
2020-10-06	9445	9445	9309	9310	593	-0.008836367507718546
2020-10-07	9372	9372	9372	9373	0	0.006766917293232977
2020-10-08	9382	9382	9382	9383	0	0.001066894270777663
2020-10-12	9421	9441	9421	9441	62	0.006181391878929965
2020-10-13	9518	9518	9518	9519	1	0.008261836669844369
2020-10-14	9455	9455	9455	9456	0	-0.006618342262842747
2020-10-15	9358	9358	9358	9359	34	-0.01025803722504226
2020-10-16	9339	9339	9339	9339	514	-0.002136980446628911
2020-10-19	9339	9339	9339	9339	240	0.0
2020-10-20	9300	9387	9285	9388	574	0.005246814434093583
2020-10-21	9387	9387	9387	9388	0	0.0
2020-10-22	9367	9367	9367	9369	514	-0.0020238602471239764
2020-10-23	9367	9436	9367	9422	20	0.00565695378375497
2020-10-26	9421	9431	9367	9378	136608	-0.004669921460411786
2020-10-27	9377	9377	9275	9310	30990	-0.007251013009170415
2020-10-28	9358	9358	9358	9359	0	0.0052631578947368585
2020-10-29	9207	9212	9207	9213	54	-0.015599957260391095
2020-10-30	9076	9086	8969	8970	55927	-0.026375773363725208
2020-11-02	9106	9106	9106	9106	0	0.015161649944258615
2020-11-03	9217	9285	9217	9286	16	0.01976718647045894
2020-11-04	9275	9275	9275	9277	0	-0.0009692009476631736
2020-11-05	9426	9426	9421	9422	41	0.015630052818799145
2020-11-06	9421	9421	9421	9422	0	0.0
2020-11-09	9513	9513	9513	9515	0	0.009870515814052183
2020-11-10	9533	9605	9533	9602	157	0.009143457698370883
2020-11-11	9736	9795	9736	9796	64	0.02020412414080397
2020-11-12	9756	9829	9741	9796	2061	0.0
2020-11-13	9766	9815	9751	9815	24	0.0019395671702735484
2020-11-16	10004	10111	9999	10097	14058	0.02873153336729506
2020-11-17	10115	10145	10053	10073	1464	-0.0023769436466276606
2020-11-18	10009	10009	9999	10000	25958	-0.007247096197756431
2020-11-19	9960	9999	9921	9995	387868	-0.0004999999999999449
2020-11-20	9941	10018	9941	10019	154	0.002401200600300246
2020-11-23	10018	10237	10018	10238	314150	0.021858468909072837
2020-11-24	10242	10242	10232	10233	12665	-0.0004883766360617159
2020-11-25	10271	10271	10115	10145	12767	-0.00859962865239905
2020-11-26	10140	10188	10135	10189	85	0.004337111877772193
2020-11-27	10217	10276	10188	10272	367	0.008146039846893771
2020-11-30	10242	10252	10188	10189	15	-0.008080218068535872
2020-12-01	10256	10286	10256	10272	665	0.008146039846893771
2020-12-02	10504	10504	10504	10505	82	0.022683021806853665
2020-12-03	10504	10504	10504	10505	4	0.0
2020-12-04	10684	10684	10636	10665	14738	0.015230842455973281
2020-12-07	10708	10708	10601	10709	16115	0.004125644631973735
2020-12-08	10650	10650	10572	10573	751	-0.012699598468577822
2020-12-09	10790	10805	10762	10802	104	0.021658942589614982
2020-12-10	10800	10878	10800	10845	7659	0.003980744306609996
2020-12-11	10941	11014	10941	11005	3327	0.014753342554172377
2020-12-14	11087	11087	10995	11030	502	0.002271694684234493
2020-12-15	10970	10970	10956	10966	132105	-0.005802357207615572
2020-12-16	10985	11028	10970	11030	2606	0.005836221046872092
2020-12-17	10975	11023	10931	11025	34965	-0.0004533091568449388
2020-12-18	11023	11072	11023	11073	4200	0.004353741496598618
2020-12-21	11048	11155	11009	11137	233	0.0057798247990608065
2020-12-22	11135	11135	10936	10961	33854	-0.015803178593876255
2020-12-23	11009	11082	10985	11015	78995	0.004926557795821518
2020-12-24	11077	11209	11077	11180	35056	0.014979573309124028
2020-12-28	11276	11286	11174	11176	199	-0.0003577817531306149
2020-12-29	11456	11456	11305	11355	231	0.016016463851109553
2020-12-30	11407	11588	11407	11588	1265	0.020519594892117965
2021-01-04	11685	11806	11583	11792	27576	0.017604418363824648
2021-01-05	11786	12029	11772	12015	4934	0.018911126187245664
2021-01-06	12131	12131	11971	11972	33	-0.0035788597586350335
2021-01-07	12097	12287	12054	12253	28940	0.023471433344470327
2021-01-08	12437	12617	12432	12617	2290	0.029707010528033928
2021-01-11	12845	13044	12515	12691	7760	0.0058651026392961825
2021-01-12	12699	12729	12553	12627	1256	-0.005042943818454049
2021-01-13	12641	12734	12578	12637	7403	0.0007919537499010421
2021-01-14	12637	12670	12573	12642	7924	0.0003956635277360121
2021-01-15	12835	12835	12456	12458	12929	-0.01455465907293152
2021-01-18	12305	12407	12174	12190	8329	-0.02151228126505056
2021-01-19	12345	12520	12345	12506	41445	0.025922887612797485
2021-01-20	12641	12641	12456	12550	7781	0.003518311210618963
2021-01-21	12645	12748	12588	12739	112567	0.015059760956175339
2021-01-22	12729	12786	12592	12593	6100	-0.011460868200015684
2021-01-25	12786	12927	12772	12919	4752	0.025887397760660624
2021-01-26	12777	12821	12627	12652	1979	-0.020667234306060878
2021-01-27	12641	12685	12505	12516	3875	-0.010749288650015787
2021-01-28	12330	12330	12213	12253	861	-0.021013103227868313
2021-01-29	12437	12437	11816	11880	115285	-0.030441524524606245
2021-02-01	11908	12146	11888	12141	2865	0.021969696969696972
2021-02-02	12422	12422	12233	12302	1582	0.013260851659665507
2021-02-03	12369	12491	12282	12491	574	0.015363355551942792
2021-02-04	12510	12510	12320	12327	78	-0.013129453206308539
2021-02-05	12476	12476	12330	12428	729	0.008193396609069481
2021-02-08	12491	12491	12315	12389	513	-0.003138075313807498
2021-02-09	12476	12476	12389	12389	3	0.0
2021-02-10	12461	12461	12258	12404	4	0.0012107514730810287
2021-02-15	12637	12637	12456	12525	42375	0.009754917768461713
2021-02-16	12602	12602	12602	12603	1	0.006227544910179628
2021-02-17	12461	12461	12461	12463	3	-0.011108466238197279
2021-02-18	12407	12407	12335	12336	42782	-0.010190162882131149
2021-02-19	12301	12412	12213	12414	29309	0.006322957198443557
2021-02-22	12558	12558	12320	12360	25816	-0.004349927501208328
2021-02-23	12335	12335	12335	12336	206	-0.001941747572815511
2021-02-24	12204	12204	12102	12103	3	-0.018887808041504583
2021-02-25	12296	12515	12291	12516	1604	0.034123770965876155
2021-02-26	12107	12161	12034	12108	380	-0.03259827420901251
2021-03-02	12412	12412	12189	12278	4182	0.01404030393128508
2021-03-03	12238	12476	12213	12476	1679	0.016126404951946505
2021-03-04	12350	12350	12330	12331	37	-0.011622314844501491
2021-03-05	12161	12282	12092	12238	6292	-0.007541967399237737
2021-03-08	12364	12364	12223	12243	2418	0.00040856349076645593
2021-03-09	12126	12233	12020	12225	613	-0.0014702278853222506
2021-03-10	12204	12204	12024	12064	698	-0.013169734151329271
2021-03-11	12267	12277	12238	12238	243	0.014423076923076872
2021-03-12	12374	12412	12345	12399	7151	0.013155744402680192
2021-03-15	12432	12432	12432	12433	1	0.002742156625534342
2021-03-16	12461	12539	12456	12535	1700	0.00820397329687128
2021-03-17	12461	12539	12412	12540	373	0.0003988831272436766
2021-03-18	12563	12563	12563	12565	29033	0.001993620414673103
2021-03-19	12447	12481	12447	12481	2	-0.006685236768802283
2021-03-22	12486	12534	12451	12501	6655	0.0016024357022674796
2021-03-23	12539	12539	12345	12379	388	-0.00975921926245904
2021-03-24	12282	12325	12248	12253	206	-0.010178528152516408
2021-03-25	12233	12345	12233	12322	1219	0.005631273973720763
2021-03-26	12427	12529	12427	12530	33	0.01688037656224628
2021-03-29	12588	12597	12476	12555	9263	0.001995211492418214
2021-03-30	12583	12617	12553	12588	15397	0.002628434886499331
2021-03-31	12583	12627	12563	12583	316	-0.00039720368605022927
2021-04-01	12650	12660	12583	12662	33021	0.00627831200826523
2021-04-02	12729	12786	12719	12788	378	0.009951034591691776
2021-04-05	12806	12923	12806	12924	754	0.010634970284641776
2021-04-06	13000	13000	12878	12929	456	0.00038687712782414785
2021-04-07	12903	12927	12898	12909	420	-0.0015469100471807717
2021-04-08	12908	13005	12893	13006	9	0.007514137423503042
2021-04-09	13005	13005	12888	12909	269	-0.007458096263263103
2021-04-12	12898	12898	12898	12900	0	-0.0006971880083662674
2021-04-13	12860	13005	12860	12987	692	0.006744186046511613
2021-04-14	12986	13069	12986	13069	250	0.00631400631400636
2021-04-15	13064	13093	13064	13093	216	0.0018364067640983528
2021-04-16	13093	13093	13093	13093	0	0.0
2021-04-19	13083	13093	13083	13084	45678	-0.0006873902085083872
2021-04-20	13126	13219	13126	13220	215	0.01039437480892702
2021-04-21	13131	13141	13131	13142	10	-0.005900151285930355
2021-04-22	13141	13141	13131	13133	14	-0.0006848272713437797
2021-04-23	13078	13219	13024	13220	415	0.006624533617604511
2021-04-26	13228	13262	13210	13264	436	0.003328290468986417
2021-04-27	13321	13452	13302	13453	70	0.014249095295536751
2021-04-28	13500	13500	13355	13356	216	-0.007210287668178106
2021-04-29	13400	13400	13316	13316	90	-0.002994908655286066
2021-04-30	13331	13355	13207	13217	350	-0.007434665064584012
2021-05-03	13197	13370	13182	13202	1163	-0.001134902020125561
2021-05-04	13251	13251	13093	13227	5078	0.001893652476897545
2021-05-06	13350	13385	13331	13386	73	0.012020866409616637
2021-05-07	13460	13578	13440	13554	757	0.012550425818018907
2021-05-10	13668	13826	13668	13827	623	0.02014165559982284
2021-05-11	13717	13782	13583	13782	601	-0.0032545020611846054
2021-05-12	13767	13767	13489	13490	3583	-0.021187055579741654
2021-05-13	13256	13460	13256	13361	221	-0.00956263899184584
2021-05-14	13494	13494	13385	13396	145	0.002619564403862018
2021-05-17	13425	13425	13182	13232	530	-0.012242460435951008
2021-05-18	13420	13420	13400	13415	736	0.013830108827085796
2021-05-20	13291	13291	13291	13291	0	-0.009243384271338084
2021-05-21	13385	13405	13182	13207	8742	-0.006320066210217412
2021-05-24	13207	13207	13207	13207	1	0.0
2021-05-25	13241	13291	13226	13277	1961	0.0053002195805254
2021-05-26	13276	13281	13246	13257	34	-0.0015063643895458778
2021-05-27	13326	13331	13226	13272	1741	0.0011314777098891948
2021-05-28	13331	13360	13331	13351	6	0.005952380952380931
2021-05-31	13350	13435	13331	13435	876	0.0062916635458019066
2021-06-01	13499	13499	13499	13500	36	0.004838109415705283
2021-06-02	13519	13539	13519	13539	45	0.002888888888888941
2021-06-03	13618	13648	13603	13638	606	0.007312209173498729
2021-06-04	13598	13598	13539	13539	2	-0.007259128904531509
2021-06-07	13578	13598	13578	13599	102	0.004431641923332563
2021-06-08	13618	13643	13618	13643	22	0.003235532024413512
2021-06-09	13578	13578	13574	13574	330	-0.0050575386645166365
2021-06-10	13474	13474	13464	13465	106	-0.008030057462796503
2021-06-11	13519	13519	13519	13519	1	0.004010397326401849
2021-06-14	13519	13519	13519	13519	91	0.0
2021-06-15	13509	13509	13504	13505	2	-0.001035579554700794
2021-06-16	13603	13603	13603	13604	189	0.007330618289522306
2021-06-17	13464	13464	13464	13465	18	-0.010217583063804714
2021-06-18	13390	13390	13390	13391	0	-0.005495729669513505
2021-06-21	13172	13182	13172	13182	519	-0.015607497572996842
2021-06-22	13336	13341	13301	13341	57	0.01206190259444706
2021-06-23	13306	13306	13306	13306	1	-0.0026234914923918273
2021-06-24	13435	13435	13435	13435	0	0.009694874492710115
2021-06-25	13569	13569	13544	13544	331	0.008113137327874886
2021-06-28	13574	13613	13574	13614	186	0.00516834022445356
2021-06-29	13539	13539	13509	13510	108	-0.007639194946378769
2021-06-30	13509	13509	13509	13510	0	0.0
2021-07-01	13464	13464	13390	13396	22453	-0.008438193930421889
2021-07-02	13405	13479	13405	13480	269	0.006270528515974982
2021-07-05	13479	13499	13479	13485	428	0.00037091988130555364
2021-07-06	13529	13539	13504	13505	150	0.0014831294030404063
2021-07-07	13385	13385	13326	13376	184	-0.009552017771195853
2021-07-08	13261	13261	13261	13262	49	-0.008522727272727293
2021-07-09	12974	12974	12964	12964	2275	-0.022470215653747516
2021-07-12	13226	13261	13226	13262	5	0.022986732489972184
2021-07-13	13306	13336	13306	13336	751	0.00557985220931978
2021-07-14	13271	13281	13241	13272	523	-0.0047990401919616454
2021-07-15	13281	13286	13281	13286	22	0.001054852320675037
2021-07-16	13286	13286	13286	13286	0	0.0
2021-07-19	13202	13202	13152	13202	45	-0.006322444678609096
2021-07-20	13063	13098	13063	13083	26	-0.009013785790031759
2021-07-21	12984	12984	12984	12984	18	-0.007567071772529244
2021-07-22	13147	13147	13147	13148	5	0.012630930375847171
2021-07-23	13142	13147	13098	13108	22943	-0.0030422878004259246
2021-07-26	13103	13103	13028	13049	317	-0.004501068050045798
2021-07-27	13088	13108	13088	13108	6	0.00452141926584404
2021-07-28	13132	13132	13023	13024	39	-0.006408300274641454
2021-07-29	13127	13127	13112	13113	3	0.006833538083538038
2021-07-30	13112	13112	13112	13113	1	0.0
2021-08-02	13033	13048	12949	13024	124329	-0.006787157782353392
2021-08-03	13068	13122	13068	13123	9	0.007601351351351315
2021-08-04	13222	13291	13192	13291	945	0.012801950773451143
2021-08-05	13241	13241	13241	13242	1	-0.0036867052892934904
2021-08-06	13162	13162	13162	13163	5	-0.005965866183356039
2021-08-09	13157	13157	13112	13113	11	-0.0037985261718452845
2021-08-10	13033	13033	13033	13034	0	-0.006024555784336139
2021-08-11	12979	12979	12865	12865	38	-0.012966088691115596
2021-08-12	12835	12835	12835	12835	0	-0.0023319082782743417
2021-08-13	12607	12607	12577	12607	9	-0.017763926762758064
2021-08-17	12632	12632	12483	12483	67	-0.009835805504878281
2021-08-18	12523	12567	12513	12558	86	0.006008171112713345
2021-08-19	12527	12532	12230	12231	4916	-0.026039178213091208
2021-08-20	12250	12250	12007	12017	3971	-0.017496525222794546
2021-08-23	12180	12265	12136	12216	920	0.01655987351252386
2021-08-24	12453	12473	12453	12473	30	0.02103798297314996
2021-08-25	12567	12567	12567	12568	0	0.007616451535316315
2021-08-26	12567	12567	12532	12558	13	-0.0007956715467855036
2021-08-27	12552	12552	12552	12553	0	-0.00039815257206565757
2021-08-30	12587	12646	12557	12607	4610	0.004301760535330157
2021-08-31	12651	12825	12651	12825	4	0.017291980645673055
2021-09-01	12914	12914	12914	12915	0	0.007017543859649145
2021-09-02	12914	12914	12914	12915	11	0.0
2021-09-03	12914	12939	12914	12925	19	0.0007742934572203541
2021-09-06	12879	12879	12879	12880	1	-0.0034816247582205584
2021-09-07	12879	12879	12879	12880	0	0.0
2021-09-08	12840	12904	12830	12875	350	-0.00038819875776396895
2021-09-09	12820	12820	12716	12721	3615	-0.01196116504854372
2021-09-10	12711	12800	12711	12801	403	0.006288813772502122
2021-09-13	12805	12805	12805	12806	1	0.0003905944848059395
2021-09-14	13018	13023	12924	12959	14628	0.01194752459784465
2021-09-15	12954	12954	12919	12949	110209	-0.0007716644802839845
2021-09-16	12914	12919	12840	12845	1124	-0.008031508224573325
2021-09-17	12865	12865	12865	12865	0	0.0015570260801869296
2021-09-23	12770	12780	12765	12781	9875	-0.006529343179168312
2021-09-24	12805	12805	12805	12806	14585	0.0019560284797746075
2021-09-27	12894	12914	12855	12865	90	0.004607215367796291
2021-09-28	12800	12800	12800	12801	1	-0.00497473766031864
2021-09-29	12567	12572	12493	12563	2667	-0.01859229747675961
2021-09-30	12602	12676	12602	12677	6239	0.009074265700867556
2021-10-01	12552	12557	12433	12439	1281	-0.018774157923798995
2021-10-05	12359	12359	12195	12280	77	-0.012782378004662753
2021-10-06	12394	12394	12280	12280	2	0.0
2021-10-07	12245	12280	12245	12280	19	0.0
2021-10-08	12280	12280	12205	12221	29	-0.004804560260586288
2021-10-12	12076	12076	12076	12077	3	-0.011782996481466301
2021-10-13	12116	12116	12116	12116	0	0.0032292787944026013
2021-10-14	12200	12200	12200	12201	0	0.007015516672169042
2021-10-15	12334	12334	12334	12335	0	0.010982706335546322
2021-10-18	12299	12369	12299	12340	10603	0.0004053506282934993
2021-10-19	12364	12428	12354	12369	61597	0.002350081037277185
2021-10-20	12369	12369	12344	12345	42	-0.0019403347077371347
2021-10-21	12399	12399	12299	12300	16070	-0.0036452004860266785
2021-10-22	12349	12349	12319	12320	24378	0.001626016260162677
2021-10-25	12408	12408	12408	12409	1	0.007224025974025938
2021-10-26	12448	12498	12443	12498	20	0.0071722137158514165
2021-10-27	12384	12384	12384	12384	16	-0.009121459433509393
2021-10-28	12384	12384	12369	12369	6	-0.001211240310077466
2021-10-29	12235	12235	12235	12235	1	-0.010833535451532095
2021-11-01	12235	12275	12235	12255	223	0.001634654679198988
2021-11-02	12423	12423	12423	12424	24	0.013790289677682477
2021-11-03	12270	12270	12270	12270	0	-0.012395363811976812
2021-11-04	12359	12359	12275	12275	247	0.00040749796251016157
2021-11-05	12146	12146	12146	12146	51	-0.010509164969450091
2021-11-08	12071	12210	12071	12181	4984	0.0028816071134529775
2021-11-09	12185	12205	12131	12186	23	0.00041047533043259143
2021-11-10	12042	12042	12042	12042	14	-0.011816838995568735
2021-11-11	11982	11982	11982	11983	0	-0.004899518352433185
2021-11-12	12091	12091	12091	12092	0	0.009096219644496362
2021-11-15	12240	12240	12200	12216	55649	0.010254713860403664
2021-11-16	12180	12180	12180	12181	50	-0.002865094957432923
2021-11-17	12131	12131	12037	12037	68688	-0.01182168951646001
2021-11-18	12037	12037	12037	12037	142533	0.0
2021-11-19	12037	12037	12037	12037	132	0.0
2021-11-22	12245	12334	12245	12335	4	0.024756999252305345
2021-11-23	12334	12334	12334	12335	82	0.0
2021-11-24	12245	12245	12245	12245	3	-0.007296311309282544
2021-11-25	12175	12175	12175	12176	0	-0.005634953042057966
2021-11-26	12002	12002	11957	11958	3	-0.017904073587384994
2021-11-29	11883	11883	11883	11883	0	-0.006271951831409939
2021-11-30	11913	11923	11467	11467	4104	-0.035007994614154714
2021-12-01	11556	11556	11556	11556	1	0.007761402284817365
2021-12-02	12022	12022	12022	12022	0	0.04032537210107301
2021-12-03	12141	12141	12141	12141	0	0.009898519381134507
2021-12-06	12205	12205	12205	12206	12	0.005353759986821416
2021-12-07	12324	12324	12324	12325	0	0.009749303621169991
2021-12-08	12473	12473	12408	12409	76	0.006815415821501025
2021-12-09	12389	12389	12349	12364	5044	-0.003626400193407986
2021-12-10	12334	12364	12334	12364	2	0.0
2021-12-13	12428	12428	12428	12429	1	0.005257198317696554
2021-12-14	12329	12394	12290	12394	56	-0.0028159948507522348
2021-12-15	12394	12418	12369	12419	51	0.0020171050508310806
2021-12-16	12483	12483	12483	12483	0	0.005153393993075017
2021-12-17	12597	12597	12597	12597	0	0.009132420091324311
2021-12-20	12433	12433	12433	12434	10	-0.012939588790982004
2021-12-21	12483	12483	12483	12483	0	0.003940807463406859
2021-12-22	12587	12587	12587	12587	0	0.008331330609629095
2021-12-23	12637	12637	12637	12637	0	0.003972352427107362
2021-12-24	12716	12751	12691	12692	3	0.004352298805096133
2021-12-27	12691	12716	12671	12672	3	-0.0015757957768672837
2021-12-28	12656	12656	12656	12657	95	-0.0011837121212121549
2021-12-29	12691	12731	12691	12731	165	0.0058465671170102596
2021-12-30	12731	12731	12637	12682	416	-0.0038488728300997144
2022-01-03	12741	12741	12651	12652	15826	-0.0023655574830467874
2022-01-04	12711	12760	12671	12746	1027	0.007429655390452039
2022-01-05	12746	12746	12746	12746	0	0.0
2022-01-06	12721	12721	12671	12687	202	-0.00462890318531306
2022-01-07	12741	12790	12741	12776	10085	0.00701505478048392
2022-01-10	12711	12746	12711	12746	87	-0.0023481527864746
2022-01-11	12770	12770	12770	12771	1	0.001961399654793583
2022-01-12	12790	12810	12790	12811	78	0.0031320961553520377
2022-01-13	12810	12810	12810	12811	0	0.0
2022-01-14	12731	12731	12731	12731	0	-0.006244633518070364
2022-01-17	12661	12661	12527	12528	43	-0.015945330296127547
2022-01-18	12508	12508	12508	12508	1	-0.0015964240102170901
2022-01-19	12394	12394	12394	12394	0	-0.009114166933162804
2022-01-20	12379	12379	12379	12379	1	-0.0012102630304986484
2022-01-21	12260	12260	12260	12260	0	-0.009613054366265472
2022-01-24	12096	12096	12096	12097	0	-0.013295269168026147
2022-01-25	11883	11883	11883	11883	0	-0.01769033644705298
2022-01-26	11883	11883	11868	11869	3	-0.001178153664899484
2022-01-27	11452	11541	11447	11502	2520	-0.030920886342573062
2022-01-28	11541	11838	11541	11839	105	0.029299252303947032
2022-02-03	12056	12131	12056	12057	838	0.01841371737477826
2022-02-04	12076	12076	12076	12077	1	0.0016587874263913616
2022-02-07	11987	12066	11942	12042	7061	-0.0028980707129253602
2022-02-08	12042	12042	12042	12042	0	0.0
2022-02-09	12230	12230	12230	12231	58	0.015695067264573925
2022-02-10	12290	12290	12290	12290	1	0.004823808355817194
2022-02-11	12260	12260	12235	12235	2	-0.004475183075671296
2022-02-14	12052	12052	12052	12052	208	-0.014957090314671073
2022-02-15	11977	11977	11977	11978	0	-0.006140059741121751
2022-02-16	12126	12126	12126	12126	0	0.01235598597428611
2022-02-17	12161	12190	12161	12191	3	0.005360382648853745
2022-02-18	12166	12166	12166	12166	0	-0.0020506931342794132
2022-02-21	12131	12131	12131	12131	0	-0.0028768699654775354
2022-02-22	11982	11982	11982	11983	0	-0.012200148380183018
2022-02-23	11982	11982	11982	11983	0	0.0
2022-02-24	11794	11794	11794	11794	1	-0.015772344154218465
2022-02-25	11794	11794	11794	11794	0	0.0
2022-02-28	11947	11972	11947	11973	3	0.015177208750212001
2022-03-02	11947	11947	11947	11948	0	-0.0020880314039922743
2022-03-03	12161	12161	12156	12156	2731	0.017408771342484197
2022-03-04	12081	12081	12081	12082	5	-0.006087528792365959
2022-03-07	11878	11878	11878	11879	0	-0.016801853997682525
2022-03-08	11734	11734	11734	11735	0	-0.012122232511154185
2022-03-10	11918	11918	11918	11918	0	0.015594375798892113
2022-03-11	11918	11918	11918	11918	0	0.0
2022-03-14	11913	11957	11893	11948	212	0.0025172008726297435
2022-03-15	11794	11794	11794	11794	0	-0.012889186474723813
2022-03-16	11893	11893	11893	11893	0	0.008394098694251229
2022-03-17	12042	12042	12042	12042	1	0.012528378037500953
2022-03-18	12081	12081	12081	12082	1	0.003321707357581749
2022-03-21	11997	12012	11938	11948	93	-0.011090878993544107
2022-03-22	12042	12042	12002	12002	11	0.0045195848677603845
2022-03-23	12166	12166	12166	12166	0	0.013664389268455368
2022-03-24	12146	12146	12146	12146	0	-0.0016439256945586234
2022-03-25	12106	12106	12106	12107	0	-0.003210933640704794
2022-03-28	12061	12111	12061	12112	4	0.0004129842240025994
2022-03-29	12111	12111	12111	12112	5	0.0
2022-03-30	12111	12111	12111	12112	0	0.0
2022-03-31	12111	12111	12111	12112	0	0.0
2022-04-01	12096	12096	12096	12097	2	-0.0012384412153236823
2022-04-04	12096	12096	12096	12097	5	0.0
2022-04-05	12052	12052	12052	12052	2	-0.0037199305612961586
2022-04-06	12012	12012	12012	12012	0	-0.0033189512114172315
2022-04-07	11923	11923	11923	11923	0	-0.007409257409257464
2022-04-08	11888	11888	11883	11883	84	-0.0033548603539377275
2022-04-11	11992	11992	11992	11993	0	0.009256921652781358
2022-04-12	11938	11938	11938	11938	0	-0.00458600850496127
2022-04-13	12002	12007	12002	12007	10	0.00577986262355501
2022-04-14	11952	11987	11952	11963	1967	-0.0036645290247355744
2022-04-15	11873	11873	11873	11874	0	-0.007439605450137887
2022-04-18	11893	11923	11888	11893	131	0.0016001347481893191
2022-04-19	12047	12066	12047	12052	50	0.013369208778272856
2022-04-20	12091	12091	12091	12092	1	0.0033189512114171205
2022-04-21	12166	12166	12121	12121	26	0.0023982798544492923
2022-04-22	12106	12106	12106	12107	0	-0.0011550202128537412
2022-04-25	11923	11923	11903	11903	28	-0.016849756339307853
2022-04-26	11903	11903	11888	11888	3	-0.0012601865076031782
2022-04-27	11705	11705	11705	11705	0	-0.015393674293405102
2022-04-28	11790	11790	11790	11790	0	0.0072618539085860245
2022-04-29	11945	11945	11945	11945	0	0.013146734520780301
2022-05-02	11905	11930	11905	11930	24	-0.0012557555462536785
2022-05-03	11930	11930	11930	11930	0	0.0
2022-05-04	11930	11930	11930	11930	0	0.0
2022-05-06	11830	11830	11830	11830	0	-0.008382229673092989
2022-05-09	11705	11705	11705	11705	0	-0.010566356720202896
2022-05-10	11680	11680	11680	11680	0	-0.0021358393848782686
2022-05-11	11655	11655	11655	11655	0	-0.0021404109589041598
2022-05-12	11635	11635	11635	11635	8	-0.001716001716001725
2022-05-13	11725	11725	11725	11725	8	0.007735281478298273
2022-05-16	11705	11705	11705	11705	0	-0.0017057569296374808
2022-05-17	11785	11795	11780	11790	21	0.0072618539085860245
2022-05-18	11845	11845	11745	11755	2164	-0.002968617472434265
2022-05-19	11635	11635	11635	11635	0	-0.010208421948107227
2022-05-20	11680	11680	11680	11680	1	0.0038676407391491363
2022-05-23	11715	11715	11715	11715	0	0.0029965753424656683
2022-05-24	11600	11600	11600	11600	0	-0.00981647460520696
2022-05-25	11600	11600	11600	11600	0	0.0
2022-05-26	11600	11600	11595	11595	4	-0.0004310344827586077
2022-05-27	11660	11660	11660	11660	0	0.005605864596808896
2022-05-30	11770	11770	11770	11770	0	0.009433962264151052
2022-05-31	11795	11810	11795	11810	2	0.003398470688190214
2022-06-02	11690	11690	11690	11690	1	-0.010160880609652811
2022-06-03	11735	11735	11735	11735	1	0.0038494439692045024
2022-06-07	11630	11630	11630	11630	3	-0.008947592671495475
2022-06-08	11610	11610	11610	11610	0	-0.0017196904557179593
2022-06-09	11535	11535	11535	11535	20	-0.006459948320413411
2022-06-10	11470	11475	11425	11460	91	-0.006501950585175553
2022-06-13	11140	11140	11100	11100	2	-0.03141361256544506
2022-06-14	10950	10950	10950	10950	26	-0.013513513513513487
2022-06-15	10865	10865	10865	10865	3	-0.00776255707762552
2022-06-16	10800	10800	10800	10800	0	-0.005982512655315242
2022-06-17	10680	10680	10680	10680	0	-0.011111111111111072
2022-06-20	10335	10335	10320	10320	83	-0.0337078651685393
2022-06-21	10435	10435	10435	10435	0	0.011143410852713087
2022-06-22	10415	10415	10285	10285	11	-0.014374700527072348
2022-06-23	10040	10040	10040	10040	0	-0.023821098687408893
2022-06-24	10270	10270	10220	10225	3	0.018426294820717226
2022-06-27	10425	10425	10425	10425	6	0.019559902200489088
2022-06-28	10470	10470	10470	10470	0	0.004316546762589857
2022-06-29	10435	10435	10435	10435	100	-0.003342884431709603
2022-06-30	10335	10345	10290	10290	4801	-0.013895543842836644
2022-07-01	10210	10210	10210	10210	0	-0.007774538386783325
2022-07-04	10180	10180	10175	10175	20	-0.003428011753183191
2022-07-05	10305	10305	10305	10305	0	0.012776412776412727
2022-07-06	10120	10120	10120	10120	0	-0.017952450266860764
2022-07-07	10280	10310	10240	10270	4815	0.014822134387351804
2022-07-08	10375	10375	10375	10375	1	0.010223953261927932
2022-07-11	10355	10355	10315	10315	2	-0.005783132530120527
2022-07-12	10180	10180	10180	10180	0	-0.013087736306349962
2022-07-13	10185	10185	10185	10185	0	0.0004911591355598599
2022-07-14	10185	10185	10185	10185	0	0.0
