Date	Open	High	Low	Close	Volume	Change
2017-12-08	9402	9402	9392	9396	1114	
2017-12-11	9384	9384	9384	9386	1	-0.001064282673478023
2017-12-12	9366	9366	9245	9247	26	-0.014809290432559186
2017-12-13	9328	9407	9291	9410	5	0.0176273385963015
2017-12-14	9477	9477	9477	9479	158	0.007332624867162574
2017-12-15	9407	9407	9407	9410	3	-0.007279248865914134
2017-12-18	9417	9417	9407	9410	11	0.0
2017-12-19	9440	9440	9407	9410	3	0.0
2017-12-20	9468	9468	9468	9470	2	0.006376195536663021
2017-12-21	9407	9407	9407	9410	1	-0.006335797254487852
2017-12-22	9407	9407	9407	9410	1	0.0
2017-12-26	9472	9472	9454	9456	5	0.0048884165781084565
2017-12-27	9509	9509	9509	9512	1	0.005922165820642977
2017-12-28	9621	9756	9621	9757	27	0.02575693860386874
2018-01-02	9756	9797	9756	9799	57	0.004304601824331344
2018-01-03	9783	9812	9783	9787	44	-0.0012246147566078447
2018-01-04	9769	9769	9657	9661	527	-0.012874220905282563
2018-01-05	9761	9820	9756	9824	6	0.016871959424490157
2018-01-08	9867	9928	9867	9929	11	0.01068811074918563
2018-01-09	10057	10057	9978	9981	3	0.005237184006445794
2018-01-10	10076	10076	10052	10056	85	0.007514277126540403
2018-01-11	10052	10076	9988	9990	231	-0.0065632458233890745
2018-01-12	9996	10057	9996	10009	4	0.0019019019019019812
2018-01-15	10085	10104	10085	10087	90	0.00779298631231895
2018-01-16	10006	10029	10006	10018	5	-0.006840487756518243
2018-01-17	9996	9996	9904	9920	50078	-0.0097823916949491
2018-01-18	9919	9919	9816	9829	182	-0.009173387096774177
2018-01-19	9880	9900	9880	9902	4	0.007427001729575666
2018-01-22	9954	9988	9954	9990	11	0.00888709351646133
2018-01-23	9964	10136	9964	10139	5	0.014914914914914812
2018-01-24	10179	10196	10169	10181	102	0.004142420357037269
2018-01-25	10201	10349	10201	10315	77	0.013161771928101418
2018-01-26	10313	10327	10266	10270	646	-0.004362578768783321
2018-01-29	10392	10629	10392	10630	1210	0.03505355404089583
2018-01-30	10665	10722	10521	10525	18754	-0.009877704609595472
2018-01-31	10485	10485	10318	10455	5850	-0.0066508313539191954
2018-02-01	10494	10504	10382	10385	33748	-0.006695361071257788
2018-02-02	10397	10397	10141	10189	18404	-0.01887337506018294
2018-02-05	10029	10076	9983	9986	50117	-0.01992344685445091
2018-02-06	9844	9867	9635	9869	123	-0.011716402964149775
2018-02-07	9880	9880	9487	9488	675	-0.03860573513020571
2018-02-08	9626	9626	9426	9618	7	0.013701517706576682
2018-02-09	9361	9509	9361	9498	761	-0.012476606363069243
2018-02-12	9499	9598	9444	9600	150	0.01073910296904601
2018-02-13	9611	9657	9584	9586	158	-0.0014583333333333393
2018-02-14	9579	9594	9518	9595	225	0.0009388691842269203
2018-02-19	9731	9829	9731	9829	59	0.02438770192808759
2018-02-20	9824	9844	9765	9767	169	-0.006307864482653414
2018-02-21	9691	9773	9691	9772	6	0.0005119279205487715
2018-02-22	9706	9718	9640	9679	129	-0.009516987310683622
2018-02-23	9778	9933	9736	9934	178	0.02634569686951127
2018-02-26	10081	10113	10057	10115	49	0.018220253674249953
2018-02-27	10201	10206	10141	10143	176	0.0027681660899654403
2018-02-28	10026	10067	9933	9934	31	-0.020605343586710068
2018-03-02	9829	9928	9829	9929	193	-0.0005033219247030374
2018-03-05	9871	9871	9727	9731	199	-0.019941585255312755
2018-03-06	9829	9895	9829	9859	5	0.013153838248895378
2018-03-07	9783	9829	9696	9787	64	-0.007302971903844213
2018-03-08	9746	9756	9667	9757	23	-0.0030652906917338907
2018-03-09	9807	9996	9807	9976	124	0.022445423798298725
2018-03-12	10076	10118	10076	10120	98	0.014434643143544479
2018-03-13	10072	10108	9996	10068	62	-0.005138339920948587
2018-03-14	10067	10136	10067	10111	79	0.004270957489074245
2018-03-15	10104	10104	10062	10106	51	-0.0004945109286915716
2018-03-16	10118	10118	9978	9995	324	-0.01098357411438744
2018-03-19	10108	10108	9954	9981	12	-0.0014007003501750326
2018-03-20	9978	9983	9914	9986	56	0.0005009518084360121
2018-03-21	10006	10011	9923	9995	24	0.0009012617664729827
2018-03-22	10085	10127	10085	10101	7	0.010605302651325754
2018-03-23	9867	9890	9787	9795	57	-0.030294030294030327
2018-03-26	9792	9919	9765	9920	20	0.012761613067891808
2018-03-27	9959	9996	9933	9934	19	0.0014112903225806939
2018-03-28	9816	9820	9657	9697	61	-0.023857459230924083
2018-03-29	9802	9820	9751	9814	16	0.012065587295039704
2018-03-30	9844	9858	9802	9833	20	0.0019360097819440814
2018-04-02	9904	9969	9839	9850	15	0.0017288721651580463
2018-04-03	9718	9783	9718	9787	19	-0.006395939086294433
2018-04-04	9797	9797	9657	9661	15	-0.012874220905282563
2018-04-05	9787	9867	9787	9841	524	0.018631611634406298
2018-04-06	9731	9751	9691	9731	26	-0.011177725840869845
2018-04-09	9662	9662	9589	9641	52	-0.009248792518754545
2018-04-10	9550	9594	9504	9569	84	-0.007468104968364253
2018-04-11	9569	9594	9559	9586	18	0.0017765701745218188
2018-04-12	9644	9736	9644	9711	295	0.013039849780930535
2018-04-13	9672	9672	9616	9618	81	-0.009576768612913233
2018-04-16	9662	9662	9477	9512	64037	-0.01102100228737779
2018-04-17	9523	9538	9490	9521	19	0.0009461732548359247
2018-04-18	9589	9621	9559	9609	257	0.009242726604348217
2018-04-19	9598	9602	9559	9595	33378	-0.0014569674263711363
2018-04-20	9594	9640	9554	9564	32011	-0.0032308494007295963
2018-04-23	9574	9611	9543	9614	592	0.0052279381012128034
2018-04-24	9654	9654	9594	9595	27	-0.0019762845849802257
2018-04-25	9518	9518	9286	9326	72	-0.02803543512245965
2018-04-26	9361	9459	9361	9437	45	0.01190220887840443
2018-04-27	9450	9478	9355	9375	70	-0.006569884497191869
2018-04-30	9460	9492	9460	9494	34	0.012693333333333223
2018-05-02	9605	9605	9478	9518	32	0.00252791236570471
2018-05-03	9492	9615	9492	9541	16	0.002416474049169892
2018-05-04	9397	9469	9298	9311	103529	-0.024106487789539832
2018-05-08	9303	9308	9229	9239	2211	-0.007732789174095145
2018-05-09	9180	9350	9180	9344	50	0.011364866327524537
2018-05-10	9335	9402	9335	9390	7769	0.004922945205479534
2018-05-11	9460	9473	9402	9475	8	0.009052183173589023
2018-05-14	9577	9582	9535	9584	243	0.011503957783641106
2018-05-15	9549	9549	9441	9485	16	-0.01032971619365608
2018-05-16	9431	9431	9332	9375	32	-0.011597258829731172
2018-05-17	9421	9441	9379	9380	592	0.0005333333333332746
2018-05-18	9375	9445	9375	9423	70	0.004584221748400896
2018-05-21	9469	9478	9441	9466	7	0.00456330255757198
2018-05-23	9431	9431	9345	9400	168	-0.006972321994506703
2018-05-24	9412	9412	9260	9314	43	-0.00914893617021273
2018-05-25	9308	9308	9256	9271	17	-0.004616706033927387
2018-05-28	9340	9355	9317	9357	220	0.009276237730557746
2018-05-29	9312	9312	9247	9249	25	-0.011542160949022162
2018-05-30	9180	9180	8973	9008	505	-0.026056871013082517
2018-05-31	9029	9138	9029	9140	72	0.014653641207815316
2018-06-01	9085	9161	9063	9116	18715	-0.0026258205689277947
2018-06-04	9157	9289	9123	9291	57	0.019197016235190878
2018-06-05	9293	9293	9242	9271	34	-0.0021526208158433313
2018-06-07	9332	9384	9332	9362	111	0.00981555387768318
2018-06-08	9379	9445	9379	9428	39	0.007049775688955373
2018-06-11	9365	9520	9365	9523	49	0.01007636826474334
2018-06-12	9530	9530	9445	9475	205	-0.005040428436417055
2018-06-14	9469	9469	9335	9339	31	-0.014353562005277043
2018-06-15	9417	9417	9308	9329	8504	-0.0010707784559375044
2018-06-18	9335	9379	9224	9254	7149	-0.008039446886054291
2018-06-19	9180	9180	8968	8984	12	-0.029176572293062475
2018-06-20	9075	9075	8996	9027	5	0.004786286731967904
2018-06-21	9016	9029	8963	8964	129	-0.006979062811565351
2018-06-22	8878	8920	8811	8922	688	-0.004685408299866078
2018-06-25	8898	9029	8898	9032	135	0.01232907419861018
2018-06-26	8954	9038	8940	9022	625	-0.0011071744906997472
2018-06-27	8963	8963	8854	8857	142	-0.018288627798714208
2018-06-28	8863	8883	8840	8872	6	0.001693575702834016
2018-06-29	8883	8883	8708	8880	289	0.0009017132551849549
2018-07-02	8826	8826	8486	8497	4543	-0.043130630630630606
2018-07-03	8477	8477	8368	8437	33	-0.007061315758502995
2018-07-04	8416	8462	8416	8441	39	0.00047410216901733193
2018-07-05	8482	8491	8443	8474	5	0.003909489396990873
2018-07-06	8453	8576	8453	8577	10	0.012154826528203877
2018-07-09	8566	8646	8566	8630	52266	0.006179316777428001
2018-07-10	8637	8671	8618	8649	6723	0.002201622247972157
2018-07-11	8646	8646	8593	8625	135	-0.0027748872702046956
2018-07-12	8666	8675	8637	8677	50	0.006028985507246398
2018-07-13	8698	8747	8671	8747	21181	0.008067304367869177
2018-07-16	8723	8784	8713	8714	8	-0.0037727220761404334
2018-07-17	8675	8675	8581	8607	8	-0.012279091117741614
2018-07-18	8680	8684	8613	8630	388	0.002672243522714002
2018-07-19	8703	8727	8684	8696	5	0.0076477404403243465
2018-07-20	8661	8680	8628	8681	8	-0.001724931002759944
2018-07-23	8684	8684	8603	8607	5	-0.008524363552586123
2018-07-24	8680	8680	8608	8644	5	0.0042988265365400125
2018-07-25	8666	8769	8666	8728	53	0.009717723276261081
2018-07-26	8802	8959	8802	8960	53	0.02658111824014675
2018-07-27	9001	9001	8930	8979	15	0.0021205357142857206
2018-07-30	8949	9033	8949	9027	139	0.005345806882726345
2018-07-31	8983	9006	8973	9008	15	-0.002104796720948321
2018-08-01	9043	9043	8898	8922	60	-0.009547069271758413
2018-08-02	8873	8888	8732	8762	32	-0.01793319883434208
2018-08-03	8765	8920	8760	8922	138	0.018260671079662227
2018-08-06	8959	8959	8816	8833	29175	-0.00997534185160276
2018-08-07	8868	8963	8798	8941	7546	0.012226876485905036
2018-08-08	8925	8925	8854	8857	12	-0.00939492226820271
2018-08-09	8854	8911	8854	8913	7	0.006322682623913334
2018-08-10	8925	8949	8868	8894	6	-0.002131717715696202
2018-08-13	8863	8873	8765	8781	49	-0.012705194513154883
2018-08-14	8835	8949	8798	8951	198	0.019359981778840574
2018-08-16	8779	8888	8779	8889	6	-0.0069266003798458264
2018-08-17	8888	8949	8888	8932	5	0.004837439532005883
2018-08-20	9016	9016	8930	8960	155	0.0031347962382444194
2018-08-21	8893	8949	8878	8951	5	-0.0010044642857143238
2018-08-22	8911	8911	8708	8710	300	-0.026924365992626487
2018-08-23	8713	8713	8637	8701	7	-0.001033295063145756
2018-08-24	8684	8811	8684	8814	2743	0.01298701298701288
2018-08-27	8831	8873	8821	8837	44	0.0026094849103699413
2018-08-28	8811	8902	8802	8809	51	-0.0031684960959601494
2018-08-29	8863	8902	8863	8904	5	0.010784425019866095
2018-08-30	8873	8873	8751	8777	60	-0.014263252470799626
2018-08-31	8727	8811	8727	8814	16	0.004215563404352363
2018-09-03	8760	8840	8760	8824	5105	0.0011345586566826604
2018-09-04	8840	8840	8732	8794	66693	-0.0033998186763372074
2018-09-05	8760	8760	8675	8677	13	-0.013304525813054302
2018-09-06	8661	8684	8613	8616	24394	-0.007030079520571664
2018-09-07	8642	8671	8590	8668	13935	0.00603528319405755
2018-09-10	8713	8755	8708	8724	27	0.006460544531610601
2018-09-11	8703	8718	8661	8714	5	-0.0011462631820265967
2018-09-12	8694	8732	8689	8733	19	0.002180399357355922
2018-09-13	8798	8845	8774	8804	145	0.008130081300812941
2018-09-14	8878	8878	8826	8867	26	0.007155838255338498
2018-09-17	8878	8902	8779	8809	35	-0.006541107477162522
2018-09-18	8742	8868	8742	8872	5103	0.007151776592121628
2018-09-19	8878	8878	8798	8814	8	-0.006537421100090146
2018-09-20	8747	8747	8671	8738	49	-0.00862264579078742
2018-09-21	8816	8816	8779	8814	5	0.00869764248111693
2018-09-27	8774	8987	8774	8941	41	0.01440889493986841
2018-09-28	9006	9068	9006	9036	339	0.010625209708086336
2018-10-01	9090	9115	9068	9074	227	0.0042054006197431715
2018-10-02	9075	9075	8987	8989	126	-0.009367423407538045
2018-10-04	8978	8978	8747	8767	12	-0.024696851707642686
2018-10-05	8765	8816	8732	8799	16	0.0036500513288468817
2018-10-08	8727	8737	8656	8681	58	-0.013410614842595758
2018-10-10	8747	8747	8571	8592	9	-0.010252275083515672
2018-10-11	8416	8420	8231	8233	105	-0.041783054003724396
2018-10-12	8283	8363	8245	8365	37	0.0160330377748088
2018-10-15	8265	8425	8265	8395	5	0.0035863717872086642
2018-10-16	8448	8448	8339	8351	5	-0.0052412150089339304
2018-10-17	8429	8586	8429	8540	32	0.022632020117351326
2018-10-18	8514	8514	8416	8417	11	-0.014402810304449676
2018-10-19	8302	8386	8156	8380	263	-0.00439586551027682
2018-10-22	8221	8438	8216	8441	77	0.0072792362768496766
2018-10-23	8425	8425	8194	8195	9	-0.02914346641393195
2018-10-24	8307	8349	8292	8295	32	0.01220256253813301
2018-10-25	8169	8396	8169	8398	17	0.012417118746232747
2018-10-26	8358	8358	8090	8115	95	-0.03369849964277205
2018-10-29	8221	8221	8028	8030	9	-0.010474430067775709
2018-10-30	8066	8151	8042	8095	5	0.008094645080946483
2018-10-31	8052	8297	8052	8299	16	0.025200741198270427
2018-11-01	8255	8292	8100	8115	61	-0.022171345945294574
2018-11-02	8226	8438	8226	8441	10	0.040172520024645664
2018-11-05	8391	8391	8270	8337	63	-0.012320815069304603
2018-11-06	8386	8386	8292	8347	12	0.0011994722322177243
2018-11-07	8339	8339	8260	8261	6	-0.010303102911225603
2018-11-08	8401	8401	8297	8299	5	0.0045999273695678244
2018-11-09	8297	8297	8189	8200	12	-0.011929148090131347
2018-11-12	8141	8255	8141	8251	5	0.006219512195121846
2018-11-13	8141	8255	8033	8256	16	0.0006059871530723626
2018-11-14	8216	8216	8104	8162	46	-0.011385658914728647
2018-11-15	8174	8287	8169	8290	21	0.01568243077677045
2018-11-16	8255	8317	8255	8317	5	0.003256936067551175
2018-11-19	8373	8416	8354	8417	18	0.012023566189731882
2018-11-20	8368	8406	8339	8365	6	-0.006177973149578242
2018-11-21	8307	8354	8292	8355	7	-0.001195457262402888
2018-11-22	8363	8363	8307	8351	8	-0.0004787552363854086
2018-11-23	8386	8386	8179	8200	7	-0.018081666866243573
2018-11-26	8198	8221	8184	8223	123	0.0028048780487803793
2018-11-27	8221	8265	8156	8261	21215	0.004621184482549001
2018-11-28	8283	8307	8221	8309	92	0.005810434572085743
2018-11-29	8411	8411	8331	8355	18	0.005536165603562404
2018-11-30	8416	8416	8363	8365	15	0.0011968880909634105
2018-12-03	8482	8661	8453	8644	17	0.03335325762104002
2018-12-04	8576	8576	8467	8507	37	-0.015849143914854258
2018-12-05	8373	8448	8373	8422	31	-0.009991771482308676
2018-12-06	8386	8429	8274	8304	56	-0.014010923771075712
2018-12-07	8354	8354	8202	8261	27	-0.005178227360308263
2018-12-10	8179	8179	8066	8125	44	-0.016462897954242828
2018-12-11	8095	8160	8095	8153	16	0.0034461538461538765
2018-12-12	8189	8231	8189	8233	6	0.009812339016312954
2018-12-13	8255	8317	8245	8285	12	0.006316045184015628
2018-12-14	8401	8401	8245	8285	6	0.0
2018-12-17	8349	8349	8270	8270	6	-0.0018105009052504784
2018-12-18	8174	8207	8095	8110	78	-0.019347037484885088
2018-12-19	8066	8216	8066	8205	212	0.011713933415536282
2018-12-20	8169	8169	8066	8138	16	-0.008165752589884168
2018-12-21	8156	8260	8156	8261	5	0.015114278692553551
2018-12-24	8236	8241	8216	8219	10	-0.00508413025057497
2018-12-26	8146	8164	8061	8153	10752	-0.00803017398710304
2018-12-27	8283	8283	8212	8228	12878	0.009199067827793561
2018-12-28	8250	8260	8216	8261	20	0.00401069518716568
2019-01-02	8236	8236	7929	7983	92	-0.03365210022999632
2019-01-03	7966	7966	7783	7784	63	-0.024927971940373328
2019-01-04	7810	7810	7735	7808	12	0.0030832476875641834
2019-01-07	8037	8095	8000	8058	16	0.03201844262295084
2019-01-08	8116	8116	8061	8078	115	0.0024820054604119957
2019-01-09	8104	8189	8104	8191	5	0.013988611042337284
2019-01-10	8216	8216	8169	8200	5	0.0010987669393236477
2019-01-11	8141	8226	8141	8228	5	0.0034146341463414664
2019-01-14	8270	8270	8109	8181	88036	-0.00571220223626645
2019-01-15	8189	8287	8189	8280	6	0.012101210121012063
2019-01-16	8265	8344	8265	8347	85	0.008091787439613585
2019-01-17	8434	8434	8381	8407	50	0.007188211333413186
2019-01-18	8472	8482	8458	8478	16	0.00844534316640888
2019-01-21	8524	8529	8505	8507	34	0.003420618070299586
2019-01-22	8534	8534	8420	8469	417	-0.004466909603855651
2019-01-23	8420	8482	8396	8478	13	0.0010626992561104665
2019-01-24	8411	8448	8411	8450	40	-0.0033026657230479373
2019-01-25	8396	8603	8396	8607	5580	0.018579881656804798
2019-01-28	8598	8618	8590	8592	6	-0.0017427675148135036
2019-01-29	8538	8618	8519	8620	64	0.0032588454376163423
2019-01-30	8613	8732	8613	8728	45	0.012529002320185612
2019-01-31	8816	8826	8661	8710	397	-0.002062328139321723
2019-02-01	8742	8742	8642	8644	6	-0.007577497129735988
2019-02-07	8651	8723	8637	8724	38	0.00925497454881996
2019-02-08	8689	8689	8581	8592	6	-0.015130674002751032
2019-02-11	8633	8633	8566	8602	15	0.0011638733705772175
2019-02-12	8562	8590	8510	8592	43	-0.0011625203441060217
2019-02-13	8675	8723	8675	8719	1244	0.014781191806331417
2019-02-14	8680	8742	8646	8743	5194	0.002752609244179416
2019-02-15	8779	8779	8737	8767	7	0.0027450531854054105
2019-02-18	8868	8978	8868	8946	216	0.020417474620736842
2019-02-19	8954	8973	8920	8941	25310	-0.0005589090096131955
2019-02-20	8959	9068	8959	9041	50	0.011184431271669792
2019-02-21	9001	9001	8925	8941	55810	-0.011060723371308478
2019-02-22	8888	8888	8816	8837	61	-0.011631808522536646
2019-02-25	8930	8949	8840	8904	4827	0.00758175851533327
2019-02-26	8858	8873	8831	8876	77	-0.0031446540880503138
2019-02-27	8863	8973	8863	8974	117	0.011041009463722329
2019-02-28	8968	9001	8911	8913	39	-0.0067974147537329666
2019-03-04	8996	8996	8845	8847	8	-0.007404914170312971
2019-03-05	8835	8835	8765	8781	17	-0.007460155985079653
2019-03-06	8769	8821	8769	8824	5	0.00489693656758905
2019-03-07	8751	8751	8608	8663	42440	-0.01824569356300998
2019-03-08	8548	8608	8538	8582	16	-0.00935010966177996
2019-03-11	8552	8552	8434	8502	4263	-0.0093218364017712
2019-03-12	8576	8590	8548	8577	13923	0.008821453775582189
2019-03-13	8524	8524	8458	8502	7663	-0.008744316194473578
2019-03-14	8581	8656	8571	8649	18	0.017290049400141116
2019-03-15	8633	8760	8633	8752	15460	0.011908891201295013
2019-03-18	8779	8779	8713	8714	20915	-0.004341864716636223
2019-03-19	8751	8765	8727	8738	5	0.0027541886619233402
2019-03-20	8742	8742	8586	8691	19	-0.0053788052185854696
2019-03-21	8737	8811	8684	8728	1927	0.004257277643539226
2019-03-22	8698	8703	8637	8663	45	-0.00744729605866179
2019-03-25	8566	8566	8458	8502	51	-0.018584785870945364
2019-03-26	8505	8505	8396	8432	70	-0.00823335685721005
2019-03-27	8434	8458	8401	8441	86	0.0010673624288424222
2019-03-28	8368	8396	8326	8385	148	-0.0066342850373178885
2019-03-29	8373	8411	8302	8412	17	0.003220035778175312
2019-04-01	8510	8529	8501	8511	49	0.011768901569186863
2019-04-02	8552	8552	8505	8545	2937	0.003994830219715695
2019-04-03	8496	8628	8477	8630	3237	0.009947337624341746
2019-04-04	8633	8675	8608	8649	3270	0.002201622247972157
2019-04-05	8671	8694	8642	8696	6	0.005434154237484057
2019-04-08	8718	8737	8713	8714	111	0.002069917203311844
2019-04-09	8755	8755	8713	8738	6	0.0027541886619233402
2019-04-10	8684	8689	8661	8691	6	-0.0053788052185854696
2019-04-11	8694	8723	8637	8663	38	-0.0032217236221377954
2019-04-12	8646	8680	8642	8668	41	0.0005771672630727753
2019-04-15	8723	8755	8684	8738	146	0.008075680664513252
2019-04-16	8689	8689	8656	8686	26147	-0.005951018539711583
2019-04-17	8661	8661	8642	8649	23812	-0.004259728298411258
2019-04-18	8646	8646	8524	8545	6008	-0.012024511504220126
2019-04-19	8543	8548	8519	8545	12396	0.0
2019-04-22	8543	8557	8486	8526	79	-0.0022235225277940085
2019-04-23	8576	8576	8501	8526	84	0.0
2019-04-24	8524	8543	8416	8427	166	-0.011611541168191408
2019-04-25	8429	8429	8386	8403	35	-0.002847988608045582
2019-04-26	8368	8368	8236	8270	376	-0.015827680590265403
2019-04-29	8355	8370	8270	8372	21	0.012333736396614281
2019-04-30	8423	8423	8226	8285	654	-0.010391782130912519
2019-05-02	8275	8355	8241	8314	127	0.003500301750150925
2019-05-03	8346	8346	8260	8295	26	-0.002285301900408987
2019-05-07	8173	8173	8134	8151	140	-0.017359855334538876
2019-05-08	8106	8193	8106	8170	60	0.002331002331002363
2019-05-09	8173	8173	7923	7924	147	-0.030110159118727053
2019-05-10	8029	8029	7884	7963	392	0.004921756688541112
2019-05-13	7875	7875	7784	7799	5465	-0.020595253045334716
2019-05-14	7735	7807	7730	7794	19039	-0.0006411078343376841
2019-05-15	7803	7966	7803	7959	18567	0.02117013086989994
2019-05-16	7957	7966	7832	7838	6474	-0.015202914939062673
2019-05-17	7903	7928	7827	7829	2712	-0.0011482521051288108
2019-05-20	7847	7847	7692	7694	87	-0.017243581555754228
2019-05-21	7673	7807	7673	7780	7	0.01117754094099288
2019-05-22	7807	7807	7760	7794	9	0.0017994858611825038
2019-05-23	7779	7779	7707	7747	37	-0.006030279702335162
2019-05-24	7663	7682	7606	7675	15	-0.009293920227184671
2019-05-27	7643	7673	7616	7660	73	-0.001954397394136831
2019-05-28	7712	7712	7616	7708	55	0.0062663185378590835
2019-05-29	7677	7677	7539	7559	4546	-0.019330565646082043
2019-05-30	7591	7635	7591	7636	9	0.01018653261013358
2019-05-31	7548	7692	7548	7680	516	0.005762179151388214
2019-06-03	7587	7735	7587	7738	34	0.007552083333333348
2019-06-04	7712	7769	7712	7770	17	0.00413543551305251
2019-06-05	7832	7832	7707	7708	5669	-0.007979407979407993
2019-06-07	7707	7712	7648	7655	17	-0.006875973015049275
2019-06-10	7717	7760	7677	7760	8	0.013716525146962866
2019-06-11	7774	7807	7720	7809	5	0.006314432989690699
2019-06-12	7774	7827	7720	7733	147	-0.009732360097323589
2019-06-13	7817	7822	7740	7824	5	0.011767748609853967
2019-06-14	7817	7822	7725	7728	160	-0.012269938650306789
2019-06-17	7735	7774	7725	7738	19	0.0012939958592133038
2019-06-18	7730	7730	7712	7728	20	-0.0012923235978289371
2019-06-19	7817	7847	7784	7833	9	0.013586956521739024
2019-06-20	7842	7875	7822	7876	7	0.00548959530192783
2019-06-21	7875	7875	7842	7842	61296	-0.004316912138141227
2019-06-24	7847	7847	7794	7819	46768	-0.002932925274164777
2019-06-25	7861	7879	7827	7847	8	0.0035810205908684
2019-06-26	7784	7798	7755	7770	81	-0.009812667261373753
2019-06-27	7789	7856	7784	7852	91	0.010553410553410636
2019-06-28	7851	7851	7812	7838	121	-0.001782985226693845
2019-07-01	7918	7918	7884	7911	57	0.009313600408267453
2019-07-02	7866	7942	7866	7939	20	0.003539375553027524
2019-07-03	7942	8025	7918	7919	61	-0.002519208968383979
2019-07-04	7952	8068	7952	8069	6	0.01894178557898729
2019-07-05	8082	8082	8020	8069	223	0.0
2019-07-08	7990	7990	7837	7847	98	-0.0275127029371669
2019-07-09	7847	7884	7755	7756	20	-0.011596788581623496
2019-07-10	7764	7764	7677	7718	37	-0.00489943269726667
2019-07-11	7875	7875	7807	7852	205	0.017362010883648527
2019-07-12	7847	7898	7847	7857	6	0.0006367804381048892
2019-07-15	7884	7918	7837	7919	4500	0.007891052564592105
2019-07-16	7947	7976	7923	7978	36133	0.007450435661068289
2019-07-17	7942	7947	7908	7949	8818	-0.0036349962396590163
2019-07-18	7938	7938	7856	7857	21267	-0.011573782865769267
2019-07-19	7918	7957	7884	7959	4991	0.012982054219167649
2019-07-22	7894	7957	7894	7934	48	-0.0031410981279055283
2019-07-23	7966	8043	7966	8045	34	0.013990420973027495
2019-07-24	8029	8058	7971	7973	8	-0.008949658172778152
2019-07-25	7898	7898	7764	7775	11	-0.024833814122663944
2019-07-26	7725	7725	7631	7684	1853	-0.011704180064308733
2019-07-29	7631	7631	7500	7564	12	-0.015616866215512726
2019-07-30	7562	7611	7562	7612	32	0.0063458487572711775
2019-07-31	7591	7638	7553	7631	173	0.002496058854440264
2019-08-01	7562	7606	7519	7544	183	-0.011400864893198803
2019-08-02	7500	7500	7404	7458	8	-0.011399787910922554
2019-08-05	7404	7404	7249	7252	127	-0.027621346205417008
2019-08-06	7135	7244	7014	7160	52	-0.012686155543298439
2019-08-07	7182	7182	7086	7135	36	-0.0034916201117318746
2019-08-08	7216	7216	7150	7184	75	0.006867554309740731
2019-08-09	7288	7288	7150	7170	49	-0.0019487750556792527
2019-08-12	7145	7145	7086	7102	40346	-0.009483960948396097
2019-08-13	7053	7053	6951	6967	40	-0.019008729935229507
2019-08-14	7028	7115	7028	7112	116	0.020812401320510876
2019-08-16	7019	7048	6951	7045	20717	-0.009420697412823364
2019-08-19	7086	7168	7067	7140	114368	0.013484740951029028
2019-08-20	7173	7221	7173	7222	8386	0.011484593837534973
2019-08-21	7226	7288	7226	7290	17	0.009415674328440815
2019-08-22	7303	7331	7231	7232	78	-0.007956104252400564
2019-08-23	7264	7264	7177	7266	8	0.004701327433628277
2019-08-26	7106	7135	7106	7112	9	-0.021194605009633882
2019-08-27	7168	7168	7058	7059	118	-0.007452193475815494
2019-08-28	7058	7072	7028	7068	41	0.0012749681257968604
2019-08-29	7150	7150	7101	7102	6	0.00481041312959829
2019-08-30	7216	7322	7211	7318	69	0.0304139678963673
2019-09-02	7244	7279	7226	7276	9	-0.005739273025416769
2019-09-03	7279	7308	7269	7271	57	-0.0006871907641561315
2019-09-04	7249	7279	7201	7281	153	0.0013753266400771125
2019-09-05	7279	7400	7279	7376	63	0.013047658288696695
2019-09-06	7351	7361	7318	7328	355	-0.006507592190889366
2019-09-09	7371	7427	7361	7371	446	0.005867903930131035
2019-09-10	7404	7422	7375	7425	357	0.0073260073260073
2019-09-11	7480	7509	7476	7482	246	0.007676767676767726
2019-09-16	7562	7648	7539	7636	227	0.020582731889869033
2019-09-17	7635	7648	7606	7621	47	-0.001964379256155002
2019-09-18	7587	7611	7558	7583	41	-0.004986222280540575
2019-09-19	7548	7577	7524	7539	8967	-0.005802452855070528
2019-09-20	7534	7596	7534	7593	12289	0.007162753680859613
2019-09-23	7572	7572	7509	7524	43	-0.009087317265902839
2019-09-24	7524	7577	7524	7559	63	0.004651780967570351
2019-09-25	7485	7495	7366	7366	485	-0.025532477840984225
2019-09-26	7408	7408	7313	7313	127	-0.007195221286994347
2019-09-27	7336	7336	7249	7262	226	-0.006973882127717768
2019-09-30	7244	7284	7226	7285	45666	0.0031671715780776655
2019-10-01	7269	7417	7269	7420	101590	0.01853122855181888
2019-10-02	7404	7404	7313	7313	44011	-0.014420485175202113
2019-10-04	7318	7390	7308	7308	48	-0.0006837139340899467
2019-10-07	7351	7351	7279	7285	668	-0.003147235905856638
2019-10-08	7346	7404	7346	7391	238	0.014550446122168825
2019-10-10	7371	7371	7293	7352	10	-0.0052766878636179015
2019-10-11	7417	7500	7395	7458	193	0.01441784548422187
2019-10-14	7577	7577	7534	7534	62	0.010190399570930486
2019-10-15	7548	7548	7500	7502	18	-0.004247411733474871
2019-10-16	7539	7539	7480	7502	6	0.0
2019-10-17	7553	7553	7519	7521	5	0.0025326579578779373
2019-10-18	7509	7519	7417	7430	92	-0.012099454859726078
2019-10-21	7534	7534	7413	7430	7	0.0
2019-10-22	7524	7524	7442	7497	6	0.009017496635262523
2019-10-23	7500	7500	7417	7425	8	-0.009603841536614643
2019-10-24	7466	7529	7447	7529	13	0.014006734006734023
2019-10-25	7529	7539	7519	7534	5	0.0006640988179040797
2019-10-28	7587	7596	7539	7564	104	0.00398194850013267
2019-10-29	7596	7631	7534	7559	9	-0.0006610259122157292
2019-10-30	7529	7529	7457	7487	603	-0.009525069453631407
2019-10-31	7500	7539	7500	7521	19	0.00454120475490849
2019-11-01	7500	7558	7490	7559	16	0.005052519611753681
2019-11-04	7606	7631	7591	7631	60	0.009525069453631518
2019-11-05	7643	7653	7631	7655	19	0.0031450661774341526
2019-11-06	7653	7677	7606	7631	43	-0.003135205747877179
2019-11-07	7606	7631	7596	7631	92324	0.0
2019-11-08	7643	7702	7643	7699	63905	0.008911020836063432
2019-11-11	7712	7717	7653	7680	15544	-0.0024678529679179606
2019-11-12	7677	7677	7635	7660	4427	-0.0026041666666666297
2019-11-13	7638	7638	7548	7583	10	-0.010052219321148859
2019-11-14	7621	7621	7596	7621	6	0.0050112092839245115
2019-11-15	7616	7702	7616	7694	32	0.009578795433670129
2019-11-18	7707	7707	7677	7689	70589	-0.0006498570314530383
2019-11-19	7682	7682	7621	7675	10	-0.0018207829366627681
2019-11-20	7626	7626	7529	7559	65085	-0.015114006514657996
2019-11-21	7558	7558	7447	7463	44	-0.01270009260484195
2019-11-22	7447	7447	7366	7366	13	-0.012997454106927542
2019-11-25	7427	7466	7422	7468	2272	0.013847407005158852
2019-11-26	7466	7490	7461	7482	43590	0.001874665238350337
2019-11-27	7504	7524	7480	7482	5	0.0
2019-11-28	7471	7471	7427	7435	5	-0.006281742849505445
2019-11-29	7437	7437	7351	7357	17764	-0.010490921318090152
2019-12-02	7346	7404	7331	7333	88	-0.003262199266005128
2019-12-03	7327	7361	7308	7361	2271	0.0038183553797899172
2019-12-04	7298	7298	7197	7218	20	-0.019426708327672904
2019-12-05	7221	7244	7130	7150	8	-0.009420892213909626
2019-12-06	7150	7206	7150	7199	11	0.006853146853146752
2019-12-09	7216	7264	7216	7257	5	0.008056674538130304
2019-12-10	7269	7274	7264	7276	5	0.0026181617748379793
2019-12-11	7279	7313	7254	7308	43084	0.0043980208905991525
2019-12-12	7341	7404	7341	7395	60	0.011904761904761862
2019-12-13	7452	7485	7413	7420	336	0.0033806626098715764
2019-12-16	7466	7509	7437	7507	84336	0.011725067385444765
2019-12-17	7480	7529	7480	7517	9760	0.001332090049287249
2019-12-18	7457	7509	7457	7512	6	-0.0006651589729945728
2019-12-19	7485	7539	7461	7539	215	0.0035942492012779326
2019-12-20	7596	7621	7587	7621	36158	0.010876774107971832
2019-12-23	7611	7638	7611	7636	6	0.0019682456370555546
2019-12-24	7638	7677	7638	7646	197582	0.0013095861707699274
2019-12-26	7638	7638	7587	7626	31199	-0.0026157467957101943
2019-12-27	7638	7725	7631	7703	68	0.01009703645423543
2019-12-30	7725	7740	7725	7743	16	0.005192782032974241
2020-01-02	7740	7740	7611	7612	7	-0.016918507038615527
2020-01-03	7668	7668	7544	7602	40932	-0.0013137151865475483
2020-01-06	7621	7621	7495	7497	1274	-0.013812154696132617
2020-01-07	7529	7558	7509	7524	19634	0.0036014405762305746
2020-01-08	7390	7390	7236	7242	36	-0.037480063795853225
2020-01-09	7336	7336	7259	7290	8597	0.006628003314001596
2020-01-10	7318	7413	7264	7415	223	0.01714677640603557
2020-01-13	7457	7476	7442	7463	34041	0.006473364801078851
2020-01-14	7544	7562	7519	7534	28592	0.00951360042878191
2020-01-15	7485	7514	7466	7468	49114	-0.008760286700292053
2020-01-16	7417	7417	7390	7391	68348	-0.010310658810926632
2020-01-17	7461	7466	7437	7468	255	0.01041807603842515
2020-01-20	7500	7591	7500	7578	230	0.014729512587037918
2020-01-21	7577	7591	7504	7507	140	-0.009369226708894174
2020-01-22	7504	7544	7504	7539	506	0.004262688157719463
2020-01-23	7432	7471	7385	7400	68	-0.018437458548879126
2020-01-28	7125	7221	7077	7117	74995	-0.03824324324324324
2020-01-29	7110	7163	7110	7135	400	0.0025291555430659862
2020-01-30	7240	7244	7135	7184	208	0.006867554309740731
2020-01-31	7182	7182	7086	7088	344	-0.013363028953229383
2020-02-03	6933	6985	6860	6982	53	-0.014954853273137725
2020-02-04	7091	7259	7091	7203	84079	0.0316528215411056
2020-02-05	7221	7356	7221	7318	33613	0.015965569901430055
2020-02-06	7346	7490	7322	7482	210	0.02241049467067513
2020-02-07	7524	7524	7413	7443	48	-0.005212510024057759
2020-02-10	7390	7466	7366	7458	33	0.002015316404675449
2020-02-11	7539	7682	7539	7684	142	0.030303030303030276
2020-02-12	7658	7658	7577	7631	24274	-0.006897449245184761
2020-02-13	7673	7682	7591	7593	1384	-0.004979688114270742
2020-02-14	7611	7611	7572	7573	108	-0.00263400500460953
2020-02-17	7504	7587	7504	7588	51	0.0019807209824376226
2020-02-18	7529	7582	7495	7524	93374	-0.008434370057986307
2020-02-19	7544	7544	7395	7420	43	-0.013822434875066403
2020-02-20	7480	7480	7375	7453	19	0.004447439353099769
2020-02-21	7308	7351	7259	7271	116	-0.024419696766402765
2020-02-24	7135	7135	6951	6958	18433	-0.04304772383441069
2020-02-25	6928	7004	6899	6987	4488	0.004167864328830095
2020-02-26	6894	6942	6870	6944	6	-0.006154286532131126
2020-02-27	6899	6899	6768	6785	18	-0.022897465437788034
2020-02-28	6740	6740	6533	6555	3086	-0.03389830508474578
2020-03-02	6572	6644	6528	6593	2275	0.005797101449275255
2020-03-03	6755	6778	6654	6654	6	0.009252237221295312
2020-03-04	6692	6755	6692	6741	1075	0.013074842200180292
2020-03-05	6832	6860	6827	6827	5	0.01275775107550814
2020-03-06	6711	6711	6615	6650	16311	-0.025926468434158467
2020-03-09	6495	6495	6264	6270	36	-0.05714285714285716
2020-03-10	6221	6336	6221	6314	13129	0.007017543859649145
2020-03-11	6336	6336	6139	6193	4302	-0.019163763066202044
2020-03-12	6173	6173	5793	5794	38	-0.06442757952527045
2020-03-13	5452	5629	5308	5554	29747	-0.04142216085605799
2020-03-16	5600	5600	5308	5308	61	-0.044292401872524256
2020-03-17	5048	5283	5028	5213	3036	-0.017897513187641323
2020-03-18	5168	5168	4764	4765	54	-0.08593899865720311
2020-03-19	4759	4759	4038	4121	6043	-0.1351521511017838
2020-03-20	4163	4620	4163	4621	3202	0.12132977432661973
2020-03-23	4216	4519	4216	4356	24659	-0.057346894611555954
2020-03-24	4499	4827	4499	4827	104	0.10812672176308546
2020-03-25	4884	5389	4884	5390	198	0.11663559146467795
2020-03-26	5360	5495	5313	5313	1611	-0.014285714285714235
2020-03-27	5557	5557	5250	5430	1181	0.02202145680406553
2020-03-30	5206	5499	5187	5467	187	0.00681399631675883
2020-03-31	5486	5600	5437	5598	1475	0.023961953539418435
2020-04-01	5543	5625	5360	5376	658	-0.039657020364415874
2020-04-02	5335	5605	5274	5573	32752	0.036644345238095344
2020-04-03	5735	5735	5432	5496	22216	-0.013816615826305445
2020-04-06	5553	5692	5553	5692	123	0.03566229985443958
2020-04-07	5779	5807	5687	5794	775	0.017919887561489878
2020-04-08	5625	5850	5625	5814	1032	0.0034518467380049156
2020-04-09	5845	5893	5784	5843	996	0.004987960096319188
2020-04-10	5893	5995	5875	5997	801	0.02635632380626385
2020-04-13	5985	6000	5885	5886	60	-0.018509254627313676
2020-04-14	5975	6052	5975	6044	45	0.02684335711858643
2020-04-16	6015	6120	6015	6122	90	0.01290536068828585
2020-04-17	6274	6336	6269	6309	300	0.030545573342044996
2020-04-20	6307	6384	6279	6280	1232	-0.004596608020288495
2020-04-21	6211	6297	6091	6251	154	-0.004617834394904485
2020-04-22	6139	6221	6081	6222	6	-0.004639257718764944
2020-04-23	6211	6379	6197	6333	923	0.017839922854387735
2020-04-24	6331	6331	6236	6260	857	-0.011526922469603629
2020-04-27	6292	6379	6292	6366	333	0.01693290734824271
2020-04-28	6366	6385	6336	6386	1157	0.003141690229343297
2020-04-29	6454	6536	6439	6498	497	0.017538365173817683
2020-05-04	6400	6400	6220	6225	921	-0.042012927054478344
2020-05-06	6361	6361	6248	6313	44	0.014136546184738918
2020-05-07	6253	6312	6215	6284	39	-0.00459369554886746
2020-05-08	6273	6302	6268	6274	1487	-0.0015913430935710071
2020-05-11	6326	6326	6220	6220	1106	-0.008606949314631795
2020-05-12	6225	6225	6117	6124	11	-0.015434083601286175
2020-05-13	6063	6239	6063	6240	13	0.01894186806009146
2020-05-14	6181	6186	6103	6133	192	-0.017147435897435948
2020-05-15	6244	6244	6161	6211	244	0.012718082504483919
2020-05-18	6248	6356	6176	6357	216	0.023506681693769016
2020-05-19	6589	6707	6545	6552	597	0.030674846625766916
2020-05-20	6560	6658	6531	6658	205	0.01617826617826612
2020-05-21	6794	6916	6794	6795	768	0.020576749774707137
2020-05-22	6848	6848	6663	6712	585	-0.012214863870492976
2020-05-25	6716	6906	6716	6907	1611	0.02905244338498214
2020-05-26	7052	7334	7047	7320	1717	0.059794411466628006
2020-05-27	7403	7441	7222	7243	2086	-0.010519125683060127
2020-05-28	7232	7251	7037	7077	1496	-0.022918680104928923
2020-05-29	7101	7101	6979	7019	160	-0.008195563091705549
2020-06-01	7174	7178	7106	7170	358	0.02151303604502064
2020-06-02	7066	7193	7066	7179	237	0.001255230125523088
2020-06-03	7320	7329	7251	7301	5799	0.01699401030784231
2020-06-04	7398	7426	7325	7350	1014	0.006711409395973256
2020-06-05	7388	7548	7364	7549	874	0.027074829931972744
2020-06-08	7689	7689	7524	7578	366	0.0038415684196582145
2020-06-09	7650	7675	7514	7583	423	0.0006598046978094629
2020-06-10	7602	7612	7578	7593	1910	0.0013187392852433977
2020-06-11	7573	7679	7509	7521	2304	-0.009482418016594218
2020-06-12	7150	7573	7150	7573	440	0.006913974205557727
2020-06-15	7563	7753	7359	7359	1516	-0.028258286016109913
2020-06-16	7632	7836	7602	7807	1893	0.060877836662589946
2020-06-17	7884	8045	7879	7973	1897	0.021262969130267706
2020-06-18	7918	7957	7869	7939	2005	-0.004264392324093813
2020-06-19	7996	8026	7841	7959	1579	0.002519208968383868
2020-06-22	8006	8021	7947	7959	681	0.0
2020-06-23	8079	8079	7879	8055	2132	0.012061816811157255
2020-06-24	8055	8079	7986	8046	502	-0.0011173184357542443
2020-06-25	7977	7977	7898	7934	82	-0.013919960228685024
2020-06-26	7938	7991	7846	7959	1479	0.0031509957146458323
2020-06-29	7889	7913	7816	7836	15	-0.015454202789295102
2020-06-30	7947	7952	7865	7866	644	0.003828483920367498
2020-07-01	7933	7972	7898	7900	5	0.0043224002034070175
2020-07-02	7841	7855	7733	7822	4511	-0.009873417721518951
2020-07-03	7894	7918	7836	7861	491	0.004985937100485893
2020-07-06	7836	7918	7777	7910	2739	0.006233303650934996
2020-07-07	8026	8026	7923	7924	747	0.001769911504424737
2020-07-08	7865	7894	7831	7851	1549	-0.009212518929833435
2020-07-09	7933	8030	7913	8016	234	0.021016431027894633
2020-07-10	7938	7938	7826	7871	64	-0.018088822355289413
2020-07-13	7977	8079	7967	8080	502	0.02655316986405798
2020-07-14	7977	7977	7869	7910	69	-0.02103960396039606
2020-07-15	8069	8069	7928	7992	2286	0.010366624525916635
2020-07-16	8050	8050	7913	7949	277	-0.005380380380380356
2020-07-17	7923	7923	7860	7861	287	-0.011070574915083675
2020-07-20	7860	7860	7767	7827	2210	-0.004325149472077294
2020-07-21	7967	8099	7967	8065	1729	0.030407563562028894
2020-07-22	8074	8303	8074	8240	13520	0.021698698078115308
2020-07-23	8240	8259	8142	8192	244	-0.005825242718446644
2020-07-24	8040	8166	7991	8104	204	-0.0107421875
2020-07-27	8210	8235	8152	8168	661	0.007897334649555665
2020-07-28	8220	8220	8132	8178	172	0.0012242899118510842
2020-07-29	8152	8181	8074	8134	1131	-0.005380288579114656
2020-07-30	8161	8161	8094	8138	19836	0.0004917629702483328
2020-07-31	8137	8235	8089	8207	24515	0.008478741705578718
2020-08-03	8240	8468	8215	8449	9396	0.029487023272815938
2020-08-04	8604	8653	8575	8645	2442	0.023198011599005808
2020-08-05	8673	9155	8624	9155	1165	0.058993637941006316
2020-08-06	9155	9383	9106	9248	4045	0.010158383397050885
2020-08-07	9247	9782	9247	9774	1881	0.05687716262975773
2020-08-10	9870	10026	9743	9934	5641	0.01636996112134237
2020-08-11	10031	10220	9934	10104	1671	0.01711294543990327
2020-08-12	10104	10201	9948	10027	6835	-0.007620744259699164
2020-08-13	10225	10274	9919	10003	2406	-0.002393537448888039
2020-08-14	9987	9987	9617	9691	7438	-0.031190642807157887
2020-08-18	9563	9651	9276	9316	6057	-0.038695697038489296
2020-08-19	9486	9486	9320	9418	488	0.010948905109489093
2020-08-20	9398	9427	9014	9044	1154	-0.03971119133574008
2020-08-21	9169	9286	9042	9214	1401	0.018796992481203034
2020-08-24	9106	9310	9081	9282	270	0.007380073800737907
2020-08-25	9320	9607	9320	9594	1089	0.03361344537815136
2020-08-26	9588	9772	9437	9735	1645	0.014696685428392753
2020-08-27	9715	9851	9637	9647	916	-0.009039548022598876
2020-08-28	9753	9846	9676	9730	797	0.008603710998237757
2020-08-31	9831	9831	9500	9565	1032	-0.016957862281603342
2020-09-01	9563	9622	9442	9560	285	-0.000522739153162588
2020-09-02	9602	9637	9505	9632	1195	0.007531380753138084
2020-09-03	9705	9904	9705	9876	1446	0.025332225913621276
2020-09-04	9422	9880	9422	9851	2363	-0.002531389226407499
2020-09-07	9890	9967	9816	9895	2146	0.004466551619124903
2020-09-08	10060	10060	9676	9715	23770	-0.01819100555836284
2020-09-09	9676	9676	9544	9652	1464	-0.006484817292846112
2020-09-10	9851	9851	9651	9808	2836	0.01616245337753841
2020-09-11	9743	9743	9617	9691	2677	-0.011929037520391539
2020-09-14	9622	9836	9622	9710	24512	0.001960581983283527
2020-09-15	9909	9909	9681	9789	2104	0.00813594232749737
2020-09-16	9865	9865	9553	9599	29139	-0.019409541321891877
2020-09-17	9646	9646	9286	9365	3700	-0.024377539327013253
2020-09-18	9466	9471	9398	9443	946	0.008328884143085968
2020-09-21	9476	9476	9164	9180	378	-0.027851318436937444
2020-09-22	9199	9199	8970	8985	166	-0.021241830065359513
2020-09-23	9174	9174	8673	8908	637	-0.00856983861992211
2020-09-24	8751	8813	8537	8571	1935	-0.037831162999550916
2020-09-25	8717	8717	8512	8611	232	0.004666900011667252
2020-09-28	8756	8756	8594	8742	46024	0.015213099523864848
2020-09-29	8960	8960	8828	8903	4952	0.018416838252116152
2020-10-05	8994	9160	8994	9160	4035	0.028866674154779393
2020-10-06	9276	9291	9218	9263	1494	0.011244541484716208
2020-10-07	9199	9393	9199	9394	408	0.014142286516247493
2020-10-08	9509	9720	9509	9691	21228	0.03161592505854793
2020-10-12	9710	9768	9690	9701	540	0.0010318852543598211
2020-10-13	9772	9772	9495	9496	304	-0.02113184207813623
2020-10-14	9481	9481	9334	9365	74	-0.013795282224094318
2020-10-15	9344	9388	9281	9389	271	0.0025627335824880415
2020-10-16	9334	9334	9189	9282	1109	-0.011396314836510824
2020-10-19	9261	9261	9130	9132	1072	-0.01616031027795739
2020-10-20	9184	9184	9014	9165	1217	0.0036136662286465615
2020-10-21	9194	9281	9164	9282	10481	0.012765957446808418
2020-10-22	9300	9330	9218	9263	594	-0.002046972635207922
2020-10-23	9330	9383	9281	9356	3125	0.010039943862679479
2020-10-26	9325	9325	9135	9145	741	-0.022552372808892662
2020-10-27	9160	9169	9101	9117	37	-0.003061782394751189
2020-10-28	9199	9271	9164	9272	28	0.017001206537238023
2020-10-29	9155	9233	9086	9233	263	-0.004206212251941288
2020-10-30	9233	9233	8887	8893	1310	-0.03682443409509373
2020-11-02	8921	8989	8843	8990	37	0.01090745530192283
2020-11-03	9194	9364	9194	9365	2146	0.04171301446051179
2020-11-04	9437	9437	9218	9282	3919	-0.008862786972770986
2020-11-05	9486	9646	9378	9637	4414	0.03824606765783245
2020-11-06	9792	9865	9710	9828	978	0.0198194458856491
2020-11-09	10119	10337	10035	10280	2142	0.045991045991045976
2020-11-10	10279	10391	10186	10256	1805	-0.0023346303501945442
2020-11-11	10264	10333	10123	10168	2268	-0.00858034321372858
2020-11-12	10245	10245	10143	10192	648	0.002360346184107076
2020-11-13	10099	10215	10031	10173	282	-0.001864207221350056
2020-11-16	10099	10186	10060	10178	1529	0.0004914971001670487
2020-11-17	10254	10264	10182	10246	726	0.0066810768323835035
2020-11-18	10269	10401	10254	10402	1696	0.01522545383564311
2020-11-19	10352	10425	10269	10426	21855	0.002307248606037371
2020-11-20	10434	10459	10391	10436	175	0.0009591406100133426
2020-11-23	10473	10561	10444	10547	1127	0.010636259103104617
2020-11-24	10591	10805	10591	10805	12022	0.024461932303024625
2020-11-25	11068	11068	10736	10766	15933	-0.003609440074039849
2020-11-26	10887	10965	10722	10967	12998	0.018669886680289904
2020-11-27	10892	11053	10892	11039	727	0.006565149995440889
2020-11-30	11121	11121	10771	10771	1122	-0.024277561373312828
2020-12-01	10877	10950	10829	10952	89	0.016804382137220353
2020-12-02	11024	11184	11024	11186	338	0.02136596055514972
2020-12-03	11194	11194	11102	11156	1168	-0.0026819238333631867
2020-12-04	11140	11223	11038	11093	1373	-0.00564718537110076
2020-12-07	11063	11063	10805	10971	2012	-0.01099792662039123
2020-12-08	11048	11048	10877	10879	922	-0.008385744234800874
2020-12-09	10999	11179	10994	11181	585	0.027759904402978153
2020-12-10	11125	11184	10965	11146	1804	-0.003130310347911669
2020-12-11	11233	11316	11155	11205	1127	0.005293378790597547
2020-12-14	11169	11169	10999	11014	884	-0.017045961624274852
2020-12-15	11019	11019	10887	10991	478	-0.002088251316506251
2020-12-16	11073	11199	11073	11190	1063	0.018105722864161677
2020-12-17	11336	11336	11116	11263	1560	0.006523681858802588
2020-12-18	11257	11277	11145	11166	400	-0.008612270265470956
2020-12-21	11165	11248	11038	11233	1214	0.006000358230342062
2020-12-22	11213	11213	10916	10918	2680	-0.028042375144663012
2020-12-23	10902	11024	10805	10942	1327	0.0021982047994137943
2020-12-24	11097	11130	11029	11098	28626	0.014256991409248743
2020-12-28	11238	11238	10975	11019	24544	-0.007118399711659729
2020-12-29	11121	11267	11121	11210	1809	0.017333696342680893
2020-12-30	11462	11462	11272	11462	1209	0.02247992863514714
2021-01-04	11968	12274	11612	12178	6075	0.06246728319664974
2021-01-05	12357	12576	12207	12578	4246	0.03284611594678921
2021-01-06	12917	13083	12615	12738	9382	0.012720623310542134
2021-01-07	13282	13477	13073	13419	10818	0.053462081959491314
2021-01-08	13793	13842	13521	13804	10916	0.02869066249347929
2021-01-11	14012	14275	13272	13633	12774	-0.012387713706172088
2021-01-12	13569	13661	13068	13356	7428	-0.02031834519181397
2021-01-13	13530	13818	13530	13575	7186	0.01639712488769085
2021-01-14	13700	13842	13628	13633	6266	0.004272559852670277
2021-01-15	13886	13886	13390	13390	6667	-0.01782439668451552
2021-01-18	13302	13390	13009	13112	6582	-0.02076176250933537
2021-01-19	13112	13618	13083	13619	4606	0.03866687004270908
2021-01-20	14012	14012	13530	13882	6521	0.019311256333064186
2021-01-21	14115	14265	14032	14140	3199	0.018585218268261094
2021-01-22	14261	14261	14046	14047	4486	-0.006577086280056599
2021-01-25	14143	14309	14046	14310	3485	0.018722858973446277
2021-01-26	14558	14558	14115	14246	3455	-0.004472396925227162
2021-01-27	14339	14377	13857	14037	2148	-0.014670784781693147
2021-01-28	13779	13919	13628	13916	4439	-0.008620075514711112
2021-01-29	14007	14158	13419	13565	2424	-0.02522276516240296
2021-02-01	13565	14192	13341	14194	1723	0.04636933284187239
2021-02-02	14484	14601	14241	14465	6451	0.01909257432718059
2021-02-03	14772	14772	14411	14651	7979	0.012858624265468466
2021-02-04	14650	14650	14396	14509	2995	-0.00969217118285437
2021-02-05	14757	14782	14392	14578	3716	0.00475566889516843
2021-02-08	14484	14548	14236	14364	3945	-0.014679654273562881
2021-02-09	14445	14620	14275	14310	4928	-0.003759398496240629
2021-02-10	14382	14533	14115	14534	4636	0.015653389238294846
2021-02-15	14514	14558	14387	14504	4866	-0.0020641254988302826
2021-02-16	14504	14601	14406	14534	5826	0.0020683949255377865
2021-02-17	14533	14533	14392	14490	4031	-0.0030273840649511774
2021-02-18	14581	14581	14246	14271	2790	-0.015113871635610732
2021-02-19	14265	14265	13842	14174	2868	-0.006797000910938267
2021-02-22	14309	14309	13837	13877	2857	-0.02095385917877801
2021-02-23	13798	13895	13584	13804	3417	-0.005260502990559912
2021-02-24	13803	13803	13127	13127	3271	-0.049043755433207714
2021-02-25	13399	13609	13399	13609	3233	0.03671821436733458
2021-02-26	13258	13306	12960	13137	6315	-0.034682930413696855
2021-03-02	13404	13653	13171	13366	4761	0.017431681510238217
2021-03-03	13360	13442	13194	13444	3507	0.005835702528804498
2021-03-04	13375	13428	13175	13303	2837	-0.010487950014876568
2021-03-05	13141	13302	12995	13254	3076	-0.0036833796887919545
2021-03-08	13253	13253	12829	12849	1353	-0.030556813037573516
2021-03-09	12800	12800	12294	12553	946	-0.02303681220328435
2021-03-10	12795	12898	12421	12485	5618	-0.005417031785230675
2021-03-11	12586	12893	12571	12846	9381	0.028914697637164588
2021-03-12	12999	13141	12995	13132	2689	0.022263739685505213
2021-03-15	13029	13043	12922	12957	2929	-0.013326226012793208
2021-03-16	12820	12820	12537	12592	3919	-0.02817010110365059
2021-03-17	12566	12576	12362	12553	2569	-0.0030972045743329346
2021-03-18	12586	12756	12513	12548	998	-0.0003983111606786771
2021-03-19	12153	12445	12153	12411	3370	-0.010918074593560756
2021-03-22	12323	12333	12168	12266	1806	-0.011683184272016756
2021-03-23	12431	12431	12032	12057	5855	-0.017038969509212465
2021-03-24	11953	12177	11944	12120	9464	0.005225180393132689
2021-03-25	12172	12411	12172	12354	801	0.019306930693069324
2021-03-26	12440	12630	12440	12630	2200	0.022340942204953862
2021-03-29	12854	12854	12571	12607	2708	-0.0018210609659540244
2021-03-30	12785	12932	12654	12898	2824	0.02308241453160953
2021-03-31	12922	12985	12868	12913	573	0.0011629710032563523
2021-04-01	13092	13297	13092	13239	3870	0.025245876248741528
2021-04-02	13272	13331	13097	13195	5574	-0.0033235138605635095
2021-04-05	13199	13199	12942	12972	3738	-0.016900341038272093
2021-04-06	12985	12985	12751	12879	7700	-0.007169287696577209
2021-04-07	12960	13073	12898	12908	1867	0.002251727618604038
2021-04-08	13009	13068	12810	13069	1315	0.012472885032537961
2021-04-09	13092	13228	13078	13166	1380	0.007422144004897158
2021-04-12	13166	13589	13166	13483	6726	0.02407716846422603
2021-04-13	13535	13710	13535	13692	6549	0.01550100126084697
2021-04-14	13764	13890	13715	13852	2316	0.011685655857434973
2021-04-15	13862	13929	13774	13794	1528	-0.004187120993358384
2021-04-16	13818	13881	13783	13857	1497	0.004567203131796482
2021-04-19	13857	13958	13857	13940	920	0.005989752471674992
2021-04-20	13949	13949	13890	13936	276	-0.0002869440459110084
2021-04-21	13934	13934	13744	13892	2060	-0.0031572904707233285
2021-04-22	13919	14133	13919	14052	7193	0.011517420097898023
2021-04-23	14066	14119	13808	14086	1787	0.002419584400797037
2021-04-26	14086	14163	14027	14140	5322	0.0038335936390743175
2021-04-27	14177	14236	14086	14208	4111	0.0048090523338049085
2021-04-28	14261	14261	13867	13887	4173	-0.022592905405405372
2021-04-29	13911	14223	13896	14063	7012	0.01267372362641317
2021-04-30	14003	14062	13823	13848	1198	-0.01528834530327805
2021-05-03	13945	13945	13476	13559	2255	-0.020869439630271547
2021-05-04	13436	13813	13436	13813	2038	0.018732944907441595
2021-05-06	13862	14223	13813	14224	5773	0.02975457901976397
2021-05-07	14194	14321	14165	14209	5580	-0.0010545556805399148
2021-05-10	14409	14409	14223	14297	2304	0.006193257794355755
2021-05-11	14204	14219	13979	14014	5443	-0.019794362453661618
2021-05-12	13906	13984	13441	13520	3230	-0.03525046382189234
2021-05-13	13388	13461	13216	13276	832	-0.01804733727810648
2021-05-14	13344	13490	13329	13408	1761	0.009942753841518437
2021-05-17	13495	13632	13407	13457	312	0.0036545346062053508
2021-05-18	13529	13632	13529	13593	1472	0.010106264397711229
2021-05-20	13656	13686	13505	13676	2276	0.006106084013830726
2021-05-21	13740	13759	13524	13623	693	-0.003875402164375541
2021-05-24	13461	13583	13432	13432	2279	-0.014020406665198548
2021-05-25	13554	13612	13505	13549	690	0.00871054198927923
2021-05-26	13515	13568	13412	13422	2028	-0.009373385489704011
2021-05-27	13422	13446	13216	13315	1444	-0.007971986291163802
2021-05-28	13388	13490	13353	13417	3018	0.007660533233195599
2021-05-31	13373	13373	13158	13251	2601	-0.012372363419542398
2021-06-01	13260	13490	13251	13349	1625	0.007395668251452658
2021-06-02	13392	13510	13392	13452	621	0.0077159337778109904
2021-06-03	13500	13573	13495	13530	1528	0.005798394290811748
2021-06-04	13427	13500	13368	13457	1882	-0.00539541759053952
2021-06-07	13554	13554	13441	13486	1633	0.0021550122612765676
2021-06-08	13446	13446	13295	13344	425	-0.010529437935636987
2021-06-09	13339	13388	13241	13241	369	-0.007718824940047941
2021-06-10	13241	13324	13148	13310	1607	0.0052110867759231905
2021-06-11	13397	13549	13368	13549	1809	0.01795642374154771
2021-06-14	13529	13603	13520	13554	5679	0.00036903092479145805
2021-06-15	13715	13754	13627	13667	1137	0.008337022281245332
2021-06-16	13681	13686	13598	13598	30262	-0.00504865734982074
2021-06-17	13598	13749	13593	13725	1411	0.009339608765994933
2021-06-18	13725	13725	13568	13608	1543	-0.008524590163934476
2021-06-21	13520	13520	13397	13486	904	-0.008965314520870127
2021-06-22	13554	13642	13554	13642	637	0.011567551534925169
2021-06-23	13686	13740	13524	13686	3334	0.003225333528808161
2021-06-24	13779	13886	13720	13764	3895	0.005699254712845159
2021-06-25	13783	13940	13783	13896	1264	0.009590235396687019
2021-06-28	13847	13955	13803	13838	1503	-0.004173862982153165
2021-06-29	13979	13979	13774	13813	5721	-0.0018066194536783264
2021-06-30	13813	13979	13813	13980	10887	0.012090060088322696
2021-07-01	13979	14052	13686	13686	6904	-0.021030042918454894
2021-07-02	13686	13764	13686	13725	872	0.0028496273564226904
2021-07-05	13793	13871	13740	13794	833	0.005027322404371537
2021-07-06	13793	13930	13793	13926	10488	0.009569377990430672
2021-07-07	13945	13945	13696	13804	1597	-0.008760591698980358
2021-07-08	13803	13871	13637	13676	878	-0.009272674587076257
2021-07-09	13617	13617	13373	13564	5346	-0.008189529102076598
2021-07-12	13656	13720	13583	13676	7267	0.008257151282807351
2021-07-13	13852	13852	13744	13808	1967	0.0096519450131618
2021-07-14	13852	13852	13779	13833	983	0.001810544611819287
2021-07-15	13832	13832	13749	13769	772	-0.004626617508855624
2021-07-16	13661	13769	13661	13706	1486	-0.004575495678698527
2021-07-19	13705	13705	13598	13608	868	-0.007150153217568955
2021-07-20	13471	13564	13412	13491	6910	-0.008597883597883604
2021-07-21	13647	13681	13490	13525	284	0.002520198650952432
2021-07-22	13627	13715	13593	13716	12338	0.014121996303142259
2021-07-23	13783	13788	13691	13740	30712	0.0017497812773403787
2021-07-26	13740	13740	13642	13647	911	-0.006768558951965042
2021-07-27	13627	13813	13627	13701	706	0.003956913607386259
2021-07-28	13700	13730	13622	13681	875	-0.0014597474636888208
2021-07-29	13696	13783	13632	13667	750	-0.0010233170089906096
2021-07-30	13632	13686	13485	13515	805	-0.011121679959025355
2021-08-02	13427	13608	13358	13574	3973	0.004365519792822736
2021-08-03	13583	13593	13524	13549	464	-0.0018417562988065628
2021-08-04	13392	13559	13319	13549	317	0.0
2021-08-05	13612	13617	13441	13510	754	-0.0028784412133736614
2021-08-06	13617	13617	13417	13452	2618	-0.004293116210214665
2021-08-09	13441	13441	13300	13413	2911	-0.002899197145405874
2021-08-10	13446	13490	13388	13491	1487	0.005815253858197256
2021-08-11	13564	13564	13402	13461	947	-0.0022237046920169368
2021-08-12	13627	13627	13480	13564	3377	0.007651734640814256
2021-08-13	13666	13666	13417	13481	1817	-0.006119138897080489
2021-08-17	13515	13515	13216	13232	1391	-0.01847043987834729
2021-08-18	13124	13432	13124	13398	35163	0.012545344619105281
2021-08-19	13314	13324	13050	13070	2679	-0.024481265860576196
2021-08-20	13016	13173	12923	12963	458	-0.00818668706962511
2021-08-23	13060	13060	12816	12816	3244	-0.011339967600092593
2021-08-24	12957	13050	12786	12914	3483	0.007646691635455616
2021-08-25	13045	13119	12967	13119	17042	0.015874245005420562
2021-08-26	13231	13231	13050	13051	203	-0.005183321899535076
2021-08-27	13001	13099	12982	13100	417	0.0037545015707609597
2021-08-30	13197	13197	13060	13095	2375	-0.0003816793893129944
2021-08-31	13045	13226	13045	13227	845	0.010080183276059529
2021-09-01	13295	13295	13050	13080	4653	-0.011113631208890862
2021-09-02	13045	13065	12987	13026	2065	-0.004128440366972463
2021-09-03	13060	13119	13021	13119	204	0.007139567019806448
2021-09-06	13197	13378	13197	13373	2454	0.019361231801204415
2021-09-07	13451	13510	13407	13466	8439	0.006954310924998097
2021-09-08	13471	13622	13456	13584	2903	0.008762810040100932
2021-09-09	13725	13725	13544	13544	2022	-0.002944640753828054
2021-09-10	13515	13696	13515	13696	427	0.011222681630242093
2021-09-13	13696	13852	13696	13833	1884	0.010002920560747697
2021-09-14	13896	13945	13818	13862	41813	0.002096436058700135
2021-09-15	13915	13915	13725	13848	41321	-0.001009955273409302
2021-09-16	13906	13940	13754	13789	1561	-0.004260543038705933
2021-09-17	13730	13818	13725	13764	1034	-0.0018130393792152866
2021-09-23	13730	14008	13715	14009	1892	0.01780005812263874
2021-09-24	14038	14111	13945	13950	1106	-0.004211578271111405
2021-09-27	14077	14145	14008	14126	1909	0.012616487455197056
2021-09-28	14145	14365	14140	14351	5062	0.01592807588843259
2021-09-29	14131	14321	14126	14322	1391	-0.002020765103477151
2021-09-30	14277	14277	14052	14180	1276	-0.009914816366429324
2021-10-01	14179	14179	13945	13999	3931	-0.012764456981664285
2021-10-05	13989	13999	13681	13862	2107	-0.009786413315236775
2021-10-06	13915	14077	13529	13559	1126	-0.021858317703073116
2021-10-07	13549	13549	13173	13447	898	-0.00826019617965923
2021-10-08	13612	13637	13490	13496	540	0.0036439354502864063
2021-10-12	13588	13818	13588	13779	1461	0.02096917605216353
2021-10-13	13783	13974	13783	13945	339	0.012047318383046735
2021-10-14	14106	14150	14028	14131	1652	0.013338114019361802
2021-10-15	14131	14214	14072	14107	867	-0.0016983936027173963
2021-10-18	14106	14175	14018	14024	3839	-0.0058836038845963
2021-10-19	14135	14248	13989	14067	23443	0.003066172276098067
2021-10-20	14126	14165	13901	13945	2254	-0.008672780265870483
2021-10-21	13945	13945	13720	13740	1206	-0.014700609537468656
2021-10-22	13720	13759	13656	13676	437	-0.004657933042212514
2021-10-25	13544	13779	13456	13779	732	0.007531441942088435
2021-10-26	13896	13979	13774	13818	699	0.002830394077944609
2021-10-27	13769	13832	13554	13593	686	-0.016283108988276118
2021-10-28	13603	13642	13471	13471	1029	-0.00897520782755834
2021-10-29	13539	13539	13344	13344	421	-0.009427659416524348
2021-11-01	13417	13417	13124	13139	1226	-0.01536270983213428
2021-11-02	13246	13422	13246	13305	406	0.012634142628815015
2021-11-03	13231	13260	13094	13100	571	-0.015407741450582435
2021-11-04	13251	13251	12953	13017	653	-0.006335877862595374
2021-11-05	12938	12938	12786	12821	2742	-0.015057232849350899
2021-11-08	12718	12845	12708	12841	322	0.0015599407222526285
2021-11-09	12737	12884	12693	12718	3753	-0.009578693248189385
2021-11-10	12635	12635	12337	12342	1964	-0.029564396917754365
2021-11-11	12376	12434	12332	12386	977	0.0035650623885918886
2021-11-12	12400	12737	12400	12689	703	0.024463103503955974
2021-11-15	12708	12718	12596	12684	4857	-0.00039404208369453464
2021-11-16	12684	12806	12645	12684	591	0.0
2021-11-17	12698	12708	12469	12494	367	-0.014979501734468603
2021-11-18	12439	12518	12346	12454	2197	-0.0032015367376340143
2021-11-19	12513	12532	12366	12406	408	-0.0038541833948931847
2021-11-22	12322	12493	12322	12494	3494	0.0070933419313234936
2021-11-23	12430	12439	12346	12386	3789	-0.008644149191611938
2021-11-24	12415	12513	12415	12513	378	0.01025351202971092
2021-11-25	12430	12488	12410	12464	1366	-0.0039159274354670925
2021-11-26	12361	12361	12122	12137	2919	-0.026235558408215676
2021-11-29	11921	12097	11916	12019	2062	-0.009722336656504904
2021-11-30	12146	12146	11687	11751	1177	-0.02229802812213999
2021-12-01	11750	12073	11687	12034	746	0.024083056761126764
2021-12-02	11926	12210	11916	12210	215	0.014625228519195677
2021-12-03	12200	12376	12200	12342	43	0.0108108108108107
2021-12-06	12298	12454	12180	12415	549	0.005914762599254608
2021-12-07	12415	12415	12298	12396	128	-0.0015304067660089071
2021-12-08	12581	12610	12513	12528	798	0.010648596321394033
2021-12-09	12562	12645	12542	12586	59	0.004629629629629539
2021-12-10	12498	12630	12498	12616	3180	0.0023836008263149466
2021-12-13	12625	12669	12581	12591	142	-0.0019816106531388433
2021-12-14	12415	12434	12278	12366	3303	-0.01786990707648317
2021-12-15	12273	12288	12170	12215	473	-0.012210900857189122
2021-12-16	12322	12430	12322	12420	4721	0.01678264428980758
2021-12-17	12410	12508	12366	12469	1350	0.003945249597423484
2021-12-20	12493	12493	12073	12083	633	-0.030956772796535414
2021-12-21	12082	12082	11858	11966	464	-0.009683025738641104
2021-12-22	11990	11990	11775	11814	1082	-0.012702657529667372
2021-12-23	11926	11955	11872	11917	140	0.008718469612324364
2021-12-24	12068	12068	11985	12005	612	0.007384408827725064
2021-12-27	12039	12102	11970	12000	206	-0.0004164931278634043
2021-12-28	11926	12092	11926	12093	127	0.007749999999999924
2021-12-29	12131	12302	12131	12303	581	0.017365418010419242
2021-12-30	12239	12239	12122	12171	114	-0.01072909046574011
2022-01-03	12254	12302	12136	12171	2427	0.0
2022-01-04	12180	12405	12180	12381	451	0.017254128666502444
2022-01-05	12312	12434	12312	12327	327	-0.004361521686455094
2022-01-06	12327	12356	12273	12298	596	-0.0023525594224060864
2022-01-07	12351	12615	12351	12616	720	0.02585786306716531
2022-01-10	12635	12635	12503	12528	179	-0.0069752694990488084
2022-01-11	12527	12562	12293	12415	176	-0.009019795657726704
2022-01-12	12610	12913	12610	12909	1170	0.039790575916230475
2022-01-13	12909	12953	12835	12865	747	-0.003408474707568332
2022-01-14	12698	12747	12571	12577	710	-0.022386319471434102
2022-01-17	12503	12620	12415	12454	5248	-0.009779756698735764
2022-01-18	12454	12547	12400	12401	77	-0.004255660831861241
2022-01-19	12366	12390	12073	12137	9512	-0.021288605757600165
2022-01-20	12122	12356	12112	12357	1612	0.018126390376534518
2022-01-21	12219	12219	12024	12117	741	-0.019422189851905802
2022-01-24	12029	12029	11755	11858	15064	-0.02137492778740613
2022-01-25	11711	11740	11296	11389	3598	-0.03955135773317586
2022-01-26	11403	11540	11403	11423	1135	0.002985336728422272
2022-01-27	11359	11359	10777	10778	2902	-0.05646502670051645
2022-01-28	10817	11051	10631	11013	12483	0.021803674151048336
2022-02-03	11183	11335	11183	11267	473	0.023063652047580208
2022-02-04	11286	11428	11286	11428	760	0.01428951806159584
2022-02-07	11535	11535	11242	11272	699	-0.013650682534126712
2022-02-08	11364	11388	11144	11193	478	-0.007008516678495336
2022-02-09	11261	11310	11188	11301	665	0.00964888769766814
2022-02-10	11393	11506	11393	11487	30	0.016458720467215304
2022-02-11	11330	11354	11208	11208	573	-0.024288325933664145
2022-02-14	11144	11144	10948	11052	258	-0.013918629550321193
2022-02-15	11046	11046	10797	10832	352	-0.019905899384726755
2022-02-16	11144	11168	11007	11120	1597	0.026587887740029625
2022-02-17	11198	11344	11080	11169	13491	0.00440647482014378
2022-02-18	11110	11261	11105	11232	138	0.005640612409347323
2022-02-21	11134	11178	10948	11174	5928	-0.0051638176638176825
2022-02-22	11017	11017	10846	10885	670	-0.025863611956327137
2022-02-23	11022	11022	10934	10993	142	0.009921910886541152
2022-02-24	10997	11032	10689	10729	416	-0.024015282452469755
2022-02-25	10900	10944	10807	10846	283	0.010905023767359578
2022-02-28	10944	11002	10885	11003	160	0.014475382629540734
2022-03-02	11002	11203	11002	11174	1007	0.015541216031991212
2022-03-03	11286	11296	11203	11232	350	0.00519062108466084
2022-03-04	11134	11134	11027	11071	189	-0.014334045584045607
2022-03-07	10983	10983	10743	10778	1055	-0.02646554060157169
2022-03-08	10631	10807	10631	10670	1083	-0.010020411950269037
2022-03-10	10802	10802	10694	10705	454	0.0032802249297094743
2022-03-11	10694	10704	10533	10592	903	-0.010555815039701044
2022-03-14	10680	10680	10484	10490	23550	-0.009629909365558964
2022-03-15	10406	10406	10235	10235	2045	-0.024308865586272654
2022-03-16	10445	10450	10284	10450	105	0.021006350757205583
2022-03-17	10753	10753	10655	10685	518	0.02248803827751189
2022-03-18	10748	10773	10680	10773	446	0.008235844642021428
2022-03-21	10836	10875	10807	10846	35892	0.006776199758655954
2022-03-22	10870	10953	10870	10925	643	0.007283791259450556
2022-03-23	11071	11071	10948	11027	820	0.009336384439359247
2022-03-24	11027	11090	10988	11081	1129	0.004897070826153982
2022-03-25	11100	11100	11027	11071	323	-0.0009024456276509607
2022-03-28	10992	11100	10988	11101	613	0.0027097823141541966
2022-03-29	11208	11208	11120	11120	2455	0.001711557517340756
2022-03-30	11149	11242	11134	11145	805	0.0022482014388489624
2022-03-31	11144	11340	11144	11340	802	0.01749663526244949
2022-04-01	11330	11340	11227	11276	2126	-0.005643738977072266
2022-04-04	11330	11408	11242	11408	1958	0.011706278822277483
2022-04-05	11462	11511	11398	11404	278	-0.0003506311360448322
2022-04-06	11379	11379	11261	11272	323	-0.011574886004910523
2022-04-07	11212	11212	11036	11037	693	-0.02084811923349894
2022-04-08	11080	11222	11080	11223	635	0.016852405544985016
2022-04-11	11212	11242	11144	11145	394	-0.006950013365410346
2022-04-12	10963	11051	10963	11042	12	-0.009241812471960542
2022-04-13	11071	11198	11046	11154	143	0.010143090019923973
2022-04-14	11154	11261	11154	11218	16624	0.005737851891697954
2022-04-15	11159	11159	11066	11120	172	-0.008735960064182535
2022-04-18	11120	11134	11066	11120	105	0.0
2022-04-19	11168	11212	11139	11213	27364	0.008363309352517945
2022-04-20	11168	11252	11139	11247	799	0.003032194773923136
2022-04-21	11296	11393	11296	11364	207	0.010402774073086096
2022-04-22	11242	11252	11193	11252	144	-0.009855684618092275
2022-04-25	11129	11154	11027	11096	1541	-0.013864201919658758
2022-04-26	11134	11134	11056	11057	1759	-0.003514780100937309
2022-04-27	10861	10944	10802	10905	319	-0.01374694763498241
2022-04-28	11015	11215	11015	11195	316	0.026593305823017
2022-04-29	11305	11345	11225	11250	433	0.004912907548012546
2022-05-02	11220	11245	11185	11245	713	-0.0004444444444444695
2022-05-03	11265	11265	11190	11220	291	-0.002223210315695834
2022-05-04	11150	11320	11150	11275	143	0.004901960784313708
2022-05-06	11200	11255	11150	11220	178	-0.004878048780487809
2022-05-09	11210	11220	10975	10975	333	-0.02183600713012479
2022-05-10	10695	10875	10650	10840	8313	-0.012300683371298415
2022-05-11	10815	10860	10770	10850	172	0.0009225092250921829
2022-05-12	10815	10885	10655	10665	188	-0.017050691244239635
2022-05-13	10805	10945	10805	10945	17	0.026254102203469243
2022-05-16	10995	11010	10935	10950	81	0.0004568296025582175
2022-05-17	11020	11110	11000	11110	6819	0.01461187214611881
2022-05-18	11250	11290	11130	11130	115	0.0018001800180018623
2022-05-19	10965	11075	10950	11015	7533	-0.010332434860736761
2022-05-20	11150	11395	11150	11395	14703	0.034498411257376294
2022-05-23	11395	11395	11250	11255	713	-0.012286090390522197
2022-05-24	11255	11285	11055	11055	52	-0.017769880053309595
2022-05-25	11090	11200	11090	11105	70	0.0045228403437358455
2022-05-26	11235	11320	11200	11235	1134	0.011706438541197572
2022-05-27	11350	11465	11350	11450	212	0.01913662661326221
2022-05-30	11495	11630	11495	11620	499	0.014847161572052459
2022-05-31	11660	11870	11660	11870	1146	0.02151462994836484
2022-06-02	11870	11870	11775	11785	776	-0.00716090985678175
2022-06-03	11900	12000	11890	12000	211	0.01824352991090361
2022-06-07	12000	12055	11870	11895	1201	-0.008750000000000036
2022-06-08	11910	12015	11910	11960	528	0.005464480874316946
2022-06-09	11955	12100	11955	12095	885	0.011287625418060276
2022-06-10	12085	12085	11980	12065	564	-0.0024803637866886996
2022-06-13	11940	11940	11690	11690	508	-0.031081641110650593
2022-06-14	11480	11590	11395	11590	337	-0.008554319931565413
2022-06-15	11590	11590	11265	11285	261	-0.02631578947368418
2022-06-16	11535	11560	11330	11380	116	0.008418254319893625
2022-06-17	11200	11455	11065	11390	2223	0.0008787346221441616
2022-06-20	11500	11500	11125	11195	1179	-0.017120280948200173
2022-06-21	11270	11305	11155	11155	1516	-0.003573023671281872
2022-06-22	11185	11185	10795	10800	806	-0.031824294038547696
2022-06-23	10800	10815	10570	10570	1033	-0.021296296296296258
2022-06-24	10590	10700	10565	10670	155	0.009460737937559083
2022-06-27	10690	10795	10690	10750	84	0.007497656982192957
2022-06-28	10870	10975	10800	10975	541	0.020930232558139528
2022-06-29	10915	10915	10735	10750	421	-0.02050113895216399
2022-06-30	10690	10695	10440	10450	669	-0.027906976744186074
2022-07-01	10485	10485	10150	10155	22	-0.028229665071770382
2022-07-04	10145	10180	9910	10015	1056	-0.013786312161496839
2022-07-05	10100	10295	10060	10260	1051	0.024463305042436323
2022-07-06	10155	10155	9800	9815	689	-0.04337231968810917
2022-07-07	9900	10005	9850	9950	154	0.013754457463066805
2022-07-08	10130	10255	10075	10110	71	0.016080402010050232
2022-07-11	10000	10000	9840	9855	74	-0.02522255192878342
2022-07-12	9825	9825	9605	9660	220	-0.019786910197869156
2022-07-13	9635	9705	9565	9690	133	0.0031055900621117516
2022-07-14	9685	9845	9660	9815	732	0.012899896800825594
