Date	Open	High	Low	Close	Volume	Change
2017-12-08	9023	9023	9023	9025	1	
2017-12-11	9018	9018	9000	9003	3	-0.0024376731301939403
2017-12-12	8977	8977	8934	8936	5	-0.00744196378984785
2017-12-13	9044	9154	9044	9157	2	0.024731423455684798
2017-12-14	9198	9198	9198	9200	0	0.0046958610898766295
2017-12-15	9291	9291	9291	9293	1	0.010108695652173871
2017-12-18	9215	9215	9211	9214	2	-0.008501022274830516
2017-12-19	9265	9265	9265	9266	1	0.005643585847623145
2017-12-20	9331	9331	9331	9332	10	0.007122814590977855
2017-12-21	9294	9294	9294	9297	113	-0.003750535790827292
2017-12-22	9291	9291	9291	9293	1	-0.00043024631601595864
2017-12-26	9352	9367	9352	9367	4	0.00796298289034758
2017-12-27	9400	9400	9400	9403	1	0.0038432795985907653
2017-12-28	9458	9511	9458	9513	26	0.011698394129533218
2018-01-02	9427	9427	9427	9431	1	-0.008619783454220542
2018-01-03	9511	9528	9511	9532	11	0.010709362739900419
2018-01-04	9502	9502	9502	9505	51	-0.0028325639949643433
2018-01-05	9528	9603	9528	9588	6	0.008732246186217818
2018-01-08	9700	9836	9700	9839	91	0.02617855652899448
2018-01-09	9964	9964	9886	9937	128	0.00996036182538873
2018-01-10	10008	10018	10008	10019	15	0.008251987521384674
2018-01-11	9921	9974	9921	9975	2	-0.004391655853877685
2018-01-12	10088	10154	10088	10090	290	0.011528822055137944
2018-01-15	10207	10207	10141	10161	498	0.007036669970267528
2018-01-16	10065	10065	9995	9998	516	-0.016041728176360626
2018-01-17	9969	10034	9933	10039	158	0.004100820164032903
2018-01-18	10127	10127	9991	9993	1643	-0.004582129694192694
2018-01-19	10022	10127	10022	10121	1188	0.012808966276393496
2018-01-22	10215	10215	9974	9979	367	-0.014030234166584332
2018-01-23	10044	10295	10044	10297	27	0.03186692053311946
2018-01-24	10202	10241	10136	10139	648	-0.015344275031562549
2018-01-25	10132	10132	10061	10064	37	-0.007397179208994964
2018-01-26	10026	10065	10013	10069	61	0.0004968203497615065
2018-01-29	10211	10272	10172	10196	238	0.012612970503525611
2018-01-30	10185	10233	10080	10112	91	-0.00823852491173005
2018-01-31	10141	10189	9991	10192	17436	0.007911392405063333
2018-02-01	10158	10158	10070	10156	950	-0.003532182103610726
2018-02-02	10167	10167	10026	10112	13	-0.004332414336352897
2018-02-05	10097	10177	10070	10177	39	0.006428006329114
2018-02-06	9988	9988	9717	9817	153	-0.03537388228358063
2018-02-07	9828	9841	9603	9636	36	-0.01843740450239384
2018-02-08	9639	9647	9528	9562	11	-0.0076795350767953074
2018-02-09	9397	9397	9308	9336	42	-0.023635222756745455
2018-02-12	9405	9643	9405	9645	132	0.0330976863753214
2018-02-13	9612	9660	9555	9584	237	-0.006324520476931106
2018-02-14	9582	9582	9515	9540	9	-0.004590984974958245
2018-02-19	9670	9744	9670	9729	49	0.019811320754717032
2018-02-20	9705	9713	9630	9633	6	-0.00986740672217079
2018-02-21	9559	9675	9559	9663	118	0.0031142946122704185
2018-02-22	9616	9651	9616	9654	5	-0.0009313877677740168
2018-02-23	9643	9785	9643	9786	5	0.013673088875077788
2018-02-26	9810	9810	9690	9716	220	-0.007153075822603716
2018-02-27	9736	9736	9630	9645	29	-0.0073075339645944926
2018-02-28	9578	9589	9532	9588	33	-0.005909797822706064
2018-03-02	9559	9559	9413	9465	221	-0.012828535669586971
2018-03-05	9467	9476	9273	9311	19	-0.016270470153195937
2018-03-06	9335	9335	9256	9276	10	-0.003758994737407373
2018-03-07	9208	9208	9083	9143	79	-0.014338076757222984
2018-03-08	9177	9188	9097	9174	57	0.0033905720223121882
2018-03-09	9184	9347	9184	9271	6	0.010573359494222778
2018-03-12	9379	9524	9312	9527	27	0.027612986732822753
2018-03-13	9367	9367	9265	9293	356	-0.02456177180644481
2018-03-14	9265	9273	9203	9231	586	-0.006671688367588469
2018-03-15	9198	9229	9123	9196	106	-0.0037915718773697815
2018-03-16	9234	9312	9219	9316	48	0.013049151805132775
2018-03-19	9326	9326	9277	9316	124	0.0
2018-03-20	9256	9326	9256	9329	88	0.0013954486904250718
2018-03-21	9273	9379	9273	9332	714	0.00032157787544218053
2018-03-22	9436	9488	9431	9446	471	0.012216030861551541
2018-03-23	9215	9215	9123	9126	7	-0.03387677323734917
2018-03-26	9114	9114	9049	9082	5	-0.004821389436774015
2018-03-27	9203	9203	9145	9165	5	0.009138956177053403
2018-03-28	9075	9075	8907	8936	315	-0.024986361156573933
2018-03-29	9004	9071	8982	9072	117	0.015219337511190645
2018-03-30	9109	9141	9079	9086	811	0.0015432098765431057
2018-04-02	9101	9101	8982	8985	8	-0.011116002641426426
2018-04-03	8890	8890	8696	8725	372	-0.028937117417918712
2018-04-04	8749	8754	8691	8695	19	-0.0034383954154727503
2018-04-05	8797	8797	8696	8728	42	0.0037952846463484846
2018-04-06	8705	8763	8705	8728	20	0.0
2018-04-09	8638	8710	8607	8663	79	-0.00744729605866179
2018-04-10	8634	8833	8634	8834	43	0.019739120397091137
2018-04-11	8749	8810	8749	8795	250	-0.004414761150101865
2018-04-12	8829	8903	8824	8856	85	0.006935758953951154
2018-04-13	8925	8960	8916	8936	627	0.009033423667569984
2018-04-16	8970	8970	8860	8954	654	0.002014324082363572
2018-04-17	9000	9000	8880	8896	343	-0.006477551932097425
2018-04-18	8911	8956	8911	8958	42	0.006969424460431695
2018-04-19	8956	9000	8956	9003	88	0.005023442732752903
2018-04-20	9035	9054	8939	8940	184	-0.006997667444185285
2018-04-23	8974	9145	8974	9147	26	0.023154362416107466
2018-04-24	9118	9294	9118	9297	40	0.016398819285011523
2018-04-25	9260	9269	9193	9196	30	-0.010863719479402012
2018-04-26	9239	9291	9239	9258	19	0.006742061765985241
2018-04-27	9318	9350	9246	9253	61	-0.0005400734499891868
2018-04-30	9373	9373	9292	9343	26	0.009726575164811457
2018-05-02	9318	9318	9229	9234	62	-0.011666488279995724
2018-05-03	9239	9239	9179	9199	32	-0.003790340047649998
2018-05-04	9040	9143	9017	9104	55	-0.010327209479291222
2018-05-08	9088	9125	9049	9072	26	-0.0035149384885764245
2018-05-09	8999	9057	8973	9045	774	-0.0029761904761904656
2018-05-10	9098	9157	9098	9109	26	0.007075732448866834
2018-05-11	9161	9219	9148	9199	15	0.009880338127127075
2018-05-14	9207	9246	9207	9244	72	0.0048918360691379
2018-05-15	9207	9207	9116	9140	12	-0.011250540891388994
2018-05-16	9107	9192	9107	9186	5	0.005032822757111699
2018-05-17	9171	9171	9134	9135	5	-0.005551926845199229
2018-05-18	9076	9076	8990	9001	49	-0.014668856048166368
2018-05-21	9012	9088	9012	9077	6	0.008443506277080237
2018-05-23	8959	8973	8940	8974	138	-0.011347361463038497
2018-05-24	9026	9026	8940	8964	5	-0.0011143302874971894
2018-05-25	8959	8959	8850	8856	28	-0.012048192771084376
2018-05-28	8936	8936	8845	8860	6	0.0004516711833784104
2018-05-29	8841	8855	8792	8829	7	-0.003498871331828468
2018-05-30	8738	8738	8512	8595	53	-0.02650356778797147
2018-05-31	8530	8554	8480	8491	86	-0.012100058173356576
2018-06-01	8549	8549	8502	8541	6	0.005888587916617505
2018-06-04	8616	8769	8616	8771	11	0.02692893103852012
2018-06-05	8782	8823	8782	8825	1723	0.006156652605176172
2018-06-07	8950	9030	8950	9015	61	0.021529745042492943
2018-06-08	8999	9040	8985	8988	11	-0.002995008319467529
2018-06-11	8994	9067	8990	9068	85	0.008900756564307999
2018-06-12	9067	9088	9007	9032	119	-0.003970004411116057
2018-06-14	8968	8968	8881	8884	265	-0.016386182462356014
2018-06-15	8818	8818	8683	8726	249	-0.017784781629896496
2018-06-18	8746	8841	8742	8817	45	0.010428604171441647
2018-06-19	8697	8818	8697	8757	5	-0.006805035726437536
2018-06-20	8850	8850	8769	8803	5	0.005252940504739012
2018-06-21	8674	8674	8499	8501	8	-0.03430648642508238
2018-06-22	8423	8539	8423	8537	8	0.004234795906363997
2018-06-25	8530	8634	8530	8635	11	0.011479442427082098
2018-06-26	8570	8630	8502	8595	83	-0.00463231036479439
2018-06-27	8607	8607	8554	8554	5	-0.0047702152414194066
2018-06-28	8526	8526	8418	8418	6	-0.015898994622398854
2018-06-29	8445	8480	8396	8464	28	0.005464480874316946
2018-07-02	8466	8512	8355	8356	95	-0.012759924385633226
2018-07-03	8305	8336	8224	8338	10	-0.0021541407371947763
2018-07-04	8268	8355	8268	8329	5	-0.001079395538498451
2018-07-05	8305	8418	8305	8365	5	0.004322247568735671
2018-07-06	8423	8557	8423	8559	5	0.023191870890615585
2018-07-09	8580	8714	8580	8690	25	0.015305526346535814
2018-07-10	8661	8661	8562	8564	467	-0.014499424626006951
2018-07-11	8463	8507	8376	8510	49	-0.0063054647361046046
2018-07-12	8502	8502	8430	8433	5	-0.009048178613396018
2018-07-13	8502	8620	8502	8614	6	0.0214632989446224
2018-07-16	8544	8580	8466	8496	13	-0.013698630136986356
2018-07-17	8502	8549	8502	8550	5	0.006355932203389925
2018-07-18	8549	8549	8485	8487	5	-0.00736842105263158
2018-07-19	8502	8502	8376	8380	6	-0.012607517379521593
2018-07-20	8396	8423	8345	8423	5	0.00513126491646787
2018-07-23	8459	8502	8459	8491	16	0.008073133087973305
2018-07-24	8490	8502	8480	8487	5	-0.00047108703332943147
2018-07-25	8494	8566	8494	8532	44	0.005302226935312904
2018-07-26	8544	8544	8445	8446	30	-0.010079699953117638
2018-07-27	8480	8480	8463	8483	5	0.0043807719630595265
2018-07-30	8480	8544	8476	8515	8	0.0037722503831192356
2018-07-31	8507	8517	8502	8515	1757	0.0
2018-08-01	8534	8562	8526	8537	7	0.0025836758661186288
2018-08-02	8480	8480	8318	8329	1932	-0.02436453086564372
2018-08-03	8282	8386	8282	8387	561	0.006963621082963112
2018-08-06	8381	8499	8381	8469	6656	0.009777035888875574
2018-08-07	8430	8449	8403	8433	2764	-0.004250797024442088
2018-08-08	8430	8499	8430	8455	5	0.002608798766749576
2018-08-09	8449	8449	8345	8365	10	-0.010644589000591398
2018-08-10	8371	8398	8350	8352	5	-0.0015540944411237545
2018-08-13	8291	8291	8133	8172	53	-0.02155172413793105
2018-08-14	8201	8251	8192	8252	12	0.009789525208027339
2018-08-16	8116	8201	8116	8195	10	-0.006907416383906906
2018-08-17	8152	8246	8152	8234	15	0.0047589993898717875
2018-08-20	8291	8291	8233	8252	28	0.0021860578090842075
2018-08-21	8192	8287	8192	8289	5	0.00448376151236074
2018-08-22	8246	8251	8214	8229	7	-0.0072385088671733655
2018-08-23	8224	8224	8160	8190	627	-0.004739336492891044
2018-08-24	8164	8192	8138	8185	684	-0.0006105006105006083
2018-08-27	8211	8309	8211	8312	7	0.01551618814905309
2018-08-28	8318	8364	8291	8333	94	0.0025264677574590166
2018-08-29	8350	8381	8341	8356	231	0.0027601104044161495
2018-08-30	8332	8332	8251	8266	24	-0.010770703685974103
2018-08-31	8233	8305	8233	8307	16	0.004960077425598897
2018-09-03	8261	8287	8261	8289	5	-0.0021668472372697867
2018-09-04	8273	8273	8238	8276	22	-0.0015683435878875995
2018-09-05	8219	8233	8129	8135	665	-0.017037216046399184
2018-09-06	8097	8143	8070	8072	6011	-0.007744314689612786
2018-09-07	8160	8164	8088	8140	2774	0.00842418235877096
2018-09-10	8164	8179	8164	8180	16	0.004914004914004844
2018-09-11	8179	8179	8169	8176	7	-0.0004889975550121939
2018-09-12	8187	8206	8164	8208	36	0.00391389432485334
2018-09-13	8224	8261	8219	8261	1377	0.00645711500974655
2018-09-14	8264	8277	8246	8248	5	-0.0015736593632732498
2018-09-17	8192	8201	8169	8172	10	-0.009214354995150331
2018-09-18	8143	8143	8097	8121	49	-0.006240822320117467
2018-09-19	8129	8143	8120	8145	6	0.002955301071296601
2018-09-20	8157	8277	8157	8276	50	0.016083486801718783
2018-09-21	8430	8476	8408	8478	199	0.02440792653455781
2018-09-27	8440	8580	8440	8582	2089	0.012267044114177894
2018-09-28	8588	8711	8580	8713	465	0.015264507107900283
2018-10-01	8729	8792	8729	8780	567	0.007689659130035498
2018-10-02	8724	8777	8692	8695	6	-0.009681093394077411
2018-10-04	8711	8828	8711	8771	1106	0.008740655549166254
2018-10-05	8787	8837	8734	8785	670	0.0015961691939345712
2018-10-08	8756	8756	8702	8703	83	-0.00933409220261805
2018-10-10	8702	8714	8666	8672	316	-0.0035619901183500113
2018-10-11	8593	8593	8273	8280	20	-0.045202952029520294
2018-10-12	8277	8277	8120	8208	361	-0.008695652173912993
2018-10-15	8187	8287	8157	8261	508	0.00645711500974655
2018-10-16	8323	8323	8187	8190	5	-0.0085946011378768
2018-10-17	8238	8332	8238	8298	13	0.01318681318681314
2018-10-18	8277	8277	8187	8208	8	-0.010845986984815648
2018-10-19	8169	8196	8169	8199	10	-0.0010964912280702066
2018-10-22	8169	8368	8169	8370	56	0.020856201975850697
2018-10-23	8368	8368	8133	8176	39	-0.02317801672640385
2018-10-24	8219	8371	8219	8348	95	0.021037181996086174
2018-10-25	8224	8224	8160	8212	405	-0.016291327264015387
2018-10-26	8214	8332	8111	8163	102	-0.005966877739892795
2018-10-29	8261	8261	8169	8172	28	0.0011025358324145973
2018-10-30	8097	8097	7858	7870	252	-0.0369554576603035
2018-10-31	7841	7908	7751	7910	26	0.0050825921219821435
2018-11-01	7923	7923	7827	7829	254	-0.010240202275600518
2018-11-02	7926	8049	7926	8049	26	0.028100651424192158
2018-11-05	7976	7976	7903	7933	82	-0.014411728164989479
2018-11-06	7998	8054	7998	8017	5	0.010588680196646827
2018-11-07	8057	8088	7980	7982	17	-0.00436572283896719
2018-11-08	8133	8179	8097	8100	8	0.014783262340265502
2018-11-09	8088	8097	8017	8017	15	-0.010246913580246875
2018-11-12	8025	8120	8025	8121	12	0.012972433578645415
2018-11-13	8044	8065	7954	8068	9	-0.006526289865780077
2018-11-14	8007	8029	7961	7996	46	-0.008924144769459574
2018-11-15	8029	8029	7993	8027	22	0.0038769384692345366
2018-11-16	7985	8025	7961	8027	74	0.0
2018-11-19	8039	8057	7985	7996	16	-0.0038619658652049305
2018-11-20	7985	8025	7985	8027	6	0.0038769384692345366
2018-11-21	7935	7998	7935	7982	15	-0.005606079481749071
2018-11-22	7945	7966	7945	7955	17	-0.003382610874467562
2018-11-23	7980	7980	7886	7902	16	-0.00666247642991824
2018-11-26	7966	7966	7908	7955	146	0.006707162743609274
2018-11-27	7949	7998	7940	7982	288	0.0033940917661847703
2018-11-28	7971	7971	7876	7918	141	-0.008018040591330489
2018-11-29	8017	8022	7966	8001	284	0.010482445061884338
2018-11-30	7990	7990	7832	7856	140	-0.018122734658167716
2018-12-03	7945	7945	7886	7887	8	0.00394602851323822
2018-12-04	7890	7908	7886	7907	116	0.0025358184354000723
2018-12-05	7841	7908	7814	7897	39	-0.0012647021626407406
2018-12-06	7863	7868	7795	7820	130	-0.009750538179055357
2018-12-07	7827	7832	7805	7815	6	-0.0006393861892582953
2018-12-10	7723	7723	7648	7663	59	-0.0194497760716571
2018-12-11	7616	7651	7616	7648	28	-0.0019574579146548476
2018-12-12	7660	7754	7660	7757	45	0.014252092050209164
2018-12-13	7764	7827	7764	7805	32	0.006187959262601517
2018-12-14	7845	7845	7814	7847	116	0.0053811659192826156
2018-12-17	7898	7935	7863	7865	51	0.002293870268892606
2018-12-18	7886	7918	7886	7907	58	0.005340114431023446
2018-12-19	7876	7940	7863	7918	186	0.001391172378904848
2018-12-20	7923	7940	7898	7928	5	0.0012629451881789322
2018-12-21	7913	7961	7890	7964	6	0.004540867810292726
2018-12-24	7923	8012	7923	7982	262	0.0022601707684579697
2018-12-26	7923	7923	7777	7852	5781	-0.016286644951140072
2018-12-27	7940	7940	7855	7856	6459	0.0005094243504839557
2018-12-28	7908	7954	7908	7955	264	0.01260183299388995
2019-01-02	7954	7954	7777	7833	45	-0.015336266499057172
2019-01-03	7827	7832	7800	7829	7	-0.0005106600280863072
2019-01-04	7837	7837	7809	7810	16	-0.0024268744411802823
2019-01-07	7876	7908	7777	7784	49	-0.0033290653008962723
2019-01-08	7787	7787	7714	7752	9	-0.004110996916752319
2019-01-09	7777	7855	7777	7820	15	0.00877192982456143
2019-01-10	7800	7800	7759	7761	11	-0.007544757033248084
2019-01-11	7800	7800	7759	7771	44382	0.0012884937508053085
2019-01-14	7795	7795	7655	7675	592	-0.012353622442414114
2019-01-15	7733	7945	7733	7946	93	0.03530944625407173
2019-01-16	7945	8044	7945	8041	304	0.011955700981626016
2019-01-17	8111	8111	8080	8112	35	0.008829747543837918
2019-01-18	8097	8097	8054	8064	16	-0.00591715976331364
2019-01-21	8049	8049	8022	8022	5	-0.00520833333333337
2019-01-22	8012	8012	7966	7982	222	-0.0049862877088008295
2019-01-23	8025	8025	8002	8006	5	0.0030067652217489194
2019-01-24	8102	8143	8097	8145	102	0.017361978516112986
2019-01-25	8102	8196	8102	8185	92	0.0049109883364026885
2019-01-28	8160	8187	8160	8163	5	-0.0026878436163714214
2019-01-29	8133	8133	8088	8135	44	-0.0034301114786230436
2019-01-30	8125	8211	8107	8212	126	0.00946527350952664
2019-01-31	8277	8350	8238	8303	106	0.011081344374086699
2019-02-01	8360	8463	8360	8370	48	0.008069372515958184
2019-02-07	8323	8413	8323	8392	124	0.002628434886499331
2019-02-08	8371	8371	8360	8360	6	-0.0038131553860819567
2019-02-11	8295	8295	8233	8261	56	-0.011842105263157876
2019-02-12	8211	8211	8169	8185	46	-0.009199854739135649
2019-02-13	8238	8323	8238	8307	704	0.014905314599877872
2019-02-14	8305	8368	8305	8370	1888	0.007583965330444142
2019-02-15	8371	8371	8282	8312	20	-0.0069295101553166205
2019-02-18	8332	8371	8332	8352	7	0.004812319538017418
2019-02-19	8323	8323	8268	8303	3115	-0.005866858237547845
2019-02-20	8287	8309	8273	8303	5	0.0
2019-02-21	8300	8318	8300	8320	11066	0.0020474527279297217
2019-02-22	8300	8305	8256	8307	7	-0.0015625000000000222
2019-02-25	8341	8345	8282	8320	47	0.0015649452269170805
2019-02-26	8287	8287	8246	8271	16	-0.005889423076923084
2019-02-27	8201	8242	8183	8244	7	-0.0032644178454842576
2019-02-28	8251	8282	8242	8244	17	0.0
2019-03-04	8251	8251	8097	8100	27	-0.017467248908296984
2019-03-05	8120	8125	8080	8081	16	-0.002345679012345725
2019-03-06	8039	8088	8039	8086	6	0.0006187353050364219
2019-03-07	8065	8065	7985	8009	44	-0.009522631709126927
2019-03-08	7930	7930	7886	7897	25	-0.01398426769883876
2019-03-11	7923	7998	7923	7991	78	0.011903254400405183
2019-03-12	8017	8075	8017	8054	89	0.0078838693530221
2019-03-13	8034	8034	7966	8022	81	-0.003973181028060546
2019-03-14	8034	8107	8034	8109	947	0.01084517576664168
2019-03-15	8116	8261	8116	8248	7	0.01714144777407811
2019-03-18	8264	8291	8256	8293	33777	0.005455868089233817
2019-03-19	8261	8295	8219	8271	99	-0.0026528397443627005
2019-03-20	8246	8246	8169	8244	61	-0.0032644178454842576
2019-03-21	8196	8214	8080	8109	64	-0.01637554585152834
2019-03-22	8065	8120	8034	8076	22	-0.004069552349241556
2019-03-25	7993	7993	7918	7918	37	-0.01956414066369494
2019-03-26	7961	7980	7940	7941	16	0.002904773932811411
2019-03-27	7945	7954	7930	7933	5	-0.0010074297947362254
2019-03-28	7926	7926	7822	7852	431	-0.010210513046766678
2019-03-29	7935	7935	7903	7923	120	0.00904228222109027
2019-04-01	8017	8157	7998	8126	89	0.025621607976776373
2019-04-02	8157	8256	8157	8252	613	0.015505783903519532
2019-04-03	8187	8305	8187	8303	721	0.006180319922443056
2019-04-04	8328	8355	8318	8333	753	0.0036131518728170775
2019-04-05	8295	8371	8295	8352	26343	0.002280091203648249
2019-04-08	8391	8403	8314	8324	25192	-0.0033524904214559115
2019-04-09	8314	8345	8277	8307	24413	-0.0020422873618453075
2019-04-10	8295	8332	8211	8333	1831	0.003129890453834161
2019-04-11	8341	8360	8273	8320	47	-0.0015600624024960652
2019-04-12	8336	8371	8336	8375	5	0.006610576923076872
2019-04-15	8427	8427	8371	8415	86	0.004776119402985168
2019-04-16	8398	8398	8368	8402	6962	-0.0015448603683897444
2019-04-17	8364	8391	8355	8387	10702	-0.0017852892168531698
2019-04-18	8408	8408	8291	8298	14784	-0.01061166090377963
2019-04-19	8305	8305	8251	8266	661	-0.00385635092793446
2019-04-22	8242	8242	8174	8203	40	-0.007621582385676229
2019-04-23	8214	8282	8206	8261	16	0.0070705839327076525
2019-04-24	8291	8300	8164	8180	45	-0.009805108340394608
2019-04-25	8238	8251	8219	8252	5	0.008801955990220156
2019-04-26	8251	8251	8129	8163	182	-0.010785264178380993
2019-04-29	8133	8274	8133	8277	172	0.013965453877251122
2019-04-30	8357	8357	8184	8230	879	-0.005678385888607029
2019-05-02	8207	8316	8207	8317	7	0.01057108140947749
2019-05-03	8297	8297	8252	8272	13	-0.005410604785379358
2019-05-07	8184	8215	8152	8217	46	-0.0066489361702127825
2019-05-08	8212	8284	8212	8272	89	0.006693440428380271
2019-05-09	8207	8252	8116	8117	7	-0.018737911025145104
2019-05-10	8184	8184	8097	8140	5	0.002833559196747659
2019-05-13	8092	8092	7997	8026	646	-0.014004914004913993
2019-05-14	7993	8021	7975	7985	23853	-0.005108397707450751
2019-05-15	7975	8056	7975	8041	9760	0.007013149655604289
2019-05-16	7993	8038	7993	8012	3254	-0.003606516602412624
2019-05-17	8043	8060	8002	8004	4544	-0.0009985022466300064
2019-05-20	8016	8088	7997	7999	98	-0.0006246876561719628
2019-05-21	8024	8102	8024	8090	34	0.011376422052756574
2019-05-22	8084	8107	8056	8108	5	0.0022249690976514636
2019-05-23	8084	8120	8065	8103	5	-0.0006166748889985252
2019-05-24	8116	8165	8116	8167	16	0.007898309268172365
2019-05-27	8143	8143	8111	8145	6	-0.00269376760132245
2019-05-28	8152	8152	8102	8121	88	-0.0029465930018416353
2019-05-29	8148	8148	7961	7994	2253	-0.015638468168944764
2019-05-30	7938	8006	7938	8009	20	0.0018764073054791108
2019-05-31	7938	7938	7874	7926	344	-0.010363341241103718
2019-06-03	7924	8053	7924	8053	5	0.016023214736310853
2019-06-04	8084	8111	8075	8108	8	0.006829752887122842
2019-06-05	8092	8092	7997	7999	5	-0.013443512580167738
2019-06-07	7975	8038	7965	7989	5	-0.001250156269533731
2019-06-10	8070	8092	8060	8090	5	0.012642383277005953
2019-06-11	8060	8092	8060	8094	45	0.0004944375772559795
2019-06-12	8070	8111	8070	8094	44	0.0
2019-06-13	8129	8129	8006	8068	6	-0.0032122559920929605
2019-06-14	8033	8060	8016	8058	15	-0.0012394645513138514
2019-06-17	8056	8129	8056	8076	5	0.0022338049143708627
2019-06-18	8102	8125	8102	8126	5	0.006191183754333807
2019-06-19	8188	8207	8180	8199	6	0.008983509721880445
2019-06-20	8188	8188	8133	8135	16	-0.00780582997926571
2019-06-21	8125	8157	8120	8121	25482	-0.0017209588199139647
2019-06-24	8116	8160	8111	8163	9746	0.005171776874769218
2019-06-25	8165	8184	8097	8121	61	-0.005145167217934565
2019-06-26	8084	8125	8048	8121	54	0.0
2019-06-27	8116	8207	8116	8208	110	0.010712966383450206
2019-06-28	8202	8229	8165	8172	17	-0.004385964912280715
2019-07-01	8229	8229	8197	8222	11	0.006118453255017142
2019-07-02	8148	8165	8148	8163	5	-0.0071758696180977966
2019-07-03	8160	8160	7984	7985	76	-0.021805708685532332
2019-07-04	7984	8028	7975	8031	7	0.0057608015028178805
2019-07-05	8021	8021	7965	7980	9	-0.006350392230108359
2019-07-08	7933	7933	7852	7853	49	-0.015914786967418548
2019-07-09	7884	7884	7838	7839	5	-0.0017827581815866855
2019-07-10	7838	7852	7811	7849	32	0.0012756729174638881
2019-07-11	7847	7906	7847	7899	61	0.006370238246910409
2019-07-12	7870	7929	7870	7931	5	0.004051145714647486
2019-07-15	7901	7952	7893	7940	101	0.0011347875425544718
2019-07-16	7933	7975	7933	7976	1552	0.00453400503778334
2019-07-17	7943	7975	7943	7976	4393	0.0
2019-07-18	7961	7961	7901	7912	34630	-0.008024072216649913
2019-07-19	7965	8048	7965	8048	76107	0.01718907987866536
2019-07-22	7965	8006	7961	7999	430	-0.006088469184890699
2019-07-23	8011	8129	8011	8131	95	0.016502062757844715
2019-07-24	8111	8111	8038	8041	49	-0.011068749231336827
2019-07-25	7997	7997	7879	7899	15	-0.017659495087675614
2019-07-26	7843	7843	7788	7822	13	-0.00974806937587036
2019-07-29	7820	7820	7734	7749	37	-0.009332651495781108
2019-07-30	7724	7734	7684	7703	101	-0.005936249838688901
2019-07-31	7687	7742	7687	7712	28	0.0011683759574192543
2019-08-01	7684	7739	7656	7712	51	0.0
2019-08-02	7656	7656	7465	7489	1118	-0.028915975103734448
2019-08-05	7438	7438	7351	7384	23	-0.014020563493123195
2019-08-06	7351	7351	7197	7326	522	-0.007854821235102949
2019-08-07	7283	7283	7197	7198	12	-0.01747201747201743
2019-08-08	7207	7265	7207	7239	133	0.0056960266740762044
2019-08-09	7288	7288	7214	7217	746	-0.0030390937974857923
2019-08-12	7175	7175	7083	7090	11785	-0.01759733961479837
2019-08-13	7047	7047	6997	7003	29	-0.012270803949224307
2019-08-14	7006	7033	6951	6962	56	-0.005854633728402114
2019-08-16	6878	6920	6878	6921	1104	-0.005889112324044765
2019-08-19	6965	7055	6965	7058	22894	0.019794827337090037
2019-08-20	7010	7052	6978	7053	48012	-0.0007084159818645519
2019-08-21	7015	7028	7010	7030	5	-0.003261023677867625
2019-08-22	7047	7070	7028	7040	440	0.0014224751066855834
2019-08-23	7060	7060	6978	7008	285	-0.004545454545454519
2019-08-26	6870	6938	6870	6930	19	-0.011130136986301387
2019-08-27	6942	6942	6893	6893	101	-0.00533910533910531
2019-08-28	6901	6915	6873	6916	44	0.0033367184099810654
2019-08-29	6929	6929	6920	6930	5	0.002024291497975783
2019-08-30	7010	7102	7010	7103	217	0.024963924963924855
2019-09-02	7047	7124	7047	7107	218	0.000563142334224942
2019-09-03	7079	7119	7055	7058	556	-0.006894610946953761
2019-09-04	7060	7129	7060	7130	5	0.010201190138849459
2019-09-05	7129	7224	7107	7148	44	0.0025245441795231915
2019-09-06	7143	7219	7143	7171	620	0.0032176832680470557
2019-09-09	7192	7274	7192	7253	198	0.011434946311532634
2019-09-10	7315	7406	7315	7408	37	0.021370467392803016
2019-09-11	7506	7524	7465	7512	380	0.014038876889848728
2019-09-16	7548	7675	7548	7644	357	0.01757188498402562
2019-09-17	7570	7592	7570	7575	9	-0.009026687598116201
2019-09-18	7575	7575	7516	7553	371	-0.002904290429042944
2019-09-19	7570	7570	7475	7476	22921	-0.010194624652456019
2019-09-20	7483	7565	7475	7568	17340	0.012306046013911276
2019-09-23	7543	7543	7516	7540	66	-0.0036997885835095
2019-09-24	7575	7575	7502	7531	83	-0.0011936339522546913
2019-09-25	7575	7602	7533	7535	11	0.0005311379630859037
2019-09-26	7548	7560	7533	7540	170	0.0006635700066357497
2019-09-27	7506	7506	7356	7371	282	-0.022413793103448265
2019-09-30	7370	7420	7370	7421	11292	0.006783340116673475
2019-10-01	7411	7483	7411	7431	7814	0.0013475272874274857
2019-10-02	7361	7361	7246	7290	3727	-0.01897456600726688
2019-10-04	7234	7246	7192	7195	361	-0.013031550068587139
2019-10-07	7197	7214	7151	7166	30801	-0.004030576789437079
2019-10-08	7202	7288	7202	7217	7	0.007116941110800967
2019-10-10	7110	7110	7060	7098	335	-0.016488845780795347
2019-10-11	7214	7246	7212	7249	46	0.02127359819667518
2019-10-14	7370	7393	7356	7366	386	0.01614015726307083
2019-10-15	7383	7401	7343	7357	171	-0.001221830029866977
2019-10-16	7451	7475	7370	7371	2331	0.0019029495718363432
2019-10-17	7370	7429	7370	7394	61	0.0031203364536698253
2019-10-18	7379	7406	7306	7312	117	-0.01109007303218823
2019-10-21	7433	7433	7388	7403	9	0.012445295404813983
2019-10-22	7488	7502	7456	7499	83	0.012967715790895618
2019-10-23	7479	7479	7411	7467	74	-0.00426723563141751
2019-10-24	7483	7493	7433	7494	61	0.0036159100040176195
2019-10-25	7438	7438	7388	7421	6	-0.009741126234320774
2019-10-28	7420	7420	7319	7339	210	-0.011049723756906049
2019-10-29	7379	7379	7329	7381	556	0.005722850524594536
2019-10-30	7334	7334	7238	7258	196	-0.016664408616718585
2019-10-31	7238	7256	7212	7212	148	-0.0063378341140810646
2019-11-01	7212	7234	7197	7234	349	0.0030504714364947283
2019-11-04	7283	7393	7283	7381	393	0.020320707768869184
2019-11-05	7397	7475	7379	7458	457	0.010432190760059523
2019-11-06	7429	7483	7420	7439	73	-0.002547599892732677
2019-11-07	7424	7488	7424	7489	63057	0.006721333512568872
2019-11-08	7516	7570	7511	7543	43140	0.0072105755107489955
2019-11-11	7543	7543	7520	7540	43147	-0.0003977197401564547
2019-11-12	7538	7538	7511	7540	600	0.0
2019-11-13	7538	7538	7448	7467	7	-0.009681697612732076
2019-11-14	7483	7483	7429	7458	554	-0.0012053033346726139
2019-11-15	7493	7616	7493	7558	10	0.013408420488066453
2019-11-18	7552	7552	7506	7535	40718	-0.003043133103995732
2019-11-19	7520	7570	7502	7571	6	0.004777704047776998
2019-11-20	7565	7643	7565	7639	34625	0.008981640470215213
2019-11-21	7584	7584	7465	7494	17355	-0.018981542086660586
2019-11-22	7560	7580	7552	7575	425	0.010808646917534137
2019-11-25	7638	7656	7624	7626	6	0.006732673267326739
2019-11-26	7616	7665	7587	7626	23628	0.0
2019-11-27	7680	7680	7643	7658	567	0.0041961709939679626
2019-11-28	7648	7660	7648	7663	5	0.0006529119874640887
2019-11-29	7665	7665	7520	7540	11959	-0.016051154900169617
2019-12-02	7543	7560	7511	7540	173	0.0
2019-12-03	7528	7548	7493	7526	7	-0.001856763925729421
2019-12-04	7465	7506	7465	7499	5	-0.0035875631145362297
2019-12-05	7543	7560	7538	7543	11	0.005867448993199131
2019-12-06	7555	7555	7502	7553	155	0.0013257324671880344
2019-12-09	7587	7633	7587	7635	6	0.010856613266251758
2019-12-10	7624	7652	7616	7653	163	0.0023575638506876384
2019-12-11	7629	7660	7597	7644	646	-0.0011760094080752737
2019-12-12	7697	7802	7697	7804	42	0.020931449502878063
2019-12-13	7929	8011	7929	8012	348	0.026652998462326938
2019-12-16	8002	8028	7852	7853	15801	-0.019845232151772363
2019-12-17	7811	7829	7756	7831	6001	-0.002801477142493347
2019-12-18	7874	7929	7874	7931	4774	0.012769761205465358
2019-12-19	7924	7970	7916	7972	7	0.005169587693859556
2019-12-20	7961	7961	7893	7940	1781	-0.004014049172102352
2019-12-23	7911	7989	7911	7989	5	0.006171284634760799
2019-12-24	7979	7993	7943	7958	120	-0.00388033546125921
2019-12-26	7965	7979	7938	7980	296	0.002764513696908777
2019-12-27	8021	8084	8006	8021	362	0.005137844611528886
2019-12-30	8016	8016	7961	7999	226	-0.0027428001496072607
2020-01-02	7965	7965	7829	7835	1272	-0.020502562820352566
2020-01-03	7901	7929	7824	7844	34538	0.0011486917677090425
2020-01-06	7847	7847	7692	7699	8529	-0.018485466598674116
2020-01-07	7779	7797	7734	7776	15268	0.010001298869983133
2020-01-08	7670	7670	7587	7631	171	-0.018647119341563823
2020-01-09	7719	7724	7597	7617	5404	-0.001834621936836589
2020-01-10	7665	7665	7584	7617	8	0.0
2020-01-13	7584	7629	7555	7626	30769	0.0011815675462780728
2020-01-14	7638	7742	7638	7744	26058	0.015473380540256931
2020-01-15	7739	7761	7724	7726	45198	-0.0023243801652892415
2020-01-16	7707	7729	7656	7730	46064	0.0005177323323841687
2020-01-17	7707	7712	7675	7712	1576	-0.0023285899094437346
2020-01-20	7684	7792	7684	7744	175	0.004149377593360981
2020-01-21	7715	7739	7692	7703	128	-0.005294421487603285
2020-01-22	7774	7774	7665	7707	206	0.0005192782032974463
2020-01-23	7619	7633	7592	7612	125	-0.012326456468145897
2020-01-28	7429	7524	7311	7357	4128	-0.03349973725696265
2020-01-29	7306	7319	7292	7312	88	-0.006116623623759643
2020-01-30	7324	7324	7251	7280	15	-0.004376367614879695
2020-01-31	7292	7315	7224	7226	309	-0.007417582417582391
2020-02-03	7207	7207	7102	7163	92	-0.008718516468308901
2020-02-04	7192	7192	7138	7158	1695	-0.0006980315510261015
2020-02-05	7179	7243	7179	7244	2449	0.012014529198099977
2020-02-06	7288	7406	7265	7394	44	0.020706791827719506
2020-02-07	7388	7388	7261	7298	73	-0.012983500135244741
2020-02-10	7207	7207	7156	7195	33	-0.014113455741298964
2020-02-11	7212	7256	7212	7229	10	0.004725503822098576
2020-02-12	7243	7274	7156	7258	1956	0.004011619864434879
2020-02-13	7234	7234	7175	7175	490	-0.011435657205841832
2020-02-14	7156	7202	7143	7144	7	-0.004320557491289234
2020-02-17	7147	7147	7047	7067	848	-0.010778275475923804
2020-02-18	7033	7033	6961	7003	2045	-0.009056176595443666
2020-02-19	7015	7015	6915	6939	47	-0.009138940454091138
2020-02-20	6978	6978	6924	6962	8	0.003314598645338007
2020-02-21	6861	6870	6861	6866	6	-0.013789141051422038
2020-02-24	6746	6746	6579	6589	30647	-0.04034372269152342
2020-02-25	6556	6692	6547	6644	20572	0.008347245409014992
2020-02-26	6542	6674	6542	6603	8018	-0.006170981336544257
2020-02-27	6565	6619	6565	6620	7	0.0025745873087990034
2020-02-28	6528	6528	6451	6471	2952	-0.022507552870090652
2020-03-02	6451	6461	6366	6388	2283	-0.012826456498222893
2020-03-03	6478	6478	6356	6357	27	-0.00485284909204764
2020-03-04	6373	6451	6346	6448	54	0.014314928425357865
2020-03-05	6442	6469	6429	6444	7	-0.0006203473945409765
2020-03-06	6351	6351	6251	6284	512	-0.024829298572315306
2020-03-09	6206	6206	5928	5939	982	-0.054901336728198635
2020-03-10	5892	5932	5892	5908	31252	-0.005219733961946416
2020-03-11	5937	6028	5819	5876	2224	-0.005416384563303955
2020-03-12	5783	5783	5460	5462	524	-0.07045609257998642
2020-03-13	5301	5338	5183	5338	867	-0.022702306847308673
2020-03-16	5437	5437	5223	5225	8	-0.021168977144998102
2020-03-17	4928	5051	4845	4907	3218	-0.06086124401913873
2020-03-18	4838	4838	4673	4674	294	-0.04748318728347256
2020-03-19	4673	4673	4196	4270	7490	-0.08643560119811722
2020-03-20	4323	4573	4186	4574	3309	0.07119437939110074
2020-03-23	4337	4392	4268	4302	24620	-0.0594665500655881
2020-03-24	4350	4601	4341	4602	64	0.06973500697350077
2020-03-25	4718	5074	4718	5074	319	0.10256410256410264
2020-03-26	5027	5233	5027	5116	971	0.008277493102089029
2020-03-27	5405	5405	5101	5284	1330	0.03283815480844399
2020-03-30	5027	5269	5005	5206	73	-0.014761544284632833
2020-03-31	5396	5401	5255	5338	34649	0.025355359200921912
2020-04-01	5274	5310	5046	5052	59	-0.053578119145747505
2020-04-02	5019	5142	4919	5106	52204	0.010688836104512989
2020-04-03	5133	5133	5019	5084	36205	-0.004308656482569506
2020-04-06	5142	5242	5137	5243	81	0.03127458693941776
2020-04-07	5392	5392	5291	5330	50	0.016593553309174114
2020-04-08	5310	5318	5264	5293	141	-0.006941838649155763
2020-04-09	5306	5315	5223	5270	352	-0.004345361798601899
2020-04-10	5365	5564	5365	5567	1199	0.05635673624288429
2020-04-13	5510	5574	5464	5466	2135	-0.018142626190048472
2020-04-14	5487	5537	5483	5535	4695	0.012623490669593895
2020-04-16	5450	5450	5405	5435	11	-0.01806684733513997
2020-04-17	5532	5574	5524	5547	157	0.020607175712971548
2020-04-20	5637	5637	5464	5480	1218	-0.012078601045610204
2020-04-21	5442	5442	5278	5402	221	-0.014233576642335821
2020-04-22	5373	5383	5223	5380	453	-0.004072565716401355
2020-04-23	5338	5415	5328	5380	540	0.0
2020-04-24	5365	5370	5315	5330	694	-0.009293680297397744
2020-04-27	5392	5756	5392	5757	1171	0.0801125703564729
2020-04-28	5887	5887	5718	5766	3539	0.0015633142261595179
2020-04-29	5836	5905	5798	5851	148	0.014741588622962265
2020-05-04	5738	5738	5611	5621	755	-0.03930951974021535
2020-05-06	5690	5690	5606	5636	75	0.0026685643124000347
2020-05-07	5597	5682	5597	5659	60	0.004080908445706077
2020-05-08	5700	5710	5662	5692	2533	0.005831418978618164
2020-05-11	5690	5713	5625	5626	371	-0.011595221363316921
2020-05-12	5574	5574	5462	5486	981	-0.024884464984002874
2020-05-13	5415	5527	5410	5528	1818	0.007655851257746926
2020-05-14	5490	5490	5438	5472	1709	-0.01013024602026047
2020-05-15	5546	5555	5485	5556	16	0.015350877192982448
2020-05-18	5475	5518	5475	5514	193	-0.0075593952483801186
2020-05-19	5742	5761	5682	5692	845	0.0322814653608996
2020-05-20	5695	5695	5649	5673	183	-0.003338018271257903
2020-05-21	5705	5705	5606	5636	487	-0.006522122333862179
2020-05-22	5625	5649	5490	5514	1641	-0.021646557842441405
2020-05-25	5559	5559	5485	5561	524	0.008523757707653346
2020-05-26	5616	5718	5569	5705	2842	0.025894623269196115
2020-05-27	5746	5798	5738	5757	1294	0.009114811568799341
2020-05-28	5887	5966	5849	5874	8565	0.020323084940072844
2020-05-29	5793	5915	5779	5859	1863	-0.0025536261491317935
2020-06-01	5905	5971	5849	5972	1018	0.019286567673664434
2020-06-02	5962	6270	5962	6233	5745	0.04370395177494979
2020-06-03	6424	6644	6400	6617	6033	0.06160757259746519
2020-06-04	6836	6836	6415	6430	6706	-0.028260541030678543
2020-06-05	6433	6513	6410	6510	1211	0.012441679626749691
2020-06-08	6597	6597	6475	6505	5681	-0.0007680491551459445
2020-06-09	6569	6569	6400	6481	1028	-0.0036894696387393955
2020-06-10	6396	6396	6336	6359	1570	-0.0188242555161241
2020-06-11	6200	6223	6079	6187	4290	-0.027048278031136963
2020-06-12	5859	5957	5859	5958	2357	-0.03701309196702762
2020-06-15	5831	5957	5677	5677	1836	-0.04716347767707285
2020-06-16	5864	6059	5831	6023	1014	0.060947683635723005
2020-06-17	5892	5971	5840	5930	1548	-0.015440810227461355
2020-06-18	5849	5994	5849	5944	7126	0.0023608768971332683
2020-06-19	6018	6018	5882	5981	597	0.006224764468371502
2020-06-22	5924	5924	5849	5851	1425	-0.02173549573649891
2020-06-23	5887	5892	5738	5846	3683	-0.0008545547769611694
2020-06-24	5849	5887	5826	5874	664	0.004789599726308547
2020-06-25	5718	5746	5662	5664	690	-0.035750766087844776
2020-06-26	5705	5751	5700	5725	44	0.010769774011299527
2020-06-29	5620	5620	5579	5598	145	-0.022183406113537085
2020-06-30	5672	5682	5634	5640	1178	0.007502679528403
2020-07-01	5677	5770	5672	5715	458	0.013297872340425565
2020-07-02	5775	5775	5746	5752	931	0.006474190726159179
2020-07-03	5803	5803	5742	5761	2224	0.0015646731571627992
2020-07-06	5695	5872	5695	5874	1700	0.019614650234334396
2020-07-07	5910	5915	5826	5841	666	-0.005617977528089901
2020-07-08	5821	5849	5770	5771	1072	-0.01198424927238484
2020-07-09	5784	5793	5761	5776	3805	0.0008664009703691633
2020-07-10	5672	5672	5583	5598	1659	-0.030817174515235468
2020-07-13	5616	5793	5616	5785	986	0.03340478742407993
2020-07-14	5746	5765	5718	5748	4320	-0.006395851339671577
2020-07-15	5775	5915	5775	5836	1046	0.015309672929714635
2020-07-16	5957	5957	5892	5939	1678	0.017649074708704582
2020-07-17	5952	5975	5896	5907	874	-0.005388112476848006
2020-07-20	5994	6013	5872	6014	1424	0.01811410191298468
2020-07-21	6018	6074	5952	6041	4339	0.004489524442966353
2020-07-22	6036	6177	6013	6014	15573	-0.004469458698890927
2020-07-23	5975	5975	5896	5935	2414	-0.0131360159627536
2020-07-24	5864	5938	5859	5879	363	-0.009435551811288967
2020-07-27	5948	5994	5924	5925	431	0.007824459942167072
2020-07-28	5952	5975	5896	5930	334	0.0008438818565401629
2020-07-29	5882	5999	5859	5990	289	0.010118043844856706
2020-07-30	6046	6046	5971	5990	37912	0.0
2020-07-31	5948	5948	5877	5879	28072	-0.018530884808013348
2020-08-03	5877	5896	5854	5855	4432	-0.004082326926348023
2020-08-04	5896	5962	5896	5925	621	0.011955593509820561
2020-08-05	5948	5962	5920	5939	5565	0.0023628691983121897
2020-08-06	6003	6162	6003	6023	2621	0.014143795251725821
2020-08-07	6031	6059	5948	6018	270	-0.0008301510874979545
2020-08-10	6055	6210	6055	6210	1754	0.031904287138584175
2020-08-11	6167	6462	6167	6448	2711	0.038325281803542666
2020-08-12	6513	6592	6405	6594	7406	0.022642679900744422
2020-08-13	6602	6738	6592	6687	5885	0.0141037306642402
2020-08-14	6686	6695	6531	6566	4831	-0.018094810826977725
2020-08-18	6475	6475	6246	6248	2381	-0.048431312823636885
2020-08-19	6364	6400	6317	6346	854	0.015685019206145956
2020-08-20	6238	6238	6059	6061	1601	-0.04491017964071853
2020-08-21	6162	6195	6111	6145	1004	0.013859099158554766
2020-08-24	6059	6158	6055	6145	1835	0.0
2020-08-25	6238	6349	6238	6351	2307	0.033523189585028534
2020-08-26	6293	6307	6195	6252	1153	-0.01558809636277747
2020-08-27	6182	6182	6125	6136	993	-0.01855406269993598
2020-08-28	6195	6326	6195	6248	313	0.018252933507170832
2020-08-31	6298	6298	6134	6136	2162	-0.017925736235595346
2020-09-01	6186	6284	6177	6238	3790	0.016623207301173393
2020-09-02	6284	6298	6233	6294	526	0.008977236293683966
2020-09-03	6307	6326	6251	6261	459	-0.00524308865586276
2020-09-04	6130	6167	6125	6168	2244	-0.014853857211308052
2020-09-07	6167	6270	6149	6261	4089	0.015077821011673098
2020-09-08	6307	6340	6251	6252	169	-0.0014374700527072237
2020-09-09	6200	6200	6116	6168	297	-0.013435700575815779
2020-09-10	6256	6256	6195	6200	1450	0.005188067444876765
2020-09-11	6153	6210	6144	6210	160	0.001612903225806539
2020-09-14	6223	6303	6223	6304	6021	0.015136876006441202
2020-09-15	6284	6317	6242	6308	609	0.0006345177664974777
2020-09-16	6331	6331	6261	6280	384	-0.00443880786303108
2020-09-17	6279	6279	6218	6229	2160	-0.008121019108280225
2020-09-18	6223	6228	6190	6205	164	-0.003852945898218052
2020-09-21	6200	6238	6144	6168	279	-0.005962933118452862
2020-09-22	6055	6120	6027	6028	2225	-0.022697795071335958
2020-09-23	6031	6046	6023	6038	98	0.0016589250165892633
2020-09-24	5971	5994	5943	5972	590	-0.010930771778734694
2020-09-25	5966	6023	5966	5995	250	0.0038513060951104183
2020-09-28	6031	6064	6031	6051	497	0.009341117597998272
2020-09-29	6116	6116	6079	6089	233	0.006279953726656684
2020-10-05	6116	6246	6116	6248	25	0.026112662177697477
2020-10-06	6284	6284	6190	6215	2476	-0.005281690140845119
2020-10-07	6167	6275	6167	6276	345	0.009814963797264653
2020-10-08	6303	6303	6246	6304	602	0.004461440407903083
2020-10-12	6293	6331	6279	6331	185	0.0042829949238578635
2020-10-13	6336	6336	6256	6261	1342	-0.011056705101879616
2020-10-14	6256	6256	6167	6168	499	-0.014853857211308052
2020-10-15	6177	6177	6120	6177	516	0.0014591439688715901
2020-10-16	6172	6186	6153	6168	138	-0.0014570179698882857
2020-10-19	6218	6354	6218	6336	9739	0.027237354085603016
2020-10-20	6298	6326	6251	6327	239	-0.0014204545454545858
2020-10-21	6307	6420	6298	6420	1847	0.014698909435751473
2020-10-22	6466	6564	6359	6566	2477	0.022741433021806756
2020-10-23	6611	6728	6611	6725	6932	0.024215656411818554
2020-10-26	6710	6784	6644	6645	6906	-0.011895910780669094
2020-10-27	6569	6569	6480	6523	5750	-0.01835966892400298
2020-10-28	6499	6611	6475	6612	132	0.013644028821094611
2020-10-29	6559	6559	6420	6541	13523	-0.010738052026618261
2020-10-30	6485	6541	6354	6387	622	-0.023543800642103707
2020-11-02	6490	6607	6490	6607	376	0.03444496633787386
2020-11-03	6649	6700	6634	6677	543	0.010594823671863152
2020-11-04	6713	6770	6518	6570	1055	-0.01602516100044926
2020-11-05	6597	6700	6569	6659	2007	0.01354642313546428
2020-11-06	6690	6695	6644	6649	3137	-0.0015017269860339022
2020-11-09	6690	6765	6681	6725	7791	0.011430290269213383
2020-11-10	6999	6999	6872	6977	2075	0.03747211895910785
2020-11-11	7013	7223	7013	7215	6383	0.034112082556972956
2020-11-12	7186	7186	7046	7074	1950	-0.019542619542619488
2020-11-13	7031	7031	6924	6981	1315	-0.013146734520780301
2020-11-16	7027	7205	7027	7145	2591	0.023492336341498277
2020-11-17	7149	7223	7120	7192	6223	0.006578026592022335
2020-11-18	7210	7210	7116	7197	1431	0.0006952169076752668
2020-11-19	7158	7181	7111	7154	4513	-0.005974711685424516
2020-11-20	7190	7223	7153	7197	2419	0.006010623427453066
2020-11-23	7162	7336	7158	7290	4316	0.012922050854522693
2020-11-24	7298	7303	7251	7294	2404	0.0005486968449930352
2020-11-25	7372	7457	7321	7374	2815	0.010967918837400559
2020-11-26	7405	7405	7279	7407	5733	0.004475183075671296
2020-11-27	7372	7372	7293	7341	8862	-0.008910490076954214
2020-11-30	7303	7303	6990	6990	3030	-0.04781364936657129
2020-12-01	7046	7162	7046	7159	10582	0.02417739628040061
2020-12-02	7205	7284	7186	7285	2525	0.017600223494901535
2020-12-03	7382	7382	7223	7266	8910	-0.002608098833218997
2020-12-04	7265	7405	7265	7364	1927	0.01348747591522148
2020-12-07	7336	7336	7181	7276	2876	-0.01195002715915261
2020-12-08	7274	7274	7134	7149	2835	-0.01745464540956565
2020-12-09	7162	7238	7162	7238	2679	0.01244929360749758
2020-12-10	7238	7251	7130	7225	5754	-0.0017960762641613393
2020-12-11	7289	7372	7289	7355	7154	0.01799307958477514
2020-12-14	7321	7364	7303	7318	5838	-0.005030591434398324
2020-12-15	7303	7303	7233	7290	458	-0.0038261820169445127
2020-12-16	7336	7336	7270	7308	5109	0.0024691358024691024
2020-12-17	7293	7293	7167	7252	872	-0.007662835249042099
2020-12-18	7251	7251	7218	7228	481	-0.003309431880860414
2020-12-21	7228	7228	7158	7215	1771	-0.0017985611510791255
2020-12-22	7213	7284	7181	7197	1395	-0.002494802494802495
2020-12-23	7210	7210	7102	7187	1660	-0.0013894678338196575
2020-12-24	7261	7284	7242	7285	2427	0.01363573118129957
2020-12-28	7326	7364	7274	7299	3049	0.001921757035003413
2020-12-29	7298	7368	7298	7318	1458	0.002603096314563569
2020-12-30	7298	7326	7213	7327	993	0.0012298442197322679
2021-01-04	7336	7336	7186	7238	2545	-0.012146854101269255
2021-01-05	7238	7364	7162	7364	7984	0.01740812379110257
2021-01-06	7317	7518	7317	7416	1839	0.007061379684953906
2021-01-07	7551	7742	7551	7733	6320	0.04274541531823095
2021-01-08	7826	7849	7681	7757	4738	0.003103582050950404
2021-01-11	7887	7892	7587	7705	5775	-0.0067036225344849765
2021-01-12	7705	7821	7639	7752	5153	0.0060999351070734065
2021-01-13	7849	7966	7812	7902	13367	0.01934984520123839
2021-01-14	7900	7933	7864	7892	3660	-0.0012655024044545549
2021-01-15	7938	7938	7672	7715	2741	-0.02242777496198678
2021-01-18	7681	7681	7490	7561	6084	-0.01996111471160078
2021-01-19	7541	7662	7527	7631	904	0.009258034651501212
2021-01-20	7616	7616	7518	7574	1352	-0.0074695321714061125
2021-01-21	7607	7607	7518	7570	630	-0.0005281225244256893
2021-01-22	7518	7531	7462	7463	4825	-0.014134742404227185
2021-01-25	7382	7503	7382	7490	3073	0.0036178480503819
2021-01-26	7462	7462	7298	7351	4497	-0.01855807743658211
2021-01-27	7364	7382	7303	7322	1919	-0.003945041490953649
2021-01-28	7261	7261	7107	7117	4229	-0.027997814804698207
2021-01-29	7130	7195	6887	6916	17847	-0.028242236897569217
2021-02-01	6892	7181	6892	7159	5900	0.03513591671486416
2021-02-02	7144	7256	7139	7168	1035	0.0012571588210643636
2021-02-03	7336	7336	7139	7200	4589	0.0044642857142858094
2021-02-04	7162	7218	7051	7112	2727	-0.012222222222222245
2021-02-05	7102	7274	7102	7276	4054	0.02305961754780661
2021-02-08	7359	7462	7274	7439	3458	0.022402418911489752
2021-02-09	7466	7475	7344	7392	4225	-0.006318053501814802
2021-02-10	7372	7438	7354	7425	9854	0.0044642857142858094
2021-02-15	7448	7541	7443	7467	4042	0.005656565656565693
2021-02-16	7457	7457	7368	7448	8430	-0.0025445292620864812
2021-02-17	7471	7508	7429	7505	10887	0.007653061224489832
2021-02-18	7513	7513	7344	7346	3451	-0.021185876082611577
2021-02-19	7424	7424	7246	7407	3367	0.008303838823849663
2021-02-22	7420	7485	7405	7411	2522	0.000540029701633582
2021-02-23	7480	7480	7382	7439	1433	0.0037781675887194055
2021-02-24	7438	7523	7359	7364	8555	-0.010082000268853308
2021-02-25	7424	7551	7424	7533	8036	0.02294948397609997
2021-02-26	7485	7485	7321	7327	16791	-0.027346342758529096
2021-03-02	7503	7541	7443	7486	4046	0.021700559574177714
2021-03-03	7475	7616	7452	7617	2180	0.017499332086561514
2021-03-04	7583	7667	7541	7612	6620	-0.000656426414598954
2021-03-05	7616	7728	7607	7659	11078	0.006174461376773577
2021-03-08	7728	7859	7713	7851	11558	0.025068546807677228
2021-03-09	7943	8055	7920	8028	19959	0.02254489873901422
2021-03-10	7854	7976	7836	7944	6696	-0.010463378176382654
2021-03-11	8064	8111	7957	8005	20723	0.007678751258811678
2021-03-12	7924	7952	7854	7948	13910	-0.007120549656464692
2021-03-15	8079	8079	7938	8000	3738	0.006542526421741357
2021-03-16	7905	8036	7905	8005	4052	0.0006250000000000977
2021-03-17	7929	7994	7915	7981	2660	-0.002998126171143034
2021-03-18	8055	8055	7864	7944	2727	-0.0046360105249968475
2021-03-19	8008	8013	7924	7963	2586	0.002391742195367641
2021-03-22	7957	8051	7915	8028	7389	0.008162752731382561
2021-03-23	8092	8092	7943	7963	2669	-0.00809666168410561
2021-03-24	7990	7990	7854	7887	2091	-0.009544141655155047
2021-03-25	7831	8027	7831	7986	2654	0.012552301255230214
2021-03-26	8054	8107	8041	8066	5432	0.010017530678687603
2021-03-29	7999	8107	7976	8103	3033	0.004587155963302836
2021-03-30	8177	8223	8139	8187	3163	0.010366530914476035
2021-03-31	8172	8312	8167	8304	2999	0.014290949065591807
2021-04-01	8336	8336	8158	8177	30954	-0.015293834296724484
2021-04-02	8074	8167	8074	8126	26126	-0.006237006237006182
2021-04-05	8190	8195	8087	8197	874	0.008737386167856354
2021-04-06	8186	8186	8120	8164	9289	-0.004025863120653894
2021-04-07	8200	8321	8200	8313	2963	0.018250857422831945
2021-04-08	8392	8392	8223	8276	1851	-0.004450860098640708
2021-04-09	8274	8312	8223	8243	618	-0.00398743354277431
2021-04-12	8167	8317	8167	8252	771	0.001091835496785043
2021-04-13	8251	8261	8213	8248	2088	-0.0004847309743092332
2021-04-14	8270	8293	8210	8276	2240	0.003394762366634385
2021-04-15	8326	8377	8298	8346	2850	0.00845819236346057
2021-04-16	8312	8312	8246	8252	1398	-0.011262880421758936
2021-04-19	8242	8279	8210	8210	2701	-0.00508967523024717
2021-04-20	8162	8397	8162	8397	2991	0.022777101096224106
2021-04-21	8410	8410	8213	8252	5025	-0.017268071930451323
2021-04-22	8317	8410	8317	8384	2413	0.015996122152205583
2021-04-23	8382	8531	8382	8481	4367	0.011569656488549684
2021-04-26	8579	8667	8536	8594	3487	0.01332390048343357
2021-04-27	8592	8667	8592	8668	2175	0.008610658599022658
2021-04-28	8751	8779	8677	8743	8094	0.008652514997692595
2021-04-29	8853	8853	8588	8589	5241	-0.017614091273018384
2021-04-30	8670	8819	8670	8719	5618	0.015135638607521207
2021-05-03	8810	8810	8535	8584	6030	-0.01548342699850902
2021-05-04	8583	8583	8420	8521	3160	-0.007339235787511611
2021-05-06	8675	8935	8646	8936	8030	0.04870320384931337
2021-05-07	9075	9075	8916	9046	5122	0.012309758281110028
2021-05-10	9017	9210	9007	9205	10514	0.017576829537917282
2021-05-11	9253	9253	9046	9215	6054	0.0010863661053774898
2021-05-12	9214	9214	8844	8969	59684	-0.026695604991861077
2021-05-13	8786	9200	8786	9085	63890	0.012933437395473257
2021-05-14	9171	9171	8940	8998	5531	-0.009576224545954859
2021-05-17	8911	8993	8877	8945	4429	-0.005890197821738163
2021-05-18	9027	9089	9012	9056	4456	0.012409167132476195
2021-05-20	8988	9046	8892	8926	3899	-0.014355123674911652
2021-05-21	8930	8954	8742	8781	3559	-0.016244678467398632
2021-05-24	8766	8906	8762	8887	3586	0.012071518050335905
2021-05-25	8863	8959	8863	8936	1387	0.0055136716552266485
2021-05-26	8868	8954	8868	8916	3929	-0.0022381378692927223
2021-05-27	8868	8993	8819	8820	3104	-0.010767160161507361
2021-05-28	8863	8993	8863	8969	4138	0.016893424036281246
2021-05-31	8969	9075	8969	9070	4861	0.011261010146058625
2021-06-01	9070	9104	9002	9070	3872	0.0
2021-06-02	9075	9181	9075	9123	5313	0.005843439911797033
2021-06-03	9171	9181	9104	9119	2938	-0.00043845226350980315
2021-06-04	9147	9171	9080	9090	5254	-0.003180173264612396
2021-06-07	9080	9113	9036	9109	3144	0.0020902090209020674
2021-06-08	9152	9152	9084	9099	4479	-0.001097815347458564
2021-06-09	9104	9104	8993	8993	3503	-0.011649631827673423
2021-06-10	8964	8974	8911	8955	2103	-0.004225508729011507
2021-06-11	8901	8930	8882	8897	4855	-0.0064768285873813
2021-06-14	8872	8901	8762	8801	7485	-0.010790153984489126
2021-06-15	8757	8829	8718	8810	3895	0.0010226110669242505
2021-06-16	8887	8978	8868	8945	15612	0.015323496027241701
2021-06-17	9094	9094	8897	8945	5402	0.0
2021-06-18	8935	8935	8819	8849	4858	-0.010732252655114571
2021-06-21	8829	8829	8632	8647	13198	-0.022827438128602107
2021-06-22	8670	8810	8670	8805	10018	0.01827223314444315
2021-06-23	8800	8800	8709	8757	5877	-0.00545144804088582
2021-06-24	8757	8858	8699	8834	8543	0.008792965627498095
2021-06-25	8863	9060	8863	9051	9739	0.02456418383518222
2021-06-28	9051	9152	9051	9095	3617	0.0048613412882554385
2021-06-29	9080	9080	8921	8940	5394	-0.017042330951071993
2021-06-30	8925	8935	8868	8892	4049	-0.005369127516778538
2021-07-01	8892	8892	8766	8777	5332	-0.012932973459289232
2021-07-02	8805	8844	8766	8820	34410	0.004899168280733779
2021-07-05	8901	8901	8733	8733	34690	-0.009863945578231337
2021-07-06	8733	8800	8733	8762	3888	0.0033207374327264283
2021-07-07	8670	8675	8583	8618	6600	-0.016434603971695938
2021-07-08	8622	8665	8559	8560	4943	-0.006730099791134814
2021-07-09	8434	8434	8285	8348	13598	-0.02476635514018688
2021-07-12	8502	8530	8482	8502	3206	0.018447532343076167
2021-07-13	8583	8632	8583	8622	2958	0.014114326040931546
2021-07-14	8526	8564	8497	8521	4960	-0.011714219438645368
2021-07-15	8424	8583	8424	8569	3113	0.005633141650041029
2021-07-16	8545	8598	8511	8598	2028	0.0033842922161277933
2021-07-19	8598	8598	8449	8473	2432	-0.014538264712723903
2021-07-20	8347	8386	8323	8386	5746	-0.010267909831228605
2021-07-21	8439	8444	8381	8391	4142	0.0005962318149297374
2021-07-22	8477	8593	8396	8565	6008	0.020736503396496353
2021-07-23	8569	8651	8550	8637	4933	0.00840630472854631
2021-07-26	8636	8636	8511	8521	2977	-0.013430589324997078
2021-07-27	8516	8588	8497	8526	4669	0.0005867855885459683
2021-07-28	8526	8622	8526	8608	4521	0.009617640159512053
2021-07-29	8665	8689	8646	8666	3243	0.006737918215613314
2021-07-30	8588	8598	8492	8521	3568	-0.016732056312024013
2021-08-02	8526	8526	8415	8463	2853	-0.006806712827132966
2021-08-03	8463	8521	8429	8521	3777	0.0068533616920714024
2021-08-04	8550	8670	8550	8661	4178	0.016429996479286446
2021-08-05	8689	8689	8598	8622	2339	-0.004502944232767536
2021-08-06	8622	8704	8579	8594	2958	-0.0032475063790303738
2021-08-09	8641	8670	8622	8671	2990	0.008959739353036955
2021-08-10	8762	8762	8569	8589	5404	-0.009456810056510223
2021-08-11	8641	8728	8622	8709	3327	0.013971358714635063
2021-08-12	8762	8776	8709	8709	5641	0.0
2021-08-13	8800	8800	8569	8637	7477	-0.008267309679641732
2021-08-17	8685	8757	8632	8671	3913	0.003936552043533714
2021-08-18	8660	8680	8632	8675	1176	0.0004613078076345367
2021-08-19	8612	8612	8371	8401	10255	-0.0315850144092219
2021-08-20	8449	8449	8208	8271	10223	-0.01547434829187
2021-08-23	8314	8444	8314	8367	4964	0.011606819006166225
2021-08-24	8492	8593	8482	8584	7356	0.025935221704314504
2021-08-25	8622	8680	8603	8680	2088	0.011183597390493905
2021-08-26	8757	8819	8632	8748	22918	0.007834101382488523
2021-08-27	8728	8786	8704	8786	3834	0.004343850022862306
2021-08-30	8800	8800	8593	8603	5300	-0.020828590940132008
2021-08-31	8636	8685	8463	8685	5422	0.0095315587585727
2021-09-01	8738	8738	8641	8728	3323	0.004951065054692005
2021-09-02	8766	8781	8704	8719	860	-0.0010311640696608615
2021-09-03	8713	8757	8685	8700	1416	-0.0021791489849752876
2021-09-06	8646	8646	8593	8613	1717	-0.010000000000000009
2021-09-07	8651	8651	8535	8579	1802	-0.003947521188900516
2021-09-08	8617	8660	8569	8642	2213	0.00734351322998017
2021-09-09	8632	8632	8540	8560	2576	-0.009488544318444814
2021-09-10	8526	8550	8463	8550	1600	-0.001168224299065379
2021-09-13	8511	8545	8477	8531	1247	-0.0022222222222222365
2021-09-14	8622	8757	8622	8685	5393	0.018051811042081756
2021-09-15	8699	8699	8651	8675	1084	-0.0011514104778354017
2021-09-16	8675	8675	8545	8574	7934	-0.011642651296829953
2021-09-17	8521	8583	8511	8565	14957	-0.0010496850944716751
2021-09-23	8555	8555	8453	8516	2760	-0.005720957384705239
2021-09-24	8588	8689	8579	8642	3931	0.014795678722404837
2021-09-27	8660	8685	8627	8647	1923	0.0005785697755149588
2021-09-28	8718	8829	8718	8781	7238	0.01549670405921133
2021-09-29	8791	8791	8670	8724	4350	-0.006491288008199536
2021-09-30	8718	8834	8718	8834	4464	0.012608895002292453
2021-10-01	8781	8795	8718	8733	1864	-0.011433099388725387
2021-10-05	8713	8713	8540	8608	4474	-0.014313523416924268
2021-10-06	8670	8738	8588	8598	2029	-0.0011617100371746902
2021-10-07	8670	8728	8665	8704	3469	0.01232844847638992
2021-10-08	8665	8665	8569	8618	1543	-0.00988051470588236
2021-10-12	8516	8550	8420	8526	2720	-0.010675330703179386
2021-10-13	8559	8569	8511	8555	438	0.00340136054421758
2021-10-14	8622	8622	8535	8589	1385	0.0039742840444185745
2021-10-15	8651	8718	8617	8709	2617	0.013971358714635063
2021-10-18	8757	8757	8656	8743	4420	0.0039040073487197624
2021-10-19	8747	8781	8709	8757	2501	0.0016012810248198228
2021-10-20	8795	8853	8791	8849	7520	0.010505881009478024
2021-10-21	8853	8940	8853	8926	3109	0.008701548197536546
2021-10-22	8930	8978	8868	8907	3771	-0.0021286130405556714
2021-10-25	8921	9036	8921	9032	7121	0.014033905916694733
2021-10-26	9041	9065	9017	9056	2790	0.0026572187776794376
2021-10-27	9055	9065	8978	9013	3508	-0.004748233215547737
2021-10-28	8988	9012	8848	8849	4032	-0.01819593919893492
2021-10-29	8882	8897	8699	8733	2951	-0.013108825856028905
2021-11-01	8795	8795	8713	8777	2832	0.005038360242757278
2021-11-02	8815	8863	8805	8810	2875	0.003759826820098011
2021-11-03	8781	8781	8612	8637	1856	-0.01963677639046535
2021-11-04	8718	8738	8660	8680	1141	0.004978580525645482
2021-11-05	8607	8607	8502	8560	3793	-0.01382488479262678
2021-11-08	8468	8588	8434	8560	1520	0.0
2021-11-09	8506	8680	8506	8584	2360	0.002803738317757043
2021-11-10	8564	8593	8530	8555	1848	-0.0033783783783783994
2021-11-11	8535	8535	8477	8488	2045	-0.007831677381648139
2021-11-12	8612	8622	8530	8613	6256	0.014726672950047037
2021-11-15	8632	8675	8588	8675	2888	0.007198420991524346
2021-11-16	8723	8752	8651	8753	2873	0.008991354466858725
2021-11-17	8766	8766	8564	8598	1883	-0.01770821432651659
2021-11-18	8526	8559	8487	8560	1510	-0.004419632472668078
2021-11-19	8564	8583	8487	8584	1918	0.002803738317757043
2021-11-22	8535	8593	8526	8594	1448	0.0011649580615098465
2021-11-23	8670	8709	8632	8647	8219	0.0061670933209214684
2021-11-24	8694	8747	8651	8675	2429	0.0032381172661037905
2021-11-25	8641	8641	8607	8613	782	-0.007146974063400591
2021-11-26	8607	8607	8434	8444	2696	-0.019621502380123057
2021-11-29	8198	8410	8198	8372	3217	-0.0085267645665561
2021-11-30	8357	8376	8020	8073	8834	-0.0357142857142857
2021-12-01	8073	8188	8029	8174	2528	0.012510838597795226
2021-12-02	8054	8314	8039	8314	1281	0.017127477367262056
2021-12-03	8328	8526	8328	8526	2474	0.025499158046668358
2021-12-06	8477	8574	8420	8555	1770	0.00340136054421758
2021-12-07	8559	8641	8550	8642	714	0.01016949152542379
2021-12-08	8680	8723	8617	8632	4956	-0.0011571395510298066
2021-12-09	8627	8656	8564	8651	6885	0.002201112140871153
2021-12-10	8627	8627	8559	8608	415	-0.004970523638885727
2021-12-13	8660	8728	8598	8632	3291	0.0027881040892192566
2021-12-14	8555	8603	8535	8603	1321	-0.003359592215013918
2021-12-15	8555	8612	8555	8613	70	0.0011623852144599933
2021-12-16	8612	8632	8569	8603	3685	-0.001161035643794217
2021-12-17	8670	8795	8670	8796	4837	0.022434034639079448
2021-12-20	8728	8742	8651	8666	2371	-0.014779445202364738
2021-12-21	8665	8713	8651	8675	2162	0.001038541426263473
2021-12-22	8733	8733	8660	8666	580	-0.0010374639769452632
2021-12-23	8766	8766	8646	8671	3414	0.000576967459035238
2021-12-24	8738	8738	8665	8671	1621	0.0
2021-12-27	8685	8699	8632	8651	1579	-0.0023065390381732387
2021-12-28	8617	8675	8612	8675	2767	0.0027742457519361885
2021-12-29	8704	8752	8699	8753	5128	0.008991354466858725
2021-12-30	8757	8757	8660	8675	914	-0.008911230435279305
2022-01-03	8723	8747	8656	8700	5641	0.0028818443804035088
2022-01-04	8670	8791	8670	8791	6542	0.01045977011494248
2022-01-05	8853	8853	8771	8805	2125	0.0015925378227732434
2022-01-06	8805	8819	8723	8743	1279	-0.0070414537194776194
2022-01-07	8742	8800	8704	8801	5573	0.006633878531396631
2022-01-10	8892	9012	8853	9003	18996	0.022951937279854562
2022-01-11	9055	9123	9027	9099	12603	0.010663112295901334
2022-01-12	9041	9277	9041	9278	10283	0.019672491482580545
2022-01-13	9344	9344	9214	9287	13140	0.0009700366458289533
2022-01-14	9325	9325	9104	9196	6072	-0.00979864326477875
2022-01-17	9195	9195	9051	9061	2799	-0.014680295780774233
2022-01-18	9123	9142	9036	9080	1411	0.0020968987970422237
2022-01-19	9113	9258	9046	9128	5747	0.00528634361233471
2022-01-20	9094	9094	8935	8960	2840	-0.018404907975460127
2022-01-21	8954	9007	8930	9008	1647	0.005357142857142838
2022-01-24	8964	8969	8747	8801	15149	-0.022979573712255785
2022-01-25	8680	8709	8540	8594	6613	-0.023520054539256874
2022-01-26	8733	8776	8660	8738	17563	0.016755876192692476
2022-01-27	8742	8742	8526	8584	29039	-0.017624170290684416
2022-01-28	8646	8738	8622	8719	11552	0.01572693383038204
2022-02-03	8810	8906	8810	8815	2543	0.011010436976717441
2022-02-04	8872	9017	8872	9013	11301	0.022461712989222837
2022-02-07	9027	9060	8978	9027	2239	0.0015533118828359171
2022-02-08	9094	9157	9012	9051	2066	0.002658690594881996
2022-02-09	9133	9325	9133	9326	4164	0.03038338305159649
2022-02-10	9383	9388	9282	9335	7023	0.0009650439631139207
2022-02-11	9383	9441	9239	9441	4458	0.011355115158007578
2022-02-14	9407	9407	9210	9253	2244	-0.01991314479398365
2022-02-15	9253	9296	9195	9234	826	-0.002053388090349051
2022-02-16	9287	9344	9205	9326	3837	0.009963179553822865
2022-02-17	9388	9537	9373	9490	12679	0.017585245550075124
2022-02-18	9407	9450	9325	9412	2780	-0.008219178082191747
2022-02-21	9292	9349	9277	9331	3117	-0.008606034849128807
2022-02-22	9296	9296	9113	9220	9419	-0.011895831100632304
2022-02-23	9272	9296	9195	9210	3268	-0.0010845986984815426
2022-02-24	9113	9142	8983	9022	3088	-0.020412595005428913
2022-02-25	8993	9027	8858	8902	1856	-0.013300820217246767
2022-02-28	8988	8988	8853	8974	754	0.008088070096607503
2022-03-02	8921	8921	8709	8753	6301	-0.02462669935368844
2022-03-03	8752	8877	8752	8863	4967	0.012567119844624663
2022-03-04	8892	8892	8713	8796	1249	-0.007559517093534973
2022-03-07	8603	8627	8487	8516	1964	-0.031832651205093265
2022-03-08	8400	8410	8343	8377	5551	-0.016322217003287953
2022-03-10	8550	8574	8516	8536	1015	0.018980541960128994
2022-03-11	8521	8593	8516	8574	1908	0.004451733833177096
2022-03-14	8564	8694	8564	8651	3562	0.008980639141590752
2022-03-15	8728	8766	8680	8733	3770	0.009478672985782088
2022-03-16	8742	8771	8699	8757	2410	0.0027481964960494043
2022-03-17	8911	8988	8858	8858	20304	0.01153363023866616
2022-03-18	8853	8882	8771	8883	4887	0.0028223075186273316
2022-03-21	8877	8892	8810	8825	2159	-0.00652932567826181
2022-03-22	8868	9007	8868	9008	2310	0.020736543909348537
2022-03-23	9104	9219	9104	9220	3269	0.023534635879218557
2022-03-24	9190	9239	9084	9196	7328	-0.0026030368763557687
2022-03-25	9186	9214	9152	9196	2787	0.0
2022-03-28	9195	9292	9118	9268	3668	0.00782949108307962
2022-03-29	9344	9349	9253	9273	2373	0.00053949072075965
2022-03-30	9229	9311	9229	9263	5873	-0.0010783996549120767
2022-03-31	9330	9422	9325	9417	12794	0.01662528338551228
2022-04-01	9378	9388	9292	9388	27510	-0.003079537007539601
2022-04-04	9417	9417	9335	9398	20650	0.0010651896037494613
2022-04-05	9354	9354	9166	9172	36307	-0.02404766971696104
2022-04-06	9152	9287	9147	9268	16574	0.010466637592673411
2022-04-07	9099	9224	9099	9147	8481	-0.013055675442382397
2022-04-08	9210	9210	9055	9123	4117	-0.002623811085601835
2022-04-11	9142	9239	9142	9239	8036	0.012715115641784402
2022-04-12	9296	9296	9200	9220	4857	-0.0020564996211711595
2022-04-13	9176	9229	9142	9229	3765	0.0009761388286333439
2022-04-14	9200	9243	9200	9244	8338	0.0016253115180409061
2022-04-15	9210	9210	9137	9147	4450	-0.010493292946776256
2022-04-18	9142	9142	9055	9099	2543	-0.00524762217120367
2022-04-19	9113	9190	9113	9167	8750	0.00747334871963945
2022-04-20	9186	9258	9186	9229	6228	0.006763390422166449
2022-04-21	9243	9277	9200	9278	2406	0.005309350958933701
2022-04-22	9277	9354	9190	9326	13289	0.0051735287777539
2022-04-25	9258	9359	9200	9200	6916	-0.013510615483594224
2022-04-26	9152	9205	9128	9147	41207	-0.005760869565217375
2022-04-27	9055	9055	8892	8950	3568	-0.02153711599431507
2022-04-28	8995	9110	8915	9110	35876	0.01787709497206702
2022-04-29	9100	9100	9020	9050	71105	-0.00658616904500553
2022-05-02	9010	9010	8915	8975	2235	-0.008287292817679592
2022-05-03	9005	9050	8970	8975	4123	0.0
2022-05-04	9040	9125	9040	9090	4668	0.012813370473537589
2022-05-06	9030	9070	8990	9050	2868	-0.004400440044004417
2022-05-09	9035	9035	8975	9005	3593	-0.004972375690607711
2022-05-10	8895	8895	8735	8850	28357	-0.01721265963353691
2022-05-11	8795	8795	8630	8635	12451	-0.02429378531073445
2022-05-12	8600	8775	8600	8675	10669	0.004632310364794501
2022-05-13	8755	8890	8755	8860	2569	0.02132564841498552
2022-05-16	8885	8945	8875	8900	23185	0.004514672686230181
2022-05-17	8905	8970	8890	8895	61882	-0.0005617977528089568
2022-05-18	8895	8930	8860	8870	66	-0.0028105677346823565
2022-05-19	8690	8690	8625	8650	31388	-0.0248027057497181
2022-05-20	8705	8880	8700	8840	2820	0.021965317919075078
2022-05-23	8845	8895	8800	8885	364	0.005090497737556543
2022-05-24	8905	9010	8905	8950	749	0.00731570061902076
2022-05-25	8970	9045	8945	8975	815	0.0027932960893854997
2022-05-26	9005	9040	8925	8955	2590	-0.0022284122562674646
2022-05-27	9025	9115	9025	9115	4286	0.017867113344500307
2022-05-30	9140	9230	9130	9155	19503	0.004388370817334009
2022-05-31	9155	9235	9060	9165	4276	0.0010922992900055384
2022-06-02	9165	9165	8915	8925	14743	-0.026186579378068786
2022-06-03	9005	9020	8940	8940	4651	0.001680672268907557
2022-06-07	8920	8920	8820	8825	12468	-0.012863534675615185
2022-06-08	8860	8875	8820	8825	2361	0.0
2022-06-09	8845	8885	8820	8850	5194	0.0028328611898016387
2022-06-10	8785	8785	8645	8685	2157	-0.01864406779661021
2022-06-13	8545	8565	8340	8345	15644	-0.03914795624640188
2022-06-14	8225	8360	8225	8355	7645	0.0011983223487117556
2022-06-15	8340	8380	8290	8325	4863	-0.0035906642728904536
2022-06-16	8405	8445	8300	8315	2714	-0.001201201201201152
2022-06-17	8150	8225	8105	8155	8543	-0.019242333132892364
2022-06-20	8205	8205	8030	8090	7401	-0.00797057020232983
2022-06-21	8125	8125	8060	8095	6146	0.0006180469715697523
2022-06-22	8075	8090	7830	7850	15725	-0.030265596046942567
2022-06-23	7895	7915	7730	7730	2296	-0.015286624203821653
2022-06-24	7710	7885	7685	7885	4095	0.020051746442432128
2022-06-27	7875	7900	7740	7835	3382	-0.006341154090044432
2022-06-28	7880	7885	7810	7860	8291	0.0031908104658582293
2022-06-29	7820	7820	7690	7690	2145	-0.021628498727735423
2022-06-30	7670	7720	7620	7635	6354	-0.007152145643693153
2022-07-01	7660	7710	7590	7660	715	0.0032743942370661028
2022-07-04	7635	7635	7450	7540	1230	-0.015665796344647487
2022-07-05	7560	7625	7555	7615	3363	0.009946949602122057
2022-07-06	7530	7530	7320	7340	4513	-0.03611293499671697
2022-07-07	7335	7400	7275	7360	673	0.0027247956403269047
2022-07-08	7360	7485	7350	7480	898	0.016304347826086918
2022-07-11	7415	7470	7375	7375	2067	-0.014037433155080214
2022-07-12	7335	7340	7280	7315	9832	-0.008135593220338966
2022-07-13	7365	7375	7255	7275	24922	-0.005468215994531733
2022-07-14	7245	7275	7160	7220	2504	-0.007560137457044647
