Date	Open	High	Low	Close	Volume	Change
2017-12-08	9950	9950	9950	9954	1	
2017-12-11	9941	9941	9941	9944	1	-0.001004621257785776
2017-12-12	9974	9974	9974	9979	1	0.003519710378117491
2017-12-13	9927	9999	9927	10001	11	0.002204629722416973
2017-12-14	9999	9999	9999	10001	0	0.0
2017-12-15	10019	10019	10019	10020	1	0.0018998100189981937
2017-12-18	10004	10004	10004	10006	1	-0.0013972055888223922
2017-12-19	10095	10095	10061	10065	2	0.005896462122726431
2017-12-20	10051	10051	9999	10001	46	-0.0063586686537506765
2017-12-21	9903	9903	9726	9728	151075	-0.027297270272972685
2017-12-22	9726	9802	9726	9804	2	0.0078125
2017-12-26	9768	9768	9657	9662	363	-0.014483884128926983
2017-12-27	9840	9840	9840	9844	1	0.018836679776443876
2017-12-28	10004	10038	9984	10040	31	0.019910605444941165
2018-01-02	10086	10119	10076	10089	151071	0.004880478087649465
2018-01-03	10171	10171	10119	10121	19	0.003171771235999543
2018-01-04	10221	10221	10114	10145	13	0.0023713071830846477
2018-01-05	10191	10277	10186	10251	144909	0.010448496796451545
2018-01-08	10407	10407	10244	10331	41	0.007804116671544348
2018-01-09	10368	10373	10267	10270	7	-0.005904559093989015
2018-01-10	10157	10157	10056	10069	49144	-0.019571567672833523
2018-01-11	10099	10099	10024	10025	19	-0.00436984804846563
2018-01-12	9832	9965	9832	9969	4	-0.005586034912718252
2018-01-15	10042	10042	9960	9964	156	-0.0005015548199418518
2018-01-16	10004	10056	10004	10060	12	0.009634684865515775
2018-01-17	10119	10119	10056	10097	149017	0.003677932405566686
2018-01-18	10221	10221	10081	10084	11	-0.001287511141923381
2018-01-19	10024	10024	9908	9910	8	-0.017255057516858407
2018-01-22	9827	9827	9772	9819	10	-0.00918264379414735
2018-01-23	9835	9937	9822	9905	10	0.008758529381810876
2018-01-24	9918	9969	9913	9915	49	0.001009591115598285
2018-01-25	9932	10114	9932	10097	9	0.01835602622289456
2018-01-26	10147	10191	10147	10174	3	0.007626027532930513
2018-01-29	10291	10291	10240	10241	21	0.006585413799881978
2018-01-30	10216	10216	10038	10040	126	-0.019626989551801532
2018-01-31	10038	10114	10033	10035	22	-0.0004980079681274896
2018-02-01	10042	10042	9994	10030	166	-0.0004982561036372957
2018-02-02	10051	10051	9777	9804	102132	-0.02253240279162516
2018-02-05	9596	9596	9538	9584	60	-0.022439820481436112
2018-02-06	9404	9442	9274	9440	22	-0.015025041736227096
2018-02-07	9562	9562	9259	9263	1291	-0.018750000000000044
2018-02-08	9394	9419	9355	9420	8	0.016949152542372836
2018-02-09	9164	9212	9130	9133	25	-0.03046709129511682
2018-02-12	9236	9279	9236	9282	15	0.016314464031534026
2018-02-13	9414	9528	9404	9475	74	0.020792932557638366
2018-02-14	9562	9581	9500	9545	45	0.0073878627968337884
2018-02-19	9647	9647	9485	9550	27	0.0005238344683080598
2018-02-20	9533	9533	9455	9465	6	-0.008900523560209428
2018-02-21	9455	9562	9428	9550	88	0.00898045430533534
2018-02-22	9514	9538	9500	9502	25	-0.005026178010471227
2018-02-23	9576	9615	9572	9617	422	0.01210271521784878
2018-02-26	9652	9652	9557	9580	62	-0.003847353644587659
2018-02-27	9657	9657	9625	9627	5	0.004906054279749439
2018-02-28	9591	9591	9428	9430	15	-0.02046328035732836
2018-03-02	9313	9384	9308	9354	8	-0.008059384941675463
2018-03-05	9384	9384	9313	9315	6	-0.004169339320077015
2018-03-06	9455	9615	9455	9617	113	0.03242082662372514
2018-03-07	9639	9726	9596	9637	82	0.002079650618695972
2018-03-08	9726	9726	9615	9723	121630	0.008923938985161417
2018-03-09	9835	9960	9835	9887	23357	0.016867222050807262
2018-03-12	10004	10029	9974	10030	318	0.01446343683624951
2018-03-13	10147	10272	10143	10275	302	0.024426719840478617
2018-03-14	10201	10272	10196	10275	465	0.0
2018-03-15	10257	10301	10230	10303	494	0.0027250608272506582
2018-03-16	10211	10216	10104	10201	187	-0.00990002911773269
2018-03-19	10252	10252	10157	10179	470	-0.0021566513086952455
2018-03-20	10095	10226	10086	10226	192	0.004617349444935748
2018-03-21	10240	10252	10139	10189	321	-0.0036182280461568572
2018-03-22	10252	10257	10161	10226	310	0.003631367160663368
2018-03-23	9941	9994	9792	9795	13429	-0.042147467240367664
2018-03-26	9768	9899	9768	9900	8073	0.010719754977029039
2018-03-27	9969	9969	9879	9882	5	-0.0018181818181818299
2018-03-28	9716	9749	9657	9672	41	-0.021250758955676963
2018-03-29	9711	9768	9711	9772	265	0.01033912324234909
2018-03-30	9822	9955	9822	9868	222	0.009823986901350779
2018-04-02	9899	9923	9840	9858	206	-0.0010133765707336373
2018-04-03	9706	9792	9706	9795	209	-0.0063907486305538885
2018-04-04	9802	9802	9524	9527	16	-0.027360898417559953
2018-04-05	9657	9726	9657	9703	160	0.01847381127322345
2018-04-06	9538	9620	9538	9598	464	-0.010821395444707838
2018-04-09	9596	9630	9552	9608	360	0.0010418837257761826
2018-04-10	9572	9634	9547	9608	166	0.0
2018-04-11	9662	9662	9581	9593	104584	-0.0015611990008326249
2018-04-12	9567	9716	9567	9718	158	0.013030334618993056
2018-04-13	9797	9797	9687	9742	151	0.0024696439596625375
2018-04-16	9726	9754	9657	9698	61047	-0.004516526380619945
2018-04-17	9667	9697	9634	9685	10519	-0.0013404825737265424
2018-04-18	9792	9812	9749	9795	190	0.01135776974703151
2018-04-19	9807	9844	9735	9844	30400	0.005002552322613596
2018-04-20	9768	9768	9677	9681	30475	-0.016558309630231638
2018-04-23	9625	9642	9625	9642	158	-0.004028509451502904
2018-04-24	9576	9576	9470	9475	336	-0.017320058079236644
2018-04-25	9384	9495	9384	9460	36028	-0.0015831134564643357
2018-04-26	9576	9634	9514	9608	489	0.01564482029598313
2018-04-27	9732	9794	9653	9729	273	0.0125936719400499
2018-04-30	9635	9693	9621	9647	252	-0.008428409908520895
2018-05-02	9668	9668	9581	9612	127	-0.0036280709028713165
2018-05-03	9635	9635	9562	9580	21559	-0.0033291718684976823
2018-05-04	9542	9542	9388	9405	120866	-0.018267223382045894
2018-05-08	9547	9547	9379	9410	11651	0.0005316321105794941
2018-05-09	9432	9445	9388	9444	10	0.003613177470775719
2018-05-10	9547	9557	9485	9526	11951	0.008682761541719541
2018-05-11	9606	9606	9562	9575	30	0.005143816922107858
2018-05-14	9542	9611	9495	9541	740	-0.0035509138381201177
2018-05-15	9538	9538	9432	9464	480	-0.00807043286867204
2018-05-16	9437	9552	9437	9555	235	0.009615384615384581
2018-05-17	9640	9640	9528	9531	8	-0.0025117739403454076
2018-05-18	9528	9528	9437	9487	218	-0.00461651453152867
2018-05-21	9547	9601	9528	9603	413	0.01222725835353633
2018-05-23	9712	9846	9712	9850	789	0.02572112881391231
2018-05-24	9866	9866	9789	9835	37316	-0.001522842639593902
2018-05-25	9842	9943	9842	9922	77	0.008845958312150515
2018-05-28	9866	9866	9824	9865	455	-0.005744809514210858
2018-05-29	9834	9905	9799	9884	846	0.001926001013684786
2018-05-30	9846	9846	9673	9748	495	-0.013759611493322499
2018-05-31	9707	9736	9653	9709	99446	-0.004000820681165362
2018-06-01	9581	9741	9576	9743	1182	0.003501905448553
2018-06-04	9727	9829	9727	9758	155	0.0015395668685209696
2018-06-05	9760	9789	9745	9792	5	0.0034843205574912606
2018-06-07	9861	9861	9794	9825	305	0.00337009803921573
2018-06-08	9804	9804	9727	9792	11	-0.0033587786259542396
2018-06-11	9745	9819	9745	9820	145	0.0028594771241829964
2018-06-12	9794	9829	9770	9792	55206	-0.0028513238289206155
2018-06-14	9829	9829	9741	9743	5	-0.005004084967320299
2018-06-15	9741	9741	9576	9580	29721	-0.016729959971261366
2018-06-18	9538	9538	9316	9362	16875	-0.022755741127348683
2018-06-19	9379	9393	9312	9313	5	-0.005233924375133481
2018-06-20	9398	9514	9349	9516	112	0.021797487383227843
2018-06-21	9572	9572	9480	9487	16396	-0.00304749894913825
2018-06-22	9413	9586	9393	9589	34360	0.010751554759144133
2018-06-25	9533	9547	9510	9550	15852	-0.00406716028782983
2018-06-26	9359	9460	9335	9454	45	-0.010052356020942455
2018-06-27	9528	9611	9528	9570	5	0.012269938650306678
2018-06-28	9450	9470	9427	9429	6	-0.014733542319749215
2018-06-29	9450	9510	9423	9511	15	0.008696574398133317
2018-07-02	9455	9485	9292	9293	34004	-0.022920828514351843
2018-07-03	9432	9437	9316	9410	32	0.012590121596900872
2018-07-04	9470	9480	9423	9424	5	0.0014877789585547863
2018-07-05	9437	9437	9374	9414	15	-0.0010611205432937698
2018-07-06	9330	9383	9243	9386	5	-0.0029742936052687963
2018-07-09	9413	9606	9413	9608	120	0.02365224802897936
2018-07-10	9648	9658	9586	9622	29751	0.001457119067443724
2018-07-11	9591	9648	9542	9627	5	0.0005196424859696958
2018-07-12	9630	9688	9626	9681	5	0.005609224057338658
2018-07-13	9760	9809	9717	9778	10264	0.010019626071686716
2018-07-16	9750	9750	9668	9681	5	-0.009920229085702559
2018-07-17	9658	9698	9658	9667	5	-0.001446131597975464
2018-07-18	9774	9804	9703	9704	25	0.003827454225716398
2018-07-19	9760	9814	9755	9783	65	0.008140972794723922
2018-07-20	9745	9745	9688	9748	5	-0.003577634672390917
2018-07-23	9611	9611	9460	9464	131	-0.029134181370537582
2018-07-24	9547	9572	9524	9575	5	0.011728655959425183
2018-07-25	9576	9616	9445	9474	41	-0.010548302872062654
2018-07-26	9552	9640	9552	9642	5	0.017732742241925337
2018-07-27	9626	9673	9626	9667	397901	0.002592823065753924
2018-07-30	9653	9653	9533	9536	50	-0.013551256853212013
2018-07-31	9510	9519	9495	9521	15	-0.0015729865771811902
2018-08-01	9557	9557	9524	9536	321	0.0015754647621049056
2018-08-02	9500	9552	9379	9395	48	-0.014786073825503343
2018-08-03	9450	9460	9413	9464	25	0.007344332091538064
2018-08-06	9470	9470	9330	9333	82	-0.013841927303465784
2018-08-07	9398	9455	9388	9459	44479	0.013500482160077043
2018-08-08	9514	9514	9403	9424	44	-0.0037001797230150624
2018-08-09	9403	9418	9398	9410	5	-0.0014855687606112333
2018-08-10	9369	9369	9200	9202	38	-0.022104144527098857
2018-08-13	9133	9138	9032	9077	72	-0.01358400347750488
2018-08-14	9162	9182	9162	9178	14	0.011127024347251213
2018-08-16	8964	9070	8959	9072	35	-0.011549357158422313
2018-08-17	9119	9119	9046	9048	14	-0.002645502645502673
2018-08-20	9090	9090	8989	8989	16	-0.006520778072502176
2018-08-21	9017	9215	9017	9217	36	0.025364334186227522
2018-08-22	9215	9292	9215	9271	229	0.005858739286101811
2018-08-23	9292	9379	9262	9381	10	0.011864955236759789
2018-08-24	9349	9413	9321	9414	12	0.0035177486408697334
2018-08-27	9519	9547	9505	9550	1246	0.014446568939876725
2018-08-28	9567	9567	9418	9419	88	-0.013717277486910984
2018-08-29	9505	9567	9500	9570	63	0.016031425841384506
2018-08-30	9562	9630	9557	9603	7	0.0034482758620688614
2018-08-31	9524	9576	9524	9580	55	-0.0023950848693117255
2018-09-03	9581	9621	9490	9516	42222	-0.006680584551148172
2018-09-04	9538	9621	9538	9622	30	0.011139134089953817
2018-09-05	9567	9567	9465	9469	57	-0.01590106007067138
2018-09-06	9321	9374	9321	9352	46	-0.012356109409652594
2018-09-07	9224	9267	9162	9217	43239	-0.014435414884516717
2018-09-10	9277	9292	9262	9271	25	0.005858739286101811
2018-09-11	9302	9302	9239	9256	56	-0.0016179484413763046
2018-09-12	9262	9262	9157	9197	35	-0.006374243733794249
2018-09-13	9177	9177	9138	9145	46	-0.0056540176144395105
2018-09-14	9272	9321	9267	9318	10785	0.01891744122471306
2018-09-17	9312	9312	9239	9246	6	-0.007726980038634923
2018-09-18	9186	9297	9186	9298	42255	0.005624053644819327
2018-09-19	9374	9374	9312	9328	5	0.003226500322649928
2018-09-20	9335	9393	9325	9348	46	0.002144082332761643
2018-09-21	9354	9354	9287	9303	2085	-0.004813863928113005
2018-09-27	9321	9321	9267	9280	1168	-0.0024723207567450833
2018-09-28	9316	9316	9182	9192	32	-0.009482758620689702
2018-10-01	9252	9252	9177	9197	25	0.0005439512619669351
2018-10-02	9224	9224	9022	9033	180	-0.01783190170707838
2018-10-04	9065	9065	8902	8912	29	-0.01339532824089451
2018-10-05	8843	8902	8805	8874	48	-0.0042639138240574415
2018-10-08	8819	8939	8819	8864	48	-0.0011268875366238218
2018-10-10	8843	8853	8791	8796	5	-0.00767148014440433
2018-10-11	8530	8616	8452	8453	138	-0.038994997726239156
2018-10-12	8553	8728	8525	8729	23858	0.032651129776410714
2018-10-15	8655	8660	8593	8593	7	-0.015580249742238483
2018-10-16	8684	8684	8588	8588	72499	-0.000581868963109522
2018-10-17	8704	8756	8626	8628	158	0.004657661853749495
2018-10-18	8621	8650	8578	8579	6	-0.005679184051923913
2018-10-19	8491	8664	8491	8666	64	0.01014104207949651
2018-10-22	8553	8636	8543	8603	41	-0.007269789983844865
2018-10-23	8598	8598	8400	8400	38	-0.02359641985353944
2018-10-24	8510	8510	8273	8275	65	-0.014880952380952328
2018-10-25	7989	8099	7882	8092	109863	-0.022114803625377655
2018-10-26	8066	8066	7833	7942	20717	-0.01853682649530397
2018-10-29	7979	7979	7819	7855	112888	-0.010954419541677196
2018-10-30	7800	8129	7781	8121	117797	0.033863781031190365
2018-10-31	8157	8201	8080	8203	16	0.010097278660263553
2018-11-01	8259	8302	8152	8175	21814	-0.003413385346824338
2018-11-02	8332	8543	8332	8546	36252	0.04538226299694181
2018-11-05	8428	8433	8370	8420	5	-0.01474373976129184
2018-11-06	8433	8433	8298	8395	199360	-0.002969121140142472
2018-11-07	8403	8486	8385	8386	19	-0.0010720667063728317
2018-11-08	8598	8598	8491	8492	129475	0.01264011447650848
2018-11-09	8476	8520	8447	8468	68	-0.0028261893546868144
2018-11-12	8428	8568	8428	8551	57	0.009801606046291989
2018-11-13	8408	8437	8293	8439	55	-0.013097883288504253
2018-11-14	8403	8437	8360	8367	48	-0.008531816565943817
2018-11-15	8442	8476	8365	8478	7	0.013266403728935172
2018-11-16	8515	8515	8408	8410	9	-0.008020759613116324
2018-11-19	8457	8457	8390	8430	9	0.0023781212841855748
2018-11-20	8278	8293	8230	8251	11	-0.021233689205219508
2018-11-21	8109	8201	8109	8198	124	-0.006423463822566977
2018-11-22	8225	8259	8225	8256	5	0.007074896316174639
2018-11-23	8288	8288	8225	8228	118	-0.0033914728682170603
2018-11-26	8307	8467	8307	8468	6	0.029168692270296503
2018-11-27	8481	8510	8403	8506	41	0.004487482286254174
2018-11-28	8568	8650	8568	8652	113	0.017164354573242502
2018-11-29	8781	8791	8699	8699	5	0.005432269995376826
2018-11-30	8674	8674	8538	8551	18	-0.017013449821818627
2018-12-03	8694	8699	8660	8695	5	0.016840135656648325
2018-12-04	8660	8660	8530	8546	15	-0.017136285221391656
2018-12-05	8418	8496	8418	8463	42	-0.009712146033231894
2018-12-06	8322	8322	8147	8198	42	-0.0313127732482571
2018-12-07	8307	8307	8201	8256	5	0.007074896316174639
2018-12-10	8104	8104	8032	8078	6	-0.021560077519379828
2018-12-11	8109	8109	8017	8053	31072	-0.003094825451844474
2018-12-12	8119	8220	8119	8223	59	0.02111014528747046
2018-12-13	8278	8278	8239	8242	5	0.0023105922412745006
2018-12-14	8215	8215	7964	7981	8	-0.03166707109924771
2018-12-17	7979	8071	7979	8058	18	0.00964791379526364
2018-12-18	7940	7989	7921	7923	12	-0.016753536857781137
2018-12-19	7921	7954	7887	7952	41	0.0036602297109680215
2018-12-20	7824	7891	7795	7837	7	-0.014461770623742431
2018-12-21	7848	7945	7848	7933	5	0.012249585300497579
2018-12-24	7901	7949	7896	7947	20	0.0017647800327744712
2018-12-26	7873	7916	7800	7850	68676	-0.012205863847992937
2018-12-27	8012	8061	8003	8030	27388	0.02292993630573248
2018-12-28	8090	8090	8036	8063	20	0.004109589041095818
2019-01-02	8099	8109	7921	7933	73	-0.01612303112985236
2019-01-03	7853	7853	7751	7754	10	-0.022563973276188087
2019-01-04	7771	7771	7602	7744	10	-0.0012896569512509393
2019-01-07	7878	7989	7878	7977	47	0.03008780991735538
2019-01-08	7926	8003	7911	7914	9	-0.00789770590447536
2019-01-09	7989	8220	7989	8223	14	0.039044730856709675
2019-01-10	8278	8317	8264	8294	11	0.00863431837528883
2019-01-11	8370	8423	8345	8415	207136	0.01458885941644561
2019-01-14	8327	8327	8254	8280	21293	-0.016042780748663055
2019-01-15	8317	8447	8317	8449	5	0.020410628019323696
2019-01-16	8457	8510	8413	8511	46	0.007338146526216116
2019-01-17	8583	8583	8481	8483	13	-0.00328986018094235
2019-01-18	8563	8563	8496	8506	5	0.0027113049628668673
2019-01-21	8553	8640	8538	8613	19	0.012579355748883136
2019-01-22	8674	8674	8447	8487	630	-0.014629049111807735
2019-01-23	8457	8548	8457	8546	5	0.006951808648521185
2019-01-24	8598	8655	8598	8657	5	0.012988532646852402
2019-01-25	8766	9013	8766	9014	68077	0.04123830426244668
2019-01-28	9065	9065	8897	8957	10	-0.006323496782782323
2019-01-29	8907	8998	8800	8999	72	0.004689070001116402
2019-01-30	9017	9133	9008	9090	29	0.010112234692743582
2019-01-31	9186	9186	8989	8989	52	-0.011111111111111072
2019-02-01	9070	9115	9051	9053	1924	0.007119813104905948
2019-02-07	9172	9229	9152	9178	199	0.013807577598586196
2019-02-08	9060	9060	8949	8970	183	-0.022662889518413554
2019-02-11	8935	9032	8912	9033	10	0.00702341137123752
2019-02-12	9041	9229	9041	9178	359	0.016052252850658588
2019-02-13	9335	9335	9239	9251	1921	0.007953802571366353
2019-02-14	9252	9321	9248	9323	26256	0.007782942384606972
2019-02-15	9277	9277	9115	9173	11	-0.016089241660409703
2019-02-18	9200	9282	9200	9284	6	0.012100730404447813
2019-02-19	9210	9297	9210	9256	41684	-0.0030159414045669575
2019-02-20	9302	9374	9292	9362	22	0.01145203111495241
2019-02-21	9282	9364	9282	9343	88664	-0.0020294808801538666
2019-02-22	9287	9316	9210	9318	109	-0.0026758000642191915
2019-02-25	9354	9359	9248	9284	41	-0.0036488516849109143
2019-02-26	9325	9325	9220	9256	25	-0.0030159414045669575
2019-02-27	9252	9292	9252	9293	5	0.003997407087294791
2019-02-28	9200	9200	9051	9053	17	-0.025825890455181355
2019-03-04	9152	9152	9022	9023	5	-0.003313818623660647
2019-03-05	8925	8949	8912	8937	13	-0.009531198049429257
2019-03-06	8930	8930	8902	8927	5	-0.0011189437171310601
2019-03-07	8897	8974	8834	8855	31108	-0.008065419513834438
2019-03-08	8862	8862	8756	8759	9	-0.010841332580463048
2019-03-11	8786	8786	8718	8762	23764	0.0003425048521521479
2019-03-12	8862	8862	8843	8855	99883	0.01061401506505355
2019-03-13	8829	8834	8751	8835	53947	-0.0022586109542631627
2019-03-14	8834	8834	8781	8806	5	-0.003282399547255288
2019-03-15	8829	8882	8829	8860	5	0.00613218260277093
2019-03-18	8887	8887	8805	8840	30874	-0.0022573363431150906
2019-03-19	8791	8858	8776	8806	9	-0.0038461538461538325
2019-03-20	8819	8877	8728	8879	419	0.008289802407449365
2019-03-21	9008	9182	9008	9120	174019	0.027142696249577547
2019-03-22	9224	9224	9157	9192	5	0.007894736842105177
2019-03-25	9003	9003	8887	8888	8	-0.03307223672758919
2019-03-26	8921	8949	8921	8922	2352	0.0038253825382539297
2019-03-27	8858	9027	8858	9014	2216235	0.01031158932974674
2019-03-28	8925	9003	8921	8937	133	-0.008542267583758645
2019-03-29	8993	9046	8944	9048	16	0.012420275260154323
2019-04-01	9100	9182	9100	9150	62	0.011273209549071517
2019-04-02	9243	9243	9172	9188	7484	0.004153005464480941
2019-04-03	9205	9374	9205	9376	8159	0.020461471484545024
2019-04-04	9403	9441	9297	9362	8146	-0.0014931740614334554
2019-04-05	9403	9403	9302	9357	17647	-0.0005340739158299357
2019-04-08	9398	9398	9267	9289	18730	-0.007267286523458427
2019-04-09	9312	9423	9312	9386	18656	0.010442458822262912
2019-04-10	9316	9432	9316	9429	15	0.004581291284892375
2019-04-11	9460	9470	9432	9459	11	0.0031816735602927526
2019-04-12	9418	9445	9413	9439	11	-0.00211438841315148
2019-04-15	9500	9500	9437	9474	1037	0.003708019917364025
2019-04-16	9480	9514	9455	9516	20076	0.004433185560481334
2019-04-17	9572	9581	9528	9536	71600	0.0021017234131988083
2019-04-18	9572	9572	9349	9367	18487	-0.017722315436241587
2019-04-19	9432	9432	9393	9395	14488	0.0029892174655705706
2019-04-22	9388	9408	9297	9357	64	-0.004044704630122409
2019-04-23	9393	9393	9321	9367	57	0.001068718606390906
2019-04-24	9335	9335	9100	9197	146	-0.01814882032667875
2019-04-25	9200	9312	9200	9284	11	0.009459606393389164
2019-04-26	9147	9224	9147	9188	103573	-0.010340370529943965
2019-04-29	9216	9322	9206	9323	10	0.01469307792773189
2019-04-30	9331	9331	9182	9298	878	-0.0026815402767349505
2019-05-02	9384	9414	9384	9400	5	0.010970101097010021
2019-05-03	9379	9379	9313	9313	10	-0.00925531914893618
2019-05-07	9162	9211	9110	9212	78	-0.010845055299044337
2019-05-08	9090	9186	9075	9188	97	-0.00260529743812421
2019-05-09	9138	9138	8786	8787	25	-0.04364388332607749
2019-05-10	8834	8834	8660	8734	20	-0.006031637646523258
2019-05-13	8621	8704	8611	8613	24330	-0.013853904282115859
2019-05-14	8491	8655	8471	8642	24386	0.0033670033670034627
2019-05-15	8669	8756	8669	8744	13136	0.011802823420504538
2019-05-16	8728	8728	8525	8536	948	-0.023787740164684323
2019-05-17	8583	8583	8467	8487	4553	-0.0057403936269915246
2019-05-20	8538	8538	8385	8425	88	-0.007305290444208801
2019-05-21	8437	8626	8437	8546	12	0.014362017804154359
2019-05-22	8563	8568	8486	8546	43	0.0
2019-05-23	8505	8538	8481	8536	12	-0.0011701380762929592
2019-05-24	8538	8538	8462	8478	16	-0.006794751640112451
2019-05-27	8462	8505	8437	8487	43	0.0010615711252655036
2019-05-28	8501	8501	8442	8444	85	-0.00506657240485453
2019-05-29	8395	8395	8336	8357	14	-0.010303173851255343
2019-05-30	8375	8496	8375	8492	12	0.016154122292688866
2019-05-31	8408	8534	8408	8511	402	0.0022373999057936356
2019-06-03	8481	8718	8481	8714	18	0.02385148631183176
2019-06-04	8679	8679	8611	8637	16	-0.008836355290337439
2019-06-05	8718	8756	8573	8588	14	-0.00567326618038666
2019-06-07	8593	8679	8558	8657	20	0.00803446669771768
2019-06-10	8732	8776	8660	8777	30	0.0138616148781332
2019-06-11	8824	8949	8824	8937	12	0.01822946337017206
2019-06-12	8877	8925	8791	8830	6069	-0.01197269777330201
2019-06-13	8756	8756	8664	8759	18	-0.008040770101925276
2019-06-14	8674	8713	8669	8699	5999	-0.006850097043041403
2019-06-17	8699	8761	8684	8699	10	0.0
2019-06-18	8718	8737	8708	8709	12	0.0011495574203932435
2019-06-19	8858	8887	8805	8888	5151	0.020553450453553834
2019-06-20	8882	8954	8882	8957	1356	0.00776327632763274
2019-06-21	8916	8916	8848	8860	61098	-0.010829518812102257
2019-06-24	8862	8902	8834	8869	50971	0.001015801354401713
2019-06-25	8887	8897	8824	8845	21	-0.0027060547976096583
2019-06-26	8872	8892	8819	8892	98	0.00531373657433587
2019-06-27	8930	9100	8930	9067	7538	0.01968061178587499
2019-06-28	9095	9095	9008	9053	21	-0.001544060880114717
2019-07-01	9051	9051	9013	9028	5220	-0.0027615155197172614
2019-07-02	8935	9055	8935	9009	10	-0.002104563579973462
2019-07-03	9003	9003	8867	8869	77	-0.015540015540015495
2019-07-04	8916	9013	8916	9009	8666	0.015785319652722896
2019-07-05	8993	8993	8877	8879	1700	-0.01443001443001446
2019-07-08	8732	8732	8606	8681	5226	-0.022299808536997423
2019-07-09	8728	8728	8655	8690	12	0.0010367469185577072
2019-07-10	8761	8848	8761	8816	10504	0.01449942462600684
2019-07-11	8897	8925	8862	8907	3208	0.010322141560798581
2019-07-12	8902	8969	8902	8957	10	0.005613562366677982
2019-07-15	8949	9008	8916	9009	1076	0.005805515239477588
2019-07-16	9013	9055	8993	9058	67090	0.00543900543900544
2019-07-17	8979	8989	8944	8980	42808	-0.008611172444248139
2019-07-18	8989	8989	8939	8957	76521	-0.002561247216035678
2019-07-19	9055	9090	9027	9090	23856	0.014848721670202014
2019-07-22	9075	9133	9051	9135	140	0.004950495049504955
2019-07-23	9177	9235	9162	9183	96	0.00525451559934309
2019-07-24	9142	9230	9065	9067	52	-0.01263203746052488
2019-07-25	9138	9138	8974	9043	15	-0.0026469615087680864
2019-07-26	8993	9037	8979	9028	133	-0.0016587415680636708
2019-07-29	8939	8939	8848	8855	30	-0.01916260522817903
2019-07-30	8907	8964	8882	8947	663	0.010389610389610393
2019-07-31	8939	8939	8776	8845	329	-0.011400469431094185
2019-08-01	8761	8877	8756	8850	88	0.0005652911249294235
2019-08-02	8723	8791	8708	8772	12	-0.00881355932203387
2019-08-05	8708	8708	8534	8555	3312	-0.02473780209758325
2019-08-06	8365	8433	8298	8338	24	-0.025365283459964916
2019-08-07	8413	8413	8298	8318	21	-0.0023986567522187308
2019-08-08	8390	8403	8317	8318	343	0.0
2019-08-09	8457	8462	8408	8444	749	0.015147872084635639
2019-08-12	8496	8558	8496	8531	1558	0.010303173851255343
2019-08-13	8471	8471	8452	8463	13	-0.007970929551049166
2019-08-14	8655	8669	8602	8652	104	0.022332506203474045
2019-08-16	8553	8606	8538	8608	86225	-0.005085529357374052
2019-08-19	8660	8660	8530	8584	364342	-0.0027881040892193676
2019-08-20	8611	8689	8602	8681	59222	0.011300093196644934
2019-08-21	8636	8664	8621	8647	1224	-0.0039165994701071405
2019-08-22	8636	8636	8486	8497	861	-0.01734705678269921
2019-08-23	8525	8553	8505	8531	1201	0.00400141226315176
2019-08-26	8345	8375	8317	8352	43	-0.02098229984761457
2019-08-27	8433	8476	8408	8439	891	0.01041666666666674
2019-08-28	8442	8501	8428	8501	239	0.007346842042896151
2019-08-29	8496	8496	8413	8439	755	-0.007293259616515724
2019-08-30	8553	8674	8553	8666	382	0.026898921673184084
2019-09-02	8602	8640	8602	8642	11	-0.00276944380336952
2019-09-03	8598	8655	8598	8618	15	-0.002777134922471669
2019-09-04	8626	8761	8626	8762	298	0.016709213274541668
2019-09-05	8867	8959	8858	8927	966	0.018831317050901575
2019-09-06	8959	8959	8882	8922	78	-0.0005600985773496214
2019-09-09	8944	8993	8916	8952	539	0.00336247478143914
2019-09-10	8902	8944	8882	8947	11	-0.0005585344057194019
2019-09-11	8979	8979	8882	8932	5048	-0.001676539622219697
2019-09-16	8858	8882	8858	8884	10	-0.005373936408419211
2019-09-17	8887	8921	8887	8892	10	0.0009004952723998816
2019-09-18	8907	8964	8907	8937	10	0.005060728744939347
2019-09-19	9017	9085	9017	9087	100762	0.016784155756965458
2019-09-20	9085	9105	9070	9095	57867	0.0008803785627820027
2019-09-23	9095	9110	9055	9110	127	0.0016492578339746267
2019-09-24	9105	9162	9070	9164	1165	0.005927552140504888
2019-09-25	9085	9085	8969	8975	13	-0.020624181580096046
2019-09-26	9065	9080	9013	9033	11	0.006462395543175514
2019-09-27	8944	8954	8902	8907	44	-0.013948854201262018
2019-09-30	8867	9003	8867	9004	37115	0.010890310991355179
2019-10-01	9003	9055	9003	9023	37152	0.00211017325633045
2019-10-02	8939	8939	8824	8826	5153	-0.02183309320625071
2019-10-04	8843	8916	8805	8850	570	0.002719238613188235
2019-10-07	8959	8959	8843	8888	126465	0.004293785310734544
2019-10-08	8935	9013	8907	9014	10545	0.01417641764176425
2019-10-10	8944	9037	8867	9009	37	-0.0005546927002441082
2019-10-11	9090	9090	9027	9063	5284	0.005994005994006013
2019-10-14	9206	9206	9075	9105	1270	0.004634227077126685
2019-10-15	9085	9090	9085	9090	10	-0.0016474464579900872
2019-10-16	9162	9191	9123	9178	213	0.009680968096809739
2019-10-17	9133	9133	9051	9100	64	-0.008498583569405138
2019-10-18	9095	9147	8964	8999	394	-0.011098901098901104
2019-10-21	9022	9070	9017	9072	22	0.008112012445827377
2019-10-22	9186	9186	9080	9150	1941	0.008597883597883493
2019-10-23	9182	9182	9041	9053	27	-0.010601092896174835
2019-10-24	9119	9123	9041	9120	16	0.007400861592842256
2019-10-25	9182	9216	9147	9217	16	0.010635964912280693
2019-10-28	9253	9340	9253	9308	1889	0.009873060648801113
2019-10-29	9345	9370	9263	9298	1544	-0.0010743446497636366
2019-10-30	9263	9263	9172	9207	3198	-0.009787050978705136
2019-10-31	9263	9283	9167	9178	2132295	-0.003149777343325777
2019-11-01	9167	9278	9142	9275	568	0.010568751361952566
2019-11-04	9360	9409	9355	9390	517	0.012398921832884158
2019-11-05	9414	9471	9409	9474	32	0.008945686900958538
2019-11-06	9461	9515	9433	9439	66	-0.003694321300401149
2019-11-07	9394	9433	9370	9400	2220512	-0.004131793622205726
2019-11-08	9520	9520	9365	9414	68135	0.0014893617021276562
2019-11-11	9370	9370	9268	9289	118991	-0.013278096452092658
2019-11-12	9303	9375	9283	9376	97696	0.009365916675637909
2019-11-13	9350	9375	9345	9367	10	-0.0009598976109215229
2019-11-14	9375	9414	9365	9414	10	0.005017615031493561
2019-11-15	9433	9553	9433	9555	183734	0.014977692797960573
2019-11-18	9568	9592	9548	9589	24800	0.003558346415489355
2019-11-19	9587	9597	9543	9589	35	0.0
2019-11-20	9520	9529	9370	9381	6854	-0.02169152153509224
2019-11-21	9322	9322	9167	9241	32397	-0.014923782112781114
2019-11-22	9293	9317	9258	9298	278	0.0061681636186559086
2019-11-25	9409	9433	9370	9381	12	0.008926650892665089
2019-11-26	9428	9471	9409	9410	4479	0.0030913548662190315
2019-11-27	9442	9442	9365	9414	116	0.00042507970244409776
2019-11-28	9399	9419	9370	9372	22	-0.004461440407903083
2019-11-29	9370	9370	9211	9221	11392	-0.016111822449850655
2019-12-02	9239	9288	9235	9271	96	0.005422405379026163
2019-12-03	9138	9248	9138	9236	41	-0.003775213029878155
2019-12-04	9133	9133	9027	9067	25	-0.018297964486790774
2019-12-05	9177	9177	9065	9090	12	0.0025366714459027495
2019-12-06	9152	9239	9147	9226	183396	0.01496149614961495
2019-12-09	9298	9298	9258	9284	20	0.00628658140039029
2019-12-10	9248	9365	9248	9367	98	0.00894011202068068
2019-12-11	9355	9414	9350	9410	814	0.004590583964983352
2019-12-12	9501	9573	9496	9575	33	0.017534537725823585
2019-12-13	9704	9766	9684	9763	104	0.01963446475195818
2019-12-16	9766	9810	9766	9805	5768	0.004301956365871051
2019-12-17	9862	9993	9835	9990	382	0.018867924528301883
2019-12-18	9964	9964	9887	9912	2158035	-0.007807807807807765
2019-12-19	10003	10008	9911	9927	16	0.0015133171912833365
2019-12-20	9993	9993	9940	9994	3235	0.006749269668580693
2019-12-23	10003	10003	9906	9927	529	-0.00670402241344803
2019-12-24	9944	9944	9872	9879	84388	-0.00483529767301305
2019-12-26	9877	9916	9852	9917	295	0.0038465431723859744
2019-12-27	10109	10201	10013	10184	428	0.026923464757487192
2019-12-30	10090	10161	10090	10115	130	-0.006775333857030663
2020-01-02	10240	10240	10050	10053	888	-0.0061295106277805544
2020-01-03	10235	10235	9988	10048	35545	-0.0004973639709539013
2020-01-06	9901	10023	9901	10018	14478	-0.002985668789808882
2020-01-07	10080	10114	10032	10072	34175	0.005390297464563876
2020-01-08	10018	10176	10008	10043	343	-0.00287926926131854
2020-01-09	10152	10263	10129	10265	41123	0.022104948720501838
2020-01-10	10263	10423	10263	10424	563	0.01548952752070143
2020-01-13	10423	10577	10394	10580	62567	0.014965464313123622
2020-01-14	10713	10770	10636	10661	2828103	0.007655954631379913
2020-01-15	10572	10621	10510	10565	103906	-0.009004783791389137
2020-01-16	10505	10669	10505	10671	75528	0.010033128253667867
2020-01-17	10814	10814	10669	10705	101	0.0031862056039733133
2020-01-20	10795	10906	10790	10869	75837	0.015319943951424664
2020-01-21	10848	10872	10765	10787	871	-0.007544392308399983
2020-01-22	10765	10954	10765	10956	26082	0.015667006581996823
2020-01-23	10896	10896	10733	10782	9244	-0.015881708652793036
2020-01-28	10505	10545	10433	10545	2469871	-0.02198107957707285
2020-01-29	10621	10693	10535	10647	3837	0.009672830725462322
2020-01-30	10654	10654	10355	10429	2181179	-0.020475251244482018
2020-01-31	10476	10549	10253	10256	6959	-0.016588359382491147
2020-02-03	10152	10346	10003	10347	96	0.008872854914196537
2020-02-04	10461	10728	10451	10728	59203	0.03682226732386207
2020-02-05	10867	10867	10723	10778	27914	0.004660700969425724
2020-02-06	10848	11061	10805	11062	831	0.026349972165522262
2020-02-07	11012	11037	10872	10961	2551	-0.009130356174290366
2020-02-10	10881	10936	10785	10936	330	-0.0022808137943618467
2020-02-11	11012	11215	11012	11178	710	0.022128749085588817
2020-02-12	11181	11272	11124	11255	56649	0.006888531043120372
2020-02-13	11307	11384	11272	11275	69574	0.0017769880053308817
2020-02-14	11259	11399	11186	11367	104391	0.00815964523281587
2020-02-17	11365	11438	11302	11400	96973	0.0029031406703616813
2020-02-18	11259	11355	11191	11231	60535	-0.01482456140350874
2020-02-19	11379	11379	11143	11285	44189	0.004808120381088132
2020-02-20	11346	11374	11143	11290	50257	0.0004430660168364131
2020-02-21	10993	11235	10993	11115	2071	-0.015500442869796238
2020-02-24	10891	10891	10650	10686	2860670	-0.038596491228070184
2020-02-25	10515	10713	10515	10714	345437	0.0026202507954333765
2020-02-26	10505	10557	10409	10473	8769	-0.02249393317155124
2020-02-27	10443	10495	10248	10290	8754	-0.017473503294185067
2020-02-28	10104	10134	9825	9855	20512	-0.042274052478134094
2020-03-02	9954	10143	9842	10095	11698	0.0243531202435312
2020-03-03	10374	10399	10134	10169	11985	0.007330361565131227
2020-03-04	10109	10399	10109	10391	784	0.02183105516766637
2020-03-05	10443	10525	10389	10525	1943	0.012895775190068237
2020-03-06	10355	10409	10235	10303	98429	-0.0210926365795725
2020-03-09	10050	10050	9674	9739	14221	-0.054741337474522034
2020-03-10	9741	9906	9679	9879	27473	0.014375192524899827
2020-03-11	9862	9862	9496	9550	22531	-0.03330296588723558
2020-03-12	9491	9491	8984	9178	6670	-0.03895287958115179
2020-03-13	8390	9138	8390	8980	3827	-0.021573327522335983
2020-03-16	9041	9041	8583	8584	1886	-0.044097995545656965
2020-03-17	8254	8737	8249	8410	9233	-0.020270270270270285
2020-03-18	8491	8491	7838	7840	989	-0.06777645659928655
2020-03-19	7747	7747	6945	7174	16690	-0.08494897959183678
2020-03-20	7515	7848	7389	7826	9424	0.09088374686367429
2020-03-23	7394	7582	7244	7410	55344	-0.05315614617940201
2020-03-24	7655	8215	7655	8217	195	0.10890688259109305
2020-03-25	8732	8732	8452	8699	7052	0.05865887793598645
2020-03-26	8655	8713	8442	8444	4292	-0.029313714220025266
2020-03-27	8795	8795	8269	8588	3988	0.0170535291331122
2020-03-30	8273	8621	8259	8584	1359	-0.0004657661853749717
2020-03-31	8684	8684	8413	8536	2730	-0.005591798695246952
2020-04-01	8442	8563	8152	8174	657	-0.04240862230552955
2020-04-02	8244	8307	8080	8308	71866	0.016393442622950838
2020-04-03	8418	8437	8230	8299	51014	-0.0010832932113625793
2020-04-06	8395	8689	8395	8690	1601	0.04711411013375111
2020-04-07	8892	8930	8728	8922	2892	0.02669735327963174
2020-04-08	8974	8974	8800	8830	687	-0.01031158932974674
2020-04-09	8912	8921	8776	8922	2908	0.010419026047565172
2020-04-10	8867	8872	8771	8874	751	-0.005379959650302579
2020-04-13	8786	8786	8598	8598	147	-0.031102096010818148
2020-04-14	8694	8814	8694	8791	11530	0.022447080716445633
2020-04-16	8791	8949	8728	8952	139	0.018314184961892854
2020-04-17	9211	9409	9211	9323	1286	0.04144325290437889
2020-04-20	9268	9268	9110	9154	57008	-0.018127212270728332
2020-04-21	9037	9133	8887	9048	507	-0.01157963731701983
2020-04-22	8872	9196	8872	9197	1081	0.016467727674624122
2020-04-23	9365	9365	9100	9169	2148	-0.003044471023159745
2020-04-24	9085	9085	8930	8994	1609	-0.019086050823426737
2020-04-27	9003	9142	9003	9120	691	0.014009339559706513
2020-04-28	9153	9178	9124	9160	82	0.004385964912280604
2020-04-29	9173	9286	9119	9218	654	0.0063318777292575845
2020-05-04	9007	9045	8923	8978	2557	-0.026036016489477065
2020-05-06	9075	9148	9012	9150	1162	0.019157941635107978
2020-05-07	9129	9213	9100	9193	743	0.00469945355191248
2020-05-08	9246	9339	9246	9321	41253	0.013923637550310008
2020-05-11	9359	9359	9266	9291	258	-0.0032185387833922885
2020-05-12	9271	9291	9124	9268	1100	-0.0024755139382197644
2020-05-13	9129	9428	9129	9429	103	0.017371601208459264
2020-05-14	9335	9335	9222	9296	4020	-0.01410541945063104
2020-05-15	9330	9330	9218	9301	2087	0.0005378657487091765
2020-05-18	9301	9428	9183	9404	4322	0.011074078056122927
2020-05-19	9634	9634	9517	9605	2509	0.021373883453849496
2020-05-20	9570	9718	9555	9718	2762	0.0117647058823529
2020-05-21	9728	9761	9653	9723	590	0.0005145091582630101
2020-05-22	9693	9693	9477	9542	1811	-0.01861565360485451
2020-05-25	9575	9698	9502	9698	6724	0.016348773841961872
2020-05-26	9786	10041	9771	10042	522	0.035471231181686935
2020-05-27	9947	10022	9894	9909	1204	-0.013244373630750816
2020-05-28	9977	10100	9854	9949	2906	0.004036734281965826
2020-05-29	9864	9938	9821	9919	1179	-0.0030153784299929987
2020-06-01	9972	10070	9972	10072	121	0.015424942030446642
2020-06-02	10100	10203	10085	10145	107933	0.007247815726767248
2020-06-03	10218	10448	10218	10449	1271	0.029965500246426746
2020-06-04	10630	10663	10424	10494	641	0.004306632213608941
2020-06-05	10414	10663	10414	10655	211	0.015342100247760726
2020-06-08	10771	10786	10625	10680	5364	0.002346316283434957
2020-06-09	10855	10855	10615	10738	1488	0.005430711610486805
2020-06-10	10776	10836	10663	10836	2522	0.009126466753585305
2020-06-11	10791	10879	10620	10620	356	-0.019933554817275767
2020-06-12	10208	10512	10208	10479	1935	-0.013276836158192085
2020-06-15	10321	10414	9874	9876	1101	-0.0575436587460636
2020-06-16	9884	10434	9884	10434	5583	0.05650060753341424
2020-06-17	10444	10630	10414	10615	831	0.017347134368411066
2020-06-18	10517	10575	10462	10498	1153	-0.011022138483278376
2020-06-19	10532	10570	10359	10572	993	0.007048961706991763
2020-06-22	10507	10537	10434	10434	1063	-0.013053348467650383
2020-06-23	10575	10575	10364	10424	1980	-0.000958405213724367
2020-06-24	10517	10663	10517	10582	835	0.015157329240214956
2020-06-25	10457	10457	10311	10311	272	-0.025609525609525563
2020-06-26	10399	10457	10271	10409	543	0.00950441276306857
2020-06-29	10281	10331	10198	10218	129	-0.018349505235853547
2020-06-30	10394	10409	10271	10273	189	0.005382658054413847
2020-07-01	10394	10477	10311	10341	205	0.006619293293098405
2020-07-02	10384	10384	10276	10346	104	0.0004835122328594732
2020-07-03	10345	10492	10345	10494	251	0.014305045428184782
2020-07-06	10542	10718	10482	10713	5269	0.020869068038879446
2020-07-07	10747	10831	10542	10552	3404	-0.015028470083076617
2020-07-08	10580	10580	10424	10479	3441	-0.006918119787717947
2020-07-09	10575	10575	10477	10532	308073	0.005057734516652257
2020-07-10	10585	10585	10394	10489	48561	-0.0040827952905431175
2020-07-13	10580	10595	10492	10592	218	0.009819811230813213
2020-07-14	10532	10645	10532	10645	22	0.005003776435045237
2020-07-15	10766	10781	10673	10753	105676	0.010145608266791895
2020-07-16	10743	10743	10620	10640	250	-0.010508695247837818
2020-07-17	10678	10688	10653	10690	1725	0.0046992481203007586
2020-07-20	10683	10683	10565	10625	103714	-0.006080449017773604
2020-07-21	10801	10855	10781	10821	26370	0.018447058823529483
2020-07-22	10756	10806	10683	10802	33518	-0.0017558451159781496
2020-07-23	10747	10747	10645	10699	105350	-0.009535271246065569
2020-07-24	10678	10678	10512	10596	2314	-0.00962706795027568
2020-07-27	10580	10688	10580	10680	587	0.007927519818799578
2020-07-28	10841	10982	10786	10934	5565	0.023782771535580505
2020-07-29	10967	10987	10859	10900	2119	-0.00310956648984817
2020-07-30	10909	10958	10869	10929	17326	0.002660550458715605
2020-07-31	10948	10953	10836	10866	17548	-0.005764479824320601
2020-08-03	10836	10977	10836	10974	114208	0.00993926007730539
2020-08-04	11012	11100	10992	11092	695	0.010752688172043001
2020-08-05	11047	11463	11017	11464	9717	0.03353768481788677
2020-08-06	11463	11600	11419	11503	7850	0.003401953942777425
2020-08-07	11561	11728	11512	11635	6118	0.011475267321568339
2020-08-10	11522	11728	11522	11729	2646	0.00807907176622269
2020-08-11	11678	11728	11625	11650	2087	-0.006735442066672315
2020-08-12	11615	11757	11527	11758	277	0.009270386266094333
2020-08-13	11806	11914	11635	11763	884	0.00042524238816121773
2020-08-14	11595	11595	11482	11537	330	-0.01921278585394881
2020-08-18	11473	11547	11188	11238	2437	-0.025916616104706636
2020-08-19	11252	11296	11140	11209	798	-0.002580530343477494
2020-08-20	11115	11115	10693	10738	11084	-0.042019805513426656
2020-08-21	10944	11145	10889	11052	2420	0.029241944496181782
2020-08-24	11095	11262	10972	11263	1414	0.01909156713716964
2020-08-25	11316	11389	11228	11391	1209	0.011364645298765907
2020-08-26	11468	11468	11301	11454	26	0.005530682117461216
2020-08-27	11453	11458	11404	11405	1091	-0.004277981491182081
2020-08-28	11453	11468	11321	11376	71	-0.002542744410346298
2020-08-31	11468	11468	11065	11077	9958	-0.026283403656821358
2020-09-01	11100	11188	11032	11190	2422	0.010201318046402452
2020-09-02	11159	11276	11075	11228	10822	0.003395889186773804
2020-09-03	11409	11444	11276	11346	104496	0.010509440684004279
2020-09-04	11080	11208	11080	11190	130	-0.01374933897408781
2020-09-07	11188	11238	11120	11209	10856	0.001697944593386902
2020-09-08	11311	11444	11276	11405	65510	0.017485948791150063
2020-09-09	11316	11502	11238	11424	3245	0.00166593599298559
2020-09-10	11645	11645	11492	11532	13181	0.009453781512605008
2020-09-11	11576	11580	11458	11582	116	0.004335761359694823
2020-09-14	11620	11728	11590	11704	66923	0.010533586599896338
2020-09-15	11855	11855	11659	11841	6633	0.011705399863294552
2020-09-16	11791	11806	11654	11763	85664	-0.006587281479604745
2020-09-17	11748	11821	11600	11700	16109	-0.005355776587605221
2020-09-18	11703	11786	11698	11788	333	0.00752136752136745
2020-09-21	11781	11865	11649	11700	52	-0.0074652188666440855
2020-09-22	11688	11688	11360	11454	521	-0.021025641025640973
2020-09-23	11507	11517	11188	11494	1989	0.0034922297887201026
2020-09-24	11228	11384	11149	11195	755	-0.02601357229859058
2020-09-25	11228	11271	11120	11243	1446	0.004287628405538202
2020-09-28	11276	11389	11276	11386	140734	0.012719025171217702
2020-09-29	11507	11580	11482	11503	76502	0.01027577727033191
2020-10-05	11458	11615	11458	11592	219	0.007737112057724094
2020-10-06	11610	11713	11551	11616	422	0.0020703933747412417
2020-10-07	11547	11743	11542	11743	371	0.010933195592286449
2020-10-08	11826	11826	11713	11733	45440	-0.0008515711487694366
2020-10-12	11811	11821	11688	11743	613	0.0008522969402540159
2020-10-13	11786	11821	11654	11822	354	0.006727412075278938
2020-10-14	11850	11850	11678	11738	398	-0.007105396717983381
2020-10-15	11757	11757	11547	11597	68	-0.012012267848015012
2020-10-16	11580	11580	11365	11449	35	-0.012761921186513758
2020-10-19	11532	11532	11458	11469	13	0.0017468774565463363
2020-10-20	11502	11630	11448	11630	116	0.014037841136977924
2020-10-21	11649	11649	11556	11592	4560	-0.0032674118658641005
2020-10-22	11566	11566	11365	11454	42	-0.011904761904761862
2020-10-23	11453	11497	11365	11449	542	-0.0004365287235900128
2020-10-26	11492	11492	11350	11396	185	-0.004629225259847991
2020-10-27	11355	11434	11355	11434	247	0.003334503334503358
2020-10-28	11419	11424	11336	11424	123	-0.0008745845723281409
2020-10-29	11291	11291	11135	11283	125	-0.012342436974789872
2020-10-30	11267	11311	11070	11116	357	-0.014801028095364654
2020-11-02	11120	11149	11037	11150	49	0.003058654192155341
2020-11-03	11306	11473	11306	11474	473	0.029058295964125458
2020-11-04	11477	11547	11453	11537	537	0.005490674568589871
2020-11-05	11664	11846	11664	11846	527	0.02678339256305806
2020-11-06	11914	11949	11826	11944	1267	0.008272834712139021
2020-11-09	11997	12243	11997	12150	551	0.01724715338245142
2020-11-10	12189	12189	12076	12140	29	-0.0008230452674896638
2020-11-11	12022	12154	12022	12155	615	0.0012355848434926209
2020-11-12	12145	12189	12095	12190	86	0.002879473467708671
2020-11-13	12081	12233	12007	12234	132	0.0036095159967186596
2020-11-16	12311	12473	12311	12474	1190	0.019617459538989745
2020-11-17	12473	12498	12351	12454	13795	-0.0016033349366683103
2020-11-18	12547	12547	12414	12518	4675	0.005138911193190987
2020-11-19	12449	12635	12444	12636	1325	0.009426425946636785
2020-11-20	12630	12630	12537	12606	18829	-0.0023741690408357607
2020-11-23	12576	12909	12576	12896	5669	0.02300491829287643
2020-11-24	12929	13042	12929	13028	1368	0.010235732009925558
2020-11-25	13155	13155	12802	12866	11436	-0.012434755910346929
2020-11-26	12855	13027	12855	13028	100	0.012591325975439105
2020-11-27	12973	13081	12973	13072	267	0.003377341111452159
2020-11-30	13052	13052	12738	12739	6259	-0.025474296205630353
2020-12-01	12865	13027	12811	13028	42509	0.022686239108250295
2020-12-02	13145	13317	13145	13307	35968	0.021415412956708568
2020-12-03	13444	13444	13282	13435	5170	0.009618997520102202
2020-12-04	13434	13689	13434	13592	1516	0.011685895050241868
2020-12-07	13606	13714	13527	13611	317	0.0013978811065331609
2020-12-08	13743	13827	13640	13676	959	0.0047755491881567025
2020-12-09	13792	14013	13782	14013	801	0.024641708101784232
2020-12-10	13699	13949	13699	13852	3328	-0.011489331335188702
2020-12-11	13925	13925	13812	13891	2145	0.0028154779093272353
2020-12-14	13831	13915	13782	13872	329	-0.00136779209560145
2020-12-15	13812	13915	13802	13896	29	0.0017301038062282892
2020-12-16	14052	14081	13968	14083	7521	0.01345710995970073
2020-12-17	14091	14150	13983	14126	293	0.003053326705957593
2020-12-18	14136	14136	14023	14068	514	-0.004105904006796002
2020-12-21	13973	13993	13836	13994	649	-0.005260164913278409
2020-12-22	13968	13968	13704	13744	4328	-0.017864799199657
2020-12-23	13767	14552	13733	14425	6146	0.04954889406286389
2020-12-24	14621	14621	14351	14538	49568	0.007833622183708755
2020-12-28	14547	15033	14547	14696	62653	0.010868069885816567
2020-12-29	15121	15244	14880	15244	3577	0.037289058247142126
2020-12-30	15375	15636	15076	15636	3434	0.02571503542377318
2021-01-04	16553	16553	15837	16392	37904	0.04834996162701466
2021-01-05	16352	16802	16161	16804	23521	0.02513421181063924
2021-01-06	17028	17077	16400	16558	9061	-0.014639371578195615
2021-01-07	16769	17381	16695	17132	5347	0.03466602246648143
2021-01-08	17273	17759	17131	17676	5586	0.031753443847770235
2021-01-11	18043	18259	17214	17490	11733	-0.010522742701968735
2021-01-12	17465	17474	16832	17358	3616	-0.007547169811320753
2021-01-13	17514	17729	17352	17652	2109	0.016937435188385752
2021-01-14	17641	17906	17479	17779	1828	0.0071946521640606775
2021-01-15	18024	18024	17372	17387	2624	-0.022048484166713567
2021-01-18	17205	17254	16881	16960	4010	-0.02455857824811636
2021-01-19	16989	17558	16989	17436	2183	0.028066037735849036
2021-01-20	17960	17960	17573	17833	2657	0.022768983711860535
2021-01-21	18220	18489	17950	18402	5916	0.03190713845118598
2021-01-22	18582	18627	18396	18397	5015	-0.00027170959678290973
2021-01-25	18548	18793	18362	18790	3732	0.021362178616078698
2021-01-26	18823	18823	18235	18373	4098	-0.022192655667908512
2021-01-27	18484	18622	18136	18196	4995	-0.00963370162738797
2021-01-28	17769	17930	17548	17779	2729	-0.02291712464277862
2021-01-29	18136	18136	17161	17225	2935	-0.031160357725406373
2021-02-01	17185	17523	16788	17446	2147	0.012830188679245236
2021-02-02	17891	18058	17577	17706	1352	0.014903129657227954
2021-02-03	18009	18009	17656	17892	2473	0.01050491358861394
2021-02-04	17916	17916	17401	17529	1749	-0.02028839704896046
2021-02-05	17729	17813	17514	17726	1700	0.01123851902561479
2021-02-08	17862	17876	17612	17613	1561	-0.006374816653503368
2021-02-09	17930	17930	17661	17662	14601	0.0027820359961392427
2021-02-10	17876	17945	17641	17907	1523	0.013871588721549033
2021-02-15	18450	18450	18220	18343	3399	0.024348020327246367
2021-02-16	18357	18553	18357	18456	1776	0.006160388158970687
2021-02-17	18509	18509	18141	18348	15894	-0.0058517555266579535
2021-02-18	18338	18338	17896	17990	5914	-0.019511663396555523
2021-02-19	18038	18038	17636	18034	2049	0.002445803224013332
2021-02-22	18171	18225	17862	17922	1481	-0.00621049129422202
2021-02-23	17587	17734	17357	17613	4915	-0.017241379310344862
2021-02-24	17675	17759	17111	17176	2689	-0.02481121898597627
2021-02-25	17641	17886	17479	17887	2508	0.04139496972519785
2021-02-26	17411	17411	17023	17206	2925	-0.03807234304243301
2021-03-02	17651	17837	17259	17466	2517	0.015111007787981023
2021-03-03	17254	17656	17254	17657	1261	0.010935531890530203
2021-03-04	17391	17391	17116	17235	1175	-0.02389986974004643
2021-03-05	16891	17136	16724	17108	1645	-0.007368726428778616
2021-03-08	17175	17175	16661	16686	950	-0.02466682253916297
2021-03-09	16666	16666	16170	16598	23908	-0.0052738822965360255
2021-03-10	16935	16935	16410	16417	377	-0.01090492830461498
2021-03-11	16621	17043	16621	16926	620	0.03100444661022106
2021-03-12	17372	17372	17166	17196	1055	0.01595179014533854
2021-03-15	17185	17372	17023	17103	1094	-0.005408234473133322
2021-03-16	17357	17357	17141	17304	3779	0.011752324153657234
2021-03-17	17327	17327	16901	17078	35102	-0.013060564031437849
2021-03-18	17411	17440	17146	17191	1096	0.006616699847757257
2021-03-19	16935	17004	16847	17005	480	-0.010819614914781006
2021-03-22	17151	17151	16822	16862	2490	-0.008409291384886775
2021-03-23	16901	17004	16523	16539	297	-0.019155497568497215
2021-03-24	16440	16587	16376	16515	108	-0.0014511155450752655
2021-03-25	16538	16587	16435	16553	83	0.002300938540720665
2021-03-26	16695	16695	16386	16651	23720	0.005920376970941721
2021-03-29	16675	16675	16405	16485	1274	-0.009969371208936373
2021-03-30	16734	16974	16671	16975	1273	0.02972399150743099
2021-03-31	16965	17097	16812	16814	8817	-0.009484536082474238
2021-04-01	17111	17273	17028	17274	2161	0.027358153919352812
2021-04-02	17308	17440	17308	17397	575	0.0071205279610975225
2021-04-05	17636	17636	17401	17456	94	0.0033913893199977174
2021-04-06	17592	17612	17401	17470	554	0.0008020164986251022
2021-04-07	17435	17621	17435	17500	173	0.0017172295363481194
2021-04-08	17489	17504	17347	17417	2546	-0.00474285714285716
2021-04-09	17607	17607	17283	17284	1282	-0.007636217488660502
2021-04-12	17499	17499	17185	17191	536	-0.005380698912288873
2021-04-13	17357	17558	17342	17422	789	0.013437263684486167
2021-04-14	17602	17675	17514	17618	840	0.01125014349672826
2021-04-15	17617	17852	17612	17853	4599	0.01333863094562382
2021-04-16	18053	18053	17734	17819	16154	-0.001904441830504644
2021-04-19	17823	17935	17803	17804	1066	-0.0008417980807003955
2021-04-20	17857	17926	17788	17927	1103	0.006908559874185594
2021-04-21	17896	17896	17474	17485	697	-0.024655547498187103
2021-04-22	17739	17739	17504	17525	149	0.0022876751501286208
2021-04-23	17430	17553	17298	17525	315	0.0
2021-04-26	17607	17798	17577	17775	297	0.014265335235378096
2021-04-27	17970	17970	17720	17750	2273	-0.0014064697609000865
2021-04-28	17651	17661	17411	17417	283	-0.018760563380281647
2021-04-29	17649	17649	17337	17337	790	-0.004593213527013806
2021-04-30	17332	17367	17020	17115	15877	-0.01280498356116977
2021-05-03	16995	17248	16975	17011	774	-0.006076541045866191
2021-05-04	16876	17119	16876	17120	154	0.006407618599729492
2021-05-06	17074	17079	16906	16946	315	-0.010163551401869197
2021-05-07	17025	17159	16901	17120	867	0.010267909831228605
2021-05-10	17119	17263	17094	17248	244	0.007476635514018781
2021-05-11	17099	17099	16634	16669	37025	-0.03356910946196656
2021-05-12	16782	16782	16272	16318	35413	-0.021057052012718236
2021-05-13	16119	16169	16040	16065	1383	-0.015504351023409746
2021-05-14	16223	16396	16203	16387	21118	0.020043572984749458
2021-05-17	16446	16475	16164	16248	130	-0.00848233355708794
2021-05-18	16243	16466	16208	16466	942	0.013417035942885347
2021-05-20	16456	16515	16352	16476	842	0.0006073120369245455
2021-05-21	16733	16772	16500	16575	406	0.006008739985433387
2021-05-24	16520	16520	16347	16367	280	-0.01254901960784316
2021-05-25	16441	16604	16441	16605	2662	0.014541455367507838
2021-05-26	16664	16664	16515	16560	2372	-0.0027100271002710175
2021-05-27	16367	16411	16183	16412	512	-0.008937198067632823
2021-05-28	16411	16500	16386	16387	948	-0.001523275651961975
2021-05-31	16401	16401	16188	16347	8634	-0.0024409592970037197
2021-06-01	16238	16520	16218	16377	8524	0.001835199119104347
2021-06-02	16416	16490	16292	16337	1067	-0.0024424497771264875
2021-06-03	16272	16693	16272	16694	943	0.02185223725286156
2021-06-04	16589	16599	16461	16565	532	-0.007727327183419175
2021-06-07	16698	16713	16560	16629	1027	0.0038635677633565013
2021-06-08	16609	16609	16451	16476	171	-0.009200793793974427
2021-06-09	16461	16461	16169	16169	490	-0.01863316338917209
2021-06-10	16312	16312	16094	16219	48	0.0030923371884470363
2021-06-11	16391	16505	16371	16456	655	0.014612491522288718
2021-06-14	16609	16609	16416	16540	197	0.005104521147301977
2021-06-15	16768	16772	16693	16709	1228	0.010217654171704948
2021-06-16	16708	16787	16708	16788	4655	0.004727990903106161
2021-06-17	16629	16708	16604	16709	73	-0.004705742196807194
2021-06-18	16862	16891	16758	16793	1200	0.0050272308336825056
2021-06-21	16619	16802	16619	16773	394	-0.0011909724289882462
2021-06-22	16837	16837	16708	16758	57	-0.0008942944017170662
2021-06-23	16827	16827	16683	16803	458	0.0026852846401719255
2021-06-24	16847	17070	16847	17060	1221	0.015294887817651537
2021-06-25	17084	17218	17070	17149	366	0.005216881594372724
2021-06-28	17119	17119	16946	17016	3372	-0.007755554259723629
2021-06-29	17015	17050	16876	16946	1807	-0.004113775270333853
2021-06-30	17154	17169	17084	17124	1414	0.010503953735394811
2021-07-01	17233	17233	17074	17124	448	0.0
2021-07-02	17020	17233	17020	17075	27	-0.0028614809623919157
2021-07-05	17154	17233	17114	17189	1620	0.006676427525622364
2021-07-06	17342	17466	17268	17466	1660	0.016114957240095373
2021-07-07	17322	17391	17292	17327	360	-0.007958319019809923
2021-07-08	17302	17302	17025	17045	362	-0.01627517746869045
2021-07-09	16842	16916	16743	16867	268	-0.01044294514520383
2021-07-12	17005	17035	16936	16966	311	0.005869449220371248
2021-07-13	17173	17223	17050	17199	146	0.013733349051043175
2021-07-14	17139	17188	17055	17179	110	-0.0011628583057154973
2021-07-15	17178	17342	17178	17308	477	0.007509168170440672
2021-07-16	17188	17218	17114	17144	394	-0.009475387104229238
2021-07-19	17089	17089	16956	17016	913	-0.0074661689220718586
2021-07-20	16669	16961	16669	16931	91	-0.00499529854254821
2021-07-21	17020	17020	16827	16912	178	-0.0011222018782115484
2021-07-22	17010	17109	17010	17021	7867	0.006445127719962196
2021-07-23	17129	17134	17020	17095	5779	0.004347570648022936
2021-07-26	17119	17119	16931	16941	54	-0.009008482012284325
2021-07-27	16980	17109	16961	17040	1621	0.0058438108730298755
2021-07-28	17055	17055	16837	16966	250	-0.004342723004694848
2021-07-29	17119	17119	17020	17070	226	0.006129906872568647
2021-07-30	17000	17000	16763	16788	194	-0.016520210896309284
2021-08-02	16901	16901	16708	16902	652	0.006790564689063583
2021-08-03	17050	17129	17035	17105	676	0.012010412968879391
2021-08-04	17193	17297	17084	17278	470	0.010114001753873225
2021-08-05	17198	17367	17198	17327	1281	0.0028359763861558474
2021-08-06	17327	17362	17208	17233	1761	-0.00542505915623015
2021-08-09	17198	17263	17173	17233	2234	0.0
2021-08-10	17258	17258	17020	17075	849	-0.009168455869552616
2021-08-11	16966	16966	16703	16758	886	-0.018565153733528517
2021-08-12	16644	16763	16599	16600	404	-0.009428332736603373
2021-08-13	16490	16500	16282	16372	1665	-0.013734939759036169
2021-08-17	16371	16416	16159	16268	674	-0.006352308819936425
2021-08-18	16307	16475	16223	16436	13	0.010327022375215211
2021-08-19	16357	16357	15990	16035	1503	-0.024397663665125302
2021-08-20	16050	16089	15772	15822	10500	-0.013283442469597784
2021-08-23	15931	16065	15837	15941	2512	0.007521173050183183
2021-08-24	16134	16243	15901	16011	2205	0.004391192522426479
2021-08-25	16159	16159	15906	16025	129	0.0008743988507899925
2021-08-26	16268	16268	15975	15976	64	-0.003057722308892341
2021-08-27	15886	15995	15837	15991	192	0.0009389083625437333
2021-08-30	16030	16045	15891	15986	65	-0.00031267588018257797
2021-08-31	15951	16322	15906	16322	187	0.021018391092205713
2021-09-01	16485	16485	16203	16412	517	0.005514030143364712
2021-09-02	16396	16396	16000	16060	166	-0.02144772117962468
2021-09-03	16178	16461	16178	16461	1921	0.024968866749688567
2021-09-06	16391	16391	16307	16332	455	-0.007836704938946615
2021-09-07	16362	16362	16258	16342	139	0.0006122948812148366
2021-09-08	16169	16287	16169	16288	107	-0.0033043691102679906
2021-09-09	16258	16258	15926	15926	858	-0.022224950884086492
2021-09-10	15901	16203	15901	16179	2130	0.015885972623383093
2021-09-13	16114	16119	16030	16119	927	-0.0037085110328203275
2021-09-14	16238	16367	16238	16288	2215	0.010484521372293498
2021-09-15	16208	16253	16109	16219	903	-0.0042362475442043745
2021-09-16	16114	16114	15807	15877	1258	-0.021086380171403962
2021-09-17	15832	15961	15802	15961	731	0.005290672041317723
2021-09-23	15970	15970	15896	15941	21	-0.001253054319904745
2021-09-24	15926	15956	15807	15852	92	-0.005583087635656514
2021-09-27	15842	16065	15842	16016	118	0.010345697703759704
2021-09-28	15951	15951	15698	15709	171	-0.01916833166833165
2021-09-29	15436	15436	15253	15382	951	-0.0208160926857216
2021-09-30	15307	15550	15302	15530	619	0.009621635678065177
2021-10-01	15421	15421	15183	15228	49	-0.019446233097231147
2021-10-05	15020	15020	14743	14916	2213	-0.02048857368006307
2021-10-06	14985	15000	14594	14610	310	-0.020514883346741786
2021-10-07	14713	14758	14589	14733	899	0.008418891170431264
2021-10-08	14802	14832	14703	14758	1543	0.00169687096993143
2021-10-12	14634	14634	14332	14431	140	-0.022157473912454262
2021-10-13	14342	14465	14342	14441	854	0.0006929526713326251
2021-10-14	14540	14693	14540	14694	408	0.017519562357177554
2021-10-15	15035	15074	14951	15075	238	0.025928950592078337
2021-10-18	15045	15119	14936	14971	221	-0.0068988391376451075
2021-10-19	15084	15149	15025	15149	1019	0.011889653329770988
2021-10-20	15218	15218	15040	15065	1870	-0.005544920456795777
2021-10-21	15109	15109	14931	14986	123	-0.005243942914039179
2021-10-22	14951	15124	14946	15085	759	0.006606165754704296
2021-10-25	14936	15203	14876	15139	691	0.003579714948624524
2021-10-26	15292	15386	15277	15372	514	0.01539071272871384
2021-10-27	15337	15362	15233	15298	2670	-0.004813947436898225
2021-10-28	15362	15574	15362	15501	1507	0.013269708458621965
2021-10-29	15540	15540	15154	15174	6088	-0.021095413199148427
2021-11-01	15292	15292	15114	15184	580	0.0006590220113351641
2021-11-02	15327	15574	15327	15456	1558	0.017913593256059013
2021-11-03	15500	15500	15238	15303	194	-0.009899068322981375
2021-11-04	15555	15574	15441	15486	663	0.011958439521662312
2021-11-05	15530	15579	15411	15501	106	0.0009686168151878949
2021-11-08	15654	15654	15342	15535	331	0.0021934068769757786
2021-11-09	15569	15639	15451	15540	966	0.00032185387833916224
2021-11-10	15500	15500	15347	15397	327	-0.009202059202059187
2021-11-11	15317	15362	15198	15362	112	-0.0022731700980710423
2021-11-12	15510	15560	15466	15476	1631	0.007420908735841669
2021-11-15	15738	15832	15738	15793	154	0.020483329025587915
2021-11-16	15857	15961	15792	15902	331	0.006901791933134893
2021-11-17	15995	15995	15817	15842	17723	-0.0037731103005911315
2021-11-18	15763	15881	15763	15837	23255	-0.0003156167150611955
2021-11-19	15857	16169	15857	16169	1689	0.020963566332007355
2021-11-22	16297	16535	16297	16535	644	0.022635908219432288
2021-11-23	16401	16401	16258	16258	1083	-0.01675234351375865
2021-11-24	16510	16510	16213	16322	1767	0.003936523557633187
2021-11-25	16322	16322	16045	16129	72	-0.011824531307437769
2021-11-26	16084	16084	15767	15773	523	-0.022072044144088254
2021-11-29	15594	15792	15594	15684	510	-0.005642553731059374
2021-11-30	15941	15941	15302	15392	155	-0.018617699566437107
2021-12-01	15584	15792	15362	15763	484	0.024103430353430433
2021-12-02	15782	15857	15708	15783	140	0.001268794011292318
2021-12-03	15654	16010	15654	15892	124	0.006906164860926323
2021-12-06	15847	16124	15847	16124	113	0.014598540145985384
2021-12-07	16025	16203	16025	16174	288	0.0031009675018605076
2021-12-08	16500	16500	16164	16194	335	0.001236552491653331
2021-12-09	16238	16371	16238	16303	165	0.006730887983203759
2021-12-10	16164	16223	16124	16223	362	-0.004907072317978267
2021-12-13	16411	16495	16317	16327	90	0.006410651544104029
2021-12-14	16099	16129	15970	15981	1116	-0.021191890733141427
2021-12-15	15926	16114	15921	16115	63	0.008384957136599702
2021-12-16	16208	16208	16144	16144	19	0.0017995656220912704
2021-12-17	16035	16060	15951	16060	25	-0.005203171456887978
2021-12-20	15926	15980	15797	15808	13	-0.015691158156911578
2021-12-21	15871	16035	15767	15991	114	0.011576417004048656
2021-12-22	16233	16233	16089	16090	53	0.006190982427615621
2021-12-23	16258	16406	16258	16362	121	0.016904909881914287
2021-12-24	16560	16619	16530	16540	618	0.01087886566434415
2021-12-27	16485	16520	16376	16392	221	-0.008948004836759393
2021-12-28	16391	16570	16391	16570	511	0.010858955588091801
2021-12-29	16763	16763	16614	16738	644	0.010138805069402457
2021-12-30	16896	16896	16688	16758	930	0.0011948858883976676
2022-01-03	16995	16995	16639	16659	917	-0.005907626208378036
2022-01-04	16718	16753	16639	16664	174	0.00030013806350925876
2022-01-05	16550	16550	16164	16327	600	-0.020223235717714783
2022-01-06	16292	16332	16015	16016	701	-0.019048202364182032
2022-01-07	16292	16337	16228	16233	61503	0.013548951048951041
2022-01-10	16035	16035	15862	15931	10111	-0.018604078112486877
2022-01-11	15936	16099	15936	16035	45	0.00652815265833917
2022-01-12	16317	16441	16302	16441	10	0.025319613345806014
2022-01-13	16525	16589	16441	16501	3202	0.0036494130527340296
2022-01-14	16381	16451	16292	16362	62	-0.008423731895036646
2022-01-17	16362	16362	16094	16169	24	-0.011795624006845085
2022-01-18	16228	16401	16228	16293	38	0.007668996227348623
2022-01-19	16268	16282	16094	16139	49	-0.009451911863990636
2022-01-20	16139	16332	16119	16313	1686	0.01078133713365137
2022-01-21	16069	16069	15817	15951	691	-0.022190890700668153
2022-01-24	15901	15901	15713	15877	70329	-0.004639207573192916
2022-01-25	15723	15723	15347	15392	23681	-0.03054733261951248
2022-01-26	15530	15530	15302	15303	122	-0.005782224532224545
2022-01-27	15292	15292	14639	14689	1233	-0.04012285172841923
2022-01-28	14748	15139	14579	15050	116	0.024576213493090027
2022-02-03	15461	15461	15213	15214	157	0.010897009966777338
2022-02-04	15267	15347	15173	15228	609	0.0009202050742735945
2022-02-07	15064	15064	14852	14996	270	-0.015235093249277631
2022-02-08	15000	15168	14926	15030	6589	0.0022672712723392774
2022-02-09	15238	15292	15178	15243	138069	0.014171656686626788
2022-02-10	15446	15446	15292	15372	57	0.008462901003739365
2022-02-11	15307	15312	15164	15238	14958	-0.00871714806141033
2022-02-14	15079	15084	14852	14991	21081	-0.016209476309226978
2022-02-15	14941	14941	14758	14803	24	-0.012540857848042153
2022-02-16	15139	15139	15069	15124	2281	0.02168479362291431
2022-02-17	15272	15426	15258	15293	22730	0.011174292515207629
2022-02-18	15139	15297	15074	15258	31972	-0.002288628784411162
2022-02-21	15069	15228	14886	15228	65924	-0.0019661816751868066
2022-02-22	15005	15020	14847	14976	96603	-0.01654846335697402
2022-02-23	15114	15164	14961	15115	19	0.009281517094017033
2022-02-24	14906	14906	14574	14619	501	-0.03281508435329139
2022-02-25	14866	14911	14738	14788	500	0.011560298242013767
2022-02-28	14743	14911	14668	14912	160331	0.008385177170678881
2022-03-02	14911	14995	14827	14916	26139	0.00026824034334760327
2022-03-03	15104	15198	15060	15199	42532	0.018972914990614154
2022-03-04	15074	15074	14772	14813	59163	-0.025396407658398568
2022-03-07	14500	14500	14292	14337	1460	-0.03213393640720985
2022-03-08	14074	14233	14045	14139	238	-0.01381042059008164
2022-03-10	14490	14490	14282	14283	13340	0.010184595798854224
2022-03-11	14317	14317	14045	14199	315	-0.005881117412308345
2022-03-14	14144	14144	13975	14134	9234	-0.004577787168110414
2022-03-15	14094	14094	13970	14020	40	-0.00806565728031694
2022-03-16	14168	14307	14129	14308	13	0.020542082738944423
2022-03-17	14668	14743	14654	14699	53	0.027327369303886018
2022-03-18	14673	14713	14555	14713	72	0.0009524457446083989
2022-03-21	14723	14733	14564	14565	184414	-0.010059131380411923
2022-03-22	14431	14728	14431	14728	69	0.011191211809131518
2022-03-23	14817	14817	14728	14778	69	0.003394894079304711
2022-03-24	14644	14683	14520	14654	61	-0.008390851265394517
2022-03-25	14738	14738	14659	14659	1570	0.0003412037668895085
2022-03-28	14574	14693	14574	14610	18	-0.0033426563885667893
2022-03-29	14787	14787	14624	14728	391	0.008076659822039645
2022-03-30	15010	15010	14896	14916	68695	0.012764801738185838
2022-03-31	14931	15030	14926	14951	275	0.0023464735854117347
2022-04-01	14995	14995	14758	14768	1330	-0.012239983947561983
2022-04-04	14644	14807	14624	14808	19	0.002708559046587178
2022-04-05	14916	14916	14787	14837	602	0.0019584008643975803
2022-04-06	14683	14713	14574	14575	396	-0.017658556311922924
2022-04-07	14545	14545	14352	14466	253	-0.007478559176672395
2022-04-08	14515	14614	14485	14614	204	0.010230886215954582
2022-04-11	14594	14594	14446	14446	7	-0.011495825920350367
2022-04-12	14391	14391	14307	14367	29	-0.005468641838571209
2022-04-13	14470	14738	14470	14738	14	0.025823066750191304
2022-04-14	14683	14748	14634	14713	13454	-0.0016962952910842821
2022-04-15	14520	14535	14461	14530	221629	-0.01243798001767149
2022-04-18	14515	14515	14401	14416	148	-0.007845836200963574
2022-04-19	14639	14639	14555	14580	198	0.011376248612652518
2022-04-20	14530	14619	14480	14590	337	0.000685871056241405
2022-04-21	14703	14782	14659	14659	143	0.0047292666209732825
2022-04-22	14515	14515	14426	14471	41	-0.012824885735725489
2022-04-25	14322	14322	14119	14119	1647	-0.02432451109114786
2022-04-26	14183	14272	14178	14253	14349	0.009490757135774519
2022-04-27	13985	14060	13906	14060	352	-0.013541008910404773
2022-04-28	14125	14125	13995	14125	19	0.004623044096728313
2022-04-29	14405	14405	14330	14395	7	0.01911504424778765
2022-05-02	14270	14275	14165	14255	154	-0.009725599166377163
2022-05-03	14320	14405	14320	14360	11	0.007365836548579363
2022-05-04	14430	14430	14265	14265	11	-0.006615598885793883
2022-05-06	13980	14090	13980	14090	36029	-0.012267788293024884
2022-05-09	14035	14065	13815	13815	165	-0.019517388218594722
2022-05-10	13735	13905	13560	13840	265	0.0018096272167933414
2022-05-11	13780	13805	13675	13765	36	-0.005419075144508678
2022-05-12	13595	13750	13545	13545	471	-0.015982564475118033
2022-05-13	13700	13900	13700	13880	8627	0.0247323735695828
2022-05-16	14140	14140	13840	13870	7	-0.0007204610951008217
2022-05-17	13935	14010	13905	14005	165	0.009733237202595557
2022-05-18	14195	14195	14090	14145	10951	0.009996429846483412
2022-05-19	13860	13945	13845	13865	20427	-0.019794980558501263
2022-05-20	14000	14150	14000	14150	8	0.020555355210962967
2022-05-23	14210	14210	14100	14155	27	0.0003533568904594553
2022-05-24	14135	14135	13815	13815	63	-0.02401978099611446
2022-05-25	13775	13890	13710	13810	83	-0.0003619254433586683
2022-05-26	13870	13895	13520	13570	54355	-0.0173787110789283
2022-05-27	13805	13805	13715	13725	10	0.01142225497420779
2022-05-30	13940	13965	13890	13955	11	0.016757741347905197
2022-05-31	13875	13930	13860	13895	9	-0.004299534217126477
2022-06-02	13915	13915	13765	13825	41	-0.005037783375314908
2022-06-03	13900	13900	13805	13810	6	-0.0010849909584086381
2022-06-07	13790	13790	13475	13480	34	-0.02389572773352644
2022-06-08	13470	13490	13440	13485	31	0.00037091988130555364
2022-06-09	13505	13505	13455	13480	46	-0.0003707823507601571
2022-06-10	13385	13420	13335	13335	36	-0.010756676557863498
2022-06-13	13160	13160	12910	12920	758	-0.03112110986126737
2022-06-14	12555	12825	12555	12805	1655	-0.008900928792569651
2022-06-15	12745	12745	12530	12580	6704	-0.017571261226083545
2022-06-16	12860	13045	12760	12770	19	0.015103338632750374
2022-06-17	12500	12660	12475	12610	139	-0.012529365700861383
2022-06-20	12610	12610	12350	12435	51	-0.013877874702616921
2022-06-21	12570	12570	12450	12530	6	0.0076397265782066626
2022-06-22	12525	12525	12105	12105	221	-0.033918595371109306
2022-06-23	12115	12115	11955	11960	12	-0.011978521272201559
2022-06-24	12025	12240	12025	12240	166	0.02341137123745818
2022-06-27	12445	12535	12380	12490	8	0.020424836601307117
2022-06-28	12490	12545	12430	12545	190	0.004403522818254624
2022-06-29	12430	12430	12370	12380	5	-0.013152650458349902
2022-06-30	12245	12245	11970	12005	7017	-0.030290791599353772
2022-07-01	12080	12080	11670	11670	140	-0.0279050395668472
2022-07-04	11630	11765	11630	11745	2227	0.006426735218509005
2022-07-05	11865	12140	11865	12140	8	0.033631332481907084
2022-07-06	12115	12130	11985	11985	78	-0.012767710049423342
2022-07-07	12155	12355	12155	12290	111	0.025448477263245728
2022-07-08	12400	12500	12255	12300	151	0.0008136696501219731
2022-07-11	12245	12245	12170	12170	124	-0.010569105691056957
2022-07-12	12045	12045	11965	12045	99	-0.010271158586688589
2022-07-13	12120	12170	12105	12105	112	0.00498132004981322
2022-07-14	12120	12265	12120	12155	47	0.0041305245766212195
