Date	Open	High	Low	Close	Volume	Change
2017-12-22	9344	9344	9339	9341	7	
2017-12-26	9471	9471	9448	9450	4	0.01166898618991552
2017-12-27	9539	9539	9539	9539	1	0.009417989417989325
2017-12-28	9613	9669	9613	9673	23	0.014047594087430504
2018-01-02	9859	9859	9859	9862	1	0.01953892277473379
2018-01-03	9930	9930	9916	9919	16	0.005779760697627312
2018-01-04	9902	9930	9902	9933	11	0.0014114326040930436
2018-01-05	9959	9959	9959	9961	1777	0.0028188865398168783
2018-01-08	9887	9902	9887	9904	1782	-0.005722317036442104
2018-01-09	9969	9969	9935	9938	2	0.003432956381260066
2018-01-10	10092	10140	10092	10140	108	0.020326021332260025
2018-01-11	10100	10100	10082	10084	116	-0.005522682445759375
2018-01-12	10105	10105	10063	10074	12	-0.0009916699722332112
2018-01-15	10130	10130	10110	10113	7	0.0038713519952353614
2018-01-16	10110	10167	10100	10140	101	0.002669830910708937
2018-01-17	10087	10158	10087	10160	2	0.0019723865877712132
2018-01-18	10140	10140	10068	10070	87	-0.008858267716535417
2018-01-19	10144	10144	10130	10131	2	0.006057596822244271
2018-01-22	10058	10153	10058	10155	4	0.0023689665383477276
2018-01-23	10100	10158	10100	10160	18	0.000492368291482137
2018-01-24	10215	10285	10215	10274	20	0.011220472440944818
2018-01-25	10323	10513	10323	10515	302	0.023457270780611328
2018-01-26	10478	10493	10478	10497	2	-0.0017118402282453316
2018-01-29	10645	10683	10602	10605	67	0.010288653901114664
2018-01-30	10617	10688	10570	10596	792	-0.0008486562942008335
2018-01-31	10570	10570	10422	10510	10688	-0.008116270290675742
2018-02-01	10478	10513	10466	10492	10	-0.0017126546146527533
2018-02-02	10555	10555	10281	10297	7	-0.018585589020205906
2018-02-05	10120	10130	10072	10074	348	-0.02165679324074976
2018-02-06	9693	9877	9693	9882	58	-0.019058963668850515
2018-02-07	9949	9954	9727	9729	120	-0.015482695810564717
2018-02-08	9821	9821	9638	9748	192	0.001952924247096366
2018-02-09	9509	9613	9509	9615	15	-0.013643824374230618
2018-02-12	9608	9608	9552	9582	5	-0.00343213728549141
2018-02-13	9618	9618	9420	9420	68	-0.016906700062617408
2018-02-14	9504	9534	9485	9534	158	0.012101910828025586
2018-02-19	9638	9778	9604	9782	31	0.02601216698133002
2018-02-20	9768	9802	9693	9697	12	-0.008689429564506246
2018-02-21	9688	9788	9688	9787	9	0.009281220996184336
2018-02-22	9727	9783	9698	9772	64	-0.0015326453458669453
2018-02-23	9836	9940	9836	9943	25	0.01749897666803113
2018-02-26	10031	10039	9954	9957	19	0.0014080257467565804
2018-02-27	9986	9986	9902	9904	5	-0.005322888420206895
2018-02-28	9850	9850	9712	9715	25	-0.019083198707592897
2018-03-02	9590	9590	9494	9544	11	-0.017601646937725146
2018-03-05	9485	9534	9438	9440	9	-0.010896898575020963
2018-03-06	9514	9514	9490	9516	9	0.008050847457627075
2018-03-07	9457	9481	9358	9403	64	-0.011874737284573333
2018-03-08	9481	9481	9457	9473	14	0.007444432627884634
2018-03-09	9547	9674	9547	9587	9	0.012034202470178501
2018-03-12	9661	9773	9661	9738	17	0.01575049546260554
2018-03-13	9727	9727	9688	9692	5	-0.004723762579585178
2018-03-14	9652	9797	9652	9801	9	0.011246388774246885
2018-03-15	9792	9892	9783	9896	155	0.009692888480767214
2018-03-16	9892	9907	9797	9862	44	-0.0034357316087307854
2018-03-19	9826	9949	9826	9933	17	0.007199351044412827
2018-03-20	9926	9926	9826	9904	237	-0.0029195610590959653
2018-03-21	9945	10068	9945	10070	9	0.016760904684975708
2018-03-22	10058	10087	9982	9986	5	-0.008341608738828166
2018-03-23	9736	9826	9684	9687	10	-0.029941918686160585
2018-03-26	9746	9812	9684	9792	51	0.010839269123567696
2018-03-27	9969	10031	9959	10031	9	0.02440767973856217
2018-03-28	9892	10068	9778	10070	5322	0.0038879473631741046
2018-03-29	10545	10545	10162	10226	362	0.015491559086395323
2018-03-30	10210	10210	10082	10126	147917	-0.009778994719342848
2018-04-02	10158	10158	10016	10017	63	-0.010764368951214687
2018-04-03	9945	10110	9945	10051	538	0.003394229809324134
2018-04-04	10082	10082	9868	9886	16	-0.016416276987364475
2018-04-05	10026	10063	9991	9995	9	0.011025692899049089
2018-04-06	9954	10016	9954	9981	5	-0.0014007003501750326
2018-04-09	9926	9954	9846	9933	47	-0.004809137360985871
2018-04-10	9935	10092	9935	10094	62	0.01620859760394655
2018-04-11	10068	10077	10039	10079	5	-0.0014860313057262209
2018-04-12	10077	10077	9902	9904	8	-0.017362833614445905
2018-04-13	9934	9985	9929	9990	56	0.008683360258481487
2018-04-16	9981	9985	9925	9990	7424	0.0
2018-04-17	10068	10120	10068	10122	19	0.013213213213213226
2018-04-18	10120	10196	10120	10160	134	0.0037541987749456496
2018-04-19	10144	10196	10140	10189	3590	0.002854330708661479
2018-04-20	10167	10239	10092	10165	3679	-0.002355481401511428
2018-04-23	10272	10323	10272	10288	10	0.012100344318740852
2018-04-24	10176	10215	10144	10212	9	-0.0073872472783825804
2018-04-25	10205	10258	10130	10131	7	-0.007931844888366624
2018-04-26	10120	10201	10120	10175	5	0.004343105320304019
2018-04-27	10235	10235	10120	10121	5	-0.005307125307125293
2018-04-30	10158	10158	10130	10155	15	0.0033593518427033064
2018-05-02	10153	10167	10072	10170	9	0.001477104874446189
2018-05-03	10105	10105	10020	10020	5	-0.014749262536873142
2018-05-04	9890	10120	9890	10060	10846	0.003992015968063978
2018-05-08	10052	10052	9895	9898	13	-0.016103379721669975
2018-05-09	9866	9910	9856	9859	5	-0.003940189937361116
2018-05-10	9895	10015	9895	9989	13	0.013185921493052088
2018-05-11	10035	10167	10035	10165	14	0.0176193813194514
2018-05-14	10283	10464	10283	10403	14	0.023413674372847915
2018-05-15	10444	10469	10301	10303	15	-0.009612611746611543
2018-05-16	10105	10172	10105	10145	8	-0.01533533922158592
2018-05-17	10177	10216	10120	10121	9	-0.0023656973878758425
2018-05-18	10072	10120	10035	10088	56	-0.0032605473767414184
2018-05-21	10125	10125	10010	10040	9	-0.004758128469468659
2018-05-23	9823	9861	9785	9849	10	-0.019023904382470147
2018-05-24	9885	9924	9861	9888	10	0.003959792872372914
2018-05-25	9728	9761	9666	9668	9	-0.0222491909385113
2018-05-28	9910	10010	9900	9964	36	0.030616466694249
2018-05-29	9885	9895	9804	9806	13	-0.01585708550782816
2018-05-30	9794	9794	9590	9653	11	-0.015602692229247372
2018-05-31	9656	9723	9613	9653	98386	0.0
2018-06-01	9709	9737	9661	9678	96	0.002589868434683451
2018-06-04	9765	9799	9751	9754	36	0.007852862161603635
2018-06-05	9765	9765	9680	9754	9	0.0
2018-06-07	9799	9890	9799	9864	63	0.011277424646298995
2018-06-08	9848	9848	9742	9768	26	-0.009732360097323589
2018-06-11	9910	9924	9856	9926	31	0.0161752661752661
2018-06-12	9895	9938	9861	9879	47	-0.004735039290751586
2018-06-14	9833	9833	9718	9720	18	-0.01609474643182507
2018-06-15	9704	9704	9661	9663	8	-0.005864197530864201
2018-06-18	9680	9680	9455	9505	38262	-0.01635102970092106
2018-06-19	9485	9485	9312	9314	71	-0.020094687006838474
2018-06-20	9273	9341	9155	9195	68	-0.012776465535752624
2018-06-21	9168	9168	8940	8956	16400	-0.025992387166938524
2018-06-22	8901	9041	8896	9013	32114	0.0063644484144707025
2018-06-25	9036	9135	9036	9137	15809	0.013757905247975044
2018-06-26	9059	9120	9001	9094	63	-0.004706139870854775
2018-06-27	9063	9102	8954	8961	7	-0.014625027490653197
2018-06-28	9016	9016	8949	8951	21	-0.00111594688092842
2018-06-29	8996	8996	8839	8956	31	0.0005585968048262835
2018-07-02	8935	8935	8653	8679	4510	-0.030928986154533322
2018-07-03	8685	8729	8648	8721	6	0.004839267196681707
2018-07-04	8681	8839	8681	8798	10	0.008829262699231677
2018-07-05	8777	8777	8643	8750	6	-0.005455785405774072
2018-07-06	8767	8872	8767	8874	10	0.014171428571428502
2018-07-09	8921	8926	8849	8859	20308	-0.0016903313049357882
2018-07-10	8959	8978	8921	8931	47	0.00812732814087358
2018-07-11	8810	8820	8772	8816	5	-0.012876497592654745
2018-07-12	8872	8901	8830	8884	42384	0.007713248638838488
2018-07-13	8896	8940	8844	8869	7	-0.0016884286357496947
2018-07-16	8839	8901	8839	8884	5	0.0016912842485059532
2018-07-17	8940	9006	8940	8941	10	0.0064160288158487955
2018-07-18	8891	8896	8748	8750	16	-0.021362263728889386
2018-07-19	8720	8720	8575	8592	41	-0.018057142857142883
2018-07-20	8619	8690	8610	8674	10	0.009543761638733717
2018-07-23	8710	8763	8705	8717	10	0.004957343786027302
2018-07-24	8791	8791	8653	8698	15	-0.0021796489617987858
2018-07-25	8705	8777	8681	8721	42	0.002644286042768451
2018-07-26	8781	8781	8734	8746	5	0.0028666437335167494
2018-07-27	8753	8753	8633	8636	10	-0.012577178138577616
2018-07-30	8623	8667	8623	8669	5	0.0038212135247799317
2018-07-31	8663	8715	8663	8717	15	0.005536970815549713
2018-08-01	8734	8734	8710	8731	5	0.0016060571297464854
2018-08-02	8681	8700	8508	8544	56	-0.02141793608979503
2018-08-03	8575	8663	8575	8664	5	0.014044943820224809
2018-08-06	8690	8690	8610	8654	109	-0.0011542012927054923
2018-08-07	8653	8695	8623	8698	512	0.005084354055927998
2018-08-08	8590	8658	8590	8659	5	-0.004483789376868219
2018-08-09	8667	8667	8614	8617	5	-0.004850444624090566
2018-08-10	8628	8663	8628	8659	7	0.004874086108854536
2018-08-13	8610	8628	8471	8482	50	-0.02044115948723868
2018-08-14	8543	8623	8518	8626	93	0.016977128035840616
2018-08-16	8518	8566	8513	8569	10	-0.0066079295154185536
2018-08-17	8595	8658	8580	8640	592	0.008285680942933915
2018-08-20	8720	8720	8681	8713	10	0.008449074074074137
2018-08-21	8681	8710	8681	8713	665	0.0
2018-08-22	8710	8734	8681	8684	425	-0.0033283599219556814
2018-08-23	8690	8690	8610	8669	10	-0.0017273146015660545
2018-08-24	8610	8685	8610	8689	111	0.0023070711731456583
2018-08-27	8663	8663	8623	8626	10	-0.00725054666820113
2018-08-28	8633	8734	8633	8717	42	0.010549501507071568
2018-08-29	8801	8801	8748	8755	6	0.0043592979235975715
2018-08-30	8734	8734	8671	8694	314	-0.0069674471730439835
2018-08-31	8681	8715	8681	8717	15	0.002645502645502562
2018-09-03	8681	8734	8681	8703	3869	-0.0016060571297464854
2018-09-04	8705	8705	8638	8669	5	-0.003906698839480693
2018-09-05	8671	8758	8671	8703	5	0.003922020994347575
2018-09-06	8690	8810	8690	8765	933	0.007123980236700023
2018-09-07	8891	8983	8891	8979	773	0.0244152880775812
2018-09-10	9011	9059	9006	9061	117	0.009132420091324311
2018-09-11	9041	9041	9011	9018	10	-0.004745613066990395
2018-09-12	9031	9031	8959	9023	6	0.000554446662231145
2018-09-13	9054	9168	9054	9171	9	0.016402526875761936
2018-09-14	9236	9250	9202	9205	11	0.0037073383491439404
2018-09-17	9182	9182	9102	9104	23	-0.010972297664312847
2018-09-18	9078	9111	9001	9089	3871	-0.0016476274165202476
2018-09-19	9135	9135	9026	9026	31	-0.006931455605677206
2018-09-20	9051	9130	9026	9099	83	0.008087746510081928
2018-09-21	9202	9202	9159	9166	10	0.0073634465325860265
2018-09-27	9288	9418	9288	9353	286	0.02040148374427231
2018-09-28	8886	8886	8786	8812	120	-0.05784240350689618
2018-10-01	8810	8810	8720	8721	5	-0.010326827054017218
2018-10-02	8700	8763	8700	8717	6	-0.0004586629973626355
2018-10-04	8720	8720	8628	8631	76	-0.009865779511299744
2018-10-05	8557	8638	8553	8640	18	0.0010427528675704956
2018-10-08	8585	8614	8528	8549	47	-0.010532407407407463
2018-10-10	8610	8610	8371	8377	29	-0.02011931220025731
2018-10-11	8161	8161	8031	8034	6	-0.040945445863674323
2018-10-12	8021	8131	8021	8115	14	0.010082150858849781
2018-10-15	8074	8174	8074	8115	5	0.0
2018-10-16	8151	8156	8113	8129	6	0.0017252002464571703
2018-10-17	8213	8252	8208	8233	11	0.012793701562307858
2018-10-18	8198	8198	8108	8148	5	-0.010324304627717718
2018-10-19	8078	8203	8078	8205	7	0.006995581737849754
2018-10-22	8108	8166	8088	8162	42	-0.0052407068860450545
2018-10-23	8193	8193	7950	7952	238	-0.02572898799313894
2018-10-24	8069	8122	8065	8067	11	0.014461770623742431
2018-10-25	7931	8046	7921	8047	16	-0.0024792363951903207
2018-10-26	8011	8011	7841	7852	16	-0.024232633279482996
2018-10-29	7911	7911	7625	7641	9	-0.0268721344880285
2018-10-30	7659	7659	7539	7636	189	-0.0006543646119617774
2018-10-31	7577	7845	7577	7847	51	0.027632268203247712
2018-11-01	7836	7882	7774	7775	52	-0.009175481075570313
2018-11-02	7878	8103	7878	8072	11	0.038199356913183324
2018-11-05	8026	8041	7988	8034	5	-0.004707631318136785
2018-11-06	8088	8184	8088	8181	5	0.018297236743838763
2018-11-07	8223	8266	8061	8062	353	-0.014545899034347887
2018-11-08	8232	8247	8223	8224	6	0.020094269412056498
2018-11-09	8237	8247	8208	8210	8	-0.0017023346303501885
2018-11-12	8166	8184	8083	8087	93	-0.014981729598051108
2018-11-13	8003	8151	7993	8153	7	0.008161246444911674
2018-11-14	8208	8242	8171	8243	46	0.011038881393352185
2018-11-15	8232	8232	8122	8181	86	-0.007521533422297666
2018-11-16	8208	8304	8203	8306	6	0.015279305708348678
2018-11-19	8323	8385	8309	8387	123	0.009751986515771804
2018-11-20	8357	8419	8299	8301	5	-0.010253964468820764
2018-11-21	8228	8390	8228	8392	17	0.010962534634381349
2018-11-22	8362	8362	8218	8257	6	-0.016086749285033397
2018-11-23	8275	8275	8161	8162	97	-0.011505389366598062
2018-11-26	8314	8367	8289	8353	15	0.0234011271747121
2018-11-27	8323	8362	8309	8329	42	-0.002873219202681687
2018-11-28	8362	8362	8299	8344	6	0.0018009364869733258
2018-11-29	8419	8419	8371	8392	6	0.0057526366251199335
2018-11-30	8419	8419	8371	8387	60	-0.0005958055290753439
2018-12-03	8462	8471	8448	8454	5	0.007988553714081359
2018-12-04	8414	8476	8414	8429	5	-0.002957180033120399
2018-12-05	8380	8452	8380	8416	5	-0.0015422944596037436
2018-12-06	8394	8485	8371	8387	50	-0.0034458174904943295
2018-12-07	8452	8452	8371	8444	5	0.006796232264218327
2018-12-10	8284	8333	8284	8334	5	-0.013027001421127449
2018-12-11	8284	8347	8284	8320	5	-0.0016798656107511745
2018-12-12	8376	8503	8376	8507	10	0.022475961538461542
2018-12-13	8528	8614	8528	8588	10	0.009521570471376473
2018-12-14	8610	8610	8523	8584	5	-0.0004657661853749717
2018-12-17	8633	8633	8561	8574	5	-0.0011649580615097355
2018-12-18	8557	8590	8523	8579	35	0.0005831583858175726
2018-12-19	8605	8628	8580	8631	53	0.006061312507285255
2018-12-20	8590	8643	8523	8612	15	-0.002201367164870849
2018-12-21	8614	8614	8538	8592	10	-0.0023223409196470035
2018-12-24	8548	8561	8533	8534	15	-0.006750465549348217
2018-12-26	8471	8471	8289	8339	6	-0.022849777361143686
2018-12-27	8394	8533	8394	8521	5	0.021825158891953578
2018-12-28	8533	8595	8533	8564	32	0.005046356061495061
2019-01-02	8557	8570	8452	8526	47	-0.004437178888369919
2019-01-03	8513	8610	8513	8534	5	0.0009383063570256311
2019-01-04	8480	8671	8480	8631	1323	0.011366299507850952
2019-01-07	8638	8700	8633	8684	10	0.0061406557756922275
2019-01-08	8739	8739	8705	8713	17	0.0033394748963611054
2019-01-09	8724	8830	8724	8831	16	0.013542981751405891
2019-01-10	8767	8820	8767	8816	34	-0.0016985618842713102
2019-01-11	8810	8830	8763	8788	78477	-0.0031760435571688284
2019-01-14	8834	8844	8753	8788	126598	0.0
2019-01-15	8830	8954	8830	8921	20434	0.015134274010013549
2019-01-16	8872	8988	8872	8956	73	0.003923326981280173
2019-01-17	9041	9041	8973	9013	17	0.0063644484144707025
2019-01-18	9041	9054	8978	9056	79	0.0047708864972817455
2019-01-21	9051	9097	9046	9085	27	0.0032022968197880086
2019-01-22	9078	9078	8978	9013	38	-0.007925151348376458
2019-01-23	9041	9054	9001	9056	63	0.0047708864972817455
2019-01-24	9016	9059	8988	9061	27	0.0005521201413427601
2019-01-25	8954	8996	8926	8926	2217	-0.014899017768458256
2019-01-28	8926	8983	8926	8941	6	0.0016804839793860271
2019-01-29	8935	8935	8859	8899	42	-0.0046974611341012995
2019-01-30	8935	9036	8926	9036	6	0.015394988200921444
2019-01-31	9120	9120	8963	9041	18	0.0005533421868082478
2019-02-01	9041	9046	8926	8931	208	-0.01216679570843937
2019-02-07	8940	8940	8891	8903	5	-0.0031351472399507863
2019-02-08	8901	8926	8849	8903	43	0.0
2019-02-11	8963	8963	8886	8965	62	0.006963944737728767
2019-02-12	8940	8949	8877	8884	48	-0.009035136642498554
2019-02-13	8949	8949	8940	8941	5	0.0064160288158487955
2019-02-14	8940	9036	8940	9036	34	0.010625209708086336
2019-02-15	9041	9041	8973	9004	34	-0.0035413899955732964
2019-02-18	9041	9063	9041	9066	5	0.006885828520657444
2019-02-19	9097	9140	9078	9142	1602	0.008382969335980484
2019-02-20	9173	9259	9173	9205	26	0.006891271056661541
2019-02-21	9202	9226	9155	9228	2767	0.002498642042368271
2019-02-22	9231	9302	9231	9286	61	0.00628521889900302
2019-02-25	9302	9302	9245	9291	56	0.0005384449709240346
2019-02-26	9331	9393	9307	9391	76	0.010763104079216435
2019-02-27	9403	9403	9351	9391	13	0.0
2019-02-28	9346	9413	9264	9267	35	-0.013204131615376369
2019-03-04	9398	9398	9269	9271	8	0.00043163914967081496
2019-03-05	9221	9221	9182	9223	11	-0.005177435012404308
2019-03-06	9159	9187	9140	9176	26	-0.005095955762767002
2019-03-07	9159	9177	9031	9080	65	-0.010462074978204061
2019-03-08	9031	9031	8921	8921	36	-0.017511013215859017
2019-03-11	8877	8877	8781	8859	10178	-0.0069498935096962144
2019-03-12	8921	8921	8868	8884	43557	0.002821988937803388
2019-03-13	8872	8872	8772	8855	24294	-0.003264295362449321
2019-03-14	8864	8877	8844	8879	5	0.0027103331451157064
2019-03-15	8916	9006	8916	9009	15848	0.014641288433382194
2019-03-18	9021	9054	9021	9056	30293	0.005217005217005299
2019-03-19	9046	9046	8959	8969	5	-0.009606890459363915
2019-03-20	8935	8935	8882	8931	5	-0.004236815698517082
2019-03-21	8921	8921	8690	8746	145516	-0.0207143656925316
2019-03-22	8753	8801	8724	8750	55	0.0004573519323118891
2019-03-25	8676	8710	8643	8645	17	-0.01200000000000001
2019-03-26	8671	8700	8648	8659	44	0.0016194331983805377
2019-03-27	8685	8729	8685	8698	5	0.004503984293798391
2019-03-28	8610	8619	8561	8588	128	-0.012646585421936085
2019-03-29	8648	8729	8648	8713	58	0.01455519329296684
2019-04-01	8734	8815	8734	8812	201	0.011362332147365928
2019-04-02	8844	8849	8825	8845	1729	0.003744893327281007
2019-04-03	8781	8896	8781	8899	1988	0.006105144149236796
2019-04-04	8896	8921	8864	8916	1963	0.0019103270030340624
2019-04-05	8906	8926	8901	8903	5	-0.001458052938537513
2019-04-08	8973	8973	8901	8956	25643	0.005953049533864885
2019-04-09	8949	8963	8926	8956	109	0.0
2019-04-10	8930	8963	8877	8965	9	0.0010049129075480057
2019-04-11	8959	8996	8949	8956	37	-0.0010039040713887282
2019-04-12	8954	9054	8954	9056	5	0.011165698972755767
2019-04-15	9150	9150	9059	9104	169	0.005300353356890497
2019-04-16	9031	9041	8992	9041	5206	-0.006920035149384884
2019-04-17	8988	9016	8988	9018	31325	-0.0025439663754009967
2019-04-18	9011	9068	9011	9018	324	0.0
2019-04-19	9036	9036	9006	9009	78	-0.0009980039920159944
2019-04-22	8996	8996	8901	8941	69	-0.0075480075480075515
2019-04-23	8978	8988	8916	8961	15	0.0022368862543340473
2019-04-24	8944	8954	8849	8894	42	-0.007476844102220714
2019-04-25	8959	8959	8868	8869	5	-0.002810883741848458
2019-04-26	8854	8864	8791	8864	43	-0.000563761416168651
2019-04-29	8892	9008	8892	9010	5	0.01647111913357402
2019-04-30	9056	9056	8975	9015	875	0.0005549389567147678
2019-05-02	8960	9100	8960	9096	5	0.008985024958402699
2019-05-03	9013	9018	8941	9020	5	-0.008355321020228623
2019-05-07	8878	8878	8801	8806	44	-0.023725055432372466
2019-05-08	8728	8825	8728	8826	80	0.002271178741767077
2019-05-09	8830	8830	8588	8590	17	-0.026739179696351645
2019-05-10	8666	8666	8550	8604	5	0.0016298020954599313
2019-05-13	8525	8545	8525	8528	141	-0.00883310088331013
2019-05-14	8444	8578	8444	8566	16484	0.00445590994371492
2019-05-15	8530	8651	8530	8629	13215	0.007354657950034982
2019-05-16	8646	8646	8563	8571	3549	-0.006721520454282093
2019-05-17	8626	8626	8477	8478	1391	-0.010850542527126361
2019-05-20	8510	8520	8425	8430	43	-0.005661712668082131
2019-05-21	8444	8453	8391	8392	5	-0.004507710557532629
2019-05-22	8425	8458	8381	8460	25	0.008102955195424144
2019-05-23	8420	8482	8420	8474	5	0.0016548463356973464
2019-05-24	8492	8540	8492	8531	5	0.006726457399103047
2019-05-27	8545	8608	8501	8599	41	0.007970929551049055
2019-05-28	8621	8631	8540	8634	85	0.0040702407256658635
2019-05-29	8636	8636	8525	8571	2611	-0.00729673384294649
2019-05-30	8510	8568	8510	8571	9	0.0
2019-05-31	8515	8675	8515	8672	343	0.011783922529459812
2019-06-03	8593	8704	8583	8706	13	0.003920664206642055
2019-06-04	8738	8738	8709	8735	5	0.003331036067080184
2019-06-05	8762	8781	8723	8725	53	-0.0011448196908986352
2019-06-07	8743	8806	8743	8750	11	0.002865329512893977
2019-06-10	8825	8878	8786	8864	9	0.01302857142857139
2019-06-11	8864	8917	8859	8917	20	0.005979241877256403
2019-06-12	8892	8941	8878	8884	53	-0.0037007962319165477
2019-06-13	8950	8970	8912	8970	7	0.009680324178298116
2019-06-14	8927	8975	8912	8913	5	-0.006354515050167264
2019-06-17	8917	8941	8834	8836	5	-0.008639066532031836
2019-06-18	8849	8922	8849	8922	66	0.009732910819375329
2019-06-19	8927	8975	8927	8932	60	0.00112082492714638
2019-06-20	8945	8970	8936	8957	10	0.002798925212718295
2019-06-21	8945	8965	8931	8932	43739	-0.002791113095902631
2019-06-24	8950	8950	8902	8947	13206	0.0016793551276310659
2019-06-25	8994	8994	8892	8903	17	-0.004917849558511267
2019-06-26	8834	8864	8791	8797	58	-0.011906099067729992
2019-06-27	8801	8859	8801	8821	105	0.0027282027964079525
2019-06-28	8844	8844	8762	8782	19	-0.0044212674299966
2019-07-01	8815	8815	8747	8782	9	0.0
2019-07-02	8719	8820	8719	8821	20	0.004440901844682266
2019-07-03	8825	8825	8723	8725	68	-0.010883119827683974
2019-07-04	8733	8777	8723	8778	5	0.006074498567335329
2019-07-05	8815	8844	8806	8840	5	0.007063112326270327
2019-07-08	8757	8757	8608	8619	47	-0.025000000000000022
2019-07-09	8675	8675	8578	8581	5	-0.00440886413737096
2019-07-10	8568	8583	8497	8585	27	0.00046614613681383865
2019-07-11	8617	8670	8608	8667	53	0.009551543389633155
2019-07-12	8666	8723	8666	8687	5	0.002307603553709514
2019-07-15	8699	8699	8626	8643	10142	-0.005065039714515995
2019-07-16	8666	8670	8621	8672	49	0.003355316441050471
2019-07-17	8675	8680	8641	8682	5079	0.0011531365313652842
2019-07-18	8656	8661	8636	8639	31045	-0.004952775858097169
2019-07-19	8714	8786	8699	8787	5152	0.017131612455145273
2019-07-22	8747	8747	8680	8720	50	-0.0076249004210765525
2019-07-23	8733	8796	8733	8797	11	0.008830275229357865
2019-07-24	8781	8844	8781	8782	7	-0.0017051267477549148
2019-07-25	8772	8772	8612	8730	5	-0.005921202459576391
2019-07-26	8747	8747	8641	8643	5	-0.00996563573883158
2019-07-29	8621	8621	8492	8513	5	-0.015041073701261176
2019-07-30	8535	8646	8535	8648	18	0.015858099377422663
2019-07-31	8631	8709	8631	8711	15	0.007284921369102637
2019-08-01	8612	8728	8608	8667	1752	-0.005051084835265729
2019-08-02	8626	8733	8608	8682	55	0.001730702665282191
2019-08-05	8641	8641	8425	8470	7	-0.024418336788758377
2019-08-06	8304	8482	8304	8367	5	-0.01216056670602128
2019-08-07	8376	8376	8236	8237	10	-0.015537229592446522
2019-08-08	8294	8448	8294	8397	229	0.019424547772247225
2019-08-09	8545	8545	8420	8465	29	0.008098130284625471
2019-08-12	8435	8492	8415	8450	10478	-0.0017720023626698334
2019-08-13	8463	8540	8448	8541	375	0.010769230769230864
2019-08-14	8505	8545	8492	8541	42	0.0
2019-08-16	8453	8501	8453	8478	5	-0.00737618545837726
2019-08-19	8510	8641	8510	8643	17869	0.019462137296532234
2019-08-20	8608	8694	8608	8696	4783	0.00613213004743729
2019-08-21	8699	8714	8694	8716	13	0.0022999080036798514
2019-08-22	8719	8719	8621	8639	22	-0.008834327673244657
2019-08-23	8719	8719	8612	8629	208	-0.0011575413821044434
2019-08-26	8497	8588	8497	8566	275	-0.007300961872754641
2019-08-27	8612	8612	8550	8551	39	-0.00175110903572262
2019-08-28	8568	8636	8559	8634	46	0.00970646707987366
2019-08-29	8675	8680	8646	8653	5	0.002200602270094887
2019-08-30	8704	8757	8684	8759	2224	0.012250086675141603
2019-09-02	8738	8781	8733	8769	644	0.0011416828405068635
2019-09-03	8757	8820	8752	8754	66	-0.0017105713308245285
2019-09-04	8743	8941	8743	8942	49	0.02147589673292205
2019-09-05	8897	8902	8825	8826	21	-0.012972489375978502
2019-09-06	8854	8854	8791	8792	72	-0.0038522547020167774
2019-09-09	8806	8839	8781	8782	32	-0.0011373976342129444
2019-09-10	8825	8859	8825	8859	6	0.008767934411295863
2019-09-11	8917	8917	8844	8874	423	0.0016931933626820328
2019-09-16	8945	8945	8912	8913	5	0.0043948613928330715
2019-09-17	8936	8936	8864	8899	584	-0.0015707393694602834
2019-09-18	8897	8965	8897	8957	7	0.006517586245645468
2019-09-19	8922	8931	8868	8889	58870	-0.007591827620855196
2019-09-20	8892	8907	8868	8903	39857	0.0015749803127460549
2019-09-23	8917	8945	8902	8922	2212	0.002134112097045948
2019-09-24	8931	8950	8883	8932	40	0.00112082492714638
2019-09-25	8990	8990	8830	8831	304	-0.011307657859382036
2019-09-26	8887	8950	8839	8840	22	0.001019137130562786
2019-09-27	8859	8859	8728	8730	11	-0.012443438914027105
2019-09-30	8747	8849	8747	8850	41551	0.013745704467353903
2019-10-01	8815	8892	8815	8826	98098	-0.0027118644067796183
2019-10-02	8777	8781	8728	8735	40380	-0.010310446408339002
2019-10-04	8661	8699	8646	8648	51	-0.009959931310818515
2019-10-07	8670	8670	8578	8639	350	-0.001040703052728964
2019-10-08	8646	8728	8646	8701	145	0.00717675656904726
2019-10-10	8694	8694	8588	8634	7	-0.0077002643374324276
2019-10-11	8656	8656	8631	8634	59	0.0
2019-10-14	8714	8777	8704	8754	61	0.013898540653231484
2019-10-15	8767	8810	8757	8759	74	0.0005711674663011479
2019-10-16	8839	8844	8777	8792	18	0.0037675533736727385
2019-10-17	8801	8830	8801	8821	7	0.0032984531392175054
2019-10-18	8806	8825	8733	8735	90	-0.009749461512300162
2019-10-21	8820	8820	8714	8802	9	0.007670291929021245
2019-10-22	8873	8902	8830	8894	18	0.010452169961372437
2019-10-23	8887	8887	8704	8759	7	-0.015178772205981517
2019-10-24	8709	8747	8675	8750	5	-0.0010275145564562216
2019-10-25	8728	8772	8728	8774	5	0.002742857142857158
2019-10-28	8839	8859	8830	8850	90	0.008661955778436203
2019-10-29	8859	8859	8801	8802	5	-0.0054237288135593476
2019-10-30	8762	8762	8646	8692	792	-0.012497159736423513
2019-10-31	8684	8743	8684	8735	72	0.004947077772664565
2019-11-01	8689	8757	8689	8759	196	0.0027475672581569466
2019-11-04	8810	8907	8810	8884	81	0.014271035506336238
2019-11-05	8897	8912	8873	8913	7	0.003264295362449321
2019-11-06	8912	8912	8873	8894	29	-0.002131717715696202
2019-11-07	8892	8907	8878	8908	98217	0.0015740948954350298
2019-11-08	8868	8907	8849	8879	67945	-0.0032555006735518477
2019-11-11	8864	8864	8786	8840	10927	-0.004392386530014614
2019-11-12	8830	8849	8767	8850	4027	0.0011312217194570096
2019-11-13	8825	8825	8767	8769	5	-0.009152542372881323
2019-11-14	8777	8796	8777	8797	6	0.0031930664842056977
2019-11-15	8781	8922	8781	8869	81	0.008184608389223635
2019-11-18	8873	8873	8801	8840	72987	-0.0032698162137783093
2019-11-19	8825	8844	8806	8845	5	0.0005656108597285048
2019-11-20	8777	8786	8719	8778	66942	-0.00757490107405312
2019-11-21	8738	8738	8617	8648	42	-0.01480975165185694
2019-11-22	8680	8709	8675	8701	5	0.006128584643848356
2019-11-25	8762	8791	8719	8792	7	0.01045856798069189
2019-11-26	8791	8791	8757	8759	45213	-0.0037534121929025943
2019-11-27	8830	8830	8791	8792	5	0.0037675533736727385
2019-11-28	8728	8738	8689	8735	38	-0.006483166515013683
2019-11-29	8747	8747	8612	8634	4008	-0.011562678878076715
2019-12-02	8608	8617	8559	8561	89	-0.008454945564049132
2019-12-03	8535	8559	8501	8551	5	-0.0011680878402056116
2019-12-04	8550	8563	8505	8546	5	-0.000584726932522539
2019-12-05	8583	8583	8510	8536	156	-0.0011701380762929592
2019-12-06	8568	8608	8563	8604	156	0.007966260543580184
2019-12-09	8603	8603	8578	8594	5	-0.001162250116225061
2019-12-10	8593	8666	8593	8667	15	0.008494298347684337
2019-12-11	8656	8689	8656	8677	19431	0.001153801776854646
2019-12-12	8704	8743	8704	8730	5	0.006108101878529393
2019-12-13	8762	8791	8728	8730	42	0.0
2019-12-16	8772	8772	8699	8701	37422	-0.0033218785796105266
2019-12-17	8684	8723	8666	8725	894	0.002758303643259463
2019-12-18	8684	8714	8684	8701	4357	-0.0027507163323782224
2019-12-19	8670	8699	8670	8701	5	0.0
2019-12-20	8738	8738	8680	8716	15540	0.00172393977703722
2019-12-23	8709	8714	8684	8716	5	0.0
2019-12-24	8704	8704	8646	8657	5	-0.00676916016521345
2019-12-26	8646	8646	8636	8648	118	-0.0010396211158599789
2019-12-27	8661	8801	8661	8778	54	0.015032377428307209
2019-12-30	8747	8791	8747	8778	15	0.0
2020-01-02	8728	8728	8641	8643	17	-0.015379357484620604
2020-01-03	8661	8666	8550	8581	37688	-0.0071734351498322635
2020-01-06	8568	8568	8520	8523	5	-0.006759118983801438
2020-01-07	8550	8550	8487	8523	27825	0.0
2020-01-08	8395	8410	8309	8310	26	-0.024991200281590964
2020-01-09	8372	8391	8333	8363	21500	0.0063778580024067555
2020-01-10	8386	8405	8372	8407	49	0.005261269879230035
2020-01-13	8448	8477	8444	8474	16449	0.007969549185202762
2020-01-14	8473	8535	8473	8536	12891	0.007316497521831389
2020-01-15	8515	8568	8515	8571	23179	0.004100281162136898
2020-01-16	8515	8515	8515	8518	42543	-0.006183642515459109
2020-01-17	8568	8568	8540	8561	2036	0.0050481333646394955
2020-01-20	8550	8568	8520	8523	5	-0.004438733792781258
2020-01-21	8540	8540	8492	8498	11	-0.002933239469670279
2020-01-22	8515	8540	8487	8541	6	0.005060014120969569
2020-01-23	8473	8555	8473	8546	42	0.0005854115443155727
2020-01-28	8372	8372	8260	8281	9562	-0.03100865902176453
2020-01-29	8260	8333	8260	8314	356	0.003985025963047839
2020-01-30	8328	8328	8188	8189	1617	-0.015034880923743055
2020-01-31	8212	8231	8120	8122	856	-0.008181707168152363
2020-02-03	8129	8129	7990	8016	18	-0.013050972666830862
2020-02-04	8018	8116	8018	8089	7144	0.009106786427145686
2020-02-05	8071	8081	8043	8069	9659	-0.0024724935097045764
2020-02-06	8129	8304	8129	8261	55	0.02379477010782005
2020-02-07	8299	8304	8260	8271	5	0.0012105072025179187
2020-02-10	8202	8241	8202	8237	5	-0.004110748398017172
2020-02-11	8275	8299	8255	8271	6	0.004127716401602477
2020-02-12	8284	8294	8197	8261	7715	-0.0012090436464756715
2020-02-13	8275	8275	8202	8213	83	-0.005810434572085743
2020-02-14	8207	8212	8183	8184	6	-0.003530987458906565
2020-02-17	8173	8173	8106	8127	94	-0.006964809384164217
2020-02-18	8101	8101	7960	7996	3775	-0.016119109142364918
2020-02-19	8013	8023	7917	7948	190	-0.006003001500750393
2020-02-20	7980	7980	7845	7847	27	-0.012707599396074465
2020-02-21	7778	7783	7715	7716	1155	-0.01669427806805146
2020-02-24	7579	7579	7367	7378	49917	-0.04380508035251429
2020-02-25	7377	7440	7377	7441	42344	0.008538899430740043
2020-02-26	7377	7410	7333	7383	6286	-0.0077946512565515436
2020-02-27	7367	7450	7348	7350	36	-0.004469727752945962
2020-02-28	7314	7314	7107	7152	4803	-0.02693877551020407
2020-03-02	7170	7199	7092	7152	3140	0.0
2020-03-03	7275	7275	7175	7175	9	0.003215883668903796
2020-03-04	7189	7348	7189	7340	42	0.022996515679442497
2020-03-05	7387	7483	7387	7485	17	0.01975476839237067
2020-03-06	7348	7348	7247	7292	4219	-0.02578490313961257
2020-03-09	7092	7150	7039	7059	36	-0.03195282501371366
2020-03-10	7074	7074	7021	7046	44500	-0.0018416206261510082
2020-03-11	7092	7092	6832	6886	2163	-0.02270791938688621
2020-03-12	6895	6895	6514	6514	5	-0.05402265466163225
2020-03-13	6190	6335	5901	6226	6	-0.04421246545901136
2020-03-16	6340	6340	6122	6124	6	-0.016382910375843274
2020-03-17	5906	6084	5833	5964	4104	-0.026126714565643416
2020-03-18	5867	5867	5601	5680	52	-0.04761904761904767
2020-03-19	5645	5645	5050	5116	6408	-0.0992957746478873
2020-03-20	5211	5370	5138	5371	3184	0.04984362783424556
2020-03-23	5138	5138	4906	4942	26130	-0.07987339415378891
2020-03-24	5027	5220	5027	5221	44	0.056454876568190926
2020-03-25	5509	5678	5509	5680	21	0.08791419268339395
2020-03-26	5707	5871	5707	5781	1258	0.017781690140844963
2020-03-27	6012	6012	5650	5824	1233	0.007438159487977769
2020-03-30	5615	5867	5567	5834	43	0.001717032967033072
2020-03-31	5959	5969	5891	5969	11	0.023140212547137384
2020-04-01	5871	5987	5746	5748	5	-0.037024627240743846
2020-04-02	5775	5852	5731	5853	34293	0.018267223382046005
2020-04-03	5852	5876	5756	5878	23733	0.0042713138561421005
2020-04-06	5982	6233	5982	6235	5	0.06073494385845524
2020-04-07	6373	6441	6325	6393	6	0.025340817963111384
2020-04-08	6340	6489	6340	6451	5	0.009072422962615345
2020-04-09	6461	6499	6421	6500	42	0.0075957215935513744
2020-04-10	6552	6590	6499	6592	6	0.014153846153846183
2020-04-13	6504	6504	6378	6379	5	-0.0323118932038835
2020-04-14	6412	6519	6412	6504	5	0.01959554789151907
2020-04-16	6378	6479	6378	6481	5	-0.003536285362853664
2020-04-17	6567	6658	6567	6645	25	0.025304736923314364
2020-04-20	6639	6759	6494	6567	9078	-0.01173814898419867
2020-04-21	6577	6649	6567	6616	25	0.00746155017511807
2020-04-22	6537	6605	6461	6607	12	-0.0013603385731559836
2020-04-23	6547	6696	6547	6621	133	0.0021189647343726747
2020-04-24	6701	6720	6672	6674	7	0.008004833106781462
2020-04-27	6701	6774	6701	6775	7	0.015133353311357567
2020-04-28	6740	6818	6740	6820	5	0.006642066420664117
2020-04-29	6818	6892	6818	6884	10	0.009384164222873803
2020-05-04	6628	6686	6598	6609	954	-0.03994770482277743
2020-05-06	6657	6671	6608	6672	10	0.009532455742169876
2020-05-07	6647	6691	6647	6677	6	0.0007494004796162468
2020-05-08	6700	6740	6666	6667	41	-0.0014976785981728469
2020-05-11	6705	6725	6691	6692	6	0.0037498125093744505
2020-05-12	6652	6652	6544	6545	12	-0.021966527196652708
2020-05-13	6505	6657	6505	6658	5	0.017265087853323147
2020-05-14	6608	6608	6598	6599	5	-0.008861519975968735
2020-05-15	6652	6661	6613	6663	5	0.009698439157448169
2020-05-18	6652	6691	6623	6692	20	0.004352393816599021
2020-05-19	6902	6951	6872	6952	6	0.03885236102809331
2020-05-20	6916	6966	6877	6952	6	0.0
2020-05-21	6902	6985	6877	6971	41	0.0027330264672036364
2020-05-22	7005	7005	6877	6879	5	-0.013197532635202958
2020-05-25	6946	6946	6848	6933	5	0.007849978194504947
2020-05-26	6946	7093	6946	7064	5	0.018895139189384125
2020-05-27	7108	7231	7108	7216	19	0.021517553793884536
2020-05-28	7206	7216	7113	7133	1054	-0.011502217294900197
2020-05-29	7103	7274	7103	7275	11	0.019907472311790242
2020-06-01	7255	7318	7255	7320	6	0.006185567010309256
2020-06-02	7284	7411	7284	7383	41	0.008606557377049073
2020-06-03	7500	7613	7500	7603	382	0.029798185019639822
2020-06-04	7731	7731	7544	7555	6	-0.006313297382612104
2020-06-05	7642	7750	7608	7751	7	0.025943084050297882
2020-06-08	7780	7780	7642	7667	25	-0.01083731131466903
2020-06-09	7740	7740	7593	7628	6	-0.0050867353593322395
2020-06-10	7593	7593	7534	7555	12	-0.009570005243838442
2020-06-11	7465	7500	7367	7369	7	-0.024619457313037718
2020-06-12	7093	7123	7064	7113	7	-0.034740127561405876
2020-06-15	7020	7074	6813	6815	44	-0.04189512160832276
2020-06-16	6916	7083	6916	7084	5	0.03947175348495957
2020-06-17	7167	7167	7059	7094	5	0.0014116318464143518
2020-06-18	7059	7147	7059	7118	7	0.0033831406822666388
2020-06-19	7147	7147	7020	7020	5	-0.01376791233492558
2020-06-22	6966	6975	6916	6938	15	-0.011680911680911676
2020-06-23	6946	6946	6853	6908	5	-0.004324012683770584
2020-06-24	6857	6916	6857	6918	15	0.001447596988998212
2020-06-25	6803	6803	6705	6731	25	-0.027030933795894718
2020-06-26	6730	6813	6730	6810	41	0.011736740454612926
2020-06-29	6710	6745	6657	6672	31	-0.02026431718061672
2020-06-30	6759	6779	6710	6712	5	0.005995203836930418
2020-07-01	6759	6823	6759	6780	57	0.010131108462455352
2020-07-02	6853	6872	6853	6869	5	0.013126843657817133
2020-07-03	6907	6907	6867	6903	5	0.0049497743485222845
2020-07-06	6916	6980	6857	6981	3122	0.011299435028248483
2020-07-07	6970	6970	6912	6913	5	-0.009740724824523705
2020-07-08	6907	6912	6843	6864	1770	-0.007088094893678565
2020-07-09	6912	6912	6897	6908	6	0.0064102564102563875
2020-07-10	6813	6813	6720	6756	53	-0.0220034742327736
2020-07-13	6789	6902	6789	6893	5	0.02027827116637071
2020-07-14	6872	6936	6857	6938	11	0.006528362106484886
2020-07-15	7049	7069	6970	7040	593	0.014701643124819919
2020-07-16	7098	7098	7064	7079	5	0.005539772727272796
2020-07-17	7083	7108	7083	7089	11	0.0014126289023872474
2020-07-20	7088	7172	7074	7172	5	0.011708280434475915
2020-07-21	7157	7323	7157	7285	194	0.015755716675962095
2020-07-22	7255	7289	7216	7231	20228	-0.007412491420727529
2020-07-23	7186	7186	7083	7143	21	-0.012169824367307402
2020-07-24	7039	7132	7039	7040	46	-0.014419711605767938
2020-07-27	7074	7093	7044	7045	5	0.0007102272727272929
2020-07-28	7039	7103	7034	7104	9	0.008374733853796945
2020-07-29	7103	7182	7103	7162	6	0.0081644144144144
2020-07-30	7157	7157	7123	7123	57978	-0.005445406311086254
2020-07-31	7123	7123	7059	7064	49242	-0.008283026814544403
2020-08-03	7029	7029	6990	6991	95	-0.01033408833522087
2020-08-04	7059	7083	7044	7079	116	0.012587612644828994
2020-08-05	7044	7049	7015	7049	128	-0.004237886707162075
2020-08-06	7137	7269	7137	7226	333	0.025109944673003204
2020-08-07	7357	7357	7260	7280	9	0.007473014115693344
2020-08-10	7269	7348	7269	7334	5	0.007417582417582391
2020-08-11	7456	7510	7456	7511	15	0.024134169620943613
2020-08-12	7485	7515	7456	7496	24	-0.0019970709625881655
2020-08-13	7564	7564	7470	7472	146	-0.0032017075773745907
2020-08-14	7524	7564	7411	7565	199	0.012446466809421741
2020-08-18	7416	7416	7196	7197	279	-0.04864507600793122
2020-08-19	7241	7303	7211	7270	43	0.010143115186883378
2020-08-20	7226	7226	6946	6947	63	-0.044429160935350764
2020-08-21	7054	7069	6995	7025	206	0.011227868144522812
2020-08-24	6921	7015	6921	6986	208	-0.00555160142348754
2020-08-25	7054	7142	7054	7143	200	0.022473518465502496
2020-08-26	7142	7142	7039	7074	138	-0.009659806803863913
2020-08-27	7044	7044	6956	6957	5	-0.01653944020356235
2020-08-28	7020	7196	7020	7123	554	0.02386085956590489
2020-08-31	7241	7294	7152	7177	1030	0.007581075389583081
2020-09-01	7236	7284	7191	7241	51	0.008917374947749801
2020-09-02	7279	7323	7265	7324	5	0.011462505178842619
2020-09-03	7352	7397	7352	7398	5	0.010103768432550453
2020-09-04	7211	7441	7211	7442	5	0.005947553392808835
2020-09-07	7475	7534	7431	7457	275	0.002015587207739866
2020-09-08	7500	7500	7372	7374	23	-0.01113048142684725
2020-09-09	7338	7367	7323	7369	287	-0.0006780580417683479
2020-09-10	7465	7465	7451	7452	5	0.011263400732799633
2020-09-11	7436	7465	7406	7467	5	0.0020128824476650653
2020-09-14	7490	7593	7490	7545	655	0.010445962233828876
2020-09-15	7593	7667	7554	7667	25	0.016169648774022605
2020-09-16	7701	7765	7686	7692	99	0.003260727794443641
2020-09-17	7726	7726	7637	7638	5	-0.0070202808112324044
2020-09-18	7637	7681	7593	7682	45	0.005760670332547679
2020-09-21	7706	7706	7588	7589	48	-0.012106222337932793
2020-09-22	7524	7524	7303	7329	400	-0.034260113321913255
2020-09-23	7387	7387	7284	7339	1024	0.0013644426251875341
2020-09-24	7221	7265	7167	7197	1225	-0.01934868510696275
2020-09-25	7245	7269	7167	7167	41	-0.004168403501458973
2020-09-28	7265	7323	7265	7324	5	0.021905957862424996
2020-09-29	7397	7397	7367	7398	212	0.010103768432550453
2020-10-05	7460	7564	7460	7565	5	0.02257366855907006
2020-10-06	7578	7578	7529	7550	14	-0.00198281559814939
2020-10-07	7524	7618	7524	7618	137	0.009006622516556373
2020-10-08	7667	7726	7637	7726	45	0.01417694933053304
2020-10-12	7775	7789	7740	7761	46	0.004530157908361421
2020-10-13	7775	7789	7672	7790	314	0.0037366318773353058
2020-10-14	7740	7804	7740	7775	1019	-0.0019255455712451353
2020-10-15	7755	7814	7755	7800	26	0.003215434083601254
2020-10-16	7887	7887	7755	7770	620	-0.0038461538461538325
2020-10-19	7839	7868	7750	7785	992	0.0019305019305020377
2020-10-20	7814	7965	7814	7903	10271	0.015157353885677516
2020-10-21	7941	8054	7941	8055	3410	0.019233202581298237
2020-10-22	8000	8000	7911	7972	37	-0.010304158907510907
2020-10-23	7897	8005	7897	7986	20	0.001756146512794876
2020-10-26	7882	7960	7853	7878	43	-0.013523666416228375
2020-10-27	7848	7897	7829	7829	6	-0.0062198527545062055
2020-10-28	7780	7882	7780	7878	5	0.00625878145356995
2020-10-29	7794	7804	7750	7805	5	-0.009266311246509229
2020-10-30	7760	7760	7598	7628	7	-0.02267777065983345
2020-11-02	7662	7755	7662	7756	5	0.01678028316727853
2020-11-03	7765	7819	7765	7810	5	0.00696235172769466
2020-11-04	7834	7858	7780	7780	5	-0.003841229193341844
2020-11-05	7844	8014	7844	8016	10	0.030334190231362523
2020-11-06	8019	8019	7916	7937	48	-0.009855289421157654
2020-11-09	8157	8383	8157	8383	21	0.056192516064003994
2020-11-10	8725	8725	8612	8658	365	0.032804485267803996
2020-11-11	8622	8858	8622	8859	502	0.023215523215523115
2020-11-12	8848	8961	8833	8917	280	0.006547014335703816
2020-11-13	8917	8971	8755	8785	55	-0.014803184927666302
2020-11-16	8794	9142	8794	8981	8	0.02231075697211149
2020-11-17	9122	9122	8740	8756	176	-0.025052889433248016
2020-11-18	8701	8745	8667	8722	19	-0.0038830516217450706
2020-11-19	8627	8627	8500	8550	60	-0.01972024764962166
2020-11-20	8519	8662	8519	8653	6	0.012046783625730972
2020-11-23	8676	8863	8676	8849	13	0.02265110366346934
2020-11-24	8848	8868	8794	8829	894	-0.002260142388970543
2020-11-25	8892	8892	8667	8766	115	-0.007135575942915362
2020-11-26	8730	8730	8681	8717	2305	-0.0055897786903946756
2020-11-27	8671	8696	8667	8697	2304	-0.0022943673282092014
2020-11-30	8838	8838	8696	8697	24	0.0
2020-12-01	8735	8868	8735	8809	94	0.012878003909394087
2020-12-02	8843	8843	8706	8756	14	-0.006016573958451565
2020-12-03	8662	8770	8657	8771	365	0.001713111009593371
2020-12-04	8789	8789	8667	8712	49	-0.006726713031581344
2020-12-07	8770	8770	8485	8585	211	-0.01457759412304871
2020-12-08	8593	8681	8593	8648	35	0.007338380896913188
2020-12-09	8667	8770	8662	8771	598	0.01422294172062899
2020-12-10	8730	8941	8730	8942	165	0.019496066583057914
2020-12-11	8996	9064	8996	9060	332	0.01319615298590926
2020-12-14	9005	9005	8946	8947	127	-0.012472406181015416
2020-12-15	8922	9020	8922	9011	19	0.007153235721470974
2020-12-16	9093	9117	9054	9119	465	0.01198535123737643
2020-12-17	9117	9147	9079	9124	275	0.0005483057352779763
2020-12-18	9201	9201	9127	9138	10	0.001534414730381517
2020-12-21	9137	9137	8941	9050	50	-0.009630115999124556
2020-12-22	9025	9025	8843	8863	200	-0.020662983425414394
2020-12-23	8863	8961	8863	8908	69	0.005077287600135483
2020-12-24	8907	8971	8907	8962	282	0.0060619667714414405
2020-12-28	9015	9015	8902	8942	230	-0.0022316447221601976
2020-12-29	9176	9176	9050	9138	25	0.021919033773205143
2020-12-30	9137	9289	9137	9291	20	0.016743269862114163
2021-01-04	9500	9662	9289	9663	146	0.04003874717468525
2021-01-05	9584	9902	9584	9903	116	0.024837007140639633
2021-01-06	9946	9946	9691	9692	543	-0.021306674745026788
2021-01-07	9922	9971	9843	9933	445	0.02486586875773833
2021-01-08	9971	10010	9863	9923	645	-0.0010067451927917581
2021-01-11	10044	10044	9677	9781	960	-0.014310188451073236
2021-01-12	9687	9760	9525	9682	649	-0.010121664451487544
2021-01-13	9745	9833	9725	9791	361	0.011258004544515643
2021-01-14	9799	9902	9779	9894	23	0.010519865182310184
2021-01-15	10049	10148	9853	9884	550	-0.0010107135637760223
2021-01-18	9740	9868	9633	9643	645	-0.02438284095507892
2021-01-19	9819	9985	9819	9987	211	0.03567354557710267
2021-01-20	9985	10074	9941	10074	4266	0.008711324722138869
2021-01-21	10197	10505	10197	10506	4259	0.042882668254913714
2021-01-22	10505	10554	10392	10394	6523	-0.010660574909575504
2021-01-25	10623	10863	10623	10810	430	0.04002309024437167
2021-01-26	10883	10883	10598	10599	3110	-0.01951896392229413
2021-01-27	10726	10726	10466	10477	68	-0.011510519860364221
2021-01-28	10397	10397	10256	10266	851	-0.020139352868187466
2021-01-29	10417	10417	9873	9874	26	-0.038184297681667645
2021-02-01	9922	10202	9750	10202	3007	0.03321855377759775
2021-02-02	10402	10451	10260	10325	268	0.012056459517741702
2021-02-03	10588	10588	10471	10541	48	0.02092009685230023
2021-02-04	10746	10819	10584	10820	6281	0.026468077032539616
2021-02-05	10951	10951	10687	10766	1172	-0.004990757855822592
2021-02-08	10765	10868	10741	10785	70	0.0017648151588334215
2021-02-09	10795	10795	10672	10672	131	-0.010477515067222942
2021-02-10	10652	10765	10608	10756	671	0.007871064467766198
2021-02-15	10931	10931	10785	10844	110	0.008181480104128003
2021-02-16	10760	10760	10701	10712	55	-0.012172630025820697
2021-02-17	10593	10623	10564	10580	777	-0.01232262882748325
2021-02-18	10706	10706	10500	10560	377	-0.001890359168241984
2021-02-19	10598	10667	10441	10668	78	0.010227272727272751
2021-02-22	10628	10844	10628	10756	503	0.00824896887889004
2021-02-23	10760	10760	10628	10672	110	-0.007809594644849427
2021-02-24	10598	10736	10441	10443	224	-0.021458020989505222
2021-02-25	10549	10667	10495	10668	199	0.021545532892846886
2021-02-26	10309	10397	10265	10398	827	-0.0253093363329584
2021-03-02	10549	10549	10313	10315	359	-0.007982304289286368
2021-03-03	10211	10687	10211	10638	119	0.03131362094037815
2021-03-04	10534	10574	10456	10556	291	-0.007708215830043219
2021-03-05	10412	10598	10412	10599	9	0.004073512694202419
2021-03-08	10746	10746	10505	10506	939	-0.008774412680441546
2021-03-09	10593	10593	10285	10286	142	-0.020940415000951784
2021-03-10	10451	10451	10318	10379	257	0.009041415516235718
2021-03-11	10338	10559	10338	10551	160	0.016571924077464217
2021-03-12	10544	10760	10544	10741	286	0.018007771775187198
2021-03-15	10701	10790	10701	10771	618	0.002793036030164897
2021-03-16	10829	10898	10829	10874	92	0.00956271469687131
2021-03-17	10936	10936	10785	10898	324	0.0022070995034026986
2021-03-18	11044	11093	11025	11036	6	0.012662873921820417
2021-03-19	10912	11088	10912	11046	696	0.0009061254077564751
2021-03-22	11088	11309	11069	11246	259	0.018106101756291793
2021-03-23	11378	11442	11167	11221	1909	-0.0022230126267117623
2021-03-24	11167	11290	11162	11173	74	-0.0042776936101951435
2021-03-25	11295	11295	11142	11271	332	0.008771144723887847
2021-03-26	11491	11927	11491	11913	1873	0.056960340697364886
2021-03-29	11917	11917	11471	11531	484	-0.032065810459162236
2021-03-30	11388	11491	11319	11334	2337	-0.017084381233197443
2021-03-31	11393	11442	11349	11388	170	0.004764425622022284
2021-04-01	11304	11304	11182	11231	158	-0.013786441868633648
2021-04-02	11329	11329	11260	11271	537	0.0035615706526577195
2021-04-05	11177	11324	11152	11325	446	0.004791056694170903
2021-04-06	11324	11324	11226	11275	560	-0.004415011037527616
2021-04-07	11319	11373	11250	11374	473	0.008780487804878057
2021-04-08	11319	11358	11285	11349	267	-0.0021979954281695635
2021-04-09	11398	11398	11319	11320	271	-0.0025552912150850204
2021-04-12	11226	11270	11216	11261	221	-0.005212014134275633
2021-04-13	11255	11285	11187	11280	104	0.0016872391439481937
2021-04-14	11290	11319	11270	11295	311	0.0013297872340425343
2021-04-15	11260	11329	11250	11300	152	0.00044267374944673143
2021-04-16	11358	11417	11358	11398	389	0.008672566371681345
2021-04-19	11496	11569	11462	11570	429	0.015090366731005389
2021-04-20	11652	11672	11603	11673	56	0.008902333621434666
2021-04-21	11593	11632	11452	11496	96	-0.015163197121562555
2021-04-22	11652	11721	11608	11663	5844	0.01452679192762707
2021-04-23	11534	11583	11515	11560	119	-0.00883134699476984
2021-04-26	11706	12001	11706	11932	681	0.03217993079584769
2021-04-27	12172	12172	11903	12001	2079	0.005782769024472056
2021-04-28	12079	12147	12065	12109	64	0.00899925006249469
2021-04-29	12084	12123	11981	12109	263	0.0
2021-04-30	12035	12261	12035	12085	416	-0.001981996861838309
2021-05-03	12011	12011	11662	11662	143	-0.035002068680182075
2021-05-04	11529	11593	11402	11584	808	-0.006688389641570924
2021-05-06	11804	12261	11804	12261	225	0.05844267955801108
2021-05-07	12443	12516	12286	12502	200	0.01965581926433413
2021-05-10	12556	12855	12452	12856	459	0.028315469524875958
2021-05-11	12600	12939	12600	12880	1005	0.0018668326073427721
2021-05-12	12934	13061	12781	13018	1004	0.010714285714285676
2021-05-13	12909	13287	12698	12703	2102	-0.024197265324934714
2021-05-14	12870	12890	12526	12586	11574	-0.009210422734787005
2021-05-17	12826	12826	12565	12595	41	0.0007150802478945728
2021-05-18	12516	12718	12516	12669	201	0.005875347360063454
2021-05-20	12654	12963	12654	12964	1193	0.02328518430815385
2021-05-21	13081	13081	12845	12856	368	-0.008330762110459689
2021-05-24	13022	13106	12894	13037	191	0.014079029247044073
2021-05-25	13238	13474	13209	13445	2600	0.031295543453248476
2021-05-26	13444	13557	13410	13548	799	0.007660840461138019
2021-05-27	13626	13636	13469	13636	1225	0.006495423678771761
2021-05-28	13592	13685	13572	13592	320	-0.0032267527134056673
2021-05-31	13602	13602	13395	13435	612	-0.011550912301353744
2021-06-01	13415	13459	13268	13406	2465	-0.002158541123929991
2021-06-02	13444	13719	13444	13622	3416	0.016112188572281028
2021-06-03	13734	13734	13498	13612	357	-0.0007341065922772394
2021-06-04	13454	13494	13405	13411	556	-0.014766382603585093
2021-06-07	13405	13405	13130	13194	1798	-0.01618074714786366
2021-06-08	13027	13562	13027	13484	1071	0.021979687736850106
2021-06-09	13513	13543	13430	13430	526	-0.004004746366063516
2021-06-10	13410	13459	13248	13415	1848	-0.0011169024571854314
2021-06-11	13435	13533	13405	13479	649	0.004770778978755219
2021-06-14	13459	13557	13361	13479	2610	0.0
2021-06-15	13385	13390	13282	13391	553	-0.006528674233993614
2021-06-16	13474	13552	13474	13499	12	0.00806511836307977
2021-06-17	13459	13459	13395	13415	8	-0.006222683161715703
2021-06-18	13322	13405	13322	13406	165	-0.0006708907938874908
2021-06-21	13351	13351	13081	13116	725	-0.021632105027599602
2021-06-22	13297	13297	13194	13263	51	0.011207685269899459
2021-06-23	13174	13179	13071	13106	889	-0.01183744250923624
2021-06-24	13037	13096	12958	13013	529	-0.007095986571036161
2021-06-25	13160	13356	13160	13175	1614	0.012449089372166267
2021-06-28	13253	13385	13253	13312	108	0.010398481973434626
2021-06-29	13282	13302	13214	13214	323	-0.007361778846153855
2021-06-30	13307	13376	13297	13312	632	0.0074163765703041395
2021-07-01	13277	13277	13160	13239	524	-0.005483774038461564
2021-07-02	13263	13317	13263	13288	5	0.0037011858901729866
2021-07-05	13317	13641	13317	13641	2724	0.02656532209512341
2021-07-06	13626	13685	13582	13646	143	0.00036654204237218657
2021-07-07	13646	13646	13454	13499	323	-0.010772387512824277
2021-07-08	13494	13494	13214	13214	1584	-0.021112675012963877
2021-07-09	12934	13061	12885	12988	1023	-0.01710307249886489
2021-07-12	13115	13115	12998	13057	591	0.005312596242685652
2021-07-13	13120	13165	13110	13111	714	0.004135712644558476
2021-07-14	12973	13037	12958	13037	134	-0.005644115628098523
2021-07-15	13066	13145	13042	13111	2348	0.005676152489069608
2021-07-16	13096	13169	13071	13170	134	0.004500038135916373
2021-07-19	13169	13169	13037	13072	88	-0.007441154138192907
2021-07-20	12772	12934	12772	12851	1046	-0.016906364749082026
2021-07-21	13081	13081	12968	12988	85	0.010660648976733356
2021-07-22	13032	13110	13027	13101	1035	0.008700338774253247
2021-07-23	13096	13096	13027	13096	2462	-0.00038165025570569
2021-07-26	13110	13110	12968	12969	9	-0.009697617593158236
2021-07-27	13002	13233	13002	13101	206	0.010178117048346147
2021-07-28	12934	13194	12934	13131	3444	0.002289901534233918
2021-07-29	13184	13184	13061	13062	6385	-0.005254740689970339
2021-07-30	13012	13017	12855	12856	204	-0.01577093860052059
2021-08-02	12801	12845	12747	12787	150	-0.005367143746110803
2021-08-03	12836	12836	12570	12669	676	-0.009228122311722875
2021-08-04	12732	13052	12732	12993	270	0.025574236324887423
2021-08-05	13110	13110	13002	13062	69	0.005310551835603805
2021-08-06	13101	13140	12973	12974	1352	-0.0067370999846884105
2021-08-09	12929	12939	12894	12895	6	-0.006089101279482034
2021-08-10	12796	12796	12713	12718	1031	-0.01372625048468401
2021-08-11	12659	12816	12659	12797	32	0.006211668501336698
2021-08-12	12840	12845	12762	12821	381	0.0018754395561459969
2021-08-13	12723	12723	12551	12610	60	-0.016457374619764487
2021-08-17	12541	12541	12379	12404	57	-0.016336241078509173
2021-08-18	12438	12703	12438	12684	68	0.02257336343115135
2021-08-19	12443	12443	12163	12163	143	-0.0410753705455692
2021-08-20	12153	12153	11952	11952	317	-0.01734769382553647
2021-08-23	12089	12251	12089	12149	16	0.016482597054886305
2021-08-24	12325	12507	12320	12507	2689	0.029467445880319465
2021-08-25	12624	12693	12556	12645	79	0.011033821060206339
2021-08-26	12777	12777	12649	12699	7	0.004270462633451988
2021-08-27	12698	12836	12649	12757	470	0.0045672887628946945
2021-08-30	12904	12968	12890	12890	108	0.010425648663478837
2021-08-31	12850	13047	12811	13047	328	0.012179984484096185
2021-09-01	13047	13081	12973	13032	1071	-0.001149689583812341
2021-09-02	13076	13076	12836	12846	22	-0.014272559852670397
2021-09-03	12870	12870	12752	12782	169	-0.004982095593959235
2021-09-06	12767	12781	12737	12757	559	-0.0019558754498513187
2021-09-07	12757	12757	12673	12674	19	-0.006506231872697388
2021-09-08	12723	12723	12590	12590	42	-0.006627741833675205
2021-09-09	12610	12610	12428	12443	17	-0.011675933280381301
2021-09-10	12531	12531	12477	12527	21	0.006750783573093333
2021-09-13	12511	12536	12467	12517	69	-0.000798275724435249
2021-09-14	12698	12781	12654	12713	49	0.015658704162339276
2021-09-15	12629	12747	12629	12733	7	0.0015731927947770785
2021-09-16	12791	12791	12634	12645	272	-0.0069111756852273665
2021-09-17	12634	12698	12600	12699	8	0.004270462633451988
2021-09-23	12531	12757	12531	12748	23	0.003858571541066169
2021-09-24	12713	12791	12615	12640	295	-0.008471917163476617
2021-09-27	12742	12850	12713	12733	74	0.0073575949367088445
2021-09-28	12732	12757	12595	12595	97	-0.010837980051833784
2021-09-29	12389	12389	12212	12340	1627	-0.02024612941643511
2021-09-30	12325	12340	12168	12188	136	-0.012317666126418159
2021-10-01	12173	12173	11903	11952	18	-0.019363308171972404
2021-10-05	11765	11932	11740	11800	61	-0.012717536813922403
2021-10-06	11844	11844	11402	11432	57	-0.031186440677966054
2021-10-07	11534	11677	11431	11638	86	0.01801959412176357
2021-10-08	11637	11637	11402	11427	54	-0.01813026293177522
2021-10-12	11436	11436	11343	11353	15	-0.0064758904349347945
2021-10-13	11411	11490	11411	11471	116	0.010393728529904056
2021-10-14	11539	11632	11475	11574	935	0.008979164850492438
2021-10-15	11770	11770	11686	11687	57	0.009763262484879798
2021-10-18	11534	11578	11534	11554	8800	-0.011380165996406233
2021-10-19	11686	11686	11569	11618	4234	0.005539207200969454
2021-10-20	11632	11632	11411	11466	43	-0.013083146841108673
2021-10-21	11465	11515	11436	11446	430	-0.001744287458573135
2021-10-22	11431	11431	11313	11338	43	-0.009435610693692142
2021-10-25	11289	11480	11289	11441	340	0.009084494619862493
2021-10-26	11495	11505	11456	11505	16	0.005593916615680428
2021-10-27	11343	11343	11171	11235	230	-0.023468057366362483
2021-10-28	11210	11215	11092	11093	12	-0.012639074321317278
2021-10-29	11092	11132	10925	10945	90	-0.013341747047687758
2021-11-01	10970	11004	10925	10926	41	-0.0017359524897213596
2021-11-02	11073	11210	11058	11152	34	0.020684605528098032
2021-11-03	11078	11078	10945	10970	7	-0.016319942611190852
2021-11-04	11127	11127	10979	10980	6	0.0009115770282588365
2021-11-05	10979	10979	10832	10896	77	-0.007650273224043769
2021-11-08	11058	11058	10916	10999	22	0.009453010279001361
2021-11-09	11122	11122	10925	10960	213	-0.003545776888808083
2021-11-10	10891	10891	10807	10833	1077	-0.011587591240875939
2021-11-11	10739	10739	10675	10705	45	-0.011815748176867036
2021-11-12	10847	10847	10758	10764	43	0.005511443250817427
2021-11-15	10871	10945	10861	10891	12429	0.011798587885544443
2021-11-16	10891	10891	10807	10862	116	-0.0026627490588558844
2021-11-17	10837	10837	10606	10656	158	-0.018965199779046205
2021-11-18	10631	10660	10532	10533	85	-0.0115427927927928
2021-11-19	10596	10626	10542	10626	74	0.008829393335232139
2021-11-22	10650	10660	10611	10616	206	-0.0009410878976096049
2021-11-23	10636	10636	10532	10572	15	-0.0041446872645064525
2021-11-24	10567	10567	10444	10518	46	-0.005107832009080604
2021-11-25	10415	10434	10356	10356	158	-0.01540216771249292
2021-11-26	10356	10361	10145	10145	60	-0.020374662031672486
2021-11-29	9737	10120	9737	10008	45	-0.013504189255791
2021-11-30	10095	10095	9722	9762	23	-0.024580335731414826
2021-12-01	9766	10027	9762	10027	785	0.027146076623642657
2021-12-02	9914	10341	9914	10341	6152	0.031315448289618075
2021-12-03	10380	10503	10356	10484	118	0.013828449859781378
2021-12-06	10346	10587	10346	10582	17	0.009347577260587547
2021-12-07	10582	10714	10582	10685	678	0.009733509733509838
2021-12-08	10768	10812	10695	10695	57	0.0009358914365933391
2021-12-09	10695	10832	10695	10793	5314	0.009163160355306177
2021-12-10	10827	10842	10798	10833	3061	0.0037061058093208477
2021-12-13	10881	10974	10881	10882	56	0.004523216098956784
2021-12-14	10773	10876	10763	10828	317	-0.00496232310237088
2021-12-15	10753	10778	10685	10705	17	-0.011359438492796414
2021-12-16	10704	10773	10704	10774	36	0.006445586174684825
2021-12-17	10906	10960	10876	10960	748	0.017263783181733716
2021-12-20	10876	10876	10704	10705	276	-0.023266423357664268
2021-12-21	10793	10866	10734	10788	60	0.007753386268098961
2021-12-22	10866	10866	10773	10823	860	0.003244345569150875
2021-12-23	10891	10891	10793	10808	160	-0.001385937355631528
2021-12-24	10906	10906	10832	10833	453	0.0023131014063657585
2021-12-27	10827	10827	10739	10739	5	-0.008677190067386653
2021-12-28	10724	10724	10670	10670	1151	-0.006425179253189306
2021-12-29	10906	11024	10906	11024	20	0.033177132146204213
2021-12-30	11024	11068	10970	10995	37	-0.0026306240928882785
2022-01-03	11004	11053	10920	11014	353	0.001728058208276595
2022-01-04	11019	11019	10974	11019	5	0.00045396767750127687
2022-01-05	11009	11053	10920	10965	41	-0.004900626191124413
2022-01-06	10955	10955	10763	10764	116	-0.018331053351573146
2022-01-07	10812	10881	10807	10882	10	0.010962467484206595
2022-01-10	10852	10852	10793	10813	5	-0.006340746186362822
2022-01-11	10812	10832	10660	10705	97	-0.009987977434569473
2022-01-12	10837	10896	10812	10877	8	0.01606725829051836
2022-01-13	10979	10979	10916	10921	34	0.004045233060586462
2022-01-14	10783	10783	10714	10739	42	-0.01666514055489421
2022-01-17	10778	10778	10577	10577	45	-0.015085203464009656
2022-01-18	10601	10601	10424	10430	124	-0.013898080741231
2022-01-19	10410	10454	10336	10376	4280	-0.005177372962607896
2022-01-20	10444	10503	10400	10504	44	0.012336160370084892
2022-01-21	10474	10508	10410	10508	65	0.00038080731150036407
2022-01-24	10508	10508	10184	10214	124	-0.027978682908260333
2022-01-25	10174	10174	9860	9919	25	-0.028881926767182264
2022-01-26	10007	10046	9978	9988	9	0.0069563464058877145
2022-01-27	9987	9987	9727	9728	73	-0.02603123748498193
2022-01-28	9722	10061	9722	10062	12	0.034333881578947345
2022-02-03	10282	10282	10184	10253	58	0.018982309679984155
2022-02-04	10233	10449	10233	10450	13	0.01921388861796558
2022-02-07	10351	10439	10351	10430	10	-0.00191387559808609
2022-02-08	10611	10611	10532	10572	129	0.013614573346117043
2022-02-09	10631	10631	10572	10621	107	0.00463488460083239
2022-02-10	10606	10704	10606	10700	8	0.007438094341399193
2022-02-11	10567	10621	10518	10518	67	-0.017009345794392505
2022-02-14	10488	10508	10351	10440	70	-0.00741585852823734
2022-02-15	10508	10542	10410	10410	8	-0.002873563218390829
2022-02-16	10547	10582	10542	10582	7	0.016522574447646488
2022-02-17	10641	10935	10591	10788	10404	0.019467019467019453
2022-02-18	10724	10955	10724	10955	673	0.015480163144234282
2022-02-21	10807	10970	10807	10965	637	0.0009128251939753973
2022-02-22	10881	10965	10803	10833	321	-0.012038303693570507
2022-02-23	10871	10965	10871	10921	282	0.008123326871596115
2022-02-24	10916	10916	10758	10764	168	-0.014375972896254918
2022-02-25	10812	10857	10709	10764	398	0.0
2022-02-28	10749	10984	10749	10931	135	0.015514678558156803
2022-03-02	11038	11092	11014	11044	464	0.010337572042814047
2022-03-03	11107	11264	11107	11265	22	0.02001086562839549
2022-03-04	11299	11672	11299	11554	238	0.025654682645361637
2022-03-07	11495	11524	11230	11270	245	-0.02458023195430159
2022-03-08	11136	11186	11136	11157	110	-0.010026619343389553
2022-03-10	11318	11348	11230	11230	197	0.006542977502912883
2022-03-11	11235	11284	11215	11265	145	0.003116651825467498
2022-03-14	11284	11284	11186	11265	39	0.0
2022-03-15	11524	11544	11353	11353	2056	0.007811806480248595
2022-03-16	11495	11524	11465	11525	6	0.015150180569012628
2022-03-17	11623	11623	11569	11608	492	0.00720173535791746
2022-03-18	11623	11755	11623	11756	2788	0.01274982770503108
2022-03-21	11819	11819	11677	11677	150	-0.006719972779857142
2022-03-22	11726	11765	11716	11766	224	0.007621820673118007
2022-03-23	11844	11844	11780	11785	35	0.0016148223695393593
2022-03-24	11711	11814	11711	11810	153	0.002121340687314399
2022-03-25	11849	11912	11839	11869	113	0.004995766299745963
2022-03-28	11868	11907	11785	11829	190	-0.0033701238520515986
2022-03-29	11912	11912	11770	11770	12	-0.004987741990024497
2022-03-30	11799	11829	11799	11800	737	0.002548853016142827
2022-03-31	11898	11907	11844	11908	287	0.009152542372881323
2022-04-01	11898	11898	11804	11805	250	-0.008649647295935536
2022-04-04	11849	11917	11849	11918	6	0.009572215163066389
2022-04-05	11844	11912	11844	11893	491	-0.0020976673938580825
2022-04-06	11858	11893	11809	11893	122	0.0
2022-04-07	11750	11750	11623	11623	42	-0.022702430000840823
2022-04-08	11608	11632	11554	11633	629	0.0008603630732169076
2022-04-11	11667	11667	11588	11589	543	-0.0037823433336198198
2022-04-12	11515	11515	11485	11500	13	-0.0076796962636983546
2022-04-13	11544	11701	11539	11702	105	0.017565217391304344
2022-04-14	11706	11780	11696	11780	11	0.006665527260297344
2022-04-15	11637	11794	11637	11751	13	-0.002461799660441466
2022-04-18	11632	11780	11632	11751	177	0.0
2022-04-19	11701	11804	11701	11800	145	0.004169857884435357
2022-04-20	11799	11829	11770	11780	133	-0.0016949152542372614
2022-04-21	11839	11878	11839	11874	92	0.007979626485568714
2022-04-22	11765	11775	11701	11775	631	-0.008337544214249593
2022-04-25	11603	11603	11520	11530	7	-0.020806794055201694
2022-04-26	11520	11618	11520	11589	8681	0.005117085862966109
2022-04-27	11338	11569	11338	11520	15	-0.005953921822417829
2022-04-28	11560	11760	11560	11760	37	0.02083333333333326
2022-04-29	11785	11820	11780	11820	10	0.005102040816326481
2022-05-02	11760	11920	11760	11920	57	0.008460236886632888
2022-05-03	11920	11950	11875	11885	20	-0.002936241610738244
2022-05-04	11930	11930	11850	11850	19	-0.002944888514934796
2022-05-06	11870	11995	11870	11995	120	0.01223628691983114
2022-05-09	11955	11955	11815	11815	5	-0.015006252605252235
2022-05-10	11505	11680	11505	11680	5	-0.011426153195090993
2022-05-11	11700	11725	11690	11720	1464	0.003424657534246478
2022-05-12	11715	11895	11700	11735	3511	0.0012798634812287712
2022-05-13	11800	11915	11800	11905	2142	0.014486578610992673
2022-05-16	11945	11945	11880	11900	86	-0.00041999160016803483
2022-05-17	11955	11955	11890	11910	67	0.0008403361344537785
2022-05-18	11970	11970	11925	11950	8	0.0033585222502099388
2022-05-19	11590	11820	11590	11770	8568	-0.015062761506276168
2022-05-20	11965	12060	11965	12040	54	0.022939677145284554
2022-05-23	12020	12190	12020	12190	108	0.012458471760797396
2022-05-24	12265	12290	12130	12155	320	-0.0028712059064807116
2022-05-25	12155	12210	12140	12140	1087	-0.0012340600575894145
2022-05-26	12175	12280	12175	12190	172	0.004118616144975329
2022-05-27	12400	12400	12280	12355	1223	0.013535684987694863
2022-05-30	12490	12490	12340	12375	1574	0.0016187778227438887
2022-05-31	12395	12460	12350	12430	463	0.004444444444444473
2022-06-02	12385	12385	12310	12330	379	-0.008045052292839916
2022-06-03	12370	12405	12290	12350	662	0.0016220600162206722
2022-06-07	12365	12385	12310	12335	193	-0.0012145748987854033
2022-06-08	12290	12290	12195	12195	408	-0.011349817592217315
2022-06-09	12190	12190	12100	12190	117	-0.00041000410004099486
2022-06-10	11965	12110	11965	12105	25	-0.006972928630024633
2022-06-13	12020	12020	11765	11765	381	-0.028087567121024337
2022-06-14	11600	11825	11560	11825	29	0.0050998725031874415
2022-06-15	11825	11825	11515	11515	11	-0.026215644820296036
2022-06-16	11700	11775	11570	11570	15	0.004776378636561107
2022-06-17	11315	11460	11315	11400	58	-0.014693171996542742
2022-06-20	11520	11520	11185	11185	12	-0.01885964912280702
2022-06-21	11200	11335	11190	11295	141	0.009834599910594655
2022-06-22	11495	11495	11000	11000	946	-0.026117751217352825
2022-06-23	11010	11010	10720	10720	244	-0.025454545454545507
2022-06-24	10750	10935	10745	10935	226	0.020055970149253755
2022-06-27	10990	11155	10990	11100	15	0.015089163237311354
2022-06-28	11175	11360	11175	11340	7	0.021621621621621623
2022-06-29	11185	11310	11185	11310	55	-0.002645502645502673
2022-06-30	11270	11295	11130	11155	4007	-0.013704686118479192
2022-07-01	11255	11255	11025	11035	15	-0.01075750784401619
2022-07-04	11085	11085	10800	10905	5	-0.011780697779791627
2022-07-05	10860	11020	10860	11020	5	0.010545621274644645
2022-07-06	11005	11005	10660	10660	16	-0.03266787658802173
2022-07-07	10700	10830	10695	10770	15	0.010318949343339545
2022-07-08	10915	10955	10850	10930	191	0.01485608170844932
2022-07-11	10810	10810	10730	10735	17	-0.01784080512351327
2022-07-12	10670	10670	10620	10660	6	-0.006986492780624132
2022-07-13	10655	10705	10655	10665	5	0.00046904315197005
2022-07-14	10625	10760	10620	10710	8	0.00421940928270037
