Date	Open	High	Low	Close	Volume	Change
2018-02-07	8811	8825	8624	8628	302	
2018-02-08	8689	8689	8657	8667	544	0.004520166898470013
2018-02-09	8432	8432	8427	8430	2	-0.027345102111457242
2018-02-12	8581	8581	8581	8587	107	0.01862396204033212
2018-02-13	8619	8619	8619	8624	0	0.004308838942587601
2018-02-14	8731	8731	8731	8737	267	0.013102968460111386
2018-02-19	8815	8815	8815	8821	1	0.009614284079203284
2018-02-20	8746	8746	8712	8718	535	-0.011676680648452509
2018-02-21	8726	8726	8726	8732	1	0.001605872906629946
2018-02-22	8689	8689	8689	8694	0	-0.004351809436555221
2018-02-23	8791	8791	8777	8785	112	0.01046698872785834
2018-02-26	8787	8787	8787	8792	0	0.0007968127490038945
2018-02-27	8854	8854	8854	8858	267	0.007506824385805189
2018-02-28	8763	8763	8746	8751	212	-0.012079476179724491
2018-03-02	8581	8581	8571	8577	108	-0.019883441892355136
2018-03-05	8541	8541	8541	8544	107	-0.0038474991255683655
2018-03-06	8629	8629	8629	8632	0	0.010299625468164875
2018-03-07	8685	8685	8685	8689	107	0.006603336422613459
2018-03-08	8707	8707	8707	8713	5	0.002762113016457679
2018-03-09	8862	8866	8862	8872	319	0.018248594054860456
2018-03-12	8931	8931	8931	8938	0	0.007439134355275101
2018-03-13	9002	9002	9002	9009	0	0.007943611546207263
2018-03-14	8998	8998	8998	9004	0	-0.0005550005550005732
2018-03-15	8998	8998	8998	9004	1	0.0
2018-03-16	8993	8993	8993	8999	0	-0.0005553087516658728
2018-03-19	8941	8941	8941	8947	1	-0.005778419824424952
2018-03-20	8941	8941	8941	8947	0	0.0
2018-03-21	8979	8979	8975	8979	21	0.003576617860735487
2018-03-22	9002	9025	9002	9031	6	0.0057912907896202626
2018-03-23	8815	8815	8815	8821	27	-0.023253238843981894
2018-03-26	8787	8787	8787	8792	0	-0.0032876091146128994
2018-03-27	8796	8796	8796	8801	2	0.0010236578707916166
2018-03-28	8699	8699	8699	8704	0	-0.011021474832405453
2018-03-29	8731	8731	8731	8737	0	0.0037913602941177516
2018-03-30	8840	8840	8806	8811	2	0.008469726450726744
2018-04-02	8767	8767	8767	8775	0	-0.0040858018386108474
2018-04-03	8689	8689	8689	8694	1	-0.009230769230769265
2018-04-04	8704	8712	8661	8667	35	-0.0031055900621117516
2018-04-05	8717	8717	8717	8722	10	0.006345909772700997
2018-04-06	8685	8685	8685	8689	0	-0.0037835358862645663
2018-04-09	8657	8657	8657	8662	10	-0.0031073771435148334
2018-04-10	8741	8741	8726	8746	80	0.009697529438928765
2018-04-11	8712	8712	8712	8718	0	-0.0032014635261834457
2018-04-12	8758	8758	8758	8765	54	0.005391144757971977
2018-04-13	8796	8796	8758	8765	124	0.0
2018-04-16	8758	8758	8758	8765	0	0.0
2018-04-17	8767	8767	8758	8765	2	0.0
2018-04-18	8866	8866	8866	8872	0	0.0122076440387906
2018-04-19	8919	8919	8919	8923	0	0.005748422001803366
2018-04-20	8874	8874	8874	8882	0	-0.004594867197130981
2018-04-23	8874	8874	8874	8882	0	0.0
2018-04-24	8835	8835	8835	8839	0	-0.004841251970276961
2018-04-25	8746	8746	8746	8751	10	-0.009955877361692456
2018-04-26	8862	8862	8862	8867	0	0.013255627928236757
2018-04-27	8920	8920	8920	8923	10	0.006315552046915585
2018-04-30	8962	8962	8962	8965	10	0.0047069371287682404
2018-05-02	8962	8962	8962	8965	0	0.0
2018-05-03	8942	8942	8942	8947	0	-0.0020078081427774563
2018-05-04	8820	8820	8820	8824	0	-0.013747624902201827
2018-05-08	8806	8806	8806	8811	0	-0.0014732547597461343
2018-05-09	8746	8746	8746	8751	0	-0.006809669731018042
2018-05-10	8787	8787	8787	8792	0	0.0046851788367043845
2018-05-11	8849	8849	8849	8853	1	0.006938125568698883
2018-05-14	8849	8849	8777	8785	24	-0.0076810120862984554
2018-05-15	8731	8731	8731	8737	1	-0.005463858850313086
2018-05-16	8746	8746	8746	8751	0	0.001602380679867288
2018-05-17	8722	8722	8722	8727	0	-0.0027425437092903904
2018-05-18	8722	8722	8722	8727	0	0.0
2018-05-21	8746	8746	8746	8751	0	0.0027500859401856648
2018-05-23	8801	8801	8801	8806	0	0.006284996000457177
2018-05-24	8801	8801	8801	8806	1	0.0
2018-05-25	8801	8801	8801	8806	1	0.0
2018-05-28	8806	8806	8806	8811	0	0.0005677946854416582
2018-05-29	8754	8754	8754	8760	0	-0.0057882192713653025
2018-05-30	8568	8568	8568	8573	107	-0.02134703196347032
2018-05-31	8581	8581	8581	8587	0	0.001633033943776896
2018-06-01	8609	8609	8609	8616	107	0.0033771980901362575
2018-06-04	8657	8657	8657	8662	1	0.005338904363973995
2018-06-05	8699	8699	8699	8704	0	0.004848764719464382
2018-06-07	8736	8736	8736	8741	0	0.004250919117646967
2018-06-08	8694	8694	8694	8699	281	-0.00480494222628991
2018-06-11	8722	8722	8722	8727	0	0.0032187607771008153
2018-06-12	8722	8722	8722	8727	0	0.0
2018-06-14	8595	8595	8595	8602	0	-0.014323364271800143
2018-06-15	8541	8541	8541	8544	10	-0.006742617995814881
2018-06-18	8408	8408	8408	8413	0	-0.015332397003745335
2018-06-19	8315	8315	8315	8320	0	-0.011054320694163788
2018-06-20	8389	8389	8363	8364	2	0.005288461538461631
2018-06-21	8315	8315	8315	8320	1	-0.005260640841702524
2018-06-22	8328	8328	8328	8333	0	0.0015624999999999112
2018-06-25	8328	8328	8328	8333	0	0.0
2018-06-26	8328	8328	8328	8333	0	0.0
2018-06-27	8328	8328	8328	8333	0	0.0
2018-06-28	8229	8229	8229	8235	0	-0.011760470418816782
2018-06-29	8258	8258	8258	8263	0	0.003400121432908243
2018-07-02	8109	8109	8109	8113	0	-0.018153213118721978
2018-07-03	8109	8109	8109	8113	0	0.0
2018-07-04	8109	8109	8109	8113	11	0.0
2018-07-05	8095	8095	8095	8098	0	-0.0018488845063477921
2018-07-06	8095	8095	8095	8098	0	0.0
2018-07-09	8161	8161	8161	8163	0	0.008026673252655048
2018-07-10	8189	8189	8189	8192	0	0.0035526154600025173
2018-07-11	8175	8175	8175	8178	0	-0.001708984375
2018-07-12	8146	8146	8146	8151	0	-0.0033015407190022383
2018-07-13	8258	8258	8258	8263	0	0.013740645319592737
2018-07-16	8249	8249	8249	8253	0	-0.0012102142079147837
2018-07-17	8234	8234	8234	8240	0	-0.0015751847812917052
2018-07-18	8234	8234	8234	8240	0	0.0
2018-07-19	8234	8234	8234	8240	0	0.0
2018-07-20	8234	8234	8234	8240	0	0.0
2018-07-23	8189	8189	8189	8192	0	-0.005825242718446644
2018-07-24	8189	8189	8189	8192	0	0.0
2018-07-25	8202	8202	8202	8207	1	0.0018310546875
2018-07-26	8202	8202	8202	8207	0	0.0
2018-07-27	8225	8225	8225	8230	0	0.002802485682953604
2018-07-30	8225	8225	8225	8230	0	0.0
2018-07-31	8225	8225	8225	8230	0	0.0
2018-08-01	8234	8234	8234	8240	0	0.0012150668286756705
2018-08-02	8118	8118	8118	8123	0	-0.014199029126213625
2018-08-03	8127	8127	8127	8132	0	0.0011079650375476202
2018-08-06	8127	8127	8127	8132	0	0.0
2018-08-07	8189	8189	8189	8192	0	0.0073782587309394465
2018-08-08	8193	8193	8193	8197	0	0.0006103515625
2018-08-09	8198	8198	8198	8202	0	0.0006099792607050514
2018-08-10	8113	8113	8113	8118	0	-0.01024140453547917
2018-08-13	8005	8005	8005	8010	0	-0.013303769401330379
2018-08-14	8015	8015	8015	8019	0	0.0011235955056179137
2018-08-16	7949	7949	7949	7954	0	-0.008105748846489624
2018-08-17	7968	7968	7968	7973	120	0.0023887352275584472
2018-08-20	7954	7954	7954	7958	0	-0.0018813495547472803
2018-08-21	8029	8029	8029	8031	0	0.009173159085197335
2018-08-22	8067	8067	8067	8070	0	0.004856182293612177
2018-08-23	8100	8100	8100	8103	0	0.004089219330855043
2018-08-24	8122	8122	8122	8128	0	0.003085277057879754
2018-08-27	8175	8175	8175	8178	0	0.00615157480314954
2018-08-28	8179	8179	8179	8183	0	0.0006113964294447438
2018-08-29	8207	8207	8207	8212	0	0.003543932543077055
2018-08-30	8216	8216	8216	8222	0	0.001217730150998575
2018-08-31	8305	8305	8305	8311	0	0.010824616881537352
2018-09-03	8229	8229	8229	8235	0	-0.009144507279509106
2018-09-04	8239	8239	8239	8245	0	0.0012143290831816422
2018-09-05	8212	8212	8202	8207	10	-0.004608853850818662
2018-09-06	8100	8100	8100	8103	0	-0.012672109175094426
2018-09-07	8039	8039	8039	8041	0	-0.00765148710354191
2018-09-10	8039	8039	8039	8041	0	0.0
2018-09-11	8019	8019	8019	8023	0	-0.002238527546325031
2018-09-12	8005	8005	8005	8010	0	-0.001620341518135393
2018-09-13	7996	7996	7996	8000	0	-0.0012484394506866447
2018-09-14	8105	8105	8105	8108	3	0.013500000000000068
2018-09-17	8072	8072	8072	8075	0	-0.004070054267390266
2018-09-18	8072	8072	8072	8075	10	0.0
2018-09-19	8095	8095	8095	8098	0	0.0028482972136223417
2018-09-20	8175	8175	8175	8178	0	0.00987898246480623
2018-09-21	8225	8225	8225	8230	0	0.0063585228662264015
2018-09-27	8286	8286	8286	8292	0	0.007533414337788535
2018-09-28	8272	8272	8272	8278	0	-0.0016883743367100967
2018-10-01	8272	8272	8272	8278	0	0.0
2018-10-02	8179	8179	8179	8183	0	-0.011476201981154843
2018-10-04	8049	8049	8049	8051	0	-0.01613100329952344
2018-10-05	8024	8024	8024	8028	1	-0.0028567879766489
2018-10-08	8005	8005	8005	8010	0	-0.0022421524663677195
2018-10-10	7968	7968	7968	7973	0	-0.004619225967540608
2018-10-11	7625	7625	7625	7631	0	-0.04289476984823781
2018-10-12	7720	7720	7720	7725	0	0.012318175861617098
2018-10-15	7691	7691	7691	7697	0	-0.0036245954692556426
2018-10-16	7677	7677	7677	7683	0	-0.0018188904768091652
2018-10-17	7733	7733	7733	7739	0	0.00728881947156057
2018-10-18	7691	7691	7691	7697	0	-0.005427057759400444
2018-10-19	7691	7691	7691	7697	0	0.0
2018-10-22	7711	7711	7711	7715	0	0.0023385734701832916
2018-10-23	7562	7562	7562	7565	0	-0.01944264419961117
2018-10-24	7562	7562	7562	7565	1	0.0
2018-10-25	7399	7399	7399	7407	0	-0.020885657633840093
2018-10-26	7320	7320	7320	7327	0	-0.010800594032671751
2018-10-29	7280	7280	7280	7284	0	-0.005868704790500834
2018-10-30	7291	7291	7291	7298	0	0.0019220208676551387
2018-10-31	7373	7373	7373	7377	0	0.010824883529734208
2018-11-01	7368	7368	7368	7373	2	-0.0005422258370610944
2018-11-02	7570	7570	7570	7575	0	0.027397260273972712
2018-11-05	7527	7527	7527	7533	0	-0.0055445544554455495
2018-11-06	7527	7527	7527	7533	0	0.0
2018-11-07	7527	7527	7527	7533	0	0.0
2018-11-08	7557	7557	7557	7560	0	0.0035842293906809264
2018-11-09	7557	7557	7557	7560	0	0.0
2018-11-12	7589	7601	7575	7603	1517828	0.005687830687830742
2018-11-13	7480	7518	7399	7523	1746279	-0.010522162304353544
2018-11-14	7504	7504	7471	7496	2346128	-0.003588993752492331
2018-11-15	7499	7532	7461	7538	2147593	0.005602988260405617
2018-11-16	7557	7606	7527	7533	2166817	-0.0006633059166887278
2018-11-19	7542	7552	7508	7541	2154018	0.001061993893535007
2018-11-20	7457	7471	7424	7453	2167	-0.01166953984882646
2018-11-21	7378	7404	7339	7402	7	-0.006842882060915101
2018-11-22	7414	7414	7414	7422	1	0.0027019724398811285
2018-11-23	7409	7409	7343	7350	8	-0.009700889248181133
2018-11-26	7434	7434	7434	7439	0	0.012108843537415037
2018-11-27	7466	7499	7466	7505	7	0.008872160236590876
2018-11-28	7485	7499	7485	7505	5	0.0
2018-11-29	7601	7611	7601	7617	7	0.014923384410393092
2018-11-30	7547	7547	7466	7473	7	-0.018905080740448943
2018-12-03	7570	7601	7570	7608	2	0.018065034122842327
2018-12-04	7547	7547	7547	7551	3	-0.007492113564668723
2018-12-05	7475	7475	7475	7483	10	-0.00900542974440477
2018-12-06	7358	7358	7358	7363	0	-0.01603634905786444
2018-12-07	7358	7358	7353	7359	15	-0.0005432568246638292
2018-12-10	7289	7289	7289	7293	0	-0.008968609865470878
2018-12-11	7280	7280	7280	7284	7	-0.0012340600575894145
2018-12-12	7339	7339	7339	7345	0	0.008374519494783073
2018-12-13	7368	7368	7368	7373	0	0.0038121170864533482
2018-12-14	7271	7271	7271	7274	0	-0.013427370134273753
2018-12-17	7271	7271	7271	7274	0	0.0
2018-12-18	7257	7257	7257	7260	1	-0.0019246631839427986
2018-12-19	7285	7285	7285	7289	0	0.003994490358126823
2018-12-20	7242	7242	7242	7246	0	-0.005899300315543976
2018-12-21	7224	7224	7224	7227	13	-0.0026221363510902096
2018-12-24	7219	7219	7204	7209	9	-0.00249066002490661
2018-12-26	7153	7153	7153	7157	0	-0.00721320571507833
2018-12-27	7224	7224	7224	7227	0	0.009780634343998784
2018-12-28	7266	7266	7266	7269	0	0.00581154005811535
2019-01-02	7195	7195	7195	7200	0	-0.009492364836978906
2019-01-03	7111	7111	7111	7115	0	-0.011805555555555514
2019-01-04	7116	7116	7116	7120	0	0.0007027406886859211
2019-01-07	7234	7234	7234	7237	0	0.016432584269662875
2019-01-08	7234	7234	7234	7237	3	0.0
2019-01-09	7348	7348	7348	7355	0	0.016305098797844364
2019-01-10	7358	7358	7358	7363	0	0.0010876954452754273
2019-01-11	7434	7434	7434	7439	1	0.01032187966861331
2019-01-14	7353	7353	7353	7359	1	-0.01075413362011024
2019-01-15	7489	7489	7489	7496	1	0.01861665987226524
2019-01-16	7575	7575	7575	7580	1	0.011205976520811012
2019-01-17	7592	7601	7592	7608	57	0.003693931398416783
2019-01-18	7620	7620	7620	7626	0	0.0023659305993690705
2019-01-21	7663	7663	7663	7669	1	0.005638604773144484
2019-01-22	7615	7615	7615	7622	0	-0.006128569565784336
2019-01-23	7580	7580	7580	7585	12	-0.004854368932038833
2019-01-24	7701	7701	7701	7705	0	0.015820698747528006
2019-01-25	7870	7870	7870	7875	0	0.022063595068137598
2019-01-28	7875	7875	7875	7880	1	0.0006349206349205438
2019-01-29	7903	7903	7903	7907	0	0.0034263959390863352
2019-01-30	8034	8034	8034	8036	2	0.016314657898065077
2019-01-31	8053	8053	8053	8056	1	0.00248880039820798
2019-02-01	8057	8057	8057	8061	1	0.0006206554121150898
2019-02-07	8009	8009	8009	8014	1	-0.005830542116362691
2019-02-08	7884	7884	7884	7888	0	-0.01572248565011225
2019-02-11	7884	7884	7884	7888	0	0.0
2019-02-12	7930	7930	7930	7934	0	0.0058316430020284304
2019-02-13	7978	7978	7978	7981	0	0.005923871943534165
2019-02-14	8113	8113	8113	8118	1	0.017165768700664108
2019-02-15	8029	8034	8029	8036	12	-0.010101010101010055
2019-02-18	8019	8019	8019	8023	0	-0.0016177202588352202
2019-02-19	7917	7917	7917	7921	1	-0.012713448834600571
2019-02-20	8076	8076	8076	8080	0	0.020073223077894164
2019-02-21	8076	8076	8076	8080	0	0.0
2019-02-22	8080	8080	8080	8084	0	0.0004950495049504955
2019-02-25	8085	8085	8085	8089	0	0.0006185056902523467
2019-02-26	8076	8076	8076	8080	0	-0.0011126220793670205
2019-02-27	8076	8076	8076	8080	0	0.0
2019-02-28	7968	7968	7968	7973	107	-0.013242574257425699
2019-03-04	7922	7922	7922	7926	0	-0.005894895271541412
2019-03-05	7860	7860	7860	7866	0	-0.007570022710068125
2019-03-06	7851	7851	7851	7856	0	-0.001271294177472626
2019-03-07	7860	7860	7860	7866	222	0.001272912423625261
2019-03-08	7728	7728	7728	7735	0	-0.01665395372489198
2019-03-11	7728	7728	7728	7735	0	0.0
2019-03-12	7784	7784	7784	7791	0	0.007239819004524861
2019-03-13	7761	7761	7761	7766	0	-0.0032088307020921025
2019-03-14	7761	7761	7761	7766	0	0.0
2019-03-15	7837	7837	7837	7841	0	0.009657481328869455
2019-03-18	7837	7837	7828	7833	2	-0.0010202780257619892
2019-03-19	7828	7828	7828	7833	0	0.0
2019-03-20	7833	7833	7833	7837	0	0.0005106600280861961
2019-03-21	7935	7935	7935	7939	0	0.013015184381778733
2019-03-22	7963	7963	7963	7968	0	0.003652853004156631
2019-03-25	7823	7823	7823	7828	0	-0.01757028112449799
2019-03-26	7823	7823	7823	7828	0	0.0
2019-03-27	7813	7813	7813	7819	0	-0.0011497189575881972
2019-03-28	7771	7771	7771	7776	0	-0.005499424478833559
2019-03-29	7776	7776	7776	7781	0	0.000643004115226331
2019-04-01	7889	7889	7889	7892	0	0.014265518570877767
2019-04-02	7954	7954	7954	7958	10	0.008362899138367963
2019-04-03	8053	8053	8053	8056	0	0.012314651922593622
2019-04-04	8076	8080	8076	8084	435	0.0034756703078451245
2019-04-05	8090	8095	8090	8098	320	0.0017318159327066596
2019-04-08	8156	8156	8105	8108	214	0.001234872808100862
2019-04-09	8085	8105	8076	8108	1657	0.0
2019-04-10	8072	8072	8072	8075	319	-0.004070054267390266
2019-04-11	8076	8076	8076	8080	0	0.0006191950464395912
2019-04-12	8072	8095	8072	8098	1548	0.0022277227722771187
2019-04-15	8189	8189	8184	8188	224	0.01111385527290687
2019-04-16	8193	8193	8193	8197	641	0.0010991695163653503
2019-04-17	8179	8179	8179	8183	107	-0.0017079419299743659
2019-04-18	8024	8024	8024	8028	641	-0.018941708419894954
2019-04-19	8024	8024	8024	8028	0	0.0
2019-04-22	8024	8024	8024	8028	0	0.0
2019-04-23	8029	8049	8029	8051	14	0.002864972595914228
2019-04-24	8057	8057	7930	7954	35	-0.012048192771084376
2019-04-25	7930	7973	7930	7968	10	0.0017601206939903413
2019-04-26	7944	7944	7889	7892	23	-0.009538152610441775
2019-04-29	7880	8027	7880	8030	11	0.017486061834769417
2019-04-30	8018	8047	7984	8049	11	0.0023661270236612353
2019-05-02	7951	8042	7951	8044	10	-0.0006211951795254134
2019-05-03	8003	8003	8003	8007	2	-0.004599701640974674
2019-05-07	7894	7894	7894	7897	1	-0.013737979268140355
2019-05-08	7889	7894	7889	7897	2	0.0
2019-05-09	7851	7851	7693	7698	2	-0.02519944282638975
2019-05-10	7693	7693	7589	7640	20	-0.007534424525850847
2019-05-13	7580	7580	7580	7584	0	-0.007329842931937169
2019-05-14	7536	7580	7536	7584	2	0.0
2019-05-15	7580	7580	7580	7584	0	0.0
2019-05-16	7522	7541	7522	7545	3	-0.005142405063291111
2019-05-17	7445	7445	7445	7450	0	-0.012591119946984808
2019-05-20	7497	7502	7469	7475	5	0.003355704697986628
2019-05-21	7459	7589	7459	7540	60	0.008695652173912993
2019-05-22	7507	7561	7473	7555	19	0.0019893899204244114
2019-05-23	7546	7546	7546	7550	0	-0.0006618133686300265
2019-05-24	7502	7502	7445	7450	4	-0.013245033112582738
2019-05-27	7450	7464	7431	7441	40	-0.0012080536912751905
2019-05-28	7464	7502	7440	7508	4	0.00900416610670618
2019-05-29	7391	7391	7391	7398	1	-0.014651038891848711
2019-05-30	7431	7431	7411	7431	5	0.0044606650446066265
2019-05-31	7391	7455	7388	7455	23	0.0032297133629390906
2019-06-03	7455	7585	7455	7589	4	0.01797451374916159
2019-06-04	7551	7551	7536	7540	5	-0.006456713664514391
2019-06-05	7596	7596	7556	7559	10	0.002519893899204151
2019-06-07	7517	7570	7517	7550	6	-0.001190633681703912
2019-06-10	7601	7656	7580	7640	12	0.01192052980132452
2019-06-11	7646	7651	7641	7655	4	0.0019633507853402676
2019-06-12	7713	7713	7669	7675	7	0.0026126714565644082
2019-06-13	7636	7636	7556	7599	4	-0.00990228013029315
2019-06-14	7592	7601	7589	7599	5	0.0
2019-06-17	7575	7580	7575	7584	5	-0.001973943939992062
2019-06-18	7606	7621	7606	7612	11	0.003691983122362963
2019-06-19	7713	7717	7683	7722	7	0.014450867052023142
2019-06-20	7703	7736	7703	7741	5	0.002460502460502445
2019-06-21	7726	7746	7713	7727	23	-0.0018085518666839384
2019-06-24	7722	7750	7722	7727	6	0.0
2019-06-25	7726	7741	7726	7746	2	0.0024589103144816438
2019-06-26	7717	7736	7717	7732	8	-0.0018073844564936437
2019-06-27	7754	7807	7754	7813	3	0.010475944128297998
2019-06-28	7832	7841	7832	7845	14	0.004095737872776173
2019-07-01	7865	7865	7827	7832	9	-0.0016571064372211675
2019-07-02	7746	7802	7746	7808	22	-0.003064351378958108
2019-07-03	7703	7703	7703	7707	0	-0.012935450819672178
2019-07-04	7703	7703	7703	7707	3	0.0
2019-07-05	7754	7754	7713	7737	14	0.003892565200467102
2019-07-08	7556	7585	7556	7559	11	-0.023006333204084295
2019-07-09	7585	7596	7580	7594	15	0.0046302420955153245
2019-07-10	7616	7626	7616	7631	5	0.004872267579668188
2019-07-11	7669	7683	7669	7689	2	0.007600576595465869
2019-07-12	7679	7703	7674	7698	7	0.001170503316425986
2019-07-15	7664	7736	7664	7741	8	0.005585866458820421
2019-07-16	7731	7731	7713	7717	5	-0.0031003746286009104
2019-07-17	7688	7688	7688	7693	1	-0.0031100168459246014
2019-07-18	7688	7688	7688	7693	1	0.0
2019-07-19	7736	7792	7736	7798	5	0.01364877161055511
2019-07-22	7769	7769	7769	7774	1	-0.0030777122339061824
2019-07-23	7851	7851	7841	7845	199	0.009133007460766729
2019-07-24	7797	7822	7741	7746	13	-0.012619502868068788
2019-07-25	7741	7741	7741	7746	0	0.0
2019-07-26	7703	7726	7703	7732	8	-0.0018073844564936437
2019-07-29	7703	7703	7606	7617	54	-0.014873254009311943
2019-07-30	7641	7641	7641	7645	1	0.0036759879217540536
2019-07-31	7631	7631	7631	7636	1	-0.0011772400261609306
2019-08-01	7507	7575	7507	7564	20	-0.0094290204295443
2019-08-02	7421	7455	7421	7450	8	-0.015071390798519269
2019-08-05	7364	7364	7280	7283	6	-0.022416107382550288
2019-08-06	7089	7212	7089	7177	11	-0.014554441850885613
2019-08-07	7185	7202	7185	7206	3	0.004040685523199139
2019-08-08	7185	7202	7185	7197	7	-0.0012489592006661443
2019-08-09	7198	7217	7198	7211	4	0.0019452549673475428
2019-08-12	7212	7237	7212	7235	7	0.003328248509222087
2019-08-13	7160	7160	7160	7163	1	-0.009951624049758134
2019-08-14	7241	7256	7212	7216	7	0.007399134440876809
2019-08-16	7130	7190	7130	7192	8	-0.003325942350332567
2019-08-19	7193	7222	7193	7216	26	0.0033370411568409697
2019-08-20	7198	7275	7193	7278	16	0.008592017738359159
2019-08-21	7305	7305	7296	7302	7	0.0032976092333059093
2019-08-22	7280	7280	7270	7273	3	-0.003971514653519637
2019-08-23	7232	7251	7227	7253	8	-0.002749896878867064
2019-08-26	7089	7103	7089	7106	3	-0.020267475527367962
2019-08-27	7150	7185	7150	7163	24	0.008021390374331583
2019-08-28	7175	7222	7175	7225	11	0.008655591232723747
2019-08-29	7170	7190	7160	7163	177	-0.008581314878892687
2019-08-30	7265	7334	7265	7341	7	0.024849923216529346
2019-09-02	7310	7324	7310	7332	3	-0.001225991009399241
2019-09-03	7296	7296	7296	7302	0	-0.004091653027823217
2019-09-04	7288	7329	7288	7317	4	0.0020542317173377622
2019-09-05	7431	7492	7431	7499	2	0.024873582069154132
2019-09-06	7526	7531	7522	7536	14	0.004933991198826426
2019-09-09	7565	7565	7565	7569	1	0.004378980891719841
2019-09-10	7585	7592	7585	7599	2	0.003963535473642477
2019-09-11	7664	7664	7664	7670	1	0.009343334649295931
2019-09-16	7659	7683	7659	7689	6	0.0024771838331161256
2019-09-17	7698	7698	7683	7689	9	0.0
2019-09-18	7688	7731	7688	7732	8	0.005592404734035661
2019-09-19	7783	7807	7783	7813	3	0.010475944128297998
2019-09-20	7807	7832	7802	7836	6	0.0029438115960578326
2019-09-23	7822	7832	7807	7836	19	0.0
2019-09-24	7802	7802	7802	7808	2	-0.0035732516590096797
2019-09-25	7788	7788	7764	7769	20	-0.004994877049180335
2019-09-26	7774	7792	7736	7760	17	-0.0011584502509975891
2019-09-27	7708	7726	7708	7732	4	-0.0036082474226803996
2019-09-30	7646	7750	7646	7756	14	0.003103983445421621
2019-10-01	7726	7783	7726	7756	18	0.0
2019-10-02	7683	7703	7641	7645	10	-0.014311500773594665
2019-10-04	7589	7669	7589	7612	12	-0.004316546762589968
2019-10-07	7636	7636	7601	7612	11	0.0
2019-10-08	7674	7674	7674	7680	1	0.008933263268523284
2019-10-10	7636	7679	7585	7684	7	0.0005208333333333037
2019-10-11	7713	7746	7708	7751	10	0.008719416970327964
2019-10-14	7822	7856	7822	7832	9	0.01045026448200237
2019-10-15	7812	7822	7807	7813	5	-0.0024259448416751317
2019-10-16	7856	7865	7856	7865	19	0.006655574043261225
2019-10-17	7832	7832	7832	7836	1	-0.003687221869040025
2019-10-18	7846	7875	7788	7793	5	-0.005487493619193429
2019-10-21	7759	7792	7759	7784	13	-0.0011548825869369672
2019-10-22	7841	7884	7841	7880	3	0.012332990750256956
2019-10-23	7860	7899	7860	7902	2	0.0027918781725888575
2019-10-24	7931	7931	7884	7902	8	0.0
2019-10-25	7894	7894	7894	7897	1	-0.0006327512022272774
2019-10-28	7941	7941	7914	7931	8	0.004305432442699653
2019-10-29	7923	7923	7914	7917	2	-0.001765225066195919
2019-10-30	7884	7884	7865	7870	9	-0.005936592143488739
2019-10-31	7894	7947	7894	7950	7	0.010165184243964509
2019-11-01	7880	7937	7880	7940	19	-0.0012578616352201255
2019-11-04	8014	8014	8014	8017	2	0.009697732997481001
2019-11-05	8062	8139	8053	8142	8	0.015591867282025662
2019-11-06	8129	8148	8129	8152	6	0.001228199459592183
2019-11-07	8124	8124	8124	8128	4	-0.0029440628066732533
2019-11-08	8148	8148	8101	8103	7	-0.00307578740157477
2019-11-11	8072	8072	8014	8060	96843	-0.005306676539553301
2019-11-12	8053	8053	8053	8055	44602	-0.0006203473945409765
2019-11-13	8038	8038	8028	8035	9	-0.0024829298572315306
2019-11-14	8053	8067	8053	8069	8	0.004231487243310461
2019-11-15	8215	8215	8191	8205	21	0.016854628826372453
2019-11-18	8201	8201	8191	8200	11	-0.0006093845216331717
2019-11-19	8124	8182	8124	8165	9	-0.004268292682926833
2019-11-20	8129	8143	8086	8089	7	-0.009308022045315334
2019-11-21	8028	8048	7880	7907	67643	-0.02249969093831128
2019-11-22	7947	7989	7947	7969	323	0.007841153408372437
2019-11-25	8057	8077	8057	8069	89	0.012548625925461243
2019-11-26	8091	8115	8091	8113	103	0.005452968149708859
2019-11-27	8053	8101	8053	8093	15	-0.00246517934179713
2019-11-28	8053	8062	8048	8050	6	-0.005313233658717387
2019-11-29	8062	8062	7909	7922	94	-0.01590062111801238
2019-12-02	7947	7985	7919	7922	85	0.0
2019-12-03	7822	7894	7822	7892	20	-0.0037869224943196667
2019-12-04	7832	7846	7774	7845	200	-0.005955397871262091
2019-12-05	7884	7899	7792	7797	16	-0.006118546845124251
2019-12-06	7899	7904	7884	7907	366	0.014107990252661295
2019-12-09	7919	7971	7919	7955	15	0.0060705703806753775
2019-12-10	7919	7980	7919	7974	230	0.0023884349465745913
2019-12-11	7985	8038	7976	8026	15	0.00652119388011041
2019-12-12	8158	8168	8143	8170	11	0.01794168950909536
2019-12-13	8254	8311	8254	8296	7	0.015422276621787079
2019-12-16	8306	8350	8306	8339	31	0.005183220829315438
2019-12-17	8350	8446	8350	8443	227	0.012471519366830552
2019-12-18	8432	8465	8422	8443	17241	0.0
2019-12-19	8446	8498	8441	8463	18	0.002368826246594846
2019-12-20	8465	8465	8427	8443	29	-0.0023632281696798207
2019-12-23	8465	8483	8436	8448	14	0.0005922065616486005
2019-12-24	8446	8460	8412	8416	9	-0.0037878787878787845
2019-12-26	8360	8417	8360	8421	21	0.0005941064638783633
2019-12-27	8508	8618	8508	8569	22	0.017575109844436554
2019-12-30	8567	8579	8542	8550	52	-0.0022172949002217113
2020-01-02	8547	8547	8455	8488	63	-0.007251461988304064
2020-01-03	8567	8579	8427	8429	682	-0.006950989632422244
2020-01-06	8412	8412	8365	8376	29286	-0.0062878158737691425
2020-01-07	8436	8493	8436	8492	29	0.01384909264565426
2020-01-08	8422	8493	8417	8492	11	0.0
2020-01-09	8562	8579	8537	8545	35	0.006241168158266586
2020-01-10	8633	8661	8633	8666	22	0.014160327677004148
2020-01-13	8680	8770	8680	8776	25	0.012693284098776791
2020-01-14	8829	8871	8794	8827	28	0.00581130355515036
2020-01-15	8752	8761	8723	8732	19	-0.010762433442845776
2020-01-16	8743	8829	8733	8832	25	0.011452130096197832
2020-01-17	8916	8916	8857	8866	35353	0.0038496376811594235
2020-01-20	8934	8992	8925	8948	40	0.00924881570042868
2020-01-21	8944	8949	8853	8857	42	-0.010169870362092048
2020-01-22	8862	8925	8843	8923	24	0.00745173309246927
2020-01-23	8871	8871	8814	8819	14	-0.011655272890283563
2020-01-28	8574	8584	8483	8550	125	-0.030502324526590296
2020-01-29	8562	8608	8562	8574	47	0.0028070175438597023
2020-01-30	8571	8571	8436	8438	31	-0.015861908094238375
2020-01-31	8460	8498	8412	8416	47	-0.0026072529035315872
2020-02-03	8215	8355	8201	8320	78	-0.011406844106463865
2020-02-04	8384	8522	8384	8497	378	0.021274038461538414
2020-02-05	8585	8604	8537	8540	349	0.005060609626927226
2020-02-06	8671	8762	8671	8766	325	0.02646370023419209
2020-02-07	8762	8771	8685	8689	25	-0.008783937942048792
2020-02-10	8624	8671	8599	8651	68	-0.004373345609391177
2020-02-11	8720	8786	8710	8766	33	0.013293260894694292
2020-02-12	8762	8820	8720	8823	70	0.006502395619438772
2020-02-13	8863	8892	8849	8853	75	0.003400204012240726
2020-02-14	8776	8872	8776	8872	21	0.0021461651417598038
2020-02-17	8815	8882	8815	8867	21	-0.0005635707844905413
2020-02-18	8762	8781	8700	8718	179	-0.016803879553400236
2020-02-19	8720	8744	8649	8722	29	0.00045882083046566713
2020-02-20	8767	8790	8658	8727	122	0.0005732630130703686
2020-02-21	8567	8609	8567	8584	20	-0.016385928726939336
2020-02-24	8379	8379	8254	8276	84	-0.03588070829450141
2020-02-25	8234	8350	8229	8342	58	0.00797486708554862
2020-02-26	8168	8234	8168	8209	24950	-0.01594341884440187
2020-02-27	8158	8205	8090	8112	75	-0.011816299183822654
2020-02-28	7984	7984	7831	7853	72	-0.031928007889546306
2020-03-02	7850	7956	7850	7910	60	0.007258372596459894
2020-03-03	8090	8090	7993	8007	247	0.012262958280657488
2020-03-04	8013	8158	8013	8159	413	0.01898338953415757
2020-03-05	8138	8234	8138	8237	50	0.009559995097438323
2020-03-06	8100	8110	8013	8025	150	-0.025737525798227523
2020-03-09	7768	7791	7666	7709	117	-0.03937694704049843
2020-03-10	7608	7744	7603	7729	1132	0.0025943702166300042
2020-03-11	7690	7715	7484	7508	193	-0.028593608487514577
2020-03-12	7411	7436	7158	7219	295	-0.0384922749067661
2020-03-13	6783	7188	6725	7103	138	-0.016068707577226782
2020-03-16	6923	7109	6908	6968	37	-0.019006053780092902
2020-03-17	6591	6773	6571	6681	222	-0.041188289322617644
2020-03-18	6677	6677	6361	6361	109	-0.047897021403981443
2020-03-19	6341	6341	5894	5922	40	-0.06901430592674107
2020-03-20	6004	6188	6004	6189	38	0.04508611955420472
2020-03-23	6042	6042	5945	5951	222	-0.03845532396186779
2020-03-24	6032	6385	6022	6386	392	0.07309695849437059
2020-03-25	6716	6721	6706	6709	457	0.0505793924209208
2020-03-26	6884	6884	6811	6816	198	0.015948725592487722
2020-03-27	6926	6941	6768	6772	547	-0.006455399061032874
2020-03-30	6658	6879	6658	6882	549	0.016243354991140047
2020-03-31	6936	6936	6801	6935	118	0.007701249636733465
2020-04-01	6923	6923	6692	6695	39	-0.03460706560922855
2020-04-02	6711	6811	6532	6816	63	0.018073188946975405
2020-04-03	6855	6855	6735	6816	112	0.0
2020-04-06	6792	6994	6792	6997	149	0.02655516431924876
2020-04-07	7158	7168	7052	7084	70	0.012433900242961204
2020-04-08	7061	7109	7052	7074	110	-0.0014116318464144628
2020-04-09	7066	7109	7066	7113	2	0.005513146734520857
2020-04-10	7148	7148	7148	7152	0	0.005482918599746922
2020-04-13	7105	7109	7100	7103	81	-0.006851230425055976
2020-04-14	7133	7210	7133	7209	40	0.01492327185696185
2020-04-16	7119	7119	7119	7123	4	-0.011929532528783482
2020-04-17	7369	7479	7354	7430	60	0.04309981749262959
2020-04-20	7354	7379	7349	7353	71	-0.01036339165545086
2020-04-21	7225	7283	7148	7199	127	-0.020943832449340394
2020-04-22	7105	7334	7076	7339	23	0.01944714543686632
2020-04-23	7301	7354	7278	7353	88	0.001907616841531512
2020-04-24	7268	7268	7268	7271	2	-0.01115191078471367
2020-04-27	7273	7388	7273	7392	35	0.016641452344931862
2020-04-28	7422	7422	7412	7417	21	0.0033820346320345696
2020-04-29	7480	7480	7480	7485	0	0.009168127275178684
2020-05-04	7267	7305	7267	7290	7	-0.02605210420841686
2020-05-06	7324	7374	7315	7377	49	0.011934156378600846
2020-05-07	7349	7379	7349	7382	16	0.0006777822963264235
2020-05-08	7442	7510	7442	7494	195	0.01517204009753459
2020-05-11	7457	7457	7427	7430	67	-0.008540165465705907
2020-05-12	7329	7379	7272	7382	1004	-0.006460296096904461
2020-05-13	7402	7402	7402	7407	49	0.003386616093199679
2020-05-14	7324	7354	7324	7357	5	-0.006750371270419886
2020-05-15	7310	7320	7301	7324	19	-0.004485523990757079
2020-05-18	7305	7432	7305	7435	5	0.01515565264882568
2020-05-19	7564	7611	7564	7587	9	0.020443846671150068
2020-05-20	7573	7656	7573	7624	19	0.004876762883880392
2020-05-21	7664	7714	7651	7717	6	0.012198321091290598
2020-05-22	7510	7520	7510	7523	10	-0.025139302837890343
2020-05-25	7534	7583	7534	7587	209	0.008507244450352225
2020-05-26	7631	7709	7631	7712	14	0.016475550283379548
2020-05-27	7772	7772	7728	7765	28	0.006872406639004236
2020-05-28	7879	7889	7743	7747	63	-0.0023180940115904436
2020-05-29	7850	7850	7850	7853	1	0.013682715890021901
2020-06-01	7845	7937	7845	7910	20	0.007258372596459894
2020-06-02	7928	8019	7928	8022	18	0.014159292035398341
2020-06-03	8151	8370	8146	8333	300	0.0387683869359261
2020-06-04	8393	8480	8316	8352	15	0.002280091203648249
2020-06-05	8350	8398	8340	8401	107	0.005866858237547845
2020-06-08	8456	8461	8447	8449	158	0.005713605523151921
2020-06-09	8524	8529	8385	8406	258	-0.005089359687536987
2020-06-10	8447	8529	8447	8532	2	0.01498929336188426
2020-06-11	8375	8471	8365	8366	487	-0.019456165025785288
2020-06-12	8083	8117	8073	8075	43	-0.034783648099450115
2020-06-15	8058	8117	7884	7886	763	-0.02340557275541799
2020-06-16	7981	8181	7981	8182	201	0.03753487192493021
2020-06-17	8136	8228	8136	8182	19	0.0
2020-06-18	8146	8223	8146	8226	18	0.005377658274260622
2020-06-19	8151	8214	8141	8217	313	-0.001094091903719896
2020-06-22	8181	8262	8181	8212	27	-0.000608494584398156
2020-06-23	8306	8306	8195	8236	63	0.00292255236239658
2020-06-24	8345	8370	8345	8371	7	0.01639145216124338
2020-06-25	8214	8214	8166	8167	123	-0.024369848285748397
2020-06-26	8186	8267	8186	8226	144	0.007224194930819161
2020-06-29	8103	8171	8073	8075	155	-0.018356430829078563
2020-06-30	8204	8243	8200	8202	59	0.015727554179566505
2020-07-01	8214	8257	8136	8139	191	-0.007681053401609406
2020-07-02	8195	8223	8195	8226	61	0.010689273866568483
2020-07-03	8262	8316	8262	8319	19	0.011305616338439073
2020-07-06	8340	8471	8340	8469	116	0.018031013342949764
2020-07-07	8515	8515	8442	8449	116	-0.002361553902467839
2020-07-08	8385	8385	8345	8356	41	-0.011007219789324174
2020-07-09	8360	8380	8360	8371	17	0.001795117280995795
2020-07-10	8340	8340	8340	8342	6	-0.0034643411778759736
2020-07-13	8345	8385	8345	8386	120	0.005274514504914896
2020-07-14	8360	8370	8330	8371	90	-0.0017886954447888792
2020-07-15	8495	8495	8480	8484	8	0.013498984589654706
2020-07-16	8456	8515	8385	8434	464	-0.005893446487505893
2020-07-17	8418	8480	8418	8464	59	0.0035570310647379255
2020-07-20	8471	8471	8365	8444	98	-0.0023629489603024245
2020-07-21	8471	8564	8471	8542	187	0.011605873993367988
2020-07-22	8520	8568	8480	8522	147	-0.002341372044017742
2020-07-23	8452	8466	8398	8449	98	-0.008566064304153964
2020-07-24	8389	8447	8355	8401	112	-0.005681145697715717
2020-07-27	8442	8534	8442	8493	140	0.010951077252707941
2020-07-28	8602	8719	8602	8683	276	0.02237136465324374
2020-07-29	8699	8790	8675	8755	202	0.008292064954508849
2020-07-30	8772	8826	8733	8785	253	0.0034266133637921303
2020-07-31	8708	8771	8674	8678	71	-0.012179852020489434
2020-08-03	8689	8719	8652	8711	18762	0.0038027195206269404
2020-08-04	8762	8845	8748	8795	483	0.009642980140052826
2020-08-05	8777	8884	8777	8882	288	0.009891984081864758
2020-08-06	8952	9079	8942	9013	249	0.01474893042107639
2020-08-07	9040	9079	8967	9056	176	0.0047708864972817455
2020-08-10	9099	9166	9045	9154	2326	0.010821554770318098
2020-08-11	9176	9321	9176	9294	310	0.01529386060738469
2020-08-12	9273	9273	9224	9251	346	-0.004626640843555019
2020-08-13	9393	9427	9330	9334	709	0.00897200302669976
2020-08-14	9330	9330	9171	9231	96	-0.011034926076708862
2020-08-18	9316	9316	9069	9085	701	-0.015816271259885162
2020-08-19	9136	9136	9059	9089	225	0.0004402861860208773
2020-08-20	9001	9035	8704	8726	241	-0.03993838706128283
2020-08-21	8850	8962	8777	8895	293	0.019367407746962995
2020-08-24	8879	8962	8869	8940	680	0.005059021922428242
2020-08-25	8972	9069	8972	9056	316	0.012975391498881494
2020-08-26	9045	9104	8972	9080	146	0.0026501766784452485
2020-08-27	9045	9099	9011	9051	250	-0.003193832599118984
2020-08-28	9035	9136	9001	9061	324	0.0011048502927852866
2020-08-31	9069	9084	8864	8940	430	-0.013353934444321869
2020-09-01	8932	8932	8869	8915	225	-0.002796420581655523
2020-09-02	8923	8987	8869	8945	654	0.0033651149747615516
2020-09-03	9118	9136	9069	9104	390	0.01777529346003348
2020-09-04	8987	8987	8904	8945	1715	-0.01746485061511427
2020-09-07	8923	8991	8923	8969	1051	0.002683063163778643
2020-09-08	9021	9109	9021	9089	746	0.013379417995317278
2020-09-09	8987	9099	8987	9061	1058	-0.0030806469358565236
2020-09-10	9127	9176	9109	9172	416	0.012250303498510196
2020-09-11	9084	9127	9025	9129	265	-0.004688181421718229
2020-09-14	9186	9263	9171	9207	923	0.008544199802826169
2020-09-15	9296	9340	9239	9343	704	0.014771369610079299
2020-09-16	9311	9345	9278	9280	496	-0.006743016161832371
2020-09-17	9244	9244	9109	9158	350	-0.013146551724137923
2020-09-18	9146	9181	9109	9172	226	0.0015287180607119755
2020-09-21	9166	9229	9064	9094	282	-0.008504143044047119
2020-09-22	9035	9045	8864	8900	360	-0.021332746866065566
2020-09-23	8919	8972	8811	8974	380	0.008314606741573138
2020-09-24	8821	8884	8738	8765	364	-0.023289503008691814
2020-09-25	8782	8840	8762	8799	511	0.00387906446092412
2020-09-28	8850	8952	8836	8935	17135	0.015456301852483145
2020-09-29	8972	9021	8957	8988	226	0.005931729155008503
2020-10-05	8977	9118	8972	9085	2565	0.010792167334223501
2020-10-06	9146	9166	9079	9085	441	0.0
2020-10-07	9040	9214	9040	9217	131	0.014529444138690062
2020-10-08	9234	9258	9166	9246	4831	0.0031463599869805403
2020-10-12	9229	9263	9219	9260	219	0.00151416828898987
2020-10-13	9263	9278	9200	9270	197	0.001079913606911509
2020-10-14	9239	9244	9190	9192	225	-0.008414239482200658
2020-10-15	9132	9156	9074	9114	115	-0.008485639686684032
2020-10-16	9114	9141	9016	9094	328	-0.0021944261575598256
2020-10-19	9122	9161	9089	9109	104	0.0016494391906751726
2020-10-20	9099	9146	9064	9149	57	0.004391261389834256
2020-10-21	9195	9204	9146	9202	230	0.00579298283965457
2020-10-22	9099	9156	9099	9139	86	-0.0068463377526624125
2020-10-23	9132	9214	9114	9197	209	0.006346427399058996
2020-10-26	9195	9234	9151	9177	158	-0.002174622159399786
2020-10-27	9089	9151	9064	9085	84	-0.010025062656641603
2020-10-28	9021	9132	9021	9134	67	0.005393505778756191
2020-10-29	9001	9050	8932	9051	4790	-0.00908692796146271
2020-10-30	8977	8996	8864	8867	87	-0.020329245387250006
2020-11-02	8787	8937	8787	8940	229	0.008232773204014832
2020-11-03	8996	9094	8996	9085	832	0.016219239373601813
2020-11-04	9147	9152	9050	9134	41	0.005393505778756191
2020-11-05	9230	9312	9205	9314	79	0.019706590759798637
2020-11-06	9394	9394	9326	9372	1314	0.0062271848829718035
2020-11-09	9428	9525	9428	9485	301	0.01205719163465635
2020-11-10	9481	9486	9394	9480	362	-0.0005271481286240887
2020-11-11	9525	9628	9501	9625	1091	0.015295358649789037
2020-11-12	9540	9623	9540	9567	1217	-0.006025974025974046
2020-11-13	9603	9666	9555	9670	84	0.010766175394585575
2020-11-16	9788	9925	9788	9911	734	0.024922440537745505
2020-11-17	9881	9969	9881	9906	357	-0.0005044899606497788
2020-11-18	9930	9939	9856	9931	20761	0.0025237229961638796
2020-11-19	9881	9916	9803	9916	10516	-0.0015104219111872208
2020-11-20	9911	9974	9911	9975	5292	0.005949979830576879
2020-11-23	9969	10191	9969	10164	3072	0.0189473684210526
2020-11-24	10162	10284	10162	10189	299	0.0024596615505705355
2020-11-25	10274	10322	10091	10169	28683	-0.00196290116792619
2020-11-26	10111	10264	10111	10267	21758	0.009637132461402409
2020-11-27	10250	10294	10240	10296	106	0.0028245836174149996
2020-11-30	10206	10259	10101	10101	352	-0.018939393939393923
2020-12-01	10210	10289	10172	10257	376	0.015444015444015413
2020-12-02	10372	10479	10372	10462	347	0.01998635078482991
2020-12-03	10576	10581	10479	10572	554	0.010514242018734521
2020-12-04	10659	10820	10659	10713	800	0.013337116912599312
2020-12-07	10795	10845	10727	10820	938	0.009987865210491886
2020-12-08	10815	10825	10693	10723	1399	-0.008964879852125685
2020-12-09	10752	10862	10752	10860	184	0.012776275296092487
2020-12-10	10761	10945	10761	10870	102	0.0009208103130755596
2020-12-11	10950	10988	10917	10962	214	0.008463661453541826
2020-12-14	10872	11027	10872	10928	218	-0.0031016237912789846
2020-12-15	10887	10926	10830	10903	175	-0.00228770131771594
2020-12-16	10917	10965	10917	10943	184	0.0036687150325598328
2020-12-17	10862	10926	10805	10928	344	-0.0013707392853878897
2020-12-18	10926	10936	10857	10913	114	-0.0013726207906296084
2020-12-21	10897	10912	10776	10913	2577	0.0
2020-12-22	10897	10897	10708	10709	3096	-0.01869330156693849
2020-12-23	10708	10912	10708	10870	90	0.015034083481183957
2020-12-24	11052	11179	11052	11143	1372	0.025114995400183915
2020-12-28	11349	11349	11227	11229	170	0.007717849771156748
2020-12-29	11384	11447	11319	11370	1096	0.012556772642265512
2020-12-30	11447	11704	11407	11706	5873	0.029551451187335154
2021-01-04	11815	12005	11636	11978	4015	0.023235947377413302
2021-01-05	11966	12146	11893	12149	2777	0.014276172983803681
2021-01-06	12214	12263	12015	12017	6165	-0.010865091777101044
2021-01-07	12210	12394	12151	12298	2395	0.023383539985021295
2021-01-08	12467	12870	12394	12795	4728	0.040413075296796164
2021-01-11	13035	13449	12695	12931	16064	0.010629152012504806
2021-01-12	12850	12890	12448	12702	9068	-0.017709380558348142
2021-01-13	12719	12919	12719	12897	1396	0.015351913084553637
2021-01-14	12832	12924	12759	12838	500	-0.004574707296270408
2021-01-15	13017	13017	12628	12629	1590	-0.016279794360492317
2021-01-18	12457	12472	12210	12212	2296	-0.03301924142845836
2021-01-19	12360	12666	12316	12537	2001	0.02661316737635122
2021-01-20	12787	12817	12550	12644	1668	0.008534737177953167
2021-01-21	12837	12842	12734	12843	907	0.01573869028788355
2021-01-22	12847	12929	12842	12843	1446	0.0
2021-01-25	12832	13054	12719	13058	2997	0.016740636922837338
2021-01-26	13059	13059	12759	12780	4536	-0.021289630877622923
2021-01-27	12778	12943	12652	12654	2405	-0.009859154929577452
2021-01-28	12258	12555	12258	12484	1035	-0.013434487118697658
2021-01-29	12482	12486	12108	12123	11761	-0.028917013777635336
2021-02-01	12121	12408	12103	12411	4446	0.02375649591685236
2021-02-02	12603	12750	12535	12537	4375	0.010152284263959421
2021-02-03	12628	12667	12555	12668	263	0.010449070750578215
2021-02-04	12560	12560	12384	12386	1006	-0.02226081465108931
2021-02-05	12501	12579	12482	12533	2644	0.011868238333602399
2021-02-08	12433	12628	12433	12629	1151	0.007659778185590049
2021-02-09	12486	12638	12482	12484	1292	-0.011481510808456719
2021-02-10	12457	12555	12408	12533	901	0.003925024030759339
2021-02-15	12701	12755	12701	12746	836	0.016995132849277894
2021-02-16	12871	12871	12716	12736	745	-0.0007845598619174998
2021-02-17	12881	12881	12593	12616	568	-0.009422110552763874
2021-02-18	12613	12643	12486	12488	296	-0.010145846544071024
2021-02-19	12482	12583	12325	12586	1448	0.007847533632286963
2021-02-22	12583	12583	12506	12508	70	-0.006197362148418928
2021-02-23	12200	12491	12200	12425	411	-0.0066357531180044615
2021-02-24	12418	12467	12205	12216	1871	-0.016820925553319932
2021-02-25	12325	12588	12325	12571	416	0.029060248853961967
2021-02-26	12345	12345	12176	12264	697	-0.024421287089332555
2021-03-02	12550	12550	12418	12420	194	0.012720156555773077
2021-03-03	12418	12477	12384	12479	480	0.00475040257648951
2021-03-04	12452	12452	12325	12381	74	-0.007853193364852906
2021-03-05	12156	12311	12141	12274	638	-0.008642274452790533
2021-03-08	12325	12340	12161	12191	752	-0.006762261691380167
2021-03-09	12093	12190	11981	12148	22486	-0.0035271921909605375
2021-03-10	12229	12229	12034	12045	53	-0.008478761936121182
2021-03-11	12234	12283	12234	12284	187	0.019842258198422558
2021-03-12	12433	12438	12394	12396	674	0.009117551286226044
2021-03-15	12394	12394	12384	12386	436	-0.0008067118425298947
2021-03-16	12335	12413	12335	12416	131	0.0024220894558373285
2021-03-17	12355	12355	12293	12293	180	-0.009906572164948502
2021-03-18	12457	12496	12389	12454	905	0.01309688440575929
2021-03-19	12288	12360	12263	12264	316	-0.015256142604785583
2021-03-22	12263	12320	12263	12313	87	0.003995433789954372
2021-03-23	12311	12311	12229	12230	26	-0.006740843011451281
2021-03-24	12126	12136	12083	12138	10393	-0.007522485690923952
2021-03-25	12121	12151	12113	12133	1290	-0.0004119294776734339
2021-03-26	12181	12273	12156	12274	2119	0.011621198384571096
2021-03-29	12268	12268	12195	12264	2414	-0.0008147303242627135
2021-03-30	12389	12389	12389	12391	0	0.01035551206784091
2021-03-31	12403	12506	12389	12396	219	0.00040351868291499393
2021-04-01	12467	12506	12467	12508	12	0.009035172636334243
2021-04-02	12588	12652	12579	12654	424	0.011672529581068014
2021-04-05	12648	12711	12623	12712	234	0.004583530899320287
2021-04-06	12779	12779	12671	12755	4	0.0033826305852737715
2021-04-07	12730	12779	12706	12775	1600	0.0015680125441004389
2021-04-08	12740	12750	12686	12750	1458	-0.00195694716242667
2021-04-09	12676	12696	12652	12673	785	-0.006039215686274524
2021-04-12	12696	12696	12618	12664	451	-0.0007101712301743612
2021-04-13	12691	12808	12691	12800	1473	0.01073910296904601
2021-04-14	12798	12843	12788	12843	1366	0.0033593750000000533
2021-04-15	12843	12911	12843	12892	429	0.0038153079498559617
2021-04-16	12818	12891	12818	12892	274	0.0
2021-04-19	12891	12891	12891	12892	74	0.0
2021-04-20	12876	12964	12876	12965	1621	0.005662426310890423
2021-04-21	12774	12774	12691	12726	495	-0.018434246047049796
2021-04-22	12740	12764	12720	12726	210	0.0
2021-04-23	12652	12760	12565	12760	748	0.0026716957410026776
2021-04-26	12779	12833	12755	12780	3528	0.0015673981191222097
2021-04-27	12813	12866	12813	12858	505	0.006103286384976592
2021-04-28	12750	12764	12750	12760	14	-0.007621714107948319
2021-04-29	12794	12794	12671	12672	275	-0.006896551724137945
2021-04-30	12711	12711	12578	12589	87	-0.0065498737373737015
2021-05-03	12578	12642	12523	12554	165	-0.002780204940821318
2021-05-04	12469	12607	12469	12609	404	0.004381073761350995
2021-05-06	12612	12676	12612	12677	16	0.005392973273058876
2021-05-07	12691	12770	12691	12736	1718	0.00465409797270655
2021-05-10	12780	12922	12780	12923	330	0.014682788944723635
2021-05-11	12834	12834	12691	12691	10	-0.01795248781242742
2021-05-12	12661	12661	12390	12485	961	-0.016231975415648914
2021-05-13	12214	12356	12214	12323	660	-0.012975570684821802
2021-05-14	12366	12459	12366	12436	73	0.009169845005274624
2021-05-17	12454	12454	12336	12372	762	-0.005146349308459364
2021-05-18	12538	12538	12538	12540	1	0.013579049466537318
2021-05-20	12489	12494	12435	12495	41	-0.0035885167464114742
2021-05-21	12597	12632	12454	12510	20703	0.0012004801920768582
2021-05-24	12484	12484	12430	12431	63	-0.006314948041566737
2021-05-25	12430	12538	12430	12505	54	0.005952859786018783
2021-05-26	12563	12602	12528	12530	273	0.0019992003198721076
2021-05-27	12528	12528	12415	12510	1203	-0.0015961691939345712
2021-05-28	12509	12553	12489	12554	23	0.0035171862509992824
2021-05-31	12518	12617	12499	12618	85	0.005097976740481069
2021-06-01	12617	12691	12617	12691	613	0.005785385956569966
2021-06-02	12701	12701	12637	12638	269	-0.004176187849657231
2021-06-03	12730	12784	12730	12785	274	0.011631587276467847
2021-06-04	12622	12691	12622	12691	489	-0.007352366053969495
2021-06-07	12720	12745	12706	12746	30	0.004333779843983976
2021-06-08	12745	12745	12735	12736	45	-0.0007845598619174998
2021-06-09	12706	12706	12543	12545	589	-0.014996859296482423
2021-06-10	12607	12666	12607	12667	333	0.009724990035870906
2021-06-11	12701	12740	12701	12721	259	0.004263045709323343
2021-06-14	12720	12794	12720	12795	242	0.005817152739564513
2021-06-15	12794	12794	12775	12795	125	0.0
2021-06-16	12824	12858	12824	12859	854	0.0050019538882375425
2021-06-17	12804	12804	12789	12790	828	-0.005365891593436478
2021-06-18	12839	12893	12839	12893	129	0.00805316653635657
2021-06-21	12755	12794	12711	12780	239	-0.008764445823314926
2021-06-22	12819	12849	12794	12815	286	0.0027386541471048353
2021-06-23	12849	12947	12849	12918	15340	0.008037456106125607
2021-06-24	12962	12977	12932	12933	332	0.0011611704598235573
2021-06-25	12991	13079	12962	12962	15432	0.002242325833140102
2021-06-28	12967	13016	12967	13012	610	0.0038574294090418793
2021-06-29	13011	13011	12937	12952	385028	-0.004611128189363711
2021-06-30	12972	13026	12972	13026	334	0.005713403335392275
2021-07-01	13026	13026	12942	12943	45	-0.006371871641332683
2021-07-02	12942	12952	12913	12913	48	-0.002317855211311115
2021-07-05	12932	12982	12932	12952	41	0.0030202121892666245
2021-07-06	12952	13016	12952	13017	138	0.005018529956763329
2021-07-07	12957	12957	12913	12913	343	-0.007989552124145316
2021-07-08	12927	12927	12873	12874	40	-0.0030202121892666245
2021-07-09	12716	12716	12587	12638	203	-0.018331520894826814
2021-07-12	12735	12794	12735	12795	117	0.012422851717043937
2021-07-13	12898	12898	12898	12898	1	0.008050019538882403
2021-07-14	12829	12829	12829	12829	14	-0.005349666614979043
2021-07-15	12868	12883	12868	12883	149	0.004209213500662612
2021-07-16	12873	12873	12849	12849	238	-0.0026391368470076726
2021-07-19	12706	12740	12706	12741	26	-0.008405323371468598
2021-07-20	12686	12686	12612	12682	12	-0.0046307197237265285
2021-07-21	12656	12656	12553	12589	99	-0.007333228197445196
2021-07-22	12691	12696	12686	12686	213	0.007705139407419237
2021-07-23	12770	12770	12755	12765	242	0.0062273372221346435
2021-07-26	12735	12735	12651	12653	550	-0.008773991382687085
2021-07-27	12671	12681	12671	12682	250	0.0022919465739350553
2021-07-28	12651	12686	12587	12658	707	-0.001892445986437452
2021-07-29	12701	12706	12656	12706	9434	0.0037920682572285536
2021-07-30	12587	12592	12528	12530	258	-0.013851723595151855
2021-08-02	12538	12592	12509	12594	11245	0.005107741420590672
2021-08-03	12632	12691	12583	12691	1181	0.0077020803557248385
2021-08-04	12701	12829	12701	12829	218	0.010873847608541487
2021-08-05	12913	12913	12814	12815	1160	-0.0010912775742458747
2021-08-06	12863	12863	12750	12765	1052	-0.003901677721420249
2021-08-09	12706	12706	12706	12706	10	-0.004622013317665541
2021-08-10	12686	12686	12627	12633	1024	-0.005745317172989095
2021-08-11	12592	12597	12573	12574	53	-0.004670307923691941
2021-08-12	12509	12509	12479	12481	92	-0.007396214410688717
2021-08-13	12278	12278	12278	12279	11	-0.016184600592901166
2021-08-17	12224	12224	12155	12155	279	-0.010098542226565699
2021-08-18	12165	12307	12145	12308	29	0.012587412587412583
2021-08-19	12170	12180	12027	12027	80	-0.02283067923301918
2021-08-20	12012	12091	11859	11920	2101	-0.008896649205953233
2021-08-23	12086	12086	12027	12027	54	0.008976510067114196
2021-08-24	12160	12204	12160	12205	3079	0.014800033258501655
2021-08-25	12214	12229	12165	12229	18	0.0019664072101597263
2021-08-26	12180	12180	12180	12180	15	-0.00400686891814539
2021-08-27	12096	12189	12096	12116	4	-0.005254515599343201
2021-08-30	12199	12204	12165	12175	31	0.004869593925387994
2021-08-31	12160	12435	12125	12436	81491	0.02143737166324433
2021-09-01	12376	12405	12376	12407	4	-0.002331939530395677
2021-09-02	12415	12420	12288	12323	82937	-0.006770371564439381
2021-09-03	12361	12425	12356	12426	669	0.008358354296843284
2021-09-06	12395	12435	12395	12436	54	0.0008047642040882597
2021-09-07	12410	12410	12341	12367	51	-0.005548407848182668
2021-09-08	12258	12258	12170	12239	142	-0.010350125333548954
2021-09-09	12145	12145	12007	12136	85842	-0.008415720238581614
2021-09-10	12076	12076	12051	12077	89335	-0.004861568885959122
2021-09-13	12037	12091	12027	12091	110	0.001159228285170233
2021-09-14	12125	12204	12125	12151	22036	0.004962368703994802
2021-09-15	12160	12204	12096	12165	21156	0.001152168545798693
2021-09-16	12042	12047	12042	12047	8	-0.009699958898479188
2021-09-17	12051	12071	12027	12072	524	0.0020752054453390123
2021-09-23	12037	12037	12037	12037	2038	-0.0028992710404240896
2021-09-24	12061	12061	12056	12062	57	0.002076929467475175
2021-09-27	12051	12120	12051	12091	103	0.002404244735533023
2021-09-28	11963	11963	11948	11953	36	-0.011413448019187866
2021-09-29	11850	11850	11741	11807	35	-0.012214506818371995
2021-09-30	11776	11854	11766	11856	25	0.004150080460743721
2021-10-01	11726	11726	11652	11659	15	-0.016616059379217285
2021-10-05	11545	11545	11353	11447	204	-0.018183377648168797
2021-10-06	11476	11476	11294	11294	29	-0.013365947409801682
2021-10-07	11387	11486	11387	11472	111	0.015760580839383698
2021-10-08	11466	11476	11442	11447	231	-0.0021792189679219476
2021-10-12	11230	11240	11225	11240	112	-0.018083340613261112
2021-10-13	11230	11363	11230	11334	311	0.008362989323843495
2021-10-14	11442	11442	11442	11442	7	0.009528851244044567
2021-10-15	11618	11618	11580	11595	1516	0.013371788148925035
2021-10-18	11712	11712	11575	11575	308	-0.0017248814144027458
2021-10-19	11648	11672	11643	11669	17	0.008120950323974085
2021-10-20	11736	11736	11657	11659	222	-0.0008569714628502423
2021-10-21	11677	11677	11613	11615	415	-0.003773908568487916
2021-10-22	11613	11652	11613	11619	774	0.00034438226431343644
2021-10-25	11672	11726	11672	11703	3	0.007229537825974797
2021-10-26	11795	11795	11776	11797	55	0.008032128514056325
2021-10-27	11726	11736	11697	11723	19	-0.0062727812155632945
2021-10-28	11721	11721	11677	11679	206	-0.003753305467883661
2021-10-29	11672	11672	11511	11511	3067	-0.014384793218597536
2021-11-01	11560	11570	11550	11555	76	0.003822430718443126
2021-11-02	11766	11781	11751	11752	32	0.017048896581566497
2021-11-03	11672	11672	11565	11565	19	-0.015912185159972725
2021-11-04	11657	11687	11657	11664	31	0.008560311284046662
2021-11-05	11580	11598	11525	11600	48	-0.005486968449931462
2021-11-08	11598	11598	11432	11482	26	-0.010172413793103408
2021-11-09	11618	11618	11525	11570	14	0.007664170005225568
2021-11-10	11471	11471	11471	11472	1	-0.00847018150388934
2021-11-11	11378	11461	11378	11462	136	-0.0008716875871687124
2021-11-12	11520	11520	11520	11521	20	0.005147443727098189
2021-11-15	11682	11712	11672	11698	47	0.015363249717906369
2021-11-16	11761	11761	11682	11713	873	0.0012822704735853119
2021-11-17	11575	11593	11565	11565	104	-0.012635533168274593
2021-11-18	11535	11540	11511	11511	75	-0.0046692607003890885
2021-11-19	11535	11580	11535	11580	127	0.005994266353922306
2021-11-22	11766	11850	11751	11802	98	0.01917098445595844
2021-11-23	11736	11776	11736	11777	15	-0.0021182850364345196
2021-11-24	11815	11815	11697	11762	8	-0.0012736690158784425
2021-11-25	11717	11717	11662	11664	186	-0.00833191634075836
2021-11-26	11481	11481	11471	11477	10	-0.016032235939643313
2021-11-29	11412	11412	11363	11363	61	-0.00993290929685453
2021-11-30	11387	11387	11126	11128	267	-0.02068115814485616
2021-12-01	11205	11397	11205	11383	391	0.022915168943206332
2021-12-02	11328	11603	11328	11605	27	0.01950276728454714
2021-12-03	11545	11672	11545	11674	6	0.005945713054717805
2021-12-06	11608	11643	11588	11644	58	-0.00256981326023642
2021-12-07	11712	11731	11662	11733	357	0.007643421504637482
2021-12-08	11859	11859	11820	11821	54	0.007500213074234985
2021-12-09	11845	11879	11825	11881	450	0.005075712714660341
2021-12-10	11820	11835	11776	11836	500	-0.0037875599696994833
2021-12-13	11879	11879	11805	11817	32	-0.0016052720513687335
2021-12-14	11736	11751	11667	11752	11	-0.005500550055005493
2021-12-15	11707	11756	11707	11757	8	0.00042545949625605317
2021-12-16	11790	11810	11766	11812	54	0.004678064132006554
2021-12-17	11736	11825	11726	11826	4	0.0011852353538774896
2021-12-20	11712	11712	11584	11585	1059	-0.0203788263148994
2021-12-21	11672	11672	11598	11634	182	0.004229607250755274
2021-12-22	11761	11761	11682	11684	1392	0.004297747980058553
2021-12-23	11761	11761	11761	11762	19	0.006675795960287667
2021-12-24	11850	11850	11840	11851	74	0.0075667403502805985
2021-12-27	11830	11830	11830	11831	426	-0.0016876212977807725
2021-12-28	11805	11805	11766	11767	25	-0.005409517369622141
2021-12-29	11859	11859	11859	11861	0	0.007988442253760608
2021-12-30	11859	11859	11820	11821	14	-0.003372396931118793
2022-01-03	11914	11914	11835	11841	404	0.0016919042382201877
2022-01-04	11815	11874	11805	11807	25	-0.002871379106494376
2022-01-05	11643	11682	11633	11684	15	-0.010417548911662577
2022-01-06	11575	11575	11560	11560	20	-0.010612803834303297
2022-01-07	11628	11628	11628	11629	36	0.005968858131487842
2022-01-10	11555	11555	11486	11486	316	-0.01229684409665488
2022-01-11	11588	11633	11580	11634	9	0.012885251610656345
2022-01-12	11790	11825	11790	11812	444	0.015299982809008128
2022-01-13	11835	11835	11805	11807	6	-0.0004232983406704527
2022-01-14	11618	11618	11608	11610	12	-0.016685017362581545
2022-01-17	11550	11550	11486	11501	74	-0.009388458225667473
2022-01-18	11540	11540	11540	11541	1	0.0034779584383966
2022-01-19	11417	11471	11328	11373	2292	-0.014556797504548968
2022-01-20	11314	11412	11314	11403	7	0.002637826431020729
2022-01-21	11328	11328	11240	11240	24	-0.014294483907743571
2022-01-24	11151	11151	11141	11143	71	-0.008629893238434216
2022-01-25	10979	10979	10856	10857	27	-0.0256663376110563
2022-01-26	10856	10856	10856	10857	0	0.0
2022-01-27	10753	10753	10482	10492	11230	-0.03361886340609743
2022-01-28	10482	10787	10482	10773	19	0.026782310331681325
2022-02-03	10970	11004	10920	10921	2117	0.013738048825768123
2022-02-04	11009	11009	10935	10965	309	0.004028935079205098
2022-02-07	10866	10881	10866	10882	12501	-0.0075695394436844365
2022-02-08	10970	10994	10876	10877	328	-0.00045947436133064734
2022-02-09	11053	11053	11053	11054	0	0.0162728693573595
2022-02-10	11162	11186	11162	11187	2	0.012031843676497234
2022-02-11	11182	11182	11162	11162	11	-0.0022347367480111124
2022-02-14	10930	11009	10925	10985	273	-0.015857373230603877
2022-02-15	10985	11004	10916	10916	22	-0.0062812926718252005
2022-02-16	11058	11108	11058	11108	6	0.01758886038842067
2022-02-17	11260	11260	11068	11143	6093	0.0031508822470291964
2022-02-18	11127	11127	11127	11128	5	-0.0013461365879924303
2022-02-21	11053	11053	11044	11044	21	-0.007548526240115039
2022-02-22	10916	10916	10886	10886	10	-0.014306410720753338
2022-02-23	10925	10925	10925	10926	2	0.0036744442403087163
2022-02-24	10758	10763	10674	10675	10	-0.022972725608639943
2022-02-25	10783	10817	10783	10798	7	0.01152224824355974
2022-02-28	10783	10783	10738	10739	205	-0.005463974810150041
2022-03-02	10792	10817	10792	10813	31	0.006890771952695829
2022-03-03	10989	11009	10989	11005	45	0.017756404328123532
2022-03-04	10787	10787	10787	10788	41	-0.019718309859154903
2022-03-07	10546	10546	10546	10547	14	-0.0223396366332963
2022-03-08	10492	10492	10492	10492	4	-0.005214753010334694
2022-03-10	10733	10743	10664	10665	3888	0.01648875333587485
2022-03-11	10625	10625	10605	10606	12	-0.0055321143928739325
2022-03-14	10640	10640	10600	10601	16	-0.00047143126532156465
2022-03-15	10531	10531	10531	10532	0	-0.006508819922648845
2022-03-16	10590	10620	10590	10620	86	0.008355488036460246
2022-03-17	10886	10925	10842	10842	14716	0.020903954802259817
2022-03-18	10822	10822	10822	10822	203	-0.0018446781036709492
2022-03-21	10856	10856	10827	10827	50	0.00046202180742938026
2022-03-22	10807	10847	10807	10847	3	0.0018472337674333428
2022-03-23	10985	10985	10930	10936	155	0.00820503364985714
2022-03-24	10876	10876	10871	10872	3	-0.005852231163130939
2022-03-25	10856	10856	10847	10847	1190	-0.002299484915378902
2022-03-28	10822	10822	10822	10822	1	-0.0023047847331059135
2022-03-29	10886	10906	10886	10906	204	0.0077619663648125226
2022-03-30	10994	11049	10975	10975	323	0.006326792591234254
2022-03-31	10989	10989	10989	10990	15	0.0013667425968109104
2022-04-01	10911	10911	10911	10911	1	-0.007188353048225626
2022-04-04	10920	10950	10920	10946	8	0.0032077719732379606
2022-04-05	10994	10994	10960	10960	2	0.0012790060295999606
2022-04-06	10901	10901	10817	10818	15	-0.01295620437956202
2022-04-07	10733	10733	10714	10714	8	-0.009613606951377363
2022-04-08	10645	10664	10645	10665	7	-0.004573455292141149
2022-04-11	10640	10640	10630	10630	11	-0.003281762775433683
2022-04-12	10561	10561	10561	10561	9	-0.006491063029162802
2022-04-13	10635	10635	10635	10635	9	0.007006912224221118
2022-04-14	10640	10719	10640	10670	4992	0.0032910202162670377
2022-04-15	10566	10586	10566	10581	345	-0.008341143392689765
2022-04-18	10571	10576	10571	10576	20	-0.0004725451280597204
2022-04-19	10669	10669	10669	10670	9	0.008888048411497707
2022-04-20	10709	10709	10709	10709	2	0.0036551077788191666
2022-04-21	10743	10743	10743	10744	3	0.003268279017648812
2022-04-22	10654	10654	10654	10655	0	-0.008283693224125144
2022-04-25	10472	10472	10453	10453	21	-0.018958235570154858
2022-04-26	10467	10467	10467	10468	1	0.001434994738352735
2022-04-27	10320	10320	10320	10320	17	-0.014138326327856277
2022-04-28	10445	10445	10445	10445	0	0.012112403100775104
2022-04-29	10595	10630	10555	10620	8856	0.016754427955959716
2022-05-02	10595	10595	10595	10595	0	-0.002354048964218425
2022-05-03	10610	10610	10605	10605	114	0.0009438414346389923
2022-05-04	10600	10600	10600	10600	2	-0.00047147571900052476
2022-05-06	10430	10455	10410	10455	1076	-0.013679245283018893
2022-05-09	10375	10375	10355	10355	8	-0.009564801530368205
2022-05-10	10295	10295	10295	10295	0	-0.005794302269435003
2022-05-11	10295	10295	10295	10295	3	0.0
2022-05-12	10255	10255	10255	10255	2	-0.0038853812530355025
2022-05-13	10200	10320	10200	10320	378	0.006338371526084741
2022-05-16	10345	10360	10345	10360	3	0.003875968992248069
2022-05-17	10360	10430	10360	10430	121	0.006756756756756799
2022-05-18	10485	10485	10455	10455	92	0.0023969319271333056
2022-05-19	10225	10335	10225	10310	4573	-0.013868962219033998
2022-05-20	10370	10420	10370	10420	4	0.010669253152279401
2022-05-23	10515	10515	10465	10490	26	0.006717850287907945
2022-05-24	10360	10360	10360	10360	1	-0.012392755004766443
2022-05-25	10360	10360	10360	10360	0	0.0
2022-05-26	10305	10305	10305	10305	0	-0.005308880308880326
2022-05-27	10420	10420	10385	10385	201	0.007763221737020931
2022-05-30	10525	10525	10525	10525	0	0.013480982185845036
2022-05-31	10600	10600	10600	10600	0	0.0071258907363420665
2022-06-02	10505	10505	10505	10505	0	-0.008962264150943366
2022-06-03	10515	10515	10515	10515	0	0.0009519276534983856
2022-06-07	10380	10380	10350	10350	4	-0.015691868758915817
2022-06-08	10370	10410	10340	10340	222	-0.0009661835748792091
2022-06-09	10310	10315	10295	10295	424	-0.004352030947775587
2022-06-10	10225	10225	10225	10225	0	-0.006799417192812074
2022-06-13	9930	9940	9860	9860	3737	-0.035696821515892374
2022-06-14	9850	9850	9850	9850	0	-0.0010141987829614951
2022-06-15	9750	9760	9720	9720	6	-0.013197969543147225
2022-06-16	9770	9770	9700	9700	11	-0.002057613168724326
2022-06-17	9475	9500	9475	9500	4	-0.020618556701030966
2022-06-20	9500	9500	9500	9500	1	0.0
2022-06-21	9455	9455	9455	9455	300	-0.00473684210526315
2022-06-22	9495	9495	9295	9295	3	-0.0169222633527234
2022-06-23	9210	9210	9210	9210	1	-0.009144701452393766
2022-06-24	9345	9345	9345	9345	1	0.014657980456026065
2022-06-27	9435	9435	9435	9435	0	0.009630818619582593
2022-06-28	9490	9500	9485	9500	13	0.006889242183359734
2022-06-29	9410	9410	9410	9410	5	-0.0094736842105263
2022-06-30	9230	9230	9230	9230	1	-0.019128586609989395
2022-07-01	9090	9090	9090	9090	0	-0.015167930660888396
2022-07-04	9080	9080	9080	9080	0	-0.0011001100110010764
2022-07-05	9275	9275	9195	9195	2	0.012665198237885367
2022-07-06	9065	9065	9065	9065	0	-0.014138118542686207
2022-07-07	9195	9195	9195	9195	0	0.014340871483728534
2022-07-08	9295	9295	9295	9295	1	0.010875475802066381
2022-07-11	9295	9295	9235	9235	11	-0.0064550833781602535
2022-07-12	9090	9090	9090	9090	1	-0.015701136978884644
2022-07-13	9135	9135	9135	9135	0	0.004950495049504955
2022-07-14	9170	9170	9170	9170	4	0.003831417624521105
