Date	Open	High	Low	Close	Volume	Change
2018-02-09	9614	9648	9614	9624	1144	
2018-02-12	9648	9712	9648	9712	187	0.009143807148794592
2018-02-13	9766	9780	9746	9776	154	0.006589785831960571
2018-02-14	9805	9829	9805	9830	2385	0.005523731587561365
2018-02-19	9868	9883	9868	9884	735	0.005493387589013299
2018-02-20	9864	9864	9829	9830	890	-0.00546337515176043
2018-02-21	9844	9844	9844	9845	102	0.0015259409969481386
2018-02-22	9839	9844	9839	9845	613	0.0
2018-02-23	9888	9888	9888	9889	214	0.004469273743016755
2018-02-26	9922	9922	9922	9923	1531	0.003438163616139134
2018-02-27	9942	9942	9942	9942	82	0.0019147435251436473
2018-02-28	9913	9937	9913	9938	521	-0.0004023335345001433
2018-03-02	9785	9785	9785	9786	204	-0.015294827933185706
2018-03-05	9795	9795	9707	9707	464974	-0.008072756999795594
2018-03-06	9780	9859	9761	9815	435337	0.011125991552487946
2018-03-07	9868	9922	9820	9918	387916	0.010494141619969533
2018-03-08	9917	9917	9878	9913	458165	-0.0005041338979633325
2018-03-09	9991	10035	9976	9982	1276645	0.006960556844547661
2018-03-12	10040	10060	10030	10031	423749	0.004908835904628317
2018-03-13	10069	10069	10040	10045	2618326	0.0013956734124214165
2018-03-14	10040	10055	10035	10045	395634	0.0
2018-03-15	10064	10064	10030	10050	352257	0.0004977600796416404
2018-03-16	10055	10074	10035	10050	435033	0.0
2018-03-19	10074	10074	10025	10040	378647	-0.0009950248756218638
2018-03-20	10035	10035	10015	10026	477258	-0.0013944223107569265
2018-03-21	10069	10074	10050	10050	427220	0.002393776181927043
2018-03-22	10084	10089	10074	10084	369203	0.003383084577114337
2018-03-23	10020	10020	9913	9923	2195249	-0.015965886552955166
2018-03-26	9888	9986	9883	9987	653636	0.006449662400483724
2018-03-27	10030	10040	10001	10026	389521	0.0039050765995793935
2018-03-28	9947	9962	9908	9923	904880	-0.010273289447436662
2018-03-29	9942	9966	9932	9942	468213	0.0019147435251436473
2018-03-30	10045	10055	10025	10031	415698	0.008951921142627217
2018-04-02	10079	10079	10045	10045	590	0.0013956734124214165
2018-04-03	9986	10006	9966	10006	617	-0.0038825286212045285
2018-04-04	10025	10025	9922	9923	27	-0.008295022986208322
2018-04-05	9981	10035	9976	10036	1080	0.01138768517585409
2018-04-06	9976	10011	9976	10006	87	-0.002989238740534028
2018-04-09	10030	10030	10030	10031	103	0.002498500899460243
2018-04-10	10069	10069	10069	10070	1	0.0038879473631741046
2018-04-11	10094	10094	10094	10094	151	0.002383316782522238
2018-04-12	10099	10099	10074	10075	568	-0.001882306320586502
2018-04-13	10123	10123	10123	10124	40	0.004863523573201078
2018-04-16	10113	10123	10113	10124	134	0.0
2018-04-17	10133	10133	10133	10133	11	0.0008889766890556317
2018-04-18	10162	10187	10162	10187	466	0.005329122668508823
2018-04-19	10216	10216	10216	10217	49	0.0029449298125061585
2018-04-20	10197	10197	10187	10192	376	-0.0024469022217872283
2018-04-23	10192	10192	10167	10182	120	-0.0009811616954473745
2018-04-24	10177	10177	10143	10163	692	-0.0018660381064623532
2018-04-25	10113	10113	10099	10099	111	-0.00629735314375679
2018-04-26	10172	10182	10172	10182	498	0.008218635508466132
2018-04-27	10211	10211	10211	10212	102	0.0029463759575720783
2018-04-30	10236	10300	10236	10300	430	0.008617312965139012
2018-05-02	10251	10251	10231	10246	791	-0.005242718446601957
2018-05-03	10246	10246	10236	10236	536	-0.0009759906304899202
2018-05-04	10236	10236	10216	10217	3034	-0.001856193825713115
2018-05-08	10251	10251	10216	10217	2711	0.0
2018-05-09	10211	10211	10197	10207	501	-0.000978760888714847
2018-05-10	10251	10251	10251	10251	0	0.00431076712060352
2018-05-11	10280	10300	10280	10290	604	0.003804506877377767
2018-05-14	10280	10280	10270	10280	131	-0.0009718172983479434
2018-05-15	10280	10280	10221	10227	596	-0.005155642023346285
2018-05-16	10255	10255	10241	10241	11	0.001368925393566034
2018-05-17	10236	10236	10236	10236	3887	-0.0004882335709402996
2018-05-18	10226	10226	10226	10227	10	-0.0008792497069167737
2018-05-21	10251	10251	10251	10251	0	0.0023467292461132327
2018-05-23	10280	10304	10280	10305	69	0.005267778753292429
2018-05-24	10270	10290	10270	10290	84	-0.0014556040756914523
2018-05-25	10275	10304	10275	10305	323	0.001457725947521915
2018-05-28	10329	10329	10319	10329	4270	0.002328966521106368
2018-05-29	10309	10314	10280	10280	190	-0.004743924871720373
2018-05-30	10138	10138	10060	10099	558	-0.017607003891050632
2018-05-31	10148	10157	10123	10158	60	0.005842162590355526
2018-06-01	10138	10231	10138	10207	106	0.004823784209490034
2018-06-04	10231	10270	10231	10256	268	0.004800627020672188
2018-06-05	10216	10275	10216	10276	2551	0.0019500780031200815
2018-06-07	10319	10353	10319	10339	955	0.006130790190735702
2018-06-08	10309	10314	10275	10276	1718	-0.0060934326337169775
2018-06-11	10309	10339	10300	10339	297	0.006130790190735702
2018-06-12	10344	10344	10334	10344	141	0.0004836057645807301
2018-06-14	10246	10246	10172	10178	2220	-0.01604795050270691
2018-06-15	10172	10172	10133	10133	1120	-0.00442130084495973
2018-06-18	10089	10089	10011	10026	2252	-0.01055955788019347
2018-06-19	10025	10025	9917	9918	251	-0.010771992818671472
2018-06-20	9971	9996	9966	9996	53	0.007864488808227543
2018-06-21	9957	9957	9922	9928	241	-0.006802721088435382
2018-06-22	9859	9947	9859	9947	152	0.0019137792103143259
2018-06-25	9942	9952	9942	9952	19	0.0005026641198351278
2018-06-26	9908	9908	9908	9908	205	-0.004421221864951752
2018-06-27	9991	9991	9947	9991	175	0.00837706903512303
2018-06-28	9883	9883	9849	9879	181	-0.01121008908017218
2018-06-29	9824	9888	9810	9889	214	0.0010122482032595137
2018-07-02	9839	9839	9707	9707	329	-0.018404287592274193
2018-07-03	9692	9692	9629	9629	27	-0.00803543834346343
2018-07-04	9722	9722	9668	9668	107	0.00405026482500781
2018-07-05	9629	9668	9599	9600	7	-0.007033512618949134
2018-07-06	9638	9638	9638	9639	1	0.00406250000000008
2018-07-09	9780	9800	9771	9771	397	0.013694366635543131
2018-07-10	9780	9780	9780	9781	0	0.001023436700440028
2018-07-11	9638	9722	9638	9722	162	-0.0060321030569471246
2018-07-12	9722	9746	9722	9747	357	0.0025714873482822753
2018-07-13	9800	9800	9800	9800	0	0.005437570534523539
2018-07-16	9810	9810	9810	9810	102	0.0010204081632652073
2018-07-17	9810	9810	9810	9810	0	0.0
2018-07-18	9800	9800	9800	9800	1	-0.0010193679918450993
2018-07-19	9785	9785	9785	9786	306	-0.0014285714285714457
2018-07-20	9805	9820	9805	9815	12	0.002963417126507162
2018-07-23	9780	9780	9780	9781	0	-0.003464085583290921
2018-07-24	9766	9775	9766	9776	18	-0.0005111951743175247
2018-07-25	9790	9790	9790	9791	1	0.0015343698854337617
2018-07-26	9815	9815	9815	9815	306	0.002451230722091635
2018-07-27	9834	9834	9834	9835	0	0.002037697401935823
2018-07-30	9844	9854	9844	9845	108	0.0010167768174884628
2018-07-31	9849	9849	9849	9849	30	0.0004062976130014828
2018-08-01	9864	9864	9864	9864	0	0.0015229972586048302
2018-08-02	9864	9864	9864	9864	3	0.0
2018-08-03	9849	9849	9849	9849	0	-0.0015206812652067692
2018-08-06	9849	9849	9849	9849	0	0.0
2018-08-07	9873	9893	9873	9893	115	0.004467458625241116
2018-08-08	9908	9908	9883	9884	17	-0.0009097341554634708
2018-08-09	9883	9883	9883	9884	4	0.0
2018-08-10	9854	9854	9854	9854	112	-0.003035208417644708
2018-08-13	9741	9741	9717	9727	157	-0.012888167241729254
2018-08-14	9746	9761	9746	9761	204	0.003495425105376704
2018-08-16	9707	9707	9697	9698	103	-0.006454256735990205
2018-08-17	9697	9697	9697	9698	0	0.0
2018-08-20	9712	9717	9712	9717	41	0.001959166838523485
2018-08-21	9780	9805	9780	9805	21	0.009056293094576562
2018-08-22	9829	9849	9829	9840	23	0.003569607343192338
2018-08-23	9859	9859	9859	9859	0	0.0019308943089431096
2018-08-24	9844	9908	9844	9908	13	0.004970078101227404
2018-08-27	9917	9917	9917	9918	9	0.0010092854259184936
2018-08-28	9957	9957	9957	9957	1	0.003932244404113661
2018-08-29	9952	9966	9947	9962	103	0.0005021592849252521
2018-08-30	9971	9971	9971	9972	1	0.0010038144950812455
2018-08-31	9942	9942	9942	9942	102	-0.0030084235860409203
2018-09-03	9966	9981	9952	9962	189006	0.0020116676725006055
2018-09-04	9971	9991	9971	9991	897	0.0029110620357357675
2018-09-05	9976	9976	9893	9893	9	-0.009808827945150589
2018-09-06	9903	9932	9893	9903	1486	0.0010108157282926467
2018-09-07	9868	9868	9824	9825	194	-0.007876401090578633
2018-09-10	9868	9893	9864	9879	20189	0.005496183206106897
2018-09-11	9893	9913	9829	9859	18596	-0.0020244964065189164
2018-09-12	9868	9873	9815	9854	2784	-0.0005071508266558666
2018-09-13	9854	9864	9854	9864	83	0.0010148163182464032
2018-09-14	9859	9932	9859	9918	10068	0.005474452554744547
2018-09-17	9952	9952	9873	9908	10201	-0.001008267795926554
2018-09-18	9888	9922	9883	9903	11386	-0.0005046427129592468
2018-09-19	9917	9932	9913	9933	18	0.0030293850348379614
2018-09-20	9927	9966	9927	9947	21375	0.0014094432699083281
2018-09-21	9942	9966	9942	9957	123	0.0010053282396702556
2018-09-27	9991	9991	9966	9991	51238	0.00341468313749127
2018-09-28	9986	9996	9966	9996	542	0.0005004504053647274
2018-10-01	9996	9996	9991	9991	463	-0.0005002000800320427
2018-10-02	9986	9986	9952	9952	15146	-0.003903513161845673
2018-10-04	9952	9952	9883	9884	13479	-0.006832797427652748
2018-10-05	9883	9917	9854	9908	12011	0.002428166734115722
2018-10-08	9888	9888	9864	9874	589	-0.0034315704481227005
2018-10-10	9859	9859	9795	9800	1141	-0.007494429815677495
2018-10-11	9624	9624	9393	9404	4467	-0.04040816326530616
2018-10-12	9447	9467	9447	9462	180	0.006167588260314716
2018-10-15	9447	9447	9447	9448	765	-0.001479602621010323
2018-10-16	9447	9462	9433	9448	7321	0.0
2018-10-17	9521	9526	9491	9516	63	0.0071972904318373665
2018-10-18	9496	9496	9477	9482	1242	-0.003572929802437952
2018-10-19	9408	9501	9408	9502	42	0.00210925964986286
2018-10-22	9437	9516	9437	9516	441	0.0014733740265207018
2018-10-23	9418	9418	9344	9345	2257	-0.017969735182849944
2018-10-24	9354	9354	9354	9355	2	0.0010700909577314732
2018-10-25	9153	9237	9149	9178	3360	-0.018920363442009647
2018-10-26	9178	9178	9021	9095	543	-0.009043364567443923
2018-10-29	9168	9168	9026	9027	67	-0.00747663551401867
2018-10-30	8997	9129	8997	9095	15394	0.007532956685499137
2018-10-31	9075	9134	9051	9134	3983	0.00428807036833434
2018-11-01	9178	9178	9046	9085	185317	-0.005364571929056261
2018-11-02	9271	9286	9271	9276	22	0.02102366538249867
2018-11-05	9261	9325	9232	9325	23682	0.005282449331608374
2018-11-06	9359	9379	9295	9379	117	0.005790884718498646
2018-11-07	9330	9330	9330	9330	1	-0.005224437573302043
2018-11-08	9511	9521	9486	9487	273	0.01682743837084666
2018-11-09	9403	9408	9398	9404	111	-0.008748814166754548
2018-11-12	9389	9418	9389	9418	183	0.001488728200765621
2018-11-13	9310	9349	9310	9350	205	-0.0072202166064981865
2018-11-14	9354	9354	9354	9355	206	0.0005347593582887278
2018-11-15	9344	9403	9330	9404	189	0.0052378407268840466
2018-11-16	9403	9403	9403	9404	0	0.0
2018-11-19	9403	9433	9403	9433	144	0.003083794130157358
2018-11-20	9374	9384	9374	9379	10188	-0.005724583907558589
2018-11-21	9286	9349	9276	9350	226	-0.003092014073995064
2018-11-22	9344	9349	9344	9350	20	0.0
2018-11-23	9344	9344	9315	9316	210	-0.0036363636363636598
2018-11-26	9379	9413	9379	9414	104	0.010519536281665909
2018-11-27	9413	9452	9384	9453	93	0.004142766093052863
2018-11-28	9442	9482	9437	9482	164	0.0030678091611129332
2018-11-29	9482	9482	9482	9482	0	0.0
2018-11-30	9477	9477	9447	9448	47	-0.0035857414047669733
2018-12-03	9531	9545	9531	9546	2	0.010372565622353891
2018-12-04	9511	9526	9477	9507	9784	-0.004085480829666865
2018-12-05	9442	9477	9442	9477	132	-0.00315556958030927
2018-12-06	9403	9408	9379	9379	410401	-0.010340825155639943
2018-12-07	9452	9452	9384	9414	200	0.003731741123787158
2018-12-10	9330	9330	9286	9301	566	-0.012003399192691777
2018-12-11	9310	9310	9310	9311	0	0.001075153209332269
2018-12-12	9418	9418	9418	9418	10	0.011491783911502518
2018-12-13	9418	9511	9418	9511	20	0.009874708005946031
2018-12-14	9457	9467	9354	9389	429	-0.012827252654820764
2018-12-17	9413	9437	9403	9414	1612	0.0026626903823623316
2018-12-18	9374	9384	9374	9384	11	-0.0031867431485022024
2018-12-19	9408	9413	9408	9414	108	0.0031969309462915874
2018-12-20	9354	9379	9320	9365	58	-0.005205013809220338
2018-12-21	9349	9349	9335	9335	3	-0.0032034169781099964
2018-12-24	9335	9369	9325	9369	527	0.003642206748794896
2018-12-26	9207	9276	9207	9257	478	-0.011954317429821781
2018-12-27	9305	9379	9286	9379	42947	0.013179215728637894
2018-12-28	9374	9437	9374	9433	22	0.005757543448128732
2019-01-02	9413	9418	9286	9316	163232	-0.012403265133043573
2019-01-03	9300	9300	9202	9222	3009	-0.010090167453842835
2019-01-04	9207	9305	9207	9301	3911	0.008566471481240567
2019-01-07	9359	9482	9359	9438	608	0.014729598967852864
2019-01-08	9418	9428	9413	9414	205	-0.002542911633820699
2019-01-09	9467	9545	9467	9541	6	0.013490545995326064
2019-01-10	9580	9594	9560	9560	682	0.001991405513048994
2019-01-11	9575	9599	9575	9600	498	0.004184100418409997
2019-01-14	9584	9584	9584	9585	64	-0.0015625000000000222
2019-01-15	9609	9648	9609	9649	946	0.006677099634846195
2019-01-16	9653	9653	9638	9653	1291	0.0004145507306456686
2019-01-17	9663	9687	9663	9683	1082	0.0031078421216201857
2019-01-18	9697	9712	9697	9712	157	0.002994939584839429
2019-01-21	9722	9722	9697	9722	1139	0.0010296540362437767
2019-01-22	9712	9712	9697	9707	2989	-0.0015428924089693208
2019-01-23	9722	9726	9722	9727	112	0.002060368806016344
2019-01-24	9746	9746	9741	9747	3378	0.002056132414927525
2019-01-25	9771	9775	9751	9776	6961	0.0029752744434183853
2019-01-28	9775	9775	9771	9776	2193	0.0
2019-01-29	9771	9771	9771	9771	51146	-0.0005114566284779576
2019-01-30	9775	9775	9766	9766	129	-0.000511718350220014
2019-01-31	9785	9805	9780	9805	835	0.003993446651648469
2019-02-01	9775	9795	9771	9791	72	-0.0014278429372769352
2019-02-07	9780	9800	9780	9800	3536	0.0009192115207843354
2019-02-08	9775	9795	9756	9796	51146	-0.00040816326530612734
2019-02-11	9800	9820	9785	9820	409	0.00244997958350357
2019-02-12	9805	9805	9790	9800	600	-0.0020366598778004397
2019-02-13	9873	9873	9658	9805	20530	0.0005102040816327147
2019-02-14	9795	9800	9795	9796	3966	-0.0009178990311066171
2019-02-15	9707	9707	9648	9683	362	-0.01153532053899553
2019-02-18	9736	9741	9712	9737	191	0.005576784054528661
2019-02-19	9712	9717	9702	9702	153	-0.0035945363048166534
2019-02-20	9761	9785	9761	9786	201	0.008658008658008587
2019-02-21	9751	9795	9751	9791	1206	0.000510933987328821
2019-02-22	9766	9795	9756	9796	2342	0.0005106730671025073
2019-02-25	9805	9810	9800	9810	360	0.001429154757043749
2019-02-26	9810	9810	9766	9791	823	-0.001936799184505622
2019-02-27	9810	9815	9805	9815	1161	0.002451230722091635
2019-02-28	9766	9780	9702	9702	1142	-0.011512990320937333
2019-03-04	9756	9756	9658	9663	5227	-0.004019789734075463
2019-03-05	9604	9633	9580	9600	3824	-0.006519714374417895
2019-03-06	9565	9580	9560	9575	1582	-0.0026041666666666297
2019-03-07	9565	9565	9526	9546	766	-0.0030287206266318423
2019-03-08	9482	9482	9413	9418	380	-0.013408757594804088
2019-03-11	9393	9418	9393	9418	501	0.0
2019-03-12	9501	9516	9501	9511	652	0.009874708005946031
2019-03-13	9467	9472	9433	9443	43	-0.007149616233834477
2019-03-14	9418	9477	9418	9477	506	0.0036005506724556824
2019-03-15	9462	9526	9462	9526	95	0.005170412577820027
2019-03-18	9526	9535	9526	9536	119	0.001049758555532243
2019-03-19	9531	9540	9531	9536	636	0.0
2019-03-20	9486	9540	9486	9541	491	0.0005243288590603967
2019-03-21	9575	9584	9575	9580	3944	0.004087621842574052
2019-03-22	9584	9594	9565	9595	2620	0.0015657620041753528
2019-03-25	9526	9526	9501	9502	238	-0.009692548202188678
2019-03-26	9521	9526	9516	9516	1275	0.0014733740265207018
2019-03-27	9516	9516	9511	9511	63	-0.0005254308532997021
2019-03-28	9486	9486	9482	9487	3387	-0.0025233939648827697
2019-03-29	9540	9540	9540	9541	21	0.00569199957837041
2019-04-01	9580	9599	9580	9600	2179	0.006183838172099332
2019-04-02	9619	9624	9614	9619	3913	0.001979166666666643
2019-04-03	9619	9643	9619	9644	62	0.0025990227674395072
2019-04-04	9648	9653	9648	9653	11128	0.0009332227291580786
2019-04-05	9692	9692	9653	9653	253	0.0
2019-04-08	9658	9658	9658	9658	20	0.0005179736869367346
2019-04-09	9643	9663	9643	9663	4832	0.000517705529095025
2019-04-10	9663	9663	9663	9663	71	0.0
2019-04-11	9638	9673	9638	9673	2247	0.0010348752975266606
2019-04-12	9668	9673	9658	9673	306313	0.0
2019-04-15	9697	9697	9692	9693	108	0.00206761087563323
2019-04-16	9692	9712	9682	9712	204199	0.0019601774476425415
2019-04-17	9682	9712	9663	9707	192010	-0.0005148270181218884
2019-04-18	9687	9687	9619	9634	250	-0.0075203461419594
2019-04-19	9643	9643	9629	9629	12	-0.0005189952252439012
2019-04-22	9633	9643	9633	9644	175	0.0015577941634645764
2019-04-23	9648	9663	9638	9658	4048	0.001451679800912542
2019-04-24	9580	9580	9555	9556	3509	-0.010561192793539065
2019-04-25	9594	9599	9575	9575	544	0.001988279614901556
2019-04-26	9491	9555	9491	9507	2117	-0.0071018276762402355
2019-04-29	9575	9673	9575	9673	3347	0.01746081834437785
2019-04-30	9575	9663	9575	9663	93	-0.001033805437816615
2019-05-02	9663	9687	9648	9673	102088	0.0010348752975266606
2019-05-03	9584	9619	9580	9609	20923	-0.00661635480202627
2019-05-07	9477	9540	9447	9541	701	-0.007076698928088265
2019-05-08	9496	9496	9496	9497	0	-0.004611675924955483
2019-05-09	9433	9433	9207	9208	133	-0.030430662314415047
2019-05-10	9198	9227	9188	9227	414	0.0020634231103389133
2019-05-13	9202	9207	9163	9174	585	-0.005744012138289789
2019-05-14	9100	9198	9100	9174	309	0.0
2019-05-15	9144	9212	9144	9203	566	0.0031611074776543013
2019-05-16	9202	9202	9119	9129	846	-0.008040856242529593
2019-05-17	9129	9168	9090	9090	750	-0.0042720999014130845
2019-05-20	9149	9158	9109	9110	113	0.002200220022002153
2019-05-21	9149	9173	9149	9154	129	0.004829857299670781
2019-05-22	9149	9153	9134	9154	47	0.0
2019-05-23	9090	9090	9090	9090	1	-0.006991479134804468
2019-05-24	9100	9104	9070	9080	357	-0.0011001100110010764
2019-05-27	9080	9104	9075	9105	512	0.002753303964757814
2019-05-28	9124	9124	9124	9125	7	0.0021965952773201902
2019-05-29	9070	9070	8977	8978	2047	-0.01610958904109594
2019-05-30	8982	9100	8982	9100	40	0.013588772555134687
2019-05-31	9085	9085	9085	9085	99	-0.0016483516483516425
2019-06-03	9075	9217	9075	9218	70	0.014639515685195281
2019-06-04	9217	9217	9178	9203	2798	-0.0016272510305923582
2019-06-05	9251	9251	9217	9218	174	0.0016299032924047552
2019-06-07	9261	9261	9212	9232	4095	0.0015187676285528529
2019-06-10	9286	9344	9251	9345	4253	0.01224003466204504
2019-06-11	9335	9379	9335	9379	17	0.0036383092562868313
2019-06-12	9389	9389	9349	9369	81692	-0.0010662117496534895
2019-06-13	9276	9320	9276	9320	2062	-0.005230013875547002
2019-06-14	9300	9315	9300	9316	11	-0.00042918454935625405
2019-06-17	9271	9320	9266	9320	224990	0.0004293688278231844
2019-06-18	9325	9349	9320	9350	102124	0.0032188841201716833
2019-06-19	9384	9408	9379	9409	204195	0.006310160427807521
2019-06-20	9408	9433	9408	9433	42	0.002550749282601794
2019-06-21	9423	9423	9423	9423	10	-0.0010601081310294136
2019-06-24	9437	9437	9437	9438	31	0.0015918497293856415
2019-06-25	9433	9433	9433	9433	218	-0.0005297732570459512
2019-06-26	9433	9433	9433	9433	10	0.0
2019-06-27	9447	9477	9447	9477	65	0.004664475776529287
2019-06-28	9477	9477	9477	9477	0	0.0
2019-07-01	9467	9486	9467	9487	127	0.0010551862403713752
2019-07-02	9482	9486	9482	9487	638	0.0
2019-07-03	9467	9486	9418	9418	9634	-0.007273110572362129
2019-07-04	9418	9447	9418	9448	10	0.003185389679337458
2019-07-05	9472	9477	9437	9477	3643	0.00306943268416604
2019-07-08	9413	9413	9340	9340	4109	-0.014456051493088484
2019-07-09	9384	9384	9335	9335	370	-0.0005353319057815886
2019-07-10	9379	9393	9364	9365	510	0.0032137118371720064
2019-07-11	9428	9482	9418	9472	46	0.011425520555258917
2019-07-12	9477	9482	9472	9477	39	0.0005278716216217116
2019-07-15	9472	9501	9447	9502	172	0.002637965600928549
2019-07-16	9501	9531	9501	9531	3090	0.0030519890549358664
2019-07-17	9482	9486	9477	9477	34	-0.005665722379603388
2019-07-18	9467	9467	9467	9467	36	-0.0010551862403713752
2019-07-19	9501	9511	9501	9511	2113	0.004647723671701742
2019-07-22	9521	9540	9521	9541	3212	0.0031542424561035176
2019-07-23	9531	9575	9531	9575	9	0.003563567760192843
2019-07-24	9560	9560	9560	9560	17	-0.0015665796344647154
2019-07-25	9511	9516	9511	9516	248	-0.004602510460251064
2019-07-26	9496	9511	9467	9511	150	-0.0005254308532997021
2019-07-29	9482	9482	9398	9418	2161	-0.009778151613920705
2019-07-30	9418	9452	9418	9448	77	0.003185389679337458
2019-07-31	9452	9452	9340	9404	99	-0.004657070279424191
2019-08-01	9364	9364	9349	9365	25	-0.004147171416418516
2019-08-02	9251	9291	9232	9271	2354	-0.010037373198077959
2019-08-05	9212	9212	9060	9080	1184	-0.02060187682019199
2019-08-06	8899	9036	8889	9036	2457	-0.004845814977973539
2019-08-07	8938	8943	8864	8894	4516	-0.0157149181053563
2019-08-08	8958	8962	8923	8929	887	0.0039352372385879075
2019-08-09	8972	8987	8967	8968	78	0.004367790346063494
2019-08-12	8977	8997	8972	8992	391	0.00267618198037467
2019-08-13	8938	8967	8933	8938	3902	-0.006005338078291844
2019-08-14	8977	8982	8962	8983	39	0.005034683374356641
2019-08-16	8967	8967	8928	8958	449	-0.002783034620950642
2019-08-19	8997	9002	8992	9002	53	0.004911810672024952
2019-08-20	8987	9041	8987	9041	3119	0.004332370584314571
2019-08-21	9036	9051	9036	9051	16	0.0011060723371307812
2019-08-22	9016	9036	9016	9027	412	-0.0026516407026847544
2019-08-23	9002	9026	9002	9022	12	-0.0005538938739337862
2019-08-26	8928	8967	8928	8958	2204	-0.007093770782531594
2019-08-27	9006	9006	8987	8987	56	0.003237329761107466
2019-08-28	9016	9016	9016	9017	9	0.003338155112940999
2019-08-29	8992	8997	8982	8992	1900	-0.00277254075634914
2019-08-30	9031	9090	9031	9090	4184	0.010898576512455627
2019-09-02	9055	9070	9055	9066	282	-0.0026402640264026056
2019-09-03	9051	9060	9046	9046	1884	-0.0022060445621001623
2019-09-04	9070	9080	9070	9080	2194	0.003758567322573514
2019-09-05	9104	9104	9100	9100	111	0.0022026431718060735
2019-09-06	9090	9109	9090	9110	47	0.001098901098901095
2019-09-09	9095	9104	9095	9105	8177	-0.0005488474204171645
2019-09-10	9109	9109	9109	9110	66	0.0005491488193301031
2019-09-11	9104	9104	9080	9105	17	-0.0005488474204171645
2019-09-16	9104	9129	9095	9129	167	0.002635914332784095
2019-09-17	9109	9129	9109	9125	36	-0.0004381640924526753
2019-09-18	9124	9153	9124	9154	30	0.00317808219178084
2019-09-19	9163	9193	9163	9193	45	0.004260432597771535
2019-09-20	9207	9217	9207	9218	36	0.002719460459045031
2019-09-23	9193	9222	9188	9222	1208	0.0004339336081580214
2019-09-24	9202	9237	9188	9237	303	0.0016265452179571316
2019-09-25	9222	9222	9163	9183	522	-0.005846053913608262
2019-09-26	9207	9212	9207	9213	218	0.0032669062397909787
2019-09-27	9183	9183	9163	9164	32	-0.005318571583631804
2019-09-30	9139	9227	9139	9227	141	0.006874727193365349
2019-10-01	9217	9217	9217	9218	1	-0.0009753982876341549
2019-10-02	9149	9163	9104	9105	72	-0.012258624430462106
2019-10-04	9109	9109	9085	9110	202	0.0005491488193301031
2019-10-07	9109	9109	9085	9100	246	-0.001097694840834218
2019-10-08	9178	9178	9178	9178	44	0.008571428571428674
2019-10-10	9124	9163	9124	9164	44	-0.001525386794508643
2019-10-11	9212	9227	9207	9208	27	0.004801396769969379
2019-10-14	9246	9271	9217	9257	20073	0.005321459600347467
2019-10-15	9266	9266	9261	9267	68	0.001080263584314567
2019-10-16	9286	9291	9286	9291	55	0.002589834898025334
2019-10-17	9291	9291	9261	9286	84	-0.0005381552039608328
2019-10-18	9286	9286	9227	9252	68	-0.0036614258022830137
2019-10-21	9251	9276	9251	9276	42	0.0025940337224383825
2019-10-22	9291	9320	9291	9320	1169	0.004743423889607579
2019-10-23	9310	9310	9271	9276	51045	-0.0047210300429184615
2019-10-24	9295	9300	9295	9296	20417	0.0021561017680034045
2019-10-25	9315	9320	9315	9320	244	0.002581755593803692
2019-10-28	9310	9325	9305	9325	21093	0.0005364806866952065
2019-10-29	9315	9335	9315	9335	369	0.0010723860589811895
2019-10-30	9320	9320	9320	9320	26	-0.0016068559185860032
2019-10-31	9344	9344	9325	9340	36	0.0021459227467810482
2019-11-01	9320	9340	9320	9320	158	-0.0021413276231263545
2019-11-04	9080	9369	9080	9365	2345	0.004828326180257525
2019-11-05	9340	9374	9340	9365	1694	0.0
2019-11-06	9364	9369	9364	9369	11	0.0004271222637479699
2019-11-07	9364	9364	9364	9365	13	-0.00042693990820796834
2019-11-08	9349	9349	9349	9350	1	-0.0016017084890549427
2019-11-11	9359	9359	9359	9360	47	0.0010695187165774556
2019-11-12	9349	9369	9349	9369	21	0.0009615384615384581
2019-11-13	9369	9374	9349	9374	51	0.0005336748852597939
2019-11-14	9344	9369	9344	9369	12	-0.0005333902282910197
2019-11-15	9403	9418	9403	9418	37	0.005230013875547002
2019-11-18	9408	9408	9403	9409	1205	-0.000955616903801193
2019-11-19	9359	9398	9354	9399	1138	-0.0010628122010840624
2019-11-20	9384	9384	9335	9340	8221	-0.006277263538674305
2019-11-21	9310	9310	9212	9237	23	-0.011027837259100615
2019-11-22	9261	9281	9261	9281	30	0.0047634513370142795
2019-11-25	9359	9359	9354	9355	95	0.007973278741514989
2019-11-26	9384	9398	9384	9399	9	0.004703367183324536
2019-11-27	9325	9369	9325	9369	41	-0.0031918289179699855
2019-11-28	9340	9354	9330	9330	21	-0.004162664105027192
2019-11-29	9300	9300	9193	9208	118	-0.01307609860664527
2019-12-02	9251	9276	9246	9247	36	0.004235447437011208
2019-12-03	9158	9207	9134	9193	5442	-0.005839731804909709
2019-12-04	9173	9173	9095	9100	12	-0.010116392907647098
2019-12-05	9207	9207	9119	9125	4219	0.0027472527472527375
2019-12-06	9212	9222	9212	9222	2054	0.01063013698630133
2019-12-09	9266	9276	9261	9271	2506	0.005313381045326304
2019-12-10	9271	9320	9271	9320	2074	0.005285298241829439
2019-12-11	9325	9354	9325	9355	62	0.00375536480686689
2019-12-12	9447	9491	9433	9492	2724	0.014644575093532897
2019-12-13	9560	9624	9560	9624	12862	0.013906447534766109
2019-12-16	9619	9619	9619	9619	66	-0.0005195344970906346
2019-12-17	9648	9692	9643	9693	58	0.007693107391620657
2019-12-18	9673	9697	9673	9698	27	0.0005158361704322711
2019-12-19	9673	9697	9673	9698	2	0.0
2019-12-20	9707	9707	9707	9707	31	0.0009280263971953584
2019-12-23	9712	9712	9712	9712	31	0.0005150922015040305
2019-12-24	9692	9692	9692	9693	103	-0.0019563426688632424
2019-12-26	9697	9717	9697	9717	92	0.0024760136180748127
2019-12-27	9741	9761	9741	9761	144	0.00452814654728817
2019-12-30	9746	9761	9746	9761	12	0.0
2020-01-02	9741	9741	9731	9732	20	-0.0029710070689478174
2020-01-03	9712	9712	9707	9707	10249	-0.0025688450472667324
2020-01-06	9712	9712	9712	9712	112	0.0005150922015040305
2020-01-07	9761	9766	9761	9766	10	0.005560131795716572
2020-01-08	9707	9707	9707	9707	1	-0.006041368011468373
2020-01-09	9766	9795	9761	9796	61410	0.009168641186772408
2020-01-10	9800	9839	9785	9840	1626	0.004491629236422989
2020-01-13	9839	9873	9839	9874	31	0.0034552845528454945
2020-01-14	9873	9893	9864	9893	40865	0.0019242454932144604
2020-01-15	9854	9878	9849	9874	176	-0.0019205498837562285
2020-01-16	9908	9908	9908	9908	19	0.003443386672068005
2020-01-17	9898	9913	9883	9913	1314	0.0005046427129591358
2020-01-20	9937	9937	9937	9938	18	0.0025219408857055647
2020-01-21	9908	9908	9908	9908	10	-0.003018716039444591
2020-01-22	9937	9937	9937	9938	18	0.0030278562777552587
2020-01-23	9888	9913	9873	9874	867	-0.006439927550815017
2020-01-28	9805	9805	9736	9766	8870	-0.01093781648774561
2020-01-29	9800	9800	9800	9800	120	0.0034814663116935485
2020-01-30	9761	9761	9677	9683	14	-0.011938775510204058
2020-01-31	9673	9673	9609	9609	14	-0.007642259630279868
2020-02-03	9462	9555	9462	9556	5	-0.005515662399833476
2020-02-04	9692	9692	9692	9693	641	0.014336542486395931
2020-02-05	9756	9785	9756	9786	104	0.009594552770040288
2020-02-06	9898	9927	9898	9928	5114	0.01451052524013896
2020-02-07	9913	9913	9913	9913	9	-0.0015108783239322632
2020-02-10	9849	9898	9849	9898	12	-0.001513164531423361
2020-02-11	9927	9927	9927	9928	0	0.0030309153364316277
2020-02-12	9976	9976	9976	9977	19	0.004935535858178852
2020-02-13	9952	10006	9952	10006	62	0.0029066853763657363
2020-02-14	9966	10006	9966	10006	10	0.0
2020-02-17	9962	10015	9962	10016	66	0.000999400359784186
2020-02-18	9927	9947	9888	9889	261	-0.012679712460063941
2020-02-19	9898	9898	9898	9898	0	0.000910102133683921
2020-02-20	9854	9893	9854	9893	19	-0.000505152556071975
2020-02-21	9795	9795	9785	9786	11	-0.010815728292732252
2020-02-24	9496	9496	9447	9448	32	-0.03453913754342941
2020-02-25	9496	9545	9486	9546	52	0.010372565622353891
2020-02-26	9393	9403	9384	9384	5568	-0.016970458830923962
2020-02-27	9384	9384	9320	9320	16	-0.006820119352088705
2020-02-28	9090	9090	9026	9027	4	-0.03143776824034339
2020-03-02	9041	9114	9041	9115	32	0.00974853218123406
2020-03-03	9286	9286	9109	9120	3031	0.0005485463521668343
2020-03-04	9320	9335	9320	9335	2	0.023574561403508776
2020-03-05	9384	9442	9364	9443	276	0.011569362613818912
2020-03-06	9340	9340	9198	9252	397	-0.020226622895266333
2020-03-09	8840	8879	8825	8865	1331	-0.04182879377431903
2020-03-10	8811	8918	8811	8919	126	0.006091370558375608
2020-03-11	8786	8786	8615	8615	9	-0.03408453862540639
2020-03-12	8502	8541	8228	8292	62	-0.03749274521183976
2020-03-13	7713	8169	7713	8032	66	-0.031355523396044416
2020-03-16	7993	8027	7870	7881	56	-0.01879980079681276
2020-03-17	7777	7777	7777	7778	0	-0.013069407435604585
2020-03-18	7782	7811	7498	7498	7	-0.035998971457958384
2020-03-19	7106	7106	7077	7097	7	-0.0534809282475327
2020-03-20	7307	7439	7287	7440	330	0.04833028040016907
2020-03-23	7096	7096	7096	7097	42	-0.046102150537634445
2020-03-24	7209	7459	7209	7459	2056	0.051007467944201856
2020-03-25	7782	8056	7782	8057	54	0.08017160477275764
2020-03-26	8154	8154	7953	7954	6	-0.012783914608414992
2020-03-27	8037	8037	8012	8013	15	0.0074176514961026285
2020-03-30	7880	7880	7880	7881	13	-0.01647323099962561
2020-03-31	8189	8189	8174	8174	200	0.037178023093516144
2020-04-01	8130	8242	8130	8228	28	0.006606312698801187
2020-04-02	7826	8061	7826	8047	4405	-0.02199805542051536
2020-04-03	8017	8017	8017	8018	1	-0.0036038275133589703
2020-04-06	8389	8389	8389	8390	130	0.04639560987777491
2020-04-07	8458	8492	8458	8473	9	0.009892729439809234
2020-04-08	8556	8556	8556	8556	1	0.009795822022896195
2020-04-09	8497	8497	8497	8498	86	-0.0067788686302010515
2020-04-10	8522	8580	8522	8581	35	0.009767004000941437
2020-04-13	8527	8585	8517	8517	76	-0.007458338189022307
2020-04-14	8580	8634	8580	8610	113	0.010919337794998318
2020-04-16	8595	8644	8595	8645	56	0.004065040650406582
2020-04-17	8737	8771	8722	8772	3	0.01469057258530948
2020-04-20	8703	8727	8703	8728	62	-0.005015959872321063
2020-04-21	8585	8585	8585	8586	12	-0.016269477543538025
2020-04-22	8561	8718	8561	8718	118	0.015373864430468176
2020-04-23	8718	8718	8718	8718	1	0.0
2020-04-24	8708	8708	8708	8708	1	-0.0011470520761642788
2020-04-27	8791	8791	8791	8791	101	0.009531465319246646
2020-04-28	8825	8825	8776	8777	11	-0.0015925378227732434
2020-04-29	8806	8850	8806	8850	3	0.008317192662641082
2020-05-04	8776	8776	8776	8777	27	-0.008248587570621524
2020-05-06	8786	8786	8786	8787	217	0.0011393414606357677
2020-05-07	8835	8835	8835	8836	0	0.0055764197109366975
2020-05-08	8864	8864	8864	8865	1	0.0032820280669987323
2020-05-11	8909	8909	8909	8909	20	0.004963338973491327
2020-05-12	8860	8909	8860	8909	23	0.0
2020-05-13	8855	8855	8855	8855	2	-0.006061286339656524
2020-05-14	8923	8923	8923	8924	0	0.007792207792207684
2020-05-15	8938	8938	8938	8938	22	0.00156880322725228
2020-05-18	8884	8977	8884	8978	23	0.0044752741105391625
2020-05-19	9031	9070	9031	9031	7	0.005903319224771719
2020-05-20	9041	9075	9041	9076	31	0.004982836895139009
2020-05-21	9065	9104	9065	9095	12	0.002093433230498043
2020-05-22	9041	9041	9041	9041	20	-0.005937328202308967
2020-05-25	9021	9095	9021	9095	44	0.005972790620506485
2020-05-26	9095	9095	9095	9095	0	0.0
2020-05-27	9095	9134	9095	9134	92	0.00428807036833434
2020-05-28	9104	9149	9075	9129	9	-0.0005474052988833078
2020-05-29	9075	9075	9075	9076	2	-0.005805674224997226
2020-06-01	9104	9168	9104	9169	524	0.010246804759806105
2020-06-02	9119	9119	9119	9120	170	-0.005344094230559482
2020-06-03	9183	9183	9134	9183	4	0.006907894736842168
2020-06-04	9183	9183	9183	9183	1	0.0
2020-06-05	9075	9202	9075	9188	110	0.0005444843732984594
2020-06-08	9193	9193	9193	9193	10	0.0005441880713974445
2020-06-09	9193	9193	9193	9193	0	0.0
2020-06-10	9183	9183	9183	9183	10	-0.0010877841836179902
2020-06-11	9075	9144	9075	9144	124	-0.004246978111728139
2020-06-12	8992	8992	8992	8992	21	-0.016622922134733153
2020-06-15	8811	8811	8605	8605	23	-0.04303825622775803
2020-06-16	8967	9016	8913	9017	26	0.04787914003486349
2020-06-17	8982	8982	8982	8983	0	-0.0037706554286347505
2020-06-18	8909	8909	8894	8894	942	-0.009907603250584485
2020-06-19	8987	8987	8987	8987	0	0.010456487519676205
2020-06-22	9011	9011	8997	8997	245	0.001112718370980259
2020-06-23	9060	9060	9060	9061	204	0.0071134822718683655
2020-06-24	9134	9134	9134	9134	1	0.008056505904425526
2020-06-25	9031	9031	8958	8958	35	-0.019268666520691924
2020-06-26	9046	9046	9046	9046	0	0.009823621344049904
2020-06-29	8943	8958	8943	8958	258	-0.009728056599602075
2020-06-30	9065	9065	9065	9066	10	0.012056262558606923
2020-07-01	9109	9109	9109	9110	1	0.004853298036620268
2020-07-02	9109	9124	9104	9125	4482	0.0016465422612512715
2020-07-03	9173	9202	9173	9203	7	0.008547945205479524
2020-07-06	9330	9330	9330	9330	116	0.013799847875692661
2020-07-07	9281	9281	9281	9281	0	-0.005251875669882056
2020-07-08	9276	9286	9261	9286	3	0.0005387350501022681
2020-07-09	9335	9344	9335	9345	3	0.006353650656902854
2020-07-10	9271	9271	9271	9271	10	-0.007918673087212391
2020-07-13	9315	9374	9315	9374	30	0.011109912630784091
2020-07-14	9359	9359	9359	9360	0	-0.0014934926392148329
2020-07-15	9403	9403	9403	9404	20	0.004700854700854684
2020-07-16	9374	9374	9374	9374	20	-0.0031901318587834737
2020-07-17	9393	9393	9393	9394	0	0.0021335609131640787
2020-07-20	9398	9418	9398	9418	11	0.002554822226953357
2020-07-21	9437	9482	9437	9482	13	0.006795497982586607
2020-07-22	9482	9482	9482	9482	20	0.0
2020-07-23	9462	9462	9462	9462	0	-0.00210925964986286
2020-07-24	9408	9408	9408	9409	188	-0.005601352779539215
2020-07-27	9477	9477	9477	9477	83	0.007227122967371713
2020-07-28	9526	9526	9526	9526	1	0.005170412577820027
2020-07-29	9521	9521	9521	9521	1	-0.0005248792777661215
2020-07-30	9540	9540	9540	9541	10	0.0021006196828063928
2020-07-31	9511	9511	9496	9497	7034	-0.004611675924955483
2020-08-03	9511	9511	9511	9511	1	0.0014741497314940677
2020-08-04	9531	9531	9531	9531	1	0.0021028283040689377
2020-08-05	9545	9545	9545	9546	0	0.0015738117721120215
2020-08-06	9584	9584	9584	9585	10	0.004085480829666865
2020-08-07	9575	9575	9575	9575	0	-0.0010432968179446833
2020-08-10	9555	9580	9555	9580	13	0.0005221932114882755
2020-08-11	9609	9609	9535	9541	614	-0.004070981210855917
2020-08-12	9545	9550	9545	9551	1041	0.00104810816476264
2020-08-13	9545	9545	9545	9546	1	-0.0005235053921055499
2020-08-14	9491	9491	9491	9492	0	-0.0056568196103079504
2020-08-18	9491	9501	9340	9340	307	-0.016013485040033748
2020-08-19	9389	9408	9384	9409	8	0.007387580299785812
2020-08-20	9114	9114	9070	9071	10	-0.03592305239664151
2020-08-21	9119	9256	9119	9183	18	0.012347040017638644
2020-08-24	9227	9276	9227	9276	314	0.010127409343351879
2020-08-25	9325	9379	9325	9379	45	0.011103924105217766
2020-08-26	9379	9379	9379	9379	0	0.0
2020-08-27	9320	9320	9320	9320	52	-0.006290649322955533
2020-08-28	9349	9428	9349	9369	50	0.005257510729613779
2020-08-31	9413	9413	9246	9247	56	-0.013021667200341591
2020-09-01	9315	9315	9271	9316	4	0.007461879528495752
2020-09-02	9310	9310	9310	9311	2	-0.000536711034778925
2020-09-03	9477	9477	9477	9477	0	0.017828375040275013
2020-09-04	9364	9364	9364	9365	0	-0.011818085892159935
2020-09-07	9408	9408	9408	9409	115	0.004698344901227891
2020-09-08	9482	9521	9482	9521	5	0.011903496652141632
2020-09-09	9423	9423	9423	9423	0	-0.010293036445751524
2020-09-10	9511	9521	9511	9516	12	0.009869468322190489
2020-09-11	9447	9447	9447	9448	1	-0.007145859604876015
2020-09-14	9584	9584	9584	9585	20	0.01450042337002544
2020-09-15	9575	9609	9565	9609	246	0.00250391236306724
2020-09-16	9614	9614	9614	9614	20	0.000520345509418263
2020-09-17	9545	9545	9545	9546	0	-0.0070730185146661295
2020-09-18	9555	9555	9555	9556	0	0.0010475591870939827
2020-09-21	9550	9555	9531	9531	2137	-0.0026161573880284505
2020-09-22	9408	9408	9344	9369	13	-0.016997167138810165
2020-09-23	9379	9393	9300	9394	5	0.0026683744262994136
2020-09-24	9300	9300	9237	9237	2	-0.01671279540131998
2020-09-25	9276	9276	9271	9271	21	0.0036808487604200746
2020-09-28	9335	9398	9335	9399	55	0.013806493366411488
2020-09-29	9477	9482	9462	9462	3	0.0067028407277369695
2020-10-05	9521	9584	9521	9585	12	0.012999365884591052
2020-10-06	9633	9633	9609	9609	13	0.00250391236306724
2020-10-07	9663	9663	9663	9663	2	0.00561973150171724
2020-10-08	9707	9707	9707	9707	1	0.004553451309117218
2020-10-12	9736	9761	9736	9761	192	0.005562995776243973
2020-10-13	9761	9761	9761	9761	0	0.0
2020-10-14	9717	9717	9717	9717	0	-0.004507734863231194
2020-10-15	9682	9682	9682	9683	20	-0.003499022331995505
2020-10-16	9609	9648	9609	9649	21	-0.003511308478777231
2020-10-19	9692	9692	9682	9683	11	0.003523681210488183
2020-10-20	9697	9697	9697	9698	0	0.0015491066818134058
2020-10-21	9726	9741	9722	9742	11	0.00453701794184358
2020-10-22	9702	9702	9702	9702	10	-0.004105933073290879
2020-10-23	9712	9712	9712	9712	1	0.001030715316429509
2020-10-26	9741	9741	9726	9727	21	0.001544481054365665
2020-10-27	9697	9697	9677	9678	42	-0.005037524416572459
2020-10-28	9638	9692	9638	9693	3	0.001549907005579776
2020-10-29	9633	9633	9633	9634	0	-0.006086866811100822
2020-10-30	9423	9433	9423	9433	11	-0.020863608054805916
2020-11-02	9482	9511	9482	9511	12	0.008268843422029049
2020-11-03	9697	9697	9697	9698	0	0.01966144464304498
2020-11-04	9751	9761	9751	9761	2	0.006496184780367065
2020-11-05	9868	9893	9868	9893	17	0.013523204589693583
2020-11-06	9917	9917	9917	9918	9	0.0025270393207317277
2020-11-09	9932	9962	9932	9952	31	0.003428110506150439
2020-11-10	9932	9957	9917	9957	11031	0.0005024115755627445
2020-11-11	9957	9957	9957	9957	0	0.0
2020-11-12	9947	9966	9947	9967	130	0.0010043185698502821
2020-11-13	9986	9986	9986	9987	0	0.0020066218521119783
2020-11-16	10069	10089	10006	10089	2045	0.010213277260438636
2020-11-17	10079	10089	10079	10089	9	0.0
2020-11-18	10079	10079	10079	10080	5	-0.000892060660124927
2020-11-19	10084	10084	10084	10084	0	0.0003968253968253954
2020-11-20	10108	10108	10108	10109	29	0.002479174930583028
2020-11-23	10123	10153	10123	10153	98	0.0043525571273121955
2020-11-24	10138	10138	10138	10138	206	-0.0014773958435930767
2020-11-25	10148	10148	10148	10148	19	0.000986387847701664
2020-11-26	10148	10148	10148	10148	0	0.0
2020-11-27	10148	10148	10148	10148	0	0.0
2020-11-30	10246	10246	10246	10246	0	0.009657075285770533
2020-12-01	10167	10167	10167	10168	9	-0.007612726917821555
2020-12-02	10162	10162	10162	10163	351	-0.0004917387883556223
2020-12-03	10167	10167	10167	10168	0	0.0004919807143559662
2020-12-04	9800	9800	9800	9800	1	-0.03619197482297398
2020-12-07	10197	10197	10167	10173	37	0.038061224489795986
2020-12-08	10216	10216	10216	10217	1	0.004325174481470517
2020-12-09	10211	10211	10211	10212	3	-0.0004893804443574234
2020-12-10	10162	10162	10162	10163	9	-0.0047982765374069425
2020-12-11	10211	10211	10211	10212	0	0.00482141100068878
2020-12-14	10211	10211	10211	10212	19	0.0
2020-12-15	10211	10211	10211	10212	18	0.0
2020-12-16	10216	10246	10216	10246	25	0.0033294163728947446
2020-12-17	10211	10231	10202	10231	151	-0.0014639859457349358
2020-12-18	10236	10236	10236	10236	0	0.0004887107809599112
2020-12-21	10260	10260	10260	10261	9	0.002442360296990964
2020-12-22	10162	10162	10162	10163	1	-0.00955072605009255
2020-12-23	10236	10236	10177	10178	8	0.0014759421430678987
2020-12-24	10319	10319	10319	10320	9	0.013951660444095015
2020-12-28	10388	10388	10388	10388	56	0.006589147286821806
2020-12-29	10437	10437	10437	10437	9	0.004716981132075526
2020-12-30	10500	10500	10500	10501	9	0.006132030276899458
2021-01-04	10500	10500	10461	10471	114	-0.002856870774211928
2021-01-05	10476	10476	10476	10476	0	0.0004775093114315343
2021-01-06	10613	10613	10515	10516	104	0.0038182512409317138
2021-01-07	10486	10486	10476	10476	86	-0.0038037276530999975
2021-01-08	10476	10476	10476	10476	0	0.0
2021-01-11	10476	10476	10211	10276	159	-0.019091256204658236
2021-01-12	10466	10466	10466	10467	0	0.018586998832230472
2021-01-13	10471	10471	10471	10471	0	0.00038215343460401563
2021-01-14	10476	10500	10471	10501	37	0.002865055868589428
2021-01-15	10363	10363	10363	10364	19	-0.01304637653556806
2021-01-18	10304	10304	10226	10227	23	-0.013218834426862225
2021-01-19	10348	10348	10348	10349	105	0.011929207001075692
2021-01-20	10388	10388	10388	10388	0	0.003768480046381306
2021-01-21	10446	10525	10446	10525	11	0.013188294185598748
2021-01-22	10569	10598	10569	10599	13	0.007030878859857426
2021-01-25	10535	10647	10535	10648	50	0.004623077648834739
2021-01-26	10520	10520	10510	10511	2	-0.012866265965439494
2021-01-27	10500	10525	10500	10525	67	0.0013319379697460665
2021-01-28	10363	10363	10334	10334	2	-0.018147268408551076
2021-01-29	10378	10378	10187	10187	31	-0.01422488871685701
2021-02-01	10388	10388	10388	10388	0	0.01973102974379115
2021-02-02	10412	10412	10412	10413	9	0.0024066230265691324
2021-02-03	10588	10588	10588	10589	0	0.01690194948621926
2021-02-04	10500	10500	10500	10501	0	-0.008310510907545532
2021-02-05	10598	10598	10598	10599	0	0.009332444529092543
2021-02-08	10574	10574	10554	10555	10	-0.0041513350316068065
2021-02-09	10535	10535	10535	10535	0	-0.001894836570345837
2021-02-10	10613	10613	10613	10613	9	0.007403891789273809
2021-02-15	10677	10711	10677	10711	991	0.009233958352963256
2021-02-16	10745	10745	10745	10746	18	0.003267668751750552
2021-02-17	10721	10721	10721	10721	0	-0.002326447050065128
2021-02-18	10642	10642	10642	10643	9	-0.007275440723813031
2021-02-19	10613	10613	10613	10613	4	-0.002818754110683108
2021-02-22	10652	10652	10652	10653	9	0.0037689625930461546
2021-02-23	10652	10652	10652	10653	0	0.0
2021-02-24	10662	10662	10505	10506	4	-0.013798929878907296
2021-02-25	10701	10721	10701	10721	19	0.02046449647820303
2021-02-26	10539	10539	10461	10481	20	-0.022385971457886344
2021-03-02	10672	10691	10647	10648	116	0.015933594122698125
2021-03-03	10706	10706	10706	10707	0	0.0055409466566491705
2021-03-04	10613	10613	10613	10613	1	-0.008779303259549787
2021-03-05	10613	10613	10613	10613	9	0.0
2021-03-08	10564	10564	10564	10564	9	-0.004616979176481628
2021-03-09	10588	10588	10368	10369	4	-0.018458917076864867
2021-03-10	10451	10471	10451	10471	101	0.009837014176873327
2021-03-11	10613	10686	10613	10687	195	0.02062840225384388
2021-03-12	10740	10740	10740	10741	18	0.005052867970431363
2021-03-15	10721	10721	10721	10721	110	-0.0018620240201098204
2021-03-16	10789	10789	10789	10790	18	0.006435966794142267
2021-03-17	10750	10750	10750	10751	0	-0.0036144578313253017
2021-03-18	10789	10789	10789	10790	0	0.0036275695284160303
2021-03-19	10760	10760	10760	10760	51	-0.002780352177942591
2021-03-22	10775	10775	10775	10775	9	0.0013940520446096283
2021-03-23	10760	10760	10740	10741	194	-0.003155452436194861
2021-03-24	10672	10672	10672	10672	92	-0.0064239828693790635
2021-03-25	10740	10760	10740	10760	20	0.008245877061469287
2021-03-26	10784	10784	10784	10785	1	0.0023234200743493805
2021-03-29	10848	10848	10848	10849	51	0.0059341678256839
2021-03-30	10892	10892	10892	10893	8	0.004055673333947851
2021-03-31	10907	10907	10907	10907	91	0.0012852290461764504
2021-04-01	10907	10907	10907	10907	0	0.0
2021-04-02	10926	10961	10926	10927	82	0.0018336847895845665
2021-04-05	10956	10956	10956	10956	1	0.0026539763887618584
2021-04-06	10975	10975	10975	10976	8	0.001825483753194579
2021-04-07	10975	10975	10975	10976	0	0.0
2021-04-08	10975	10975	10975	10976	0	0.0
2021-04-09	10956	10975	10892	10893	193	-0.007561953352769657
2021-04-12	10907	10917	10907	10917	68	0.0022032497934454387
2021-04-13	10966	11005	10966	10991	140	0.006778418979573209
2021-04-14	11005	11005	11005	11005	0	0.0012737694477300554
2021-04-15	11034	11034	11034	11035	17	0.0027260336210812586
2021-04-16	11019	11029	11010	11030	383	-0.00045310376076124204
2021-04-19	11019	11039	11019	11040	1069	0.0009066183136898776
2021-04-20	11039	11039	11039	11040	0	0.0
2021-04-21	10980	10980	10980	10981	8	-0.005344202898550754
2021-04-22	11010	11010	11010	11010	7	0.0026409252344958833
2021-04-23	11010	11010	11010	11010	0	0.0
2021-04-26	11039	11044	11039	11044	486	0.00308810172570384
2021-04-27	11054	11054	11054	11054	1	0.000905469032959072
2021-04-28	11010	11010	11010	11010	0	-0.00398045956214943
2021-04-29	10985	11029	10985	11005	633	-0.0004541326067211138
2021-04-30	10951	10951	10951	10951	8	-0.004906860517946421
2021-05-03	10926	10926	10926	10927	1	-0.0021915806775636426
2021-05-04	10922	10980	10922	10981	6	0.004941887068728779
2021-05-06	10985	11064	10985	11064	1036	0.007558510153902187
2021-05-07	11117	11117	11117	11118	1	0.0048806941431669415
2021-05-10	11127	11166	11127	11167	32	0.004407267494153544
2021-05-11	11113	11113	11113	11113	0	-0.0048356765469687035
2021-05-12	11068	11068	10985	10991	31	-0.01097813371726808
2021-05-13	10922	10922	10902	10902	2	-0.008097534346283353
2021-05-14	10902	10902	10902	10902	1	0.0
2021-05-17	10931	10931	10892	10927	47	0.002293157218858921
2021-05-18	10970	10970	10946	10971	80	0.004026722796742099
2021-05-20	10956	10956	10936	10942	107	-0.0026433324218393395
2021-05-21	10951	10951	10951	10951	8	0.000822518735148936
2021-05-24	10941	10941	10941	10942	4	-0.000821842754086366
2021-05-25	10814	11000	10814	11000	324	0.005300676293182205
2021-05-26	11000	11000	11000	11000	8	0.0
2021-05-27	11000	11000	11000	11000	0	0.0
2021-05-28	11000	11029	11000	11030	191	0.0027272727272726893
2021-05-31	11059	11059	11059	11059	8	0.002629193109700889
2021-06-01	11059	11064	11059	11064	2	0.00045212044488662784
2021-06-02	11064	11064	11064	11064	0	0.0
2021-06-03	11103	11103	11083	11084	16	0.0018076644974691636
2021-06-04	11083	11083	11064	11064	6	-0.0018044027426922238
2021-06-07	11098	11098	11068	11093	118	0.0026211135213305425
2021-06-08	11078	11078	11078	11079	83	-0.0012620571531596347
2021-06-09	11078	11078	11078	11079	0	0.0
2021-06-10	11078	11103	11078	11103	157	0.0021662604928243123
2021-06-11	11113	11113	11113	11113	27	0.0009006574799603762
2021-06-14	11157	11157	11157	11157	17	0.003959326914424466
2021-06-15	11157	11176	11132	11177	31	0.0017925965761405038
2021-06-16	11196	11196	11196	11196	17	0.0016999194774984794
2021-06-17	11186	11186	11186	11186	0	-0.0008931761343337064
2021-06-18	11186	11186	11186	11186	0	0.0
2021-06-21	11127	11137	11122	11138	10	-0.004291078133381032
2021-06-22	11191	11191	11191	11191	89	0.004758484467588531
2021-06-23	11201	11201	11201	11201	0	0.0008935751943526249
2021-06-24	11250	11250	11250	11250	18	0.004374609409874219
2021-06-25	11250	11250	11250	11250	0	0.0
2021-06-28	11250	11250	11250	11250	0	0.0
2021-06-29	11264	11264	11235	11235	18	-0.0013333333333332975
2021-06-30	11294	11294	11294	11294	8	0.005251446372941615
2021-07-01	11294	11294	11294	11294	14	0.0
2021-07-02	11274	11274	11274	11275	31	-0.0016823091907207655
2021-07-05	11299	11299	11299	11299	18	0.0021286031042129228
2021-07-06	11299	11299	11299	11299	26	0.0
2021-07-07	11289	11289	11289	11289	0	-0.0008850340738117968
2021-07-08	11279	11279	11259	11260	62	-0.0025688723536185787
2021-07-09	11225	11225	11122	11167	13	-0.008259325044404964
2021-07-12	11269	11294	11269	11294	28	0.011372794841945089
2021-07-13	11328	11328	11328	11329	9	0.003098990614485597
2021-07-14	11304	11323	11304	11324	88	-0.00044134522023131506
2021-07-15	11343	11372	11343	11373	253	0.004327092900035412
2021-07-16	11348	11348	11323	11348	66	-0.002198188692517311
2021-07-19	11274	11274	11274	11275	0	-0.0064328516038067995
2021-07-20	11220	11220	11191	11216	85	-0.005232815964523296
2021-07-21	11240	11240	11210	11211	51	-0.00044579172610559326
2021-07-22	11274	11274	11274	11275	1	0.005708678976005688
2021-07-23	11328	11328	11328	11329	39	0.004789356984479021
2021-07-26	11284	11284	11255	11255	3	-0.006531909259422708
2021-07-27	11255	11255	11255	11255	0	0.0
2021-07-28	11255	11255	11230	11231	2	-0.002132385606397169
2021-07-29	11269	11269	11269	11270	0	0.003472531386341293
2021-07-30	11225	11225	11196	11196	9	-0.0065661047027506525
2021-08-02	11191	11191	11191	11191	4	-0.00044658806716679766
2021-08-03	11245	11245	11245	11245	207	0.004825306049504041
2021-08-04	11426	11426	11397	11397	91	0.013517118719430954
2021-08-05	11406	11406	11406	11407	0	0.0008774238834781123
2021-08-06	11411	11411	11411	11412	44	0.0004383273428596457
2021-08-09	11377	11406	11372	11407	25	-0.0004381352961794205
2021-08-10	11308	11308	11308	11309	9	-0.008591215920049078
2021-08-11	11220	11220	11220	11221	13	-0.007781413033866813
2021-08-12	11210	11210	11210	11211	19	-0.0008911861687906919
2021-08-13	11044	11044	11044	11044	4	-0.014896084203014914
2021-08-17	11010	11010	10970	10971	47	-0.006609923940601226
2021-08-18	11005	11005	11005	11005	1	0.0030990793911220837
2021-08-19	10990	10990	10912	10912	20	-0.008450704225352101
2021-08-20	10882	10882	10721	10721	5	-0.017503665689149517
2021-08-23	10799	10799	10799	10800	31	0.00736871560488761
2021-08-24	10941	11000	10941	11000	4	0.0185185185185186
2021-08-25	11024	11024	11024	11025	0	0.002272727272727204
2021-08-26	10970	10970	10970	10971	1	-0.004897959183673417
2021-08-27	10970	10970	10970	10971	0	0.0
2021-08-30	11019	11019	11005	11005	9	0.0030990793911220837
2021-08-31	11127	11157	11127	11157	2	0.013811903680145399
2021-09-01	11166	11166	11166	11167	0	0.0008962982880702519
2021-09-02	11147	11147	11117	11118	2	-0.004387928718545764
2021-09-03	11181	11181	11181	11182	0	0.005756431012772012
2021-09-06	11176	11206	11176	11206	10	0.002146306564120959
2021-09-07	11186	11186	11152	11152	309	-0.004818847046225261
2021-09-08	11088	11157	11088	11093	104	-0.005290530846484898
2021-09-09	10985	10985	10907	10912	11	-0.016316596051564103
2021-09-10	10907	10936	10907	10937	2	0.002291055718474988
2021-09-13	10961	10961	10961	10961	17	0.0021943860290756234
2021-09-14	11024	11024	11024	11025	20	0.005838883313566301
2021-09-15	11015	11015	11015	11015	17	-0.0009070294784579991
2021-09-16	10961	10961	10961	10961	18	-0.004902405810258692
2021-09-17	10961	10961	10961	10961	0	0.0
2021-09-23	10985	10985	10985	10986	8	0.0022808137943617357
2021-09-24	10985	10985	10985	10986	0	0.0
2021-09-27	10995	10995	10995	10995	1	0.0008192244675040428
2021-09-28	10951	10951	10951	10951	1	-0.004001819008640273
2021-09-29	10819	10819	10779	10780	4	-0.015615012327641287
2021-09-30	10824	10824	10824	10824	1839	0.004081632653061273
2021-10-01	10819	10819	10721	10721	55	-0.009515890613451594
2021-10-05	10603	10603	10515	10520	51	-0.018748251095979884
2021-10-06	10471	10471	10427	10427	11	-0.008840304182509473
2021-10-07	10569	10598	10549	10569	5860	0.013618490457466104
2021-10-08	10569	10569	10569	10569	0	0.0
2021-10-12	10383	10383	10358	10378	22	-0.018071719178730294
2021-10-13	10476	10476	10476	10476	0	0.00944305261129319
2021-10-14	10559	10559	10559	10560	10	0.008018327605956443
2021-10-15	10682	10682	10642	10643	27	0.007859848484848442
2021-10-18	10721	10721	10691	10692	26	0.004603965047448977
2021-10-19	10740	10740	10740	10741	5	0.004582865693976812
2021-10-20	10745	10745	10745	10746	5	0.00046550600502737183
2021-10-21	10740	10740	10740	10741	14	-0.0004652894100130034
2021-10-22	10706	10706	10706	10707	193	-0.0031654408341867946
2021-10-25	10735	10765	10735	10765	6	0.005417016904828653
2021-10-26	10794	10794	10794	10795	5	0.0027868091035763154
2021-10-27	10789	10789	10789	10790	6	-0.0004631773969430153
2021-10-28	10770	10784	10770	10785	6	-0.0004633920296570615
2021-10-29	10750	10750	10701	10707	9	-0.007232267037552198
2021-11-01	10750	10750	10750	10751	5	0.004109461100214817
2021-11-02	10799	10799	10799	10800	5	0.004557715561343212
2021-11-03	10770	10770	10721	10721	7	-0.007314814814814774
2021-11-04	10804	10804	10804	10804	5	0.007741815129185703
2021-11-05	10706	10721	10706	10721	98	-0.007682339874120703
2021-11-08	10765	10779	10765	10765	350	0.004104094767279243
2021-11-09	10770	10770	10765	10770	698	0.0004644681839294229
2021-11-10	10735	10735	10706	10707	2	-0.005849582172701928
2021-11-11	10647	10677	10647	10677	8	-0.0028019052956009816
2021-11-12	10784	10799	10784	10800	715	0.01152008991289688
2021-11-15	10828	10848	10828	10849	712	0.004537037037037006
2021-11-16	10833	10848	10833	10839	712	-0.0009217439395335925
2021-11-17	10799	10809	10789	10790	1070	-0.0045207122428267965
2021-11-18	10794	10794	10779	10780	347	-0.000926784059314234
2021-11-19	10804	10819	10804	10819	347	0.0036178107606679166
2021-11-22	10877	10892	10877	10893	809	0.006839818837230727
2021-11-23	10882	10882	10843	10844	32	-0.004498301661617576
2021-11-24	10843	10843	10843	10844	0	0.0
2021-11-25	10824	10824	10824	10824	4	-0.001844337882700109
2021-11-26	10784	10784	10711	10726	351	-0.009053954175905377
2021-11-29	10691	10721	10647	10648	702	-0.007272049226179411
2021-11-30	10691	10691	10412	10530	2799	-0.01108189331329823
2021-12-01	10569	10642	10569	10643	354	0.010731244064577483
2021-12-02	10726	10799	10726	10800	494	0.014751479845908078
2021-12-03	10799	10877	10799	10878	97	0.007222222222222241
2021-12-06	10824	10848	10824	10839	347	-0.0035852178709321336
2021-12-07	10922	10922	10912	10912	43	0.0067349386474766515
2021-12-08	10961	10961	10961	10961	686	0.0044904692082110564
2021-12-09	10970	10970	10956	10956	683	-0.00045616275887239155
2021-12-10	10858	10877	10858	10873	694	-0.007575757575757569
2021-12-13	10892	10936	10868	10873	3068	0.0
2021-12-14	10809	10809	10809	10809	1	-0.005886139979766392
2021-12-15	10799	10814	10799	10814	30	0.0004625774817281769
2021-12-16	10877	10877	10877	10878	17	0.005918254115035992
2021-12-17	10848	10868	10848	10849	3	-0.0026659312373598087
2021-12-20	10799	10799	10740	10741	54	-0.009954834546962887
2021-12-21	10833	10833	10819	10819	107	0.007261893678428555
2021-12-22	10828	10828	10828	10829	0	0.0009242998428691251
2021-12-23	10887	10887	10887	10888	0	0.005448333179425724
2021-12-24	10941	10985	10941	10986	106	0.009000734753857431
2021-12-27	10966	10966	10941	10942	42	-0.004005097396686641
2021-12-28	10946	10946	10941	10942	46	0.0
2021-12-29	10951	10951	10951	10951	0	0.000822518735148936
2021-12-30	10990	10990	10990	10991	510	0.003652634462606219
2022-01-03	11010	11010	10936	10971	35	-0.0018196706396141904
2022-01-04	10956	10956	10936	10951	3	-0.001822987877130644
2022-01-05	10926	10926	10784	10853	108	-0.008948954433385059
2022-01-06	10799	10799	10735	10741	6	-0.01031972726435082
2022-01-07	10863	10863	10863	10863	0	0.011358346522670093
2022-01-10	10735	10779	10721	10780	48	-0.007640614931418543
2022-01-11	10760	10814	10760	10814	2	0.00315398886827456
2022-01-12	10917	10917	10917	10917	18	0.009524690216386134
2022-01-13	10917	10917	10917	10917	0	0.0
2022-01-14	10863	10863	10799	10800	15	-0.010717230008243983
2022-01-17	10745	10770	10711	10760	104	-0.0037037037037036535
2022-01-18	10750	10750	10667	10667	6	-0.008643122676579962
2022-01-19	10662	10662	10584	10589	9	-0.00731227149151592
2022-01-20	10662	10662	10652	10653	5	0.006044007932760387
2022-01-21	10569	10574	10505	10569	26	-0.007885102787947074
2022-01-24	10437	10437	10422	10422	51	-0.013908600624467748
2022-01-25	10280	10280	10148	10207	160	-0.020629437727883282
2022-01-26	10187	10192	10157	10158	66	-0.004800627020672077
2022-01-27	10084	10084	9834	9835	37	-0.03179759795235282
2022-01-28	9913	9913	9810	9810	58	-0.002541942043721379
2022-02-03	10260	10265	10260	10261	56	0.045973496432212047
2022-02-04	10260	10290	10260	10290	29	0.0028262352597212548
2022-02-07	10162	10182	10162	10182	2	-0.010495626822157433
2022-02-08	10285	10285	10255	10256	327	0.0072677273620114224
2022-02-09	10314	10314	10314	10315	1	0.005752730109204407
2022-02-10	10442	10442	10442	10442	0	0.012312166747455056
2022-02-11	10422	10422	10422	10422	38	-0.0019153418885271556
2022-02-14	10314	10314	10314	10315	18	-0.010266743427365221
2022-02-15	10314	10314	10241	10241	4	-0.007174018419777051
2022-02-16	10339	10339	10339	10339	50	0.009569377990430672
2022-02-17	10407	10407	10407	10408	0	0.006673759551213854
2022-02-18	10373	10373	10373	10373	1	-0.003362797847809351
2022-02-21	10412	10412	10412	10413	0	0.0038561650438637685
2022-02-22	10344	10344	10344	10344	0	-0.006626332469029106
2022-02-23	10363	10363	10363	10364	10	0.0019334880123742515
2022-02-24	10216	10216	10143	10143	14	-0.021323813199536912
2022-02-25	10246	10246	10246	10246	0	0.010154786552302175
2022-02-28	10309	10309	10309	10310	0	0.006246340035135578
2022-03-02	10300	10300	10300	10300	510	-0.0009699321047527132
2022-03-03	10446	10446	10446	10447	0	0.014271844660194155
2022-03-04	10339	10339	10339	10339	1	-0.01033789604671198
2022-03-07	10113	10113	10113	10114	1	-0.02176225940613208
2022-03-08	10060	10060	9991	9991	5	-0.012161360490409279
2022-03-10	10231	10231	10187	10187	2	0.019617655890301178
2022-03-11	10216	10216	10216	10217	1	0.0029449298125061585
2022-03-14	10226	10226	10226	10227	20	0.000978760888714847
2022-03-15	10177	10177	10143	10143	4	-0.008213552361396315
2022-03-16	10236	10236	10236	10236	0	0.009168884945282452
2022-03-17	10348	10348	10348	10349	1	0.011039468542399344
2022-03-18	10348	10348	10348	10349	0	0.0
2022-03-21	10329	10329	10329	10329	0	-0.0019325538699391798
2022-03-22	10393	10393	10393	10393	1	0.006196146771226596
2022-03-23	10456	10456	10456	10457	18	0.006157990955450776
2022-03-24	10446	10446	10446	10447	0	-0.0009562972171750506
2022-03-25	10437	10437	10437	10437	0	-0.0009572125969177225
2022-03-28	10437	10437	10437	10437	0	0.0
2022-03-29	10451	10451	10451	10452	0	0.0014371945961482169
2022-03-30	10491	10491	10491	10491	41	0.003731343283582156
2022-03-31	10500	10500	10500	10501	0	0.0009531979792203327
2022-04-01	10505	10505	10505	10506	2	0.00047614512903537687
2022-04-04	10505	10505	10505	10506	0	0.0
2022-04-05	10515	10515	10515	10516	0	0.0009518370454977276
2022-04-06	10491	10491	10491	10491	1	-0.0023773297831874984
2022-04-07	10432	10432	10397	10398	3	-0.008864741206748628
2022-04-08	10412	10412	10378	10378	52	-0.0019234468166955399
2022-04-11	10388	10388	10388	10388	15	0.0009635767970708198
2022-04-12	10373	10378	10319	10320	68	-0.006546014632268005
2022-04-13	10397	10417	10397	10418	11	0.009496124031007858
2022-04-14	10432	10476	10432	10476	26	0.005567287387214348
2022-04-15	10442	10442	10412	10413	92	-0.006013745704467333
2022-04-18	10407	10417	10407	10418	5203	0.00048016901949488044
2022-04-19	10417	10500	10412	10491	4954	0.007007103090804323
2022-04-20	10461	10486	10461	10481	118	-0.0009531979792203327
2022-04-21	10481	10549	10481	10530	38	0.004675126419234843
2022-04-22	10446	10476	10446	10467	139	-0.005982905982905962
2022-04-25	10388	10407	10334	10349	2395	-0.011273526320817795
2022-04-26	10383	10422	10383	10393	362	0.004251618513866129
2022-04-27	10260	10300	10231	10300	1134	-0.008948330607139399
2022-04-28	10320	10380	10285	10380	376	0.007766990291262044
2022-04-29	10375	10505	10375	10505	206	0.012042389210019211
2022-05-02	10445	10485	10435	10475	527	-0.0028557829604950458
2022-05-03	10470	10530	10470	10470	333	-0.0004773269689737347
2022-05-04	10510	10520	10465	10480	241	0.0009551098376312517
2022-05-06	10380	10400	10360	10390	359	-0.00858778625954193
2022-05-09	10355	10355	10285	10305	2711	-0.008180943214629477
2022-05-10	10205	10265	10095	10245	395	-0.005822416302765698
2022-05-11	10220	10260	10200	10260	182	0.0014641288433381305
2022-05-12	10140	10220	10080	10080	39	-0.01754385964912286
2022-05-13	10160	10220	10160	10220	90	0.01388888888888884
2022-05-16	10265	10265	10205	10205	25	-0.0014677103718199191
2022-05-17	10245	10265	10235	10265	7	0.005879470847623747
2022-05-18	10295	10295	10260	10280	363	0.00146127618119829
2022-05-19	10180	10215	10170	10205	242	-0.007295719844357951
2022-05-20	10245	10285	10245	10285	51	0.007839294463498181
2022-05-23	10310	10310	10290	10300	6	0.001458434613514914
2022-05-24	10290	10290	10235	10245	325	-0.005339805825242738
2022-05-25	10245	10285	10245	10285	27	0.003904343582235237
2022-05-26	10290	10300	10245	10260	37	-0.002430724355858005
2022-05-27	10285	10320	10285	10310	519	0.004873294346978474
2022-05-30	10360	10360	10305	10345	1597	0.003394762366634385
2022-05-31	10360	10405	10320	10405	2584	0.005799903334944512
2022-06-02	10355	10355	10345	10345	50	-0.005766458433445476
2022-06-03	10410	10410	10335	10335	2313	-0.0009666505558241223
2022-06-07	10355	10355	10330	10330	20050	-0.0004837929366231508
2022-06-08	10360	10360	10360	10360	12	0.0029041626331074433
2022-06-09	10360	10360	10360	10360	0	0.0
2022-06-10	10230	10240	10220	10240	42	-0.01158301158301156
2022-06-13	10030	10030	9960	9960	57	-0.02734375
2022-06-14	9880	9920	9840	9920	21	-0.004016064257028162
2022-06-15	9855	9855	9730	9765	56	-0.015625
2022-06-16	9895	9895	9895	9895	55	0.013312852022529409
2022-06-17	9635	9705	9625	9665	81	-0.023244062657908016
2022-06-20	9545	9545	9545	9545	20	-0.012415933781686483
2022-06-21	9570	9625	9570	9625	20	0.00838135149292829
2022-06-22	9530	9530	9385	9385	125	-0.02493506493506492
2022-06-23	9365	9365	9290	9290	28	-0.010122535961640922
2022-06-24	9420	9435	9420	9435	15	0.015608180839612462
2022-06-27	9605	9605	9605	9605	29	0.018018018018018056
2022-06-28	9580	9580	9580	9580	2	-0.0026028110359187506
2022-06-29	9505	9515	9495	9515	31	-0.006784968684759862
2022-06-30	9405	9425	9345	9345	336	-0.01786652653704679
2022-07-01	9310	9310	9245	9245	35	-0.010700909577314066
2022-07-04	9215	9215	9215	9215	1	-0.0032449972958356055
2022-07-05	9395	9395	9390	9390	14	0.01899077590884435
2022-07-06	9320	9320	9200	9200	86	-0.020234291799786974
2022-07-07	9385	9385	9385	9385	18	0.02010869565217388
2022-07-08	9450	9475	9450	9475	200	0.009589770911028195
2022-07-11	9405	9405	9385	9385	7	-0.009498680738786236
2022-07-12	9310	9310	9235	9270	491	-0.012253596164091607
2022-07-13	9355	9355	9355	9355	1	0.009169363538295672
2022-07-14	9265	9320	9265	9300	511	-0.0058792089791555036
