Date	Open	High	Low	Close	Volume	Change
2018-02-27	9740	9740	9684	9685	1088	
2018-02-28	9627	9650	9574	9576	14	-0.01125451729478577
2018-03-02	9516	9516	9422	9494	9	-0.008563074352547995
2018-03-05	9507	9507	9373	9382	15	-0.011796924373288387
2018-03-06	9474	9507	9474	9509	5	0.013536559369004442
2018-03-07	9479	9536	9431	9433	66	-0.007992428225891302
2018-03-08	9512	9555	9498	9547	7	0.012085232693734849
2018-03-09	9607	9721	9607	9633	5	0.009008065360846418
2018-03-12	9650	9760	9650	9742	15	0.011315270424582247
2018-03-13	9712	9725	9689	9729	5	-0.0013344282488195747
2018-03-14	9669	9689	9640	9685	22	-0.004522561414328274
2018-03-15	9689	9721	9669	9724	5	0.00402684563758382
2018-03-16	9684	9698	9622	9685	55	-0.004010695187165791
2018-03-19	9721	9721	9684	9685	5	0.0
2018-03-20	9645	9712	9635	9714	5	0.0029943211151264304
2018-03-21	9721	9750	9698	9724	15	0.0010294420424130646
2018-03-22	9779	9807	9760	9761	5	0.0038050185109008705
2018-03-23	9583	9583	9449	9453	59	-0.03155414404261858
2018-03-26	9445	9531	9445	9533	5	0.00846292182375974
2018-03-27	9607	9617	9598	9599	5	0.006923318997167804
2018-03-28	9435	9454	9378	9399	58	-0.020835503698301894
2018-03-29	9503	9640	9503	9643	5	0.02596020853282255
2018-03-30	9684	9689	9640	9643	15	0.0
2018-04-02	9664	9684	9607	9609	25	-0.003525873690760184
2018-04-03	9536	9555	9526	9557	5	-0.005411593297949824
2018-04-04	9560	9560	9413	9413	15	-0.015067489798053835
2018-04-05	9474	9574	9474	9542	24	0.013704451290768027
2018-04-06	9493	9531	9493	9509	16	-0.003458394466568815
2018-04-09	9489	9550	9479	9542	42	0.0034703964665054876
2018-04-10	9531	9645	9531	9648	38	0.011108782225948355
2018-04-11	9635	9645	9588	9590	5	-0.006011608623548881
2018-04-12	9617	9617	9583	9599	5	0.000938477580813446
2018-04-13	9635	9664	9635	9643	5	0.0045838108136264655
2018-04-16	9689	9689	9654	9676	5	0.003422171523384865
2018-04-17	9689	9689	9659	9671	5	-0.0005167424555601041
2018-04-18	9712	9783	9712	9780	25	0.011270809637059287
2018-04-19	9788	9797	9788	9790	5	0.0010224948875254825
2018-04-20	9740	9740	9689	9689	70	-0.010316649642492348
2018-04-23	9702	9725	9702	9724	5	0.0036123438951387588
2018-04-24	9750	9750	9674	9676	5	-0.00493624023035788
2018-04-25	9607	9627	9583	9623	5	-0.005477470028937614
2018-04-26	9698	9760	9698	9761	5	0.014340642211368548
2018-04-27	9865	9883	9807	9885	5	0.012703616432742537
2018-04-30	10045	10054	9936	9938	15	0.005361659079413217
2018-05-02	10031	10041	10012	10018	25	0.00804990943851891
2018-05-03	10031	10031	9821	9824	6	-0.019365142743062447
2018-05-04	9745	9774	9684	9685	55	-0.014149022801302924
2018-05-08	9750	9760	9627	9628	10	-0.005885389778007233
2018-05-09	9627	9650	9569	9652	5	0.002492729538845051
2018-05-10	9684	9684	9630	9662	5	0.0010360547036882828
2018-05-11	9717	9735	9698	9699	5	0.003829434899606632
2018-05-14	9717	9717	9645	9648	6	-0.0052582740488710256
2018-05-15	9679	9679	9603	9604	232	-0.004560530679933672
2018-05-16	9583	9640	9583	9633	5	0.0030195751770096813
2018-05-17	9659	9659	9560	9561	7	-0.007474307069448738
2018-05-18	9550	9560	9526	9552	47	-0.0009413241292751673
2018-05-21	9583	9617	9583	9618	5	0.006909547738693567
2018-05-23	9578	9622	9578	9623	5	0.0005198585984611537
2018-05-24	9640	9640	9593	9609	5	-0.0014548477605735854
2018-05-25	9603	9645	9603	9633	5	0.0024976584452076622
2018-05-28	9669	9679	9659	9680	5	0.004879061559223574
2018-05-29	9650	9650	9569	9571	5	-0.01126033057851239
2018-05-30	9521	9521	9346	9399	5	-0.01797095392331005
2018-05-31	9393	9422	9359	9423	47	0.0025534631343759884
2018-06-01	9449	9526	9449	9519	5	0.010187838268067573
2018-06-04	9531	9560	9521	9524	5	0.0005252652589557982
2018-06-05	9545	9569	9531	9571	5	0.004934901301973937
2018-06-07	9635	9669	9635	9662	5	0.009507888412914056
2018-06-08	9635	9635	9578	9581	5	-0.008383357482922738
2018-06-11	9574	9645	9574	9648	5	0.006993006993007089
2018-06-12	9617	9640	9578	9595	42	-0.005493366500829211
2018-06-14	9593	9593	9526	9528	6	-0.006982803543512217
2018-06-15	9526	9526	9469	9471	5	-0.005982367758186391
2018-06-18	9449	9459	9388	9395	5	-0.008024495829373923
2018-06-19	9368	9368	9241	9243	6	-0.016178818520489635
2018-06-20	9346	9363	9332	9367	5	0.013415557719355098
2018-06-21	9337	9337	9231	9233	9	-0.014305540728087984
2018-06-22	9178	9307	9178	9310	59	0.00833965125094771
2018-06-25	9312	9373	9312	9377	5	0.007196562835660503
2018-06-26	9260	9341	9213	9327	43	-0.005332195798229744
2018-06-27	9351	9383	9351	9377	5	0.0053607805296451705
2018-06-28	9337	9337	9269	9271	5	-0.011304255092246973
2018-06-29	9279	9312	9226	9305	15	0.0036673498004531346
2018-07-02	9302	9302	9132	9132	5	-0.018592154755507795
2018-07-03	9178	9178	9056	9128	6	-0.00043802014892679875
2018-07-04	9097	9132	9061	9076	15	-0.005696757230499561
2018-07-05	9083	9083	9002	9030	5	-0.005068312031732081
2018-07-06	9026	9087	8989	9091	5	0.006755260243632266
2018-07-09	9117	9183	9117	9167	5	0.008359916400835887
2018-07-10	9178	9188	9132	9132	47	-0.003818042980255232
2018-07-11	9087	9112	9036	9106	5	-0.0028471309680245804
2018-07-12	9127	9208	9127	9172	6	0.007247968372501745
2018-07-13	9198	9260	9198	9261	5	0.009703445268207656
2018-07-16	9246	9283	9221	9223	5	-0.004103228593024477
2018-07-17	9226	9231	9213	9214	5	-0.0009758213162744944
2018-07-18	9283	9283	9174	9177	5	-0.004015628391577986
2018-07-19	9213	9213	9102	9123	5	-0.005884275907159231
2018-07-20	9107	9150	9070	9152	17	0.003178778910446045
2018-07-23	9107	9107	9031	9034	5	-0.012893356643356668
2018-07-24	9102	9142	9102	9110	5	0.008412663272083343
2018-07-25	9087	9087	9002	9030	42	-0.008781558726673966
2018-07-26	9087	9117	9083	9086	5	0.006201550387596955
2018-07-27	9074	9102	9056	9106	5	0.0022011886418666915
2018-07-30	9075	9092	9070	9081	5	-0.0027454425653414827
2018-07-31	9056	9107	9056	9106	15	0.002753000770840286
2018-08-01	9142	9188	9142	9157	6	0.005600702833296722
2018-08-02	9102	9107	8945	8985	25	-0.018783444359506407
2018-08-03	8997	9070	8997	9071	5	0.009571508069003976
2018-08-06	9107	9122	9061	9061	5	-0.0011024142872891884
2018-08-07	9056	9132	9056	9132	6	0.00783577971526328
2018-08-08	9145	9145	9107	9110	5	-0.0024091108190976707
2018-08-09	9097	9122	9092	9123	5	0.0014270032930845389
2018-08-10	9102	9102	9041	9051	5	-0.007892140743176568
2018-08-13	8945	8945	8816	8861	42	-0.020992155562921222
2018-08-14	8917	8940	8907	8944	5	0.009366888613023372
2018-08-16	8780	8831	8780	8824	5	-0.01341681574239717
2018-08-17	8841	8874	8841	8853	5	0.0032864913871260004
2018-08-20	8889	8889	8836	8838	5	-0.001694340901389313
2018-08-21	8855	8945	8855	8948	5	0.012446254808780255
2018-08-22	8950	8980	8950	8971	5	0.0025704067948144615
2018-08-23	8989	9006	8965	9010	6	0.004347341433508012
2018-08-24	8985	9051	8980	9051	6	0.00455049944506114
2018-08-27	9102	9107	9083	9110	23	0.006518616727433368
2018-08-28	9107	9107	9051	9051	42	-0.006476399560922053
2018-08-29	9107	9107	9097	9110	5	0.006518616727433368
2018-08-30	9107	9155	9107	9128	5	0.0019758507135017034
2018-08-31	9083	9188	9051	9190	18	0.006792287467134006
2018-09-03	9142	9142	9097	9114	5	-0.008269858541893327
2018-09-04	9117	9169	9117	9172	5	0.00636383585692335
2018-09-05	9137	9137	9026	9030	14	-0.015481901439162615
2018-09-06	8965	9002	8950	8952	47	-0.008637873754152814
2018-09-07	8960	8965	8912	8966	5	0.001563896336014281
2018-09-10	8965	8965	8960	8962	5	-0.0004461298237786737
2018-09-11	8975	8975	8926	8944	6	-0.0020084802499441556
2018-09-12	8960	8960	8917	8952	5	0.0008944543828264262
2018-09-13	8975	8985	8960	8985	6	0.003686327077748075
2018-09-14	9041	9092	9041	9091	8	0.011797440178074492
2018-09-17	9075	9075	9016	9025	5	-0.007259927400726007
2018-09-18	8980	9046	8980	9046	5	0.0023268698060940896
2018-09-19	9075	9075	9026	9056	5	0.0011054609772274127
2018-09-20	9061	9117	9051	9081	47	0.0027606007067138005
2018-09-21	9164	9183	9155	9185	5	0.01145248320669534
2018-09-27	9208	9251	9208	9238	5	0.0057702776265651234
2018-09-28	9226	9231	9183	9195	15	-0.004654687161723348
2018-10-01	9236	9236	9178	9190	5	-0.0005437737901032857
2018-10-02	9183	9183	9066	9066	5	-0.013492927094668095
2018-10-04	9041	9041	8917	8919	10	-0.016214427531436093
2018-10-05	8884	8936	8884	8934	5	0.0016818028927010342
2018-10-08	8846	8907	8846	8857	47	-0.00861875979404525
2018-10-10	8889	8889	8826	8834	5	-0.0025968160776786986
2018-10-11	8650	8650	8442	8443	5	-0.04426081050486752
2018-10-12	8451	8527	8451	8528	5	0.010067511548027985
2018-10-15	8479	8489	8447	8448	10	-0.009380863039399667
2018-10-16	8532	8532	8432	8433	6	-0.0017755681818182323
2018-10-17	8537	8569	8537	8548	5	0.013636902644373228
2018-10-18	8503	8503	8442	8443	5	-0.01228357510528777
2018-10-19	8370	8484	8370	8487	5	0.005211417742508662
2018-10-22	8398	8508	8398	8500	42	0.001531754447979372
2018-10-23	8459	8459	8256	8257	6	-0.028588235294117692
2018-10-24	8332	8332	8256	8257	5	0.0
2018-10-25	8051	8161	8013	8162	16	-0.011505389366598062
2018-10-26	8146	8146	8013	8019	6	-0.01752021563342321
2018-10-29	8065	8065	7899	7900	5	-0.014839755580496328
2018-10-30	7880	7951	7880	7952	5	0.00658227848101256
2018-10-31	7912	7936	7890	7939	20	-0.00163480885311873
2018-11-01	7970	8017	7927	7934	54	-0.000629802242095967
2018-11-02	8070	8242	8070	8242	16	0.038820267204436654
2018-11-05	8156	8156	8094	8134	5	-0.013103615627274912
2018-11-06	8179	8193	8151	8171	5	0.004548807474797245
2018-11-07	8193	8232	8146	8148	5	-0.002814832945783885
2018-11-08	8308	8308	8232	8234	5	0.010554737358861033
2018-11-09	8217	8217	8141	8143	5	-0.01105173670148163
2018-11-12	8075	8117	8075	8086	5	-0.00699987719513695
2018-11-13	7989	8036	7941	8039	5	-0.005812515458817669
2018-11-14	8013	8013	7961	7976	42	-0.007836795621345982
2018-11-15	8060	8099	8017	8100	5	0.015546639919759242
2018-11-16	8107	8127	8084	8100	5	0.0
2018-11-19	8136	8136	8107	8125	5	0.0030864197530864335
2018-11-20	8046	8070	8027	8053	34	-0.008861538461538476
2018-11-21	7931	7998	7927	8001	917	-0.006457220911461614
2018-11-22	8008	8013	8003	8015	5	0.0017497812773403787
2018-11-23	8036	8036	7961	7962	7	-0.006612601372426696
2018-11-26	8017	8089	8017	8091	5	0.01620195930670687
2018-11-27	8107	8171	8084	8157	42	0.008157211716722346
2018-11-28	8171	8193	8166	8196	5	0.0047811695476278615
2018-11-29	8313	8313	8175	8215	871	0.002318204001952262
2018-11-30	8222	8222	8122	8125	15	-0.010955569080949523
2018-12-03	8251	8279	8251	8262	5	0.016861538461538483
2018-12-04	8251	8251	8184	8201	5	-0.00738320019365768
2018-12-05	8089	8156	8089	8130	5	-0.008657480795025041
2018-12-06	8080	8080	7970	7981	42	-0.018327183271832692
2018-12-07	8055	8065	8013	8063	5	0.010274401704047031
2018-12-10	7951	7975	7946	7962	5	-0.012526354954731533
2018-12-11	7956	7956	7917	7920	5	-0.005275056518462717
2018-12-12	7946	8008	7946	8010	8	0.011363636363636465
2018-12-13	8032	8036	8008	8010	5	0.0
2018-12-14	8013	8013	7899	7900	33	-0.013732833957553092
2018-12-17	7927	7951	7917	7920	9	0.0025316455696202667
2018-12-18	7855	7903	7855	7872	6	-0.0060606060606061
2018-12-19	7855	7908	7855	7910	42	0.004827235772357774
2018-12-20	7845	7890	7818	7854	5	-0.0070796460176991705
2018-12-21	7818	7840	7813	7839	25	-0.0019098548510313451
2018-12-24	7813	7840	7813	7844	6	0.0006378364587320551
2018-12-26	7769	7769	7718	7748	10	-0.012238653748087747
2018-12-27	7823	7850	7813	7814	5	0.008518327310273577
2018-12-28	7855	7899	7855	7895	15	0.010366009726132663
2019-01-02	7903	7903	7718	7763	75	-0.016719442685243835
2019-01-03	7742	7747	7675	7676	15	-0.011207007600154584
2019-01-04	7690	7718	7646	7720	5	0.005732152162584603
2019-01-07	7836	7870	7818	7849	5	0.016709844559585463
2019-01-08	7865	7865	7818	7819	6	-0.003822142948146312
2019-01-09	7865	7966	7865	7967	5	0.018928251694590115
2019-01-10	7984	7989	7941	7967	5	0.0
2019-01-11	7998	8013	7984	8015	5	0.006024852516631096
2019-01-14	7998	7998	7956	7957	5	-0.007236431690580192
2019-01-15	7980	8104	7980	8095	5	0.01734321980645981
2019-01-16	8084	8131	8084	8130	47	0.004323656578134605
2019-01-17	8198	8198	8161	8191	5	0.007503075030750317
2019-01-18	8217	8227	8217	8229	35	0.004639238188255401
2019-01-21	8237	8237	8202	8238	5	0.001093693036821053
2019-01-22	8242	8242	8179	8196	5	-0.0050983248361252675
2019-01-23	8146	8217	8146	8206	103	0.0012201073694484421
2019-01-24	8217	8270	8217	8272	5	0.008042895442359255
2019-01-25	8298	8427	8298	8423	43	0.018254352030947718
2019-01-28	8447	8503	8447	8457	5	0.004036566543986764
2019-01-29	8393	8459	8374	8462	42	0.0005912262031453341
2019-01-30	8479	8608	8479	8609	5	0.01737177972110615
2019-01-31	8689	8689	8608	8628	54	0.0022069926820769137
2019-02-01	8669	8669	8598	8599	6	-0.003361149745016223
2019-02-07	8618	8650	8618	8628	16	0.003372485172694395
2019-02-08	8555	8555	8469	8472	267	-0.018080667593880384
2019-02-11	8459	8484	8437	8487	5	0.001770538243626163
2019-02-12	8451	8537	8451	8524	44	0.00435960881347941
2019-02-13	8584	8584	8564	8577	5	0.006217738151102825
2019-02-14	8555	8608	8527	8609	5	0.003730908242975506
2019-02-15	8593	8593	8527	8562	5	-0.005459402950400705
2019-02-18	8613	8650	8613	8619	7	0.00665732305536082
2019-02-19	8603	8628	8603	8609	5	-0.0011602274045713346
2019-02-20	8655	8735	8655	8729	18	0.013938901149959326
2019-02-21	8699	8726	8669	8699	5	-0.0034368197960820135
2019-02-22	8679	8699	8664	8699	6	0.0
2019-02-25	8726	8726	8679	8699	42	0.0
2019-02-26	8726	8726	8669	8690	107	-0.001034601678353786
2019-02-27	8708	8735	8708	8734	117	0.005063291139240533
2019-02-28	8689	8713	8598	8628	5577	-0.012136478131440365
2019-03-04	8659	8659	8546	8548	5261	-0.009272137227630983
2019-03-05	8518	8518	8455	8457	1055	-0.01064576509124937
2019-03-06	8451	8459	8437	8453	6	-0.0004729809625162451
2019-03-07	8398	8464	8370	8396	42	-0.006743168105997843
2019-03-08	8388	8388	8351	8352	5	-0.005240590757503605
2019-03-11	8360	8360	8313	8338	5	-0.0016762452107279557
2019-03-12	8393	8427	8393	8428	223	0.01079395538498451
2019-03-13	8383	8383	8322	8381	8	-0.005576649264356859
2019-03-14	8393	8393	8356	8396	66	0.0017897625581673182
2019-03-15	8417	8493	8417	8487	9	0.010838494521200559
2019-03-18	8508	8508	8479	8491	5	0.00047130906091674696
2019-03-19	8484	8498	8459	8467	67	-0.002826522199976478
2019-03-20	8455	8459	8374	8462	9	-0.0005905279319712298
2019-03-21	8489	8564	8464	8514	43	0.006145119357126028
2019-03-22	8569	8569	8518	8557	21	0.005050505050504972
2019-03-25	8422	8422	8379	8391	8	-0.019399322192357182
2019-03-26	8408	8408	8398	8401	5	0.0011917530687641786
2019-03-27	8346	8403	8346	8401	5	0.0
2019-03-28	8332	8346	8313	8343	5	-0.0069039400071420065
2019-03-29	8346	8360	8298	8362	15	0.0022773582644133317
2019-04-01	8422	8459	8417	8453	47	0.010882563979909055
2019-04-02	8513	8513	8498	8509	5	0.0066248669111557135
2019-04-03	8503	8623	8503	8624	15	0.013515101657068929
2019-04-04	8628	8645	8603	8648	24	0.002782931354359919
2019-04-05	8679	8679	8640	8658	15	0.0011563367252545032
2019-04-08	8674	8679	8623	8624	6	-0.003927003927003958
2019-04-09	8623	8655	8608	8653	23	0.0033627087198515593
2019-04-10	8593	8650	8584	8653	6	0.0
2019-04-11	8628	8650	8574	8599	38	-0.0062406101929965985
2019-04-12	8608	8645	8608	8648	23	0.005698337015932031
2019-04-15	8718	8722	8689	8699	20	0.0058973172987975
2019-04-16	8684	8708	8669	8709	5	0.0011495574203932435
2019-04-17	8699	8713	8699	8709	5	0.0
2019-04-18	8689	8689	8569	8572	5	-0.015730853140429435
2019-04-19	8584	8584	8541	8543	15	-0.003383107792813811
2019-04-22	8532	8560	8508	8562	25	0.0022240430762028307
2019-04-23	8560	8560	8546	8562	5	0.0
2019-04-24	8560	8560	8408	8438	42	-0.014482597523942986
2019-04-25	8447	8451	8427	8428	5	-0.0011851149561507013
2019-04-26	8356	8383	8356	8372	5	-0.006644518272425293
2019-04-29	8399	8500	8399	8501	5	0.015408504538939383
2019-04-30	8515	8515	8418	8473	15	-0.0032937301493941584
2019-05-02	8418	8500	8418	8473	5	0.0
2019-05-03	8451	8451	8380	8415	25	-0.00684527322081907
2019-05-07	8273	8283	8241	8271	42	-0.01711229946524062
2019-05-08	8236	8288	8226	8266	2293	-0.0006045218232377803
2019-05-09	8245	8245	8029	8030	15	-0.028550689571739674
2019-05-10	8086	8086	7985	8035	6	0.0006226650062266526
2019-05-13	7962	7976	7927	7930	7	-0.013067828251400071
2019-05-14	7836	7932	7836	7910	5	-0.0025220680958385477
2019-05-15	7908	7981	7908	7967	15	0.0072060682680150645
2019-05-16	7952	7952	7845	7848	26	-0.014936613530814657
2019-05-17	7890	7890	7803	7803	5	-0.005733944954128489
2019-05-20	7850	7860	7798	7799	42	-0.0005126233499935795
2019-05-21	7855	7952	7855	7920	5	0.015514809590973178
2019-05-22	7917	7922	7890	7925	5	0.0006313131313131493
2019-05-23	7885	7922	7860	7920	5	-0.0006309148264984632
2019-05-24	7885	7885	7798	7813	5	-0.013510101010100972
2019-05-27	7778	7836	7778	7828	5	0.0019198771278639004
2019-05-28	7860	7860	7803	7848	5	0.0025549310168624384
2019-05-29	7812	7812	7735	7741	5	-0.01363404689092762
2019-05-30	7788	7812	7783	7813	5	0.009301123885802953
2019-05-31	7730	7831	7730	7833	53	0.0025598361704850525
2019-06-03	7822	7942	7822	7944	5	0.01417081577939494
2019-06-04	7917	7922	7912	7925	5	-0.00239174219536753
2019-06-05	7985	7985	7903	7905	5	-0.0025236593059937418
2019-06-07	7890	7962	7890	7920	7	0.00189753320683117
2019-06-10	7985	8009	7932	8006	5	0.0108585858585859
2019-06-11	8009	8057	8009	8059	5	0.006620034973769728
2019-06-12	8029	8053	7994	8002	42	-0.0070728378210696
2019-06-13	8014	8014	7932	8002	6	0.0
2019-06-14	7937	7981	7937	7939	5	-0.00787303174206444
2019-06-17	7937	7971	7927	7930	6	-0.0011336440357727628
2019-06-18	7947	7999	7947	7977	5	0.005926860025220693
2019-06-19	8077	8096	8072	8092	5	0.014416447285947154
2019-06-20	8091	8129	8091	8131	6	0.0048195748887789325
2019-06-21	8120	8120	8091	8092	5	-0.004796458000245973
2019-06-24	8125	8125	8091	8092	108	0.0
2019-06-25	8115	8129	8086	8102	5	0.0012357884330203017
2019-06-26	8077	8091	8057	8073	47	-0.003579363120217227
2019-06-27	8120	8206	8120	8194	5	0.014988232379536726
2019-06-28	8206	8206	8182	8199	15	0.0006102025872589678
2019-07-01	8245	8245	8206	8227	5	0.0034150506159287275
2019-07-02	8134	8201	8134	8174	5	-0.006442202503950445
2019-07-03	8139	8139	8077	8078	5	-0.011744555908979715
2019-07-04	8072	8120	8062	8122	5	0.005446892795246239
2019-07-05	8110	8115	8096	8112	5	-0.0012312238364934336
2019-07-08	8019	8019	7912	7920	1087	-0.023668639053254448
2019-07-09	7976	7976	7922	7925	5	0.0006313131313131493
2019-07-10	7957	7962	7932	7934	6	0.0011356466876970561
2019-07-11	7999	8048	7999	8049	11	0.014494580287370828
2019-07-12	8014	8053	8014	8035	5	-0.0017393465026711574
2019-07-15	8009	8057	7994	8059	5	0.002986932171748613
2019-07-16	8067	8110	8067	8112	5	0.006576498324854185
2019-07-17	8062	8062	8019	8040	5	-0.00887573964497046
2019-07-18	8029	8029	7994	8020	7	-0.0024875621890547706
2019-07-19	8086	8125	8082	8127	5	0.013341645885286857
2019-07-22	8077	8120	8077	8107	47	-0.0024609326934907916
2019-07-23	8144	8201	8144	8189	5	0.010114715677809194
2019-07-24	8174	8197	8105	8107	15	-0.010013432653559695
2019-07-25	8125	8125	8053	8088	6	-0.0023436536326630897
2019-07-26	8048	8048	8009	8035	5	-0.006552917903066224
2019-07-29	7985	7985	7895	7915	6	-0.014934660858742954
2019-07-30	7937	7967	7937	7962	6	0.005938092229943237
2019-07-31	7927	7927	7870	7885	15	-0.009670936950514908
2019-08-01	7817	7860	7803	7833	49	-0.006594800253646116
2019-08-02	7750	7778	7725	7766	20	-0.008553555470445562
2019-08-05	7691	7691	7571	7579	6	-0.024079320113314484
2019-08-06	7379	7504	7379	7452	220	-0.01675682807758283
2019-08-07	7494	7494	7399	7424	5	-0.0037573805689747886
2019-08-08	7451	7461	7427	7438	6	0.0018857758620689502
2019-08-09	7489	7494	7480	7492	5	0.007260016133369129
2019-08-12	7504	7524	7504	7510	5	0.002402562733582414
2019-08-13	7447	7447	7422	7424	5	-0.011451398135818858
2019-08-14	7499	7509	7471	7477	49	0.007139008620689724
2019-08-16	7412	7461	7412	7462	5	-0.002006152200080269
2019-08-19	7509	7519	7509	7515	5	0.007102653444116758
2019-08-20	7524	7616	7524	7616	5	0.013439787092481614
2019-08-21	7576	7638	7576	7641	5	0.003282563025210017
2019-08-22	7624	7624	7576	7579	6	-0.008114121188326107
2019-08-23	7524	7566	7524	7569	5	-0.0013194352816994215
2019-08-26	7408	7461	7408	7457	5	-0.014797199101598602
2019-08-27	7489	7524	7451	7452	5	-0.0006705109293281275
2019-08-28	7480	7509	7461	7506	42	0.007246376811594235
2019-08-29	7534	7534	7494	7496	5	-0.00133226751931792
2019-08-30	7571	7620	7571	7621	15	0.016675560298825998
2019-09-02	7601	7620	7601	7611	5	-0.0013121637580369994
2019-09-03	7586	7629	7566	7579	24	-0.004204440940743681
2019-09-04	7566	7648	7566	7651	5	0.009499934028236012
2019-09-05	7750	7808	7750	7770	5	0.015553522415370447
2019-09-06	7798	7798	7764	7785	42	0.0019305019305020377
2019-09-09	7827	7875	7827	7853	5	0.008734746307000663
2019-09-10	7865	7903	7865	7905	5	0.006621673245893245
2019-09-11	7962	7962	7952	7962	5	0.007210626185958358
2019-09-16	7976	8009	7976	8006	5	0.005526249686008455
2019-09-17	8004	8038	8004	8016	5	0.0012490632025980997
2019-09-18	8014	8053	8009	8044	5	0.003493013972055925
2019-09-19	8086	8096	8077	8092	5	0.005967180507210346
2019-09-20	8105	8144	8105	8141	6	0.006055363321799234
2019-09-23	8115	8129	8096	8117	43	-0.0029480407812307874
2019-09-24	8169	8182	8139	8184	5	0.008254281138351693
2019-09-25	8149	8149	8072	8073	5	-0.013563049853372422
2019-09-26	8101	8101	8053	8054	5	-0.0023535240926545464
2019-09-27	8057	8057	7999	8016	5	-0.004718152470821968
2019-09-30	7990	8062	7990	8064	5255	0.0059880239520957446
2019-10-01	8053	8115	8053	8092	5	0.003472222222222321
2019-10-02	8024	8024	7957	7957	5	-0.01668314384577363
2019-10-04	7937	7981	7903	7925	42	-0.004021616187005139
2019-10-07	7985	7985	7927	7930	5	0.0006309148264984632
2019-10-08	7962	8024	7962	8025	5	0.011979823455233296
2019-10-10	7967	8009	7967	8011	5	-0.0017445482866043083
2019-10-11	8096	8096	8057	8073	5	0.007739358382224504
2019-10-14	8177	8177	8134	8136	5	0.0078037904124861335
2019-10-15	8159	8177	8144	8160	4974	0.002949852507374562
2019-10-16	8216	8221	8197	8209	5	0.006004901960784403
2019-10-17	8211	8211	8177	8179	5	-0.0036545255207698357
2019-10-18	8187	8216	8101	8112	42	-0.00819171047805356
2019-10-21	8154	8154	8144	8150	5	0.004684418145956659
2019-10-22	8206	8260	8206	8261	5	0.013619631901840457
2019-10-23	8241	8245	8206	8241	7	-0.0024210144050357263
2019-10-24	8283	8283	8182	8251	5	0.0012134449702705385
2019-10-25	8245	8245	8192	8209	5	-0.005090292085807802
2019-10-28	8255	8265	8241	8241	5	0.003898160555487973
2019-10-29	8288	8288	8201	8222	7	-0.0023055454435141343
2019-10-30	8192	8206	8154	8184	125	-0.004621746533690074
2019-10-31	8269	8317	8241	8241	38	0.006964809384164328
2019-11-01	8236	8313	8236	8313	5	0.008736803785948322
2019-11-04	8380	8438	8375	8439	119	0.015156983038614236
2019-11-05	8448	8500	8448	8492	11	0.0062803649721530075
2019-11-06	8505	8524	8500	8526	15	0.00400376825247295
2019-11-07	8490	8495	8481	8483	13	-0.005043396669012434
2019-11-08	8495	8515	8428	8434	42	-0.005776258399151191
2019-11-11	8443	8443	8375	8410	70060	-0.002845624851790407
2019-11-12	8404	8451	8380	8454	32459	0.0052318668252080425
2019-11-13	8423	8423	8375	8391	5	-0.0074520936834634455
2019-11-14	8399	8433	8399	8434	5	0.005124538195685924
2019-11-15	8451	8562	8451	8550	7	0.013753853450320097
2019-11-18	8562	8562	8534	8550	46	0.0
2019-11-19	8529	8534	8490	8530	24	-0.002339181286549752
2019-11-20	8490	8490	8433	8434	9	-0.011254396248534637
2019-11-21	8399	8399	8269	8280	48919	-0.018259426132321566
2019-11-22	8342	8356	8327	8343	229	0.007608695652173925
2019-11-25	8456	8471	8433	8439	10397	0.011506652283351348
2019-11-26	8448	8495	8448	8463	5201	0.0028439388553145317
2019-11-27	8466	8471	8448	8454	5	-0.0010634526763558805
2019-11-28	8414	8428	8409	8410	5	-0.005204636858291978
2019-11-29	8423	8423	8278	8280	15	-0.015457788347205681
2019-12-02	8303	8322	8278	8285	42	0.0006038647342994086
2019-12-03	8231	8278	8221	8280	5	-0.0006035003017501595
2019-12-04	8221	8221	8169	8209	66	-0.008574879227053134
2019-12-05	8278	8278	8192	8194	6	-0.0018272627603849179
2019-12-06	8255	8293	8250	8295	270	0.01232609226263115
2019-12-09	8332	8346	8332	8348	11	0.006389391199517869
2019-12-10	8308	8389	8308	8386	138	0.004551988500239634
2019-12-11	8375	8418	8375	8405	11	0.0022656808967327358
2019-12-12	8486	8548	8486	8545	11	0.016656751933372904
2019-12-13	8626	8683	8626	8666	96	0.014160327677004148
2019-12-16	8688	8730	8688	8718	5	0.006000461573967275
2019-12-17	8784	8852	8784	8843	113	0.014338150952053264
2019-12-18	8837	8866	8827	8843	16358	0.0
2019-12-19	8900	8900	8847	8848	6	0.0005654189754609185
2019-12-20	8904	8904	8870	8891	5	0.004859855334538921
2019-12-23	8914	8914	8852	8877	5	-0.0015746260263187484
2019-12-24	8866	8866	8784	8810	6	-0.007547594908189681
2019-12-26	8808	8827	8770	8829	163	0.0021566401816117686
2019-12-27	8919	9034	8875	8987	50	0.017895571412390954
2019-12-30	8992	9000	8972	8972	5252	-0.0016690775564704996
2020-01-02	8992	8992	8895	8901	41	-0.007913508693713767
2020-01-03	9019	9019	8852	8858	471	-0.004830917874396157
2020-01-06	8822	8856	8812	8829	31439	-0.003273876721607616
2020-01-07	8890	8942	8890	8925	30	0.010873258579680689
2020-01-08	8866	8928	8832	8882	66	-0.004817927170868375
2020-01-09	8977	8977	8937	8977	42	0.01069578923665837
2020-01-10	9077	9121	9064	9122	11	0.016152389439679116
2020-01-13	9136	9241	9136	9243	31	0.013264634948476184
2020-01-14	9328	9365	9275	9276	7	0.0035702693930541596
2020-01-15	9231	9256	9188	9209	26	-0.007222940922811505
2020-01-16	9284	9284	9284	9286	0	0.008361385601042493
2020-01-17	9405	9405	9338	9353	6623	0.007215162610381132
2020-01-20	9405	9462	9405	9440	7	0.009301828290388059
2020-01-21	9429	9429	9298	9301	5	-0.014724576271186396
2020-01-22	9284	9424	9284	9425	5	0.013331899795720803
2020-01-23	9323	9323	9241	9252	301	-0.018355437665782515
2020-01-28	9029	9029	8875	8949	52600	-0.03274967574578469
2020-01-29	9019	9044	8962	9022	15	0.008157336015197192
2020-01-30	8982	8982	8817	8819	7	-0.022500554200842404
2020-01-31	8856	8890	8721	8723	11	-0.01088558793514005
2020-02-03	8486	8726	8486	8728	34	0.000573197294508665
2020-02-04	8817	8962	8817	8963	243	0.026924839596700334
2020-02-05	9039	9049	8992	8992	5	0.0032355238201495773
2020-02-06	9069	9203	9049	9194	49	0.022464412811388
2020-02-07	9213	9213	9131	9156	152	-0.0041331303023710575
2020-02-10	9131	9141	9054	9131	6	-0.002730449978156413
2020-02-11	9188	9298	9188	9271	5	0.0153323841857409
2020-02-12	9298	9343	9256	9343	5	0.007766152518606351
2020-02-13	9365	9424	9333	9338	367	-0.0005351600128438161
2020-02-14	9333	9429	9333	9401	5	0.006746626686656709
2020-02-17	9360	9405	9360	9405	5	0.0004254866503563548
2020-02-18	9338	9338	9221	9248	81489	-0.01669324827219565
2020-02-19	9275	9275	9149	9219	42	-0.0031358131487889684
2020-02-20	9348	9348	9221	9271	5	0.005640525002711838
2020-02-21	9144	9169	9111	9112	5	-0.017150253478589117
2020-02-24	8924	8924	8765	8766	14707	-0.03797190517998239
2020-02-25	8726	8842	8726	8843	16091	0.008783937942048903
2020-02-26	8683	8712	8683	8703	12424	-0.01583173131290283
2020-02-27	8634	8634	8543	8545	1021	-0.018154659312880628
2020-02-28	8456	8456	8265	8276	5268	-0.031480397893504986
2020-03-02	8313	8428	8313	8391	2152	0.013895601739970953
2020-03-03	8577	8577	8409	8410	129	0.002264330830651806
2020-03-04	8303	8606	8303	8602	50	0.02282996432818063
2020-03-05	8644	8688	8644	8689	7	0.010113926993722488
2020-03-06	8582	8582	8428	8530	62115	-0.018298998734031513
2020-03-09	8269	8269	8159	8160	59	-0.04337631887456039
2020-03-10	8164	8231	8154	8222	14984	0.0075980392156862475
2020-03-11	8177	8177	7908	7967	9869	-0.031014351739236168
2020-03-12	7870	7870	7586	7586	213	-0.04782226685075941
2020-03-13	7327	7514	7134	7472	80	-0.015027682573161116
2020-03-16	7534	7534	7255	7255	15	-0.02904175588865099
2020-03-17	7013	7235	6970	7111	10	-0.019848380427291534
2020-03-18	7042	7047	6652	6721	53	-0.054844606946983565
2020-03-19	6739	6739	6180	6245	10	-0.07082279422704951
2020-03-20	6383	6676	6383	6678	40	0.06933546837469984
2020-03-23	6315	6412	6311	6313	152	-0.05465708295896976
2020-03-24	6474	6879	6474	6880	13	0.08981466814509731
2020-03-25	7186	7282	7085	7285	26	0.05886627906976738
2020-03-26	7292	7336	7191	7193	323	-0.012628689087165412
2020-03-27	7461	7461	7033	7299	304	0.01473654942305025
2020-03-30	7071	7302	7028	7260	42	-0.005343197698314817
2020-03-31	7417	7417	7287	7390	12	0.017906336088154173
2020-04-01	7307	7364	7090	7092	5	-0.04032476319350475
2020-04-02	7090	7201	7057	7198	8408	0.014946418499717895
2020-04-03	7312	7312	7153	7255	5822	0.00791886635176442
2020-04-06	7327	7489	7327	7492	5	0.0326671261199174
2020-04-07	7633	7633	7534	7631	5	0.018553123331553678
2020-04-08	7576	7629	7576	7591	5	-0.005241776962390254
2020-04-09	7606	7616	7519	7569	562	-0.0028981688842050213
2020-04-10	7624	7678	7606	7678	10	0.014400845554234376
2020-04-13	7620	7620	7519	7519	10	-0.02070851784318828
2020-04-14	7566	7668	7566	7646	10	0.01689054395531331
2020-04-16	7620	7658	7606	7659	5	0.0017002354172115375
2020-04-17	7865	7981	7865	7944	5	0.037211124167645826
2020-04-20	7903	7917	7845	7848	5	-0.012084592145015116
2020-04-21	7778	7812	7711	7761	5	-0.011085626911314983
2020-04-22	7668	7860	7629	7862	6	0.013013786883133704
2020-04-23	7822	7942	7793	7880	71	0.0022894937674891036
2020-04-24	7899	7908	7836	7838	6	-0.005329949238578657
2020-04-27	7880	7981	7880	7967	5	0.016458280173513584
2020-04-28	7986	7991	7947	7992	6	0.003137944019078631
2020-04-29	8020	8108	8020	8070	10	0.009759759759759845
2020-05-04	7864	7908	7835	7846	1753	-0.027757125154894702
2020-05-06	7927	7977	7864	7977	20	0.01669640581187859
2020-05-07	7952	8015	7952	7992	6	0.0018804061677322181
2020-05-08	8005	8069	8005	8017	50	0.003128128128128127
2020-05-11	8079	8079	8000	8002	10	-0.0018710240738430972
2020-05-12	7981	7981	7884	7967	35	-0.004373906523369109
2020-05-13	7869	8025	7869	8026	10	0.007405547885025676
2020-05-14	7952	7952	7922	7929	5	-0.012085721405432293
2020-05-15	7991	7991	7927	7962	5	0.004161937192584286
2020-05-18	7952	8010	7952	7997	10	0.0043958804320523015
2020-05-19	8157	8167	8088	8163	448	0.020757784169063376
2020-05-20	8157	8205	8132	8207	36	0.005390175180693291
2020-05-21	8240	8265	8210	8255	69	0.005848665773120487
2020-05-22	8255	8255	8113	8133	25	-0.014778921865536088
2020-05-25	8157	8215	8108	8217	10	0.010328292143120699
2020-05-26	8260	8391	8260	8392	12	0.021297310453936902
2020-05-27	8338	8391	8338	8343	41	-0.005838894184937993
2020-05-28	8420	8445	8303	8382	1009	0.0046745774901115755
2020-05-29	8308	8371	8303	8338	21	-0.005249343832021025
2020-06-01	8401	8484	8401	8485	58	0.01763012712880796
2020-06-02	8454	8547	8454	8548	68	0.007424867413081904
2020-06-03	8644	8825	8644	8826	871	0.03252222742161903
2020-06-04	9015	9015	8830	8841	14	0.0016995241332427025
2020-06-05	8840	8977	8840	8972	18	0.01481732835652072
2020-06-08	9060	9060	8977	8992	83	0.0022291573785109264
2020-06-09	9103	9103	8884	8987	123	-0.0005560498220640309
2020-06-10	8952	9020	8952	9022	12	0.0038945142984310177
2020-06-11	8840	9005	8806	8816	13	-0.022833074706273604
2020-06-12	8557	8674	8557	8675	62	-0.01599364791288571
2020-06-15	8557	8630	8260	8260	241	-0.04783861671469736
2020-06-16	8474	8732	8474	8734	12	0.05738498789346247
2020-06-17	8722	8786	8684	8763	24	0.003320357224639414
2020-06-18	8704	8752	8684	8748	18	-0.001711742553919926
2020-06-19	8767	8801	8708	8802	10	0.006172839506172867
2020-06-22	8772	8815	8757	8758	13	-0.004998863894569383
2020-06-23	8879	8879	8718	8807	6	0.0055948846768669735
2020-06-24	8840	8967	8835	8949	11	0.016123538094697354
2020-06-25	8811	8811	8732	8734	8	-0.024025030729690422
2020-06-26	8777	8811	8699	8812	1965	0.008930615983512746
2020-06-29	8718	8747	8644	8646	6	-0.018837948252383163
2020-06-30	8811	8840	8747	8748	12	0.01179736294240108
2020-07-01	8825	8840	8727	8744	10	-0.00045724737082764033
2020-07-02	8796	8830	8772	8831	22	0.009949679780420828
2020-07-03	8864	8927	8864	8924	13	0.010531083682482123
2020-07-06	8947	9060	8947	9060	378	0.015239802779022815
2020-07-07	9123	9123	8957	8958	12	-0.011258278145695355
2020-07-08	8952	9000	8874	8924	171	-0.003795490064746554
2020-07-09	8972	8982	8932	8949	12	0.0028014343343791825
2020-07-10	8913	8952	8845	8909	99	-0.0044697731590122025
2020-07-13	8982	9050	8982	9050	18	0.015826692109103258
2020-07-14	8992	9030	8952	9032	20	-0.001988950276243129
2020-07-15	9133	9152	9040	9095	755	0.006975199291408218
2020-07-16	9098	9098	8962	8987	90	-0.011874656404617934
2020-07-17	9030	9035	9025	9032	12	0.005007232669411277
2020-07-20	9025	9025	8908	8987	50	-0.004982285208148807
2020-07-21	9093	9176	9093	9153	11	0.018471124958272966
2020-07-22	9103	9147	9065	9124	156	-0.0031683601005134676
2020-07-23	9113	9113	9045	9100	12	-0.002630425252082458
2020-07-24	9015	9079	8977	9036	147	-0.007032967032967075
2020-07-27	9065	9142	9065	9124	19	0.009738822487826537
2020-07-28	9240	9361	9240	9333	62	0.02290661990355103
2020-07-29	9343	9391	9343	9393	232	0.006428801028608211
2020-07-30	9435	9445	9411	9421	15218	0.00298094325561582
2020-07-31	9421	9426	9371	9393	43	-0.0029720836429253383
2020-08-03	9381	9449	9381	9451	45846	0.006174811029490135
2020-08-04	9547	9547	9469	9519	11	0.0071950058194900635
2020-08-05	9504	9689	9499	9689	169	0.01785901880449625
2020-08-06	9757	9884	9757	9851	363	0.016719991743213924
2020-08-07	9894	9928	9840	9929	11	0.007917977870266935
2020-08-10	9972	9972	9874	9958	73	0.0029207372343640348
2020-08-11	10055	10153	10015	10115	71	0.015766218116087583
2020-08-12	10075	10113	10040	10115	68	0.0
2020-08-13	10216	10216	10040	10129	306	0.0013840830449827202
2020-08-14	10098	10098	9913	9958	82	-0.01688221937012535
2020-08-18	9957	9982	9747	9777	518	-0.01817634063064877
2020-08-19	9806	9850	9762	9797	150	0.002045617265009625
2020-08-20	9727	9727	9396	9431	1113	-0.03735837501275896
2020-08-21	9547	9650	9513	9578	12	0.01558689428480542
2020-08-24	9542	9674	9542	9671	63	0.009709751513885978
2020-08-25	9727	9830	9727	9827	213	0.016130700031020684
2020-08-26	9860	9903	9782	9900	525	0.00742851327973959
2020-08-27	9903	9903	9825	9846	28	-0.00545454545454549
2020-08-28	9840	9952	9835	9846	11	0.0
2020-08-31	9923	9923	9630	9631	577	-0.02183627869185456
2020-09-01	9542	9714	9542	9714	99	0.008618004360917864
2020-09-02	9757	9757	9674	9754	498	0.004117768169652036
2020-09-03	9913	9928	9884	9909	39	0.015890916547057543
2020-09-04	9714	9777	9674	9772	426	-0.013825814915733203
2020-09-07	9723	9792	9723	9772	670	0.0
2020-09-08	9801	9884	9801	9870	28	0.01002865329512903
2020-09-09	9737	9810	9737	9759	12	-0.011246200607902712
2020-09-10	9787	9874	9787	9856	28	0.009939542985961669
2020-09-11	9806	9850	9777	9851	10	-0.0005073051948052409
2020-09-14	9913	9987	9874	9987	427	0.013805705004568125
2020-09-15	10045	10098	9982	10100	177	0.01131470912185839
2020-09-16	10070	10108	10030	10037	65	-0.006237623762376243
2020-09-17	10006	10011	9865	9865	46	-0.01713659459998007
2020-09-18	9938	9942	9865	9924	107	0.00598073998986326
2020-09-21	9903	9992	9810	9856	25	-0.00685207577589686
2020-09-22	9840	9840	9630	9651	12	-0.02079951298701299
2020-09-23	9719	9719	9577	9699	57	0.004973577867578571
2020-09-24	9596	9611	9484	9499	1146	-0.02062068254459226
2020-09-25	9508	9533	9469	9519	302	0.0021054847878723137
2020-09-28	9572	9650	9572	9626	17504	0.011240676541653505
2020-09-29	9723	9732	9699	9719	14	0.009661333887388324
2020-10-05	9727	9855	9727	9841	12	0.012552731762526914
2020-10-06	9913	9913	9840	9875	42	0.003454933441723318
2020-10-07	9830	9967	9830	9968	11	0.009417721518987232
2020-10-08	10025	10025	9967	9987	617	0.0019060995184589924
2020-10-12	10080	10080	9996	10022	166	0.0035045559226996037
2020-10-13	10015	10035	9908	10037	82	0.0014967072440630336
2020-10-14	10020	10020	9938	9953	25	-0.008369034572083267
2020-10-15	9913	9913	9840	9885	69669	-0.006832110921330292
2020-10-16	9884	9894	9772	9817	67457	-0.0068791097622660224
2020-10-19	9889	9899	9810	9817	17139	0.0
2020-10-20	9899	9928	9742	9890	41984	0.007436080268921286
2020-10-21	9908	9908	9879	9900	21033	0.0010111223458038054
2020-10-22	9865	9865	9792	9851	22120	-0.004949494949494926
2020-10-23	9869	9903	9796	9865	54919	0.0014211755151760652
2020-10-26	9933	9938	9787	9822	23276	-0.004358844399391826
2020-10-27	9747	9820	9737	9759	40851	-0.0064141722663408895
2020-10-28	9737	9815	9704	9812	20997	0.0054308843119172945
2020-10-29	9714	9732	9635	9719	28126	-0.009478189971463546
2020-10-30	9659	9689	9484	9485	40634	-0.024076551085502662
2020-11-02	9513	9572	9479	9573	3837	0.009277807063784893
2020-11-03	9659	9767	9659	9767	4642	0.02026532957275662
2020-11-04	9825	9869	9747	9832	20907	0.006655062967134251
2020-11-05	9923	10084	9923	10085	37128	0.025732302685109953
2020-11-06	10070	10167	10050	10133	121563	0.004759543877045136
2020-11-09	10186	10294	10186	10246	148441	0.011151682621138859
2020-11-10	10245	10245	10153	10221	153387	-0.002439976576224856
2020-11-11	10255	10308	10226	10285	177383	0.006261618236963029
2020-11-12	10186	10308	10186	10275	142902	-0.000972289742343202
2020-11-13	10235	10381	10211	10339	232739	0.006228710462287124
2020-11-16	10391	10611	10391	10612	310253	0.026404874746106977
2020-11-17	10606	10665	10557	10597	348334	-0.0014134941575574267
2020-11-18	10645	10674	10572	10636	320050	0.0036802868736434124
2020-11-19	10655	10674	10552	10641	356265	0.00047010154193305453
2020-11-20	10650	10709	10616	10690	401172	0.004604830373085234
2020-11-23	10689	10938	10689	10924	519453	0.021889616463985018
2020-11-24	10938	11035	10903	10993	533837	0.006316367630904374
2020-11-25	11035	11080	10782	10880	567265	-0.010279268625489002
2020-11-26	10894	11026	10860	11017	486402	0.012591911764705976
2020-11-27	11016	11080	10967	11070	1051948	0.004810747027321316
2020-11-30	11084	11084	10865	10865	916982	-0.01851851851851849
2020-12-01	10913	11070	10913	11037	428910	0.015830648872526387
2020-12-02	11075	11304	11070	11290	934231	0.022922895714415192
2020-12-03	11309	11362	11260	11358	866923	0.006023029229406562
2020-12-04	11362	11582	11353	11524	1975157	0.014615249163585142
2020-12-07	11587	11621	11446	11587	925723	0.005466851787573779
2020-12-08	11587	11607	11392	11431	1096453	-0.013463364114956411
2020-12-09	11504	11709	11479	11705	1042839	0.02396990639489105
2020-12-10	11640	11714	11534	11642	1190305	-0.005382315249893188
2020-12-11	11718	11738	11626	11685	879774	0.0036935234495791835
2020-12-14	11660	11753	11635	11690	716752	0.00042789901583217826
2020-12-15	11689	11718	11552	11666	632565	-0.0020530367835757124
2020-12-16	11709	11762	11650	11710	642568	0.0037716440939481455
2020-12-17	11718	11733	11597	11710	680081	0.0
2020-12-18	11748	11748	11660	11700	419287	-0.0008539709649871829
2020-12-21	11699	11699	11529	11651	634148	-0.004188034188034151
2020-12-22	11626	11655	11474	11491	357453	-0.013732726804566164
2020-12-23	11542	11645	11464	11642	235278	0.013140718823426933
2020-12-24	11704	11895	11704	11895	805269	0.021731661226593424
2020-12-28	11865	11982	11865	11925	965317	0.0025220680958386588
2020-12-29	11982	12075	11811	12061	1730605	0.011404612159329197
2020-12-30	12021	12338	12021	12339	3060691	0.02304949838321857
2021-01-04	12319	12811	12304	12788	2461895	0.03638868627927705
2021-01-05	12538	12943	12538	12940	1747214	0.011886143259305593
2021-01-06	12938	13138	12802	12866	1684279	-0.005718701700154538
2021-01-07	12870	13197	12870	13071	1378174	0.015933468055339572
2021-01-08	13202	13846	13129	13847	3029232	0.05936806671256978
2021-01-11	13826	14480	13622	13886	2881203	0.0028164945475555037
2021-01-12	13660	13846	13294	13652	1681408	-0.016851505113063547
2021-01-13	13685	13909	13543	13788	1741713	0.009961910342807023
2021-01-14	13690	13802	13660	13710	2241947	-0.0056570931244560585
2021-01-15	13773	13963	13465	13481	1612879	-0.016703136396790663
2021-01-18	13241	13470	13094	13232	929441	-0.01847043987834729
2021-01-19	13304	13733	13256	13637	617766	0.030607617896009742
2021-01-20	13792	13992	13627	13759	1046589	0.008946249175038501
2021-01-21	13904	13992	13811	13993	725742	0.017007049930954254
2021-01-22	13958	14104	13885	13886	1388023	-0.007646680483098689
2021-01-25	13924	14256	13880	14242	1853936	0.025637332565173532
2021-01-26	14251	14251	13870	13935	1894916	-0.02155596124139869
2021-01-27	14002	14134	13778	13827	1041001	-0.007750269106566177
2021-01-28	13417	13783	13417	13622	1021415	-0.014826064945396733
2021-01-29	13831	13831	13182	13256	677237	-0.02686830127734552
2021-02-01	13187	13597	13061	13534	813725	0.02097163548581782
2021-02-02	13705	13992	13670	13823	853824	0.021353627900103422
2021-02-03	14002	14051	13826	13993	735174	0.012298343340808815
2021-02-04	13963	13963	13655	13735	701713	-0.018437790323733272
2021-02-05	13836	13909	13675	13827	615647	0.006698216235893728
2021-02-08	13783	13811	13607	13622	540293	-0.014826064945396733
2021-02-09	13660	13836	13597	13598	383607	-0.0017618558214652635
2021-02-10	13631	13768	13495	13680	542721	0.0060302985733196035
2021-02-15	13841	13963	13826	13905	417622	0.016447368421052655
2021-02-16	13948	14076	13885	13935	646813	0.0021574973031284195
2021-02-17	13953	13953	13690	13793	582966	-0.010190168640114794
2021-02-18	13710	13860	13563	13574	392460	-0.015877619082143135
2021-02-19	13572	13773	13431	13759	402877	0.013628996611168454
2021-02-22	13880	13963	13660	13685	335662	-0.00537829784141286
2021-02-23	13534	13792	13436	13690	327734	0.00036536353671912103
2021-02-24	13670	13826	13349	13359	270057	-0.024178232286340418
2021-02-25	13607	13875	13553	13871	356072	0.03832622202260638
2021-02-26	13568	13617	13353	13510	413156	-0.026025520870881724
2021-03-02	13841	13914	13519	13672	249556	0.011991117690599573
2021-03-03	13631	13856	13534	13842	234712	0.01243417203042707
2021-03-04	13655	13758	13529	13662	218568	-0.013003901170351106
2021-03-05	13431	13602	13319	13525	304505	-0.010027814375640487
2021-03-08	13622	13705	13344	13374	206036	-0.011164510166358554
2021-03-09	13329	13339	13026	13271	207332	-0.00770151039330047
2021-03-10	13455	13470	13119	13169	203266	-0.007685931730841644
2021-03-11	13172	13441	13172	13354	158472	0.014048143366998334
2021-03-12	13538	13626	13504	13569	129647	0.016100044930357882
2021-03-15	13568	13597	13460	13491	180119	-0.005748397081583034
2021-03-16	13519	13660	13519	13632	121953	0.010451412052479458
2021-03-17	13660	13660	13470	13593	124894	-0.0028609154929577496
2021-03-18	13680	13856	13670	13705	276972	0.008239535054807678
2021-03-19	13548	13670	13485	13617	138608	-0.0064210142283838145
2021-03-22	13655	13655	13470	13569	169952	-0.0035250055078210885
2021-03-23	13645	13660	13367	13369	156137	-0.014739479696366686
2021-03-24	13275	13372	13172	13339	107059	-0.0022439973072032604
2021-03-25	13294	13382	13216	13315	128395	-0.0017992353249868254
2021-03-26	13377	13402	13284	13384	114460	0.0051821254224557745
2021-03-29	13455	13455	13265	13306	138661	-0.005827854154213941
2021-03-30	13314	13519	13314	13476	99646	0.012776191191943509
2021-03-31	13499	13563	13412	13432	66612	-0.0032650638171564106
2021-04-01	13563	13636	13529	13607	124412	0.013028588445503253
2021-04-02	13718	13870	13705	13803	403020	0.014404350701844537
2021-04-05	13875	13899	13768	13837	197474	0.002463232630587564
2021-04-06	13914	13948	13787	13842	343644	0.0003613500036134809
2021-04-07	13933	13933	13811	13886	235522	0.003178731397196932
2021-04-08	13919	13943	13811	13940	200507	0.0038888088722455194
2021-04-09	13948	13953	13773	13832	307725	-0.0077474892395982264
2021-04-12	13885	13890	13748	13759	330601	-0.005277617119722411
2021-04-13	13758	13958	13758	13910	228618	0.010974634784504778
2021-04-14	13953	13973	13895	13930	319557	0.0014378145219267058
2021-04-15	13943	13992	13860	13930	246297	0.0
2021-04-16	13992	14011	13919	13945	255383	0.001076812634601687
2021-04-19	13963	14021	13904	13968	277204	0.0016493366798135956
2021-04-20	13973	14031	13929	14013	345066	0.003221649484536071
2021-04-21	13988	13988	13763	13793	217173	-0.01569970741454363
2021-04-22	13836	13890	13778	13793	199231	0.0
2021-04-23	13685	13778	13582	13735	170562	-0.004205031537736548
2021-04-26	13811	13816	13714	13798	109326	0.0045868219876228356
2021-04-27	13826	13929	13783	13896	189962	0.007102478620089947
2021-04-28	13973	13973	13627	13627	230705	-0.019358088658606776
2021-04-29	13730	13750	13538	13568	193987	-0.004329639685917708
2021-04-30	13563	13563	13395	13440	114545	-0.009433962264150941
2021-05-03	13449	13656	13410	13460	102987	0.0014880952380953438
2021-05-04	13489	13582	13415	13583	92309	0.009138187221396699
2021-05-06	13498	13597	13484	13593	65259	0.000736214385629097
2021-05-07	13587	13720	13587	13691	54096	0.007209593172956774
2021-05-10	13765	13928	13711	13918	218371	0.01658023519100138
2021-05-11	13780	13804	13558	13622	162720	-0.021267423480385128
2021-05-12	13577	13602	13326	13420	143787	-0.014828953163999459
2021-05-13	13222	13395	13183	13233	97006	-0.013934426229508245
2021-05-14	13355	13410	13316	13366	234638	0.010050630998261978
2021-05-17	13434	13454	13232	13307	56078	-0.0044141852461468956
2021-05-18	13331	13484	13316	13474	32006	0.012549785827008275
2021-05-20	13434	13474	13375	13455	40089	-0.0014101232002374786
2021-05-21	13533	13661	13469	13504	37404	0.0036417688591601216
2021-05-24	13503	13518	13375	13395	57377	-0.008071682464454999
2021-05-25	13469	13558	13434	13538	86317	0.010675625233296016
2021-05-26	13563	13646	13553	13583	697377	0.003323976953759855
2021-05-27	13632	13632	13469	13593	69187	0.000736214385629097
2021-05-28	13612	13711	13568	13677	32782	0.006179651291105648
2021-05-31	13735	13755	13637	13736	43272	0.004313811508371623
2021-06-01	13740	13868	13711	13805	167344	0.005023296447291825
2021-06-02	13863	13898	13770	13815	102568	0.0007243752263672576
2021-06-03	13868	13987	13804	13968	193665	0.011074918566775338
2021-06-04	13923	13967	13794	13928	139926	-0.00286368843069873
2021-06-07	14006	14056	13893	13963	359391	0.002512923607122408
2021-06-08	13932	13997	13873	13953	184398	-0.0007161784716751551
2021-06-09	13908	13923	13760	13785	90413	-0.01204042141474948
2021-06-10	13785	13834	13720	13800	52447	0.0010881392818280489
2021-06-11	13883	13913	13799	13874	50567	0.005362318840579805
2021-06-14	13908	13908	13814	13908	59486	0.002450627072221323
2021-06-15	13952	13972	13888	13972	175522	0.004601668104687873
2021-06-16	13947	14080	13942	14071	588027	0.007085599770970452
2021-06-17	13987	13987	13903	13963	130711	-0.007675360670883369
2021-06-18	14016	14016	13928	13948	114946	-0.0010742677075127327
2021-06-21	13834	13873	13735	13824	113648	-0.008890163464295942
2021-06-22	13859	13937	13859	13879	95930	0.0039785879629630205
2021-06-23	13928	14021	13923	13992	193945	0.008141796959435066
2021-06-24	14076	14105	14046	14066	512445	0.005288736420811846
2021-06-25	14105	14169	14071	14115	1112650	0.00348357742073091
2021-06-28	14135	14145	14056	14130	185989	0.0010626992561104665
2021-06-29	14159	14169	14016	14081	1195536	-0.0034677990092002453
2021-06-30	14130	14179	14090	14150	429440	0.004900220154818502
2021-07-01	14140	14140	13997	14037	137851	-0.007985865724381647
2021-07-02	14036	14066	13977	13987	88019	-0.0035620146755004356
2021-07-05	14016	14095	13997	14061	187777	0.005290627010795745
2021-07-06	14071	14149	14071	14135	182974	0.005262783585804787
2021-07-07	14115	14115	13987	14012	96652	-0.008701804032543281
2021-07-08	14085	14085	13898	13898	108378	-0.00813588352840422
2021-07-09	13804	13819	13612	13731	183970	-0.012016117426967954
2021-07-12	13859	13868	13809	13849	77298	0.00859369310319713
2021-07-13	13863	14002	13863	13972	66371	0.008881507690085888
2021-07-14	13913	13967	13878	13948	158796	-0.0017177211565989614
2021-07-15	13997	14115	13972	14086	125054	0.009893891597361648
2021-07-16	14056	14056	13967	14012	132762	-0.0052534431350277355
2021-07-19	13913	13923	13849	13894	76177	-0.008421353125892095
2021-07-20	13770	13859	13770	13810	165000	-0.006045775154743027
2021-07-21	13888	13913	13720	13741	62530	-0.004996379435191933
2021-07-22	13799	13937	13799	13849	106464	0.00785968997889519
2021-07-23	13908	13918	13829	13834	56070	-0.0010831106939128698
2021-07-26	13913	13913	13740	13741	40401	-0.006722567587104211
2021-07-27	13814	13868	13711	13711	18191	-0.0021832472163597627
2021-07-28	13661	13720	13568	13711	37621	0.0
2021-07-29	13735	13765	13671	13736	34561	0.001823353511778869
2021-07-30	13691	13691	13543	13558	63098	-0.012958648806057127
2021-08-02	13612	13646	13533	13617	148751	0.004351674288243013
2021-08-03	13666	13760	13632	13751	44376	0.00984064037600052
2021-08-04	13799	13952	13770	13928	64628	0.012871791142462286
2021-08-05	13942	13987	13878	13918	84346	-0.0007179781734635293
2021-08-06	13918	13937	13839	13839	34264	-0.00567610288834608
2021-08-09	13814	13829	13725	13790	41450	-0.0035407182599899167
2021-08-10	13814	13814	13597	13598	37507	-0.013923132704858565
2021-08-11	13548	13568	13410	13410	47339	-0.013825562582732709
2021-08-12	13365	13410	13296	13312	50199	-0.007307979120059649
2021-08-13	13306	13306	13015	13129	69018	-0.01374699519230771
2021-08-17	13089	13148	12897	12961	42764	-0.012796100236118546
2021-08-18	12946	13104	12847	13050	61725	0.006866754108479256
2021-08-19	12971	13005	12773	12784	23037	-0.02038314176245215
2021-08-20	12813	12872	12591	12656	41777	-0.010012515644555742
2021-08-23	12749	12892	12729	12804	16685	0.011694058154235076
2021-08-24	12951	13114	12946	13114	44216	0.024211184004998332
2021-08-25	13153	13183	12995	13095	41172	-0.0014488333079152316
2021-08-26	13094	13124	12966	13001	29920	-0.00717831233295152
2021-08-27	12916	13015	12872	12976	9201	-0.0019229290054610937
2021-08-30	13089	13089	13020	13045	29842	0.005317509247842134
2021-08-31	13089	13331	12981	13331	175452	0.021924108853967006
2021-09-01	13316	13395	13277	13395	45350	0.004800840147025642
2021-09-02	13395	13395	13242	13277	155212	-0.00880925718551695
2021-09-03	13341	13390	13296	13366	15985	0.0067033215334788565
2021-09-06	13390	13410	13321	13405	66463	0.002917851264402138
2021-09-07	13390	13390	13237	13287	14434	-0.008802685565087676
2021-09-08	13237	13277	13153	13169	16017	-0.00888086099194707
2021-09-09	13119	13133	12936	12961	169527	-0.015794669299111552
2021-09-10	12961	13030	12902	13030	170559	0.005323663297585046
2021-09-13	12981	13064	12951	13045	10768	0.001151189562548005
2021-09-14	13114	13193	13094	13139	104781	0.007205825986968284
2021-09-15	13138	13193	13089	13159	81123	0.00152218585889341
2021-09-16	13222	13222	13030	13065	16572	-0.0071433999544038285
2021-09-17	13069	13138	12995	13139	31136	0.005663987753540045
2021-09-23	13045	13104	13010	13060	40851	-0.00601263414262887
2021-09-24	13079	13109	12995	13035	128081	-0.001914241960183749
2021-09-27	13005	13069	12951	13030	40848	-0.00038358266206361957
2021-09-28	13030	13030	12823	12853	19008	-0.013584036838065972
2021-09-29	12591	12724	12556	12680	23038	-0.01345989263207037
2021-09-30	12650	12739	12601	12720	22351	0.003154574132492094
2021-10-01	12650	12655	12418	12453	26533	-0.02099056603773586
2021-10-05	12354	12364	12157	12300	38174	-0.012286196097325952
2021-10-06	12364	12399	12113	12113	26968	-0.015203252032520376
2021-10-07	12157	12330	12157	12330	17811	0.017914637166680514
2021-10-08	12453	12453	12290	12320	11341	-0.0008110300081103361
2021-10-12	12231	12256	12024	12069	50956	-0.02037337662337657
2021-10-13	12029	12270	12029	12231	20065	0.01342281879194629
2021-10-14	12310	12399	12256	12399	16675	0.013735589894530387
2021-10-15	12512	12547	12463	12522	22273	0.009920154851197571
2021-10-18	12527	12542	12389	12483	35901	-0.0031145184475322996
2021-10-19	12586	12601	12527	12596	5188	0.009052311143154634
2021-10-20	12630	12655	12532	12532	19449	-0.005080978088282007
2021-10-21	12532	12561	12468	12513	13959	-0.001516118736035743
2021-10-22	12463	12527	12453	12513	19892	0.0
2021-10-25	12492	12606	12418	12547	31477	0.002717174138895606
2021-10-26	12625	12714	12601	12715	73359	0.013389654897585146
2021-10-27	12655	12675	12556	12591	20337	-0.009752261108926463
2021-10-28	12586	12680	12566	12587	18446	-0.0003176872369152761
2021-10-29	12616	12650	12354	12404	52730	-0.014538809883212878
2021-11-01	12448	12517	12408	12493	17597	0.0071751048049015775
2021-11-02	12556	12709	12522	12621	31952	0.010245737613063355
2021-11-03	12665	12699	12453	12473	18295	-0.011726487600031699
2021-11-04	12601	12660	12517	12537	21697	0.005131083139581438
2021-11-05	12660	12660	12482	12552	34998	0.0011964584828907388
2021-11-08	12586	12601	12443	12547	58999	-0.0003983428935627753
2021-11-09	12601	12680	12507	12582	16788	0.0027895114369969054
2021-11-10	12532	12532	12379	12429	58795	-0.012160228898426273
2021-11-11	12330	12433	12280	12434	20901	0.0004022849786788907
2021-11-12	12433	12576	12433	12522	50619	0.007077368505710169
2021-11-15	12601	12685	12601	12626	51040	0.008305382526752947
2021-11-16	12625	12714	12586	12656	15354	0.002376049421827897
2021-11-17	12640	12660	12507	12522	17964	-0.010587863463969671
2021-11-18	12492	12547	12428	12478	18253	-0.0035138156843954604
2021-11-19	12532	12566	12463	12567	23123	0.007132553293797139
2021-11-22	12749	12951	12734	12932	80713	0.0290443224317658
2021-11-23	12867	12907	12783	12818	38658	-0.00881534178781318
2021-11-24	12862	12926	12729	12794	17937	-0.001872366983928897
2021-11-25	12857	12857	12660	12690	15859	-0.00812881037986557
2021-11-26	12616	12670	12399	12399	88665	-0.022931442080378228
2021-11-29	12211	12413	12157	12320	20836	-0.006371481571094462
2021-11-30	12408	12458	11955	12014	45648	-0.02483766233766238
2021-12-01	12137	12423	12063	12419	23620	0.03371067088396873
2021-12-02	12300	12625	12290	12626	28620	0.016668008696352432
2021-12-03	12606	12749	12537	12725	13748	0.007840963092032416
2021-12-06	12625	12783	12566	12759	39328	0.00267190569744602
2021-12-07	12759	12897	12699	12892	82270	0.010424014421192895
2021-12-08	13045	13055	12852	12878	33057	-0.0010859447719515636
2021-12-09	12902	13000	12838	13001	14295	0.009551172542320296
2021-12-10	12897	12941	12857	12902	16480	-0.007614798861626082
2021-12-13	12931	13074	12872	12907	25770	0.00038753681599756895
2021-12-14	12823	12872	12764	12858	5970	-0.00379638955605488
2021-12-15	12823	12862	12788	12863	10582	0.00038886296469131665
2021-12-16	12995	12995	12867	12922	6273	0.004586799346964154
2021-12-17	12813	12941	12813	12942	17846	0.0015477480266212762
2021-12-20	12907	12907	12739	12739	14414	-0.015685365476742374
2021-12-21	12823	12892	12769	12882	6756	0.011225370908234611
2021-12-22	12986	13025	12931	12961	5738	0.006132588107436776
2021-12-23	13030	13030	12971	13025	13994	0.004937890594861605
2021-12-24	13094	13158	13094	13109	27131	0.006449136276391654
2021-12-27	13109	13109	13025	13060	22498	-0.0037378899992371872
2021-12-28	13064	13099	13000	13090	6787	0.0022970903522205877
2021-12-29	13178	13198	13109	13164	23809	0.005653170359052773
2021-12-30	13183	13267	13094	13119	20151	-0.003418413855970859
2022-01-03	13203	13272	13104	13129	19603	0.0007622532205198151
2022-01-04	13158	13217	13089	13169	20606	0.0030466905324091353
2022-01-05	13138	13143	12872	12961	15766	-0.015794669299111552
2022-01-06	12852	13005	12823	12873	9194	-0.006789599567934568
2022-01-07	12936	13045	12936	13021	11933	0.011496931562184454
2022-01-10	12877	12877	12773	12868	20996	-0.011750249596805151
2022-01-11	12882	12926	12788	12902	21995	0.0026422132421510813
2022-01-12	12995	13074	12981	13050	34887	0.01147108975352662
2022-01-13	13094	13104	12995	12996	28738	-0.004137931034482789
2022-01-14	12867	12921	12808	12873	9879	-0.009464450600184637
2022-01-17	12838	12857	12695	12794	29205	-0.00613687563116605
2022-01-18	12754	12813	12635	12690	12775	-0.00812881037986557
2022-01-19	12542	12704	12542	12626	15593	-0.005043341213553987
2022-01-20	12547	12625	12547	12626	18958	0.0
2022-01-21	12487	12492	12335	12444	64548	-0.014414699825756383
2022-01-24	12330	12404	12221	12305	17921	-0.011170041787206708
2022-01-25	12270	12270	11940	12049	62530	-0.020804550995530247
2022-01-26	12088	12113	11999	12009	25337	-0.003319777574902427
2022-01-27	12034	12044	11614	11649	51934	-0.02997751686235328
2022-01-28	11748	12048	11664	12024	35694	0.0321916044295647
2022-02-03	12226	12310	12147	12153	30589	0.01072854291417169
2022-02-04	12226	12290	12152	12241	4815	0.00724101045009462
2022-02-07	12246	12246	12029	12157	8898	-0.0068621844620537775
2022-02-08	12270	12320	12142	12207	7650	0.00411285679032658
2022-02-09	12315	12374	12315	12374	4292	0.01368067502252801
2022-02-10	12497	12532	12418	12513	119807	0.011233230968159091
2022-02-11	12438	12537	12379	12498	14012	-0.0011987532965715975
2022-02-14	12325	12394	12201	12325	172672	-0.013842214754360649
2022-02-15	12359	12359	12177	12227	45471	-0.0079513184584179
2022-02-16	12408	12438	12364	12414	18297	0.015294021427987303
2022-02-17	12453	12635	12394	12547	95930	0.010713710327050041
2022-02-18	12408	12537	12379	12527	10186	-0.0015940065354268507
2022-02-21	12285	12492	12285	12493	12688	-0.002714137463079802
2022-02-22	12256	12320	12221	12315	21106	-0.0142479788681662
2022-02-23	12359	12369	12275	12340	14558	0.002030044660982444
2022-02-24	12187	12187	11984	12019	11518	-0.02601296596434355
2022-02-25	12132	12177	12048	12088	10455	0.005740910225476403
2022-02-28	12009	12162	11984	12162	12819	0.006121773659828023
2022-03-02	12167	12216	12108	12157	6580	-0.00041111659266568346
2022-03-03	12330	12394	12315	12394	1909	0.019494941186147807
2022-03-04	12359	12359	12152	12231	14322	-0.013151524931418468
2022-03-07	11999	12014	11881	11921	50302	-0.025345433733954703
2022-03-08	11718	11876	11698	11792	28894	-0.010821239828873397
2022-03-10	12029	12058	11945	12049	40889	0.021794436906377168
2022-03-11	11955	11955	11856	11940	6909	-0.009046393891609217
2022-03-14	11861	11910	11827	11862	14987	-0.006532663316582865
2022-03-15	11812	11836	11718	11738	17511	-0.010453549148541574
2022-03-16	11836	11955	11802	11955	17482	0.01848696541148409
2022-03-17	12191	12236	12162	12197	74027	0.020242576327896167
2022-03-18	12167	12211	12073	12197	6328	0.0
2022-03-21	12191	12191	12058	12074	11721	-0.010084446995162755
2022-03-22	12103	12167	12098	12167	20406	0.007702501242338844
2022-03-23	12290	12305	12191	12261	2112	0.00772581573107578
2022-03-24	12122	12167	12068	12167	3631	-0.007666585107250601
2022-03-25	12226	12226	12068	12098	8335	-0.005671077504725952
2022-03-28	12029	12098	11955	12074	5566	-0.0019837989750371987
2022-03-29	12103	12187	12083	12123	5104	0.004058307106178605
2022-03-30	12270	12280	12152	12202	18299	0.006516538810525496
2022-03-31	12172	12231	12162	12182	7966	-0.0016390755613834296
2022-04-01	12132	12137	12058	12133	4974	-0.0040223280249548354
2022-04-04	12093	12191	12048	12192	5972	0.00486277095524601
2022-04-05	12191	12191	12132	12172	16865	-0.0016404199475065218
2022-04-06	12068	12083	12004	12034	32143	-0.011337495892211669
2022-04-07	11955	11955	11846	11881	28566	-0.012713977064982562
2022-04-08	11886	11886	11787	11852	32435	-0.002440871980473047
2022-04-11	11827	11900	11782	11866	46962	0.0011812352345594856
2022-04-12	11807	11827	11728	11763	15236	-0.008680262936120009
2022-04-13	11812	11935	11802	11936	8280	0.014707132534217404
2022-04-14	11960	11960	11836	11866	12096	-0.005864611260053665
2022-04-15	11787	11787	11703	11743	10480	-0.01036575088488112
2022-04-18	11698	11812	11669	11797	10571	0.004598484203355291
2022-04-19	11836	11960	11836	11940	22279	0.012121725862507482
2022-04-20	11935	11970	11871	11965	38958	0.0020938023450587373
2022-04-21	12029	12063	11999	12024	56834	0.004931048892603318
2022-04-22	11905	11925	11836	11926	22362	-0.008150365934797121
2022-04-25	11767	11772	11693	11699	55048	-0.019034043266812017
2022-04-26	11738	11787	11674	11778	670016	0.00675271390717147
2022-04-27	11570	11619	11536	11610	61453	-0.01426388181355065
2022-04-28	11665	11775	11615	11775	26063	0.01421188630490966
2022-04-29	11785	11940	11785	11935	30533	0.013588110403397025
2022-05-02	11795	11900	11795	11900	45329	-0.0029325513196480912
2022-05-03	11905	11950	11840	11855	71747	-0.0037815126050420034
2022-05-04	11885	11935	11825	11860	38209	0.00042176296921137
2022-05-06	11740	11740	11670	11700	87706	-0.013490725126475533
2022-05-09	11640	11685	11555	11580	39196	-0.01025641025641022
2022-05-10	11505	11580	11380	11550	134430	-0.002590673575129543
2022-05-11	11530	11610	11490	11600	68161	0.0043290043290042934
2022-05-12	11470	11580	11405	11435	90776	-0.014224137931034497
2022-05-13	11510	11710	11510	11710	62414	0.024048972452995088
2022-05-16	11825	11835	11640	11670	50246	-0.0034158838599487318
2022-05-17	11705	11790	11705	11790	33070	0.010282776349614497
2022-05-18	11905	11905	11800	11845	36940	0.00466497031382529
2022-05-19	11585	11685	11570	11650	45346	-0.016462642465175148
2022-05-20	11710	11850	11710	11850	70132	0.01716738197424883
2022-05-23	11870	11890	11805	11885	46689	0.002953586497890237
2022-05-24	11790	11830	11660	11660	38427	-0.018931426167437926
2022-05-25	11725	11750	11630	11715	84843	0.004716981132075526
2022-05-26	11735	11795	11545	11575	89536	-0.011950490823730231
2022-05-27	11725	11760	11695	11735	71491	0.013822894168466604
2022-05-30	11870	11870	11795	11855	73560	0.010225820195994828
2022-05-31	11825	11940	11770	11940	65388	0.00716997047659218
2022-06-02	11830	11830	11775	11815	73999	-0.010469011725293131
2022-06-03	11895	11905	11825	11825	39678	0.0008463817181549871
2022-06-07	11785	11785	11605	11640	71134	-0.01564482029598313
2022-06-08	11660	11715	11635	11645	68406	0.00042955326460480947
2022-06-09	11595	11675	11570	11675	27799	0.0025762129669386624
2022-06-10	11520	11525	11450	11500	26474	-0.01498929336188437
2022-06-13	11240	11270	11085	11085	27061	-0.0360869565217391
2022-06-14	10945	11060	10925	11030	36798	-0.004961659900766802
2022-06-15	11005	11030	10790	10835	70746	-0.017679057116953723
2022-06-16	10980	11045	10800	10830	35341	-0.00046146746654363024
2022-06-17	10595	10730	10580	10700	44699	-0.012003693444136654
2022-06-20	10740	10740	10430	10510	69846	-0.017757009345794383
2022-06-21	10570	10640	10480	10585	20622	0.007136060894386231
2022-06-22	10565	10565	10315	10315	54107	-0.025507794048181376
2022-06-23	10335	10355	10115	10180	83076	-0.013087736306349962
2022-06-24	10215	10410	10210	10395	11789	0.02111984282907664
2022-06-27	10445	10615	10410	10550	19016	0.014911014911014986
2022-06-28	10600	10630	10510	10630	42650	0.007582938388625671
2022-06-29	10490	10525	10460	10485	27079	-0.013640639698965229
2022-06-30	10415	10415	10290	10290	24984	-0.01859799713876964
2022-07-01	10335	10380	10105	10165	50407	-0.012147716229348848
2022-07-04	10170	10200	10080	10190	24919	0.0024594195769798155
2022-07-05	10295	10400	10240	10365	45411	0.017173699705593792
2022-07-06	10280	10300	10120	10130	29607	-0.022672455378678236
2022-07-07	10205	10355	10205	10280	32268	0.014807502467917066
2022-07-08	10390	10475	10385	10400	38847	0.011673151750972721
2022-07-11	10410	10450	10315	10335	31860	-0.006249999999999978
2022-07-12	10270	10270	10200	10250	9459	-0.00822447992259312
2022-07-13	10315	10370	10290	10310	24845	0.005853658536585371
2022-07-14	10225	10335	10205	10280	17081	-0.0029097963142580285
