Date	Open	High	Low	Close	Volume	Change
2018-03-26	13669	13820	13588	13812	351200	
2018-03-27	13928	13933	13848	13879	794809	0.004850854329568444
2018-03-28	13730	13730	13622	13694	659550	-0.01332949059730526
2018-03-29	13735	13839	13669	13826	456679	0.009639258069227497
2018-03-30	13910	13942	13867	13869	854467	0.0031100824533487614
2018-04-02	13895	13952	13796	13822	617577	-0.003388852837262979
2018-04-03	13693	13777	13626	13779	540844	-0.003110982491679959
2018-04-04	13825	13830	13565	13586	1526280	-0.014006821975469874
2018-04-05	13698	13815	13659	13775	1183288	0.01391137936110698
2018-04-06	13669	13730	13617	13684	705685	-0.00660617059891111
2018-04-09	13693	13791	13659	13789	1129786	0.007673194972230402
2018-04-10	13759	13834	13626	13817	429771	0.002030604104721112
2018-04-11	13839	13867	13759	13779	1814634	-0.0027502352174857414
2018-04-12	13810	13839	13740	13741	407572	-0.0027578198708179125
2018-04-13	13834	13862	13759	13845	618872	0.007568590350047311
2018-04-16	13910	13910	13796	13860	434318	0.0010834236186347823
2018-04-17	13881	13905	13806	13817	463910	-0.003102453102453051
2018-04-18	13920	14027	13910	13977	804954	0.011579937757834502
2018-04-19	14004	14042	13966	14031	426529	0.003863490019317517
2018-04-20	13952	13995	13924	13950	443311	-0.0057729313662604476
2018-04-23	13920	13947	13872	13926	417285	-0.0017204301075268713
2018-04-24	13942	13942	13782	13855	498214	-0.0050983771362917985
2018-04-25	13730	13764	13674	13760	404114	-0.006856730422230228
2018-04-26	13806	13976	13786	13907	758103	0.010683139534883646
2018-04-27	14047	14133	13981	14052	555401	0.010426403969224118
2018-04-30	14052	14154	14052	14128	672538	0.005408482778252122
2018-05-02	14108	14154	13947	14052	681721	-0.0053793884484710786
2018-05-03	14008	14022	13910	14026	623562	-0.0018502704241388779
2018-05-04	14008	14008	13853	13865	629467	-0.011478682446884325
2018-05-08	13942	13961	13772	13789	756864	-0.005481428056256732
2018-05-09	13772	13796	13644	13770	632342	-0.0013779099282036356
2018-05-10	13777	13857	13777	13841	691696	0.005156136528685629
2018-05-11	13915	13957	13905	13930	569529	0.006430171230402459
2018-05-14	13961	13961	13867	13884	739563	-0.003302225412778137
2018-05-15	13862	13876	13730	13770	708325	-0.00821089023336219
2018-05-16	13693	13839	13693	13817	666734	0.0034132171387073473
2018-05-17	13853	13900	13740	13750	764796	-0.004849098936093199
2018-05-18	13782	13820	13745	13799	657235	0.0035636363636364354
2018-05-21	13834	13881	13715	13860	713443	0.004420610189144192
2018-05-23	13825	13942	13825	13916	667662	0.004040404040404066
2018-05-24	13952	13957	13848	13911	695489	-0.0003592986490370542
2018-05-25	13834	13966	13820	13935	633470	0.0017252533965925743
2018-05-28	14004	14008	13952	13987	681444	0.0037316110513097023
2018-05-29	13952	14000	13872	13874	671992	-0.008078930435404308
2018-05-30	13796	13810	13513	13572	849458	-0.02176733458267266
2018-05-31	13698	13698	13593	13679	609243	0.007883878573533787
2018-06-01	13664	13806	13613	13755	231689	0.005555961693106237
2018-06-04	13786	13834	13754	13794	608069	0.0028353326063250694
2018-06-05	13834	13853	13725	13855	1336790	0.004422212556183913
2018-06-07	13905	13995	13900	13926	613924	0.005124503789245782
2018-06-08	13900	13915	13777	13784	565282	-0.010196754272583708
2018-06-11	13825	13924	13791	13902	611231	0.008560650029019179
2018-06-12	13942	13976	13876	13888	588414	-0.001007049345417954
2018-06-14	13862	13862	13674	13676	585028	-0.015264976958525356
2018-06-15	13749	13759	13593	13595	545339	-0.0059227844398946905
2018-06-18	13598	13608	13348	13426	661259	-0.012431040823832284
2018-06-19	13371	13437	13192	13241	546076	-0.013779234321465772
2018-06-20	13268	13423	13244	13355	574421	0.00860962162978618
2018-06-21	13353	13386	13215	13241	486935	-0.00853612879071508
2018-06-22	13163	13333	13111	13335	500456	0.0070991616947360114
2018-06-25	13320	13343	13197	13345	598837	0.0007499062617173369
2018-06-26	13220	13333	13173	13312	664029	-0.0024728362682652216
2018-06-27	13286	13361	13277	13302	592554	-0.0007512019230768718
2018-06-28	13215	13263	13116	13151	471306	-0.011351676439633085
2018-06-29	13154	13215	13018	13217	476808	0.005018629761995186
2018-07-02	13187	13225	12890	12911	159122	-0.023152001210562156
2018-07-03	12969	12969	12805	12948	107608	0.0028657733715435896
2018-07-04	12918	12960	12842	12896	103067	-0.004016064257028162
2018-07-05	12856	12913	12768	12859	104952	-0.002869106699751822
2018-07-06	12833	12952	12772	12925	174770	0.0051325919589393365
2018-07-09	12965	13088	12918	13043	100290	0.00912959381044498
2018-07-10	13083	13131	13060	13066	99429	0.0017633979912596853
2018-07-11	12956	13018	12866	12967	114686	-0.007576917189652588
2018-07-12	12998	13079	12947	13014	96342	0.003624585486234233
2018-07-13	13027	13178	13027	13146	173771	0.01014292300599351
2018-07-16	13187	13187	13083	13095	99389	-0.0038795070743952165
2018-07-17	13097	13136	13022	13075	541349	-0.0015273004963726189
2018-07-18	13144	13197	13040	13057	507269	-0.001376673040152987
2018-07-19	13106	13111	13008	13009	111675	-0.003676189017385312
2018-07-20	13003	13069	12908	13070	243407	0.004689061419017593
2018-07-23	13035	13035	12871	12882	1138655	-0.014384085692425441
2018-07-24	12908	12956	12851	12934	95660	0.004036640273249459
2018-07-25	12937	12994	12871	12877	247353	-0.00440698933044692
2018-07-26	12956	13018	12908	12987	109188	0.008542362351479316
2018-07-27	13008	13031	12974	13033	144406	0.0035420035420035134
2018-07-30	13003	13018	12947	13009	113424	-0.0018414793217217396
2018-07-31	12989	13022	12947	13024	104746	0.0011530478899224317
2018-08-01	13035	13111	13032	13109	98682	0.00652641277641286
2018-08-02	13088	13093	12824	12877	100868	-0.01769776489434738
2018-08-03	12899	12969	12856	12972	98304	0.007377494758095793
2018-08-06	12974	13035	12932	12953	110149	-0.0014646931853222744
2018-08-07	12952	13022	12894	13024	99217	0.00548135567050112
2018-08-08	13050	13079	13013	13024	96453	0.0
2018-08-09	13018	13032	12942	12991	194102	-0.0025337837837837718
2018-08-10	12979	12989	12861	12896	140252	-0.007312754984219794
2018-08-13	12795	12805	12631	12693	257758	-0.015741315136476475
2018-08-14	12682	12772	12672	12737	111776	0.003466477586071104
2018-08-16	12569	12648	12508	12622	122490	-0.009028813692392279
2018-08-17	12626	12687	12601	12651	135078	0.0022975756615433163
2018-08-20	12697	12758	12636	12651	101261	0.0
2018-08-21	12631	12842	12616	12798	132592	0.01161963481147743
2018-08-22	12829	12885	12795	12845	101335	0.0036724488201280714
2018-08-23	12894	12899	12824	12887	97906	0.003269754768392419
2018-08-24	12856	12979	12824	12958	133948	0.005509428105843206
2018-08-27	13008	13050	12960	13029	102234	0.005479240623553094
2018-08-28	13083	13131	13022	13033	98995	0.00030700744493050713
2018-08-29	13065	13088	13027	13090	95944	0.004373513389089201
2018-08-30	13079	13154	13035	13075	176900	-0.0011459129106188293
2018-08-31	13013	13192	12994	13194	210547	0.009101338432122352
2018-09-03	13102	13144	13050	13066	271960	-0.00970137941488558
2018-09-04	13069	13144	13045	13137	205241	0.005433950711771107
2018-09-05	13093	13126	12942	12962	182878	-0.013321153992540191
2018-09-06	12927	13003	12903	12943	215927	-0.0014658231754358653
2018-09-07	12772	12923	12772	12882	241703	-0.004712972262999271
2018-09-10	12871	12932	12871	12934	237295	0.004036640273249459
2018-09-11	12881	12965	12819	12863	243823	-0.00548940776248652
2018-09-12	12866	12923	12819	12901	198117	0.002954209748892156
2018-09-13	12881	12923	12861	12921	206835	0.0015502674211300693
2018-09-14	12969	13106	12969	13085	197745	0.012692516059128467
2018-09-17	13065	13074	12974	13019	221260	-0.005043943446694676
2018-09-18	12918	13074	12918	13052	208800	0.0025347568937705844
2018-09-19	13093	13116	13008	13057	199241	0.0003830830524058637
2018-09-20	13102	13229	13083	13146	201973	0.006816267136401821
2018-09-21	13173	13234	13154	13222	197379	0.0057812262285106275
2018-09-27	13192	13348	13192	13325	192191	0.007790046891544389
2018-09-28	13348	13366	13254	13274	196400	-0.0038273921200751015
2018-10-01	13272	13310	13182	13227	203368	-0.0035407563658279573
2018-10-02	13229	13263	13069	13070	248234	-0.011869660542829008
2018-10-04	13040	13088	12824	12845	363590	-0.01721499617444533
2018-10-05	12861	12890	12743	12835	263511	-0.0007785130400934648
2018-10-08	12776	12866	12743	12759	246756	-0.005921308920919355
2018-10-10	12758	12768	12611	12641	200545	-0.009248373696998158
2018-10-11	12267	12398	12106	12107	266165	-0.042243493394509946
2018-10-12	12045	12337	12045	12258	198506	0.012472123564879922
2018-10-15	12243	12253	12139	12156	978133	-0.008321096426823327
2018-10-16	12205	12276	12134	12141	197655	-0.0012339585389931074
2018-10-17	12319	12403	12267	12325	395082	0.015155259039617786
2018-10-18	12262	12304	12196	12197	211738	-0.010385395537525377
2018-10-19	12125	12280	12045	12263	203503	0.0054111666803311476
2018-10-22	12167	12323	12157	12315	225687	0.004240397945037833
2018-10-23	12196	12228	11918	12009	296795	-0.024847746650426328
2018-10-24	12060	12072	11884	11890	1757078	-0.009909234740611228
2018-10-25	11638	11747	11540	11739	1843837	-0.012699747687132001
2018-10-26	11728	11747	11425	11517	249185	-0.018911321236902645
2018-10-29	11553	11662	11389	11389	358081	-0.011114005383346393
2018-10-30	11359	11606	11354	11522	261898	0.011677934849416038
2018-10-31	11520	11581	11425	11584	214030	0.005381010241277462
2018-11-01	11544	11676	11491	11509	206258	-0.006474447513812209
2018-11-02	11638	11950	11625	11938	339686	0.03727517594925711
2018-11-05	11850	11874	11696	11877	66848	-0.005109733623722579
2018-11-06	11869	11918	11771	11899	18977	0.0018523196093289673
2018-11-07	11889	11996	11808	11843	29549	-0.004706277838473771
2018-11-08	12020	12086	11898	11899	19881	0.004728531622055332
2018-11-09	11921	11974	11860	11890	36976	-0.0007563660811833461
2018-11-12	11779	11898	11771	11872	17152	-0.0015138772077375462
2018-11-13	11691	11813	11591	11814	36083	-0.004885444743935263
2018-11-14	11799	11818	11728	11739	8799	-0.006348400203148752
2018-11-15	11733	11879	11708	11872	245620	0.011329755515802065
2018-11-16	11918	11974	11865	11914	51783	0.0035377358490567
2018-11-19	11865	11989	11865	11948	52632	0.002853785462481051
2018-11-20	11799	11874	11799	11829	41288	-0.009959825912286613
2018-11-21	11681	11789	11633	11792	17455	-0.00312790599374424
2018-11-22	11767	11794	11742	11777	11001	-0.0012720488466757551
2018-11-23	11774	11799	11642	11711	19539	-0.005604143669864947
2018-11-26	11703	11850	11703	11838	32515	0.010844505166083263
2018-11-27	11855	11964	11832	11965	32263	0.010728163541138702
2018-11-28	11974	12011	11945	12014	16934	0.004095277893856997
2018-11-29	12187	12187	11989	12024	62770	0.0008323622440487011
2018-11-30	12006	12055	11889	11890	32930	-0.011144377910844994
2018-12-03	12081	12147	12020	12136	7196	0.020689655172413834
2018-12-04	12068	12096	11945	12019	26830	-0.00964073829927492
2018-12-05	11855	11964	11846	11943	23682	-0.006323321407771032
2018-12-06	11837	11860	11703	11753	573784	-0.01590890061123673
2018-12-07	11799	11818	11728	11797	30593	0.0037437250063814265
2018-12-10	11633	11671	11591	11673	310498	-0.010511146901754698
2018-12-11	11676	11676	11591	11631	214347	-0.0035980467746080658
2018-12-12	11667	11799	11667	11801	40750	0.014616112114177682
2018-12-13	11789	11879	11757	11819	124339	0.0015252944665706814
2018-12-14	11794	11823	11596	11655	45910	-0.01387596243336997
2018-12-17	11647	11703	11625	11682	39289	0.0023166023166023564
2018-12-18	11572	11667	11567	11636	51646	-0.00393768190378363
2018-12-19	11633	11713	11615	11711	27367	0.0064455139223100755
2018-12-20	11601	11691	11540	11626	45963	-0.007258133378874598
2018-12-21	11591	11629	11553	11631	143696	0.0004300705315671838
2018-12-24	11620	11633	11567	11626	24379	-0.00042988565041701676
2018-12-26	11474	11520	11389	11504	15061	-0.010493720970239151
2018-12-27	11691	11700	11638	11640	197567	0.01182197496522952
2018-12-28	11708	11733	11700	11702	20031	0.0053264604810996374
2019-01-02	11757	11757	11506	11565	68304	-0.011707400444368465
2019-01-03	11506	11525	11402	11438	41583	-0.010981409424989153
2019-01-04	11445	11530	11369	11531	60208	0.008130792096520345
2019-01-07	11633	11742	11633	11692	74131	0.013962362327638589
2019-01-08	11671	11691	11586	11597	45805	-0.0081252138214164
2019-01-09	11633	11823	11633	11819	64813	0.019142881779770526
2019-01-10	11869	11869	11799	11858	34365	0.0032997715542770756
2019-01-11	11865	11913	11855	11914	88514	0.0047225501770955525
2019-01-14	11874	11874	11779	11801	36664	-0.0094846399194225
2019-01-15	11818	12020	11818	12024	62883	0.018896703669180503
2019-01-16	11984	12045	11959	12041	14709	0.0014138389886892977
2019-01-17	12116	12116	12068	12103	16745	0.0051490739971762345
2019-01-18	12157	12172	12111	12146	25952	0.003552838139304404
2019-01-21	12196	12196	12134	12187	1760	0.0033755969043305356
2019-01-22	12201	12201	12055	12126	24441	-0.005005333552145719
2019-01-23	12081	12177	12081	12165	23740	0.003216229589312114
2019-01-24	12191	12309	12147	12311	62777	0.012001644060830152
2019-01-25	12342	12508	12328	12509	18956	0.01608317764600753
2019-01-28	12513	12587	12498	12538	51505	0.0023183308018226434
2019-01-29	12479	12545	12418	12524	39735	-0.0011166055192215474
2019-01-30	12555	12709	12525	12683	27874	0.012695624401149797
2019-01-31	12809	12809	12702	12712	38884	0.00228652527004658
2019-02-01	12763	12780	12672	12717	58806	0.00039332913782264
2019-02-07	12738	12772	12653	12693	7965	-0.0018872375560273769
2019-02-08	12621	12621	12513	12543	52896	-0.011817537225242258
2019-02-11	12530	12579	12474	12570	19967	0.0021525950729490706
2019-02-12	12525	12643	12520	12636	14970	0.005250596658711304
2019-02-13	12662	12702	12631	12656	27044	0.0015827793605571738
2019-02-14	12672	12795	12579	12798	28334	0.011219974715549919
2019-02-15	12724	12724	12587	12613	48871	-0.014455383653695919
2019-02-18	12738	12776	12682	12737	20797	0.009831126615396757
2019-02-19	12682	12738	12611	12698	10550	-0.0030619455130721507
2019-02-20	12753	12856	12719	12840	33319	0.011182863443061963
2019-02-21	12795	12856	12729	12830	11784	-0.0007788161993769194
2019-02-22	12790	12824	12753	12825	9950	-0.000389711613406063
2019-02-25	12876	12899	12805	12840	19640	0.0011695906432749315
2019-02-26	12842	12847	12790	12835	9046	-0.0003894080996884597
2019-02-27	12842	12885	12824	12887	14313	0.004051421893260576
2019-02-28	12824	12842	12667	12671	62751	-0.01676107705439589
2019-03-04	12763	12763	12579	12631	46778	-0.0031568147738931795
2019-03-05	12560	12587	12489	12533	23502	-0.007758688939909719
2019-03-06	12489	12513	12450	12504	14918	-0.0023138913268969663
2019-03-07	12450	12520	12389	12448	9698	-0.00447856685860526
2019-03-08	12389	12408	12294	12311	41312	-0.01100578406169661
2019-03-11	12332	12332	12238	12325	4118	0.0011371943790106087
2019-03-12	12418	12450	12389	12453	23843	0.010385395537525266
2019-03-13	12389	12389	12309	12358	246386	-0.007628683851280793
2019-03-14	12403	12403	12337	12396	335	0.0030749312186437727
2019-03-15	12389	12508	12384	12494	71833	0.007905776056792435
2019-03-18	12525	12525	12432	12504	348646	0.0008003841844084203
2019-03-19	12493	12516	12441	12481	322289	-0.0018394113883557495
2019-03-20	12469	12479	12332	12481	250372	0.0
2019-03-21	12560	12640	12489	12565	68593	0.006730229949523325
2019-03-22	12631	12631	12569	12609	9393	0.00350179068842027
2019-03-25	12422	12422	12342	12377	41370	-0.018399555872789297
2019-03-26	12384	12389	12332	12391	6451	0.0011311303223722202
2019-03-27	12304	12380	12257	12362	24056	-0.002340408360907098
2019-03-28	12304	12309	12228	12287	35307	-0.006066979453162924
2019-03-29	12328	12351	12243	12353	54947	0.005371530886302489
2019-04-01	12454	12513	12450	12504	57502	0.012223751315469933
2019-04-02	12587	12587	12525	12570	15807	0.00527831094049902
2019-04-03	12555	12734	12530	12732	28179	0.01288782816229106
2019-04-04	12729	12768	12714	12759	7264	0.002120640904806681
2019-04-05	12805	12805	12738	12783	14415	0.00188102515871158
2019-04-08	12833	12833	12724	12745	5989	-0.002972698114683592
2019-04-09	12753	12805	12724	12778	2587	0.002589250686543698
2019-04-10	12719	12837	12702	12840	20400	0.004852089528877723
2019-04-11	12833	12851	12763	12840	15387	0.0
2019-04-12	12785	12847	12785	12849	6161	0.0007009345794393163
2019-04-15	12899	12956	12871	12891	53322	0.003268736866682165
2019-04-16	12890	12956	12890	12943	13645	0.004033822046388913
2019-04-17	12932	12956	12913	12916	16767	-0.0020860696901799924
2019-04-18	12947	12947	12719	12754	46600	-0.012542582842985484
2019-04-19	12768	12772	12729	12769	187	0.0011761016151794479
2019-04-22	12738	12772	12697	12773	166111	0.0003132586733494147
2019-04-23	12763	12785	12758	12788	8695	0.0011743521490643616
2019-04-24	12805	12805	12565	12646	28001	-0.011104160150140707
2019-04-25	12626	12658	12611	12636	39050	-0.0007907638779061088
2019-04-26	12545	12565	12484	12565	19559	-0.005618866729977801
2019-04-29	12597	12751	12560	12752	200853	0.01488261042578598
2019-04-30	12756	12756	12575	12729	376760	-0.0018036386449183928
2019-05-02	12650	12779	12650	12757	15539	0.0021997014690864347
2019-05-03	12722	12722	12622	12680	24786	-0.006035901857803561
2019-05-07	12540	12540	12449	12523	43705	-0.012381703470031535
2019-05-08	12392	12525	12392	12503	32190	-0.0015970614070111022
2019-05-09	12431	12454	12105	12150	73669	-0.02823322402623374
2019-05-10	12215	12229	12028	12145	9491	-0.0004115226337448874
2019-05-13	12053	12120	11971	11991	12140	-0.012680115273775217
2019-05-14	11856	12018	11851	11987	4149	-0.00033358352097401234
2019-05-15	11952	12053	11923	12044	22690	0.004755151414031822
2019-05-16	12009	12018	11851	11896	49694	-0.012288276320159386
2019-05-17	11909	11956	11789	11805	41714	-0.0076496301277740875
2019-05-20	11890	11894	11779	11781	5767	-0.0020330368487928574
2019-05-21	11761	11947	11761	11877	49389	0.008148714031066984
2019-05-22	11880	11890	11761	11891	5523	0.0011787488423002923
2019-05-23	11818	11870	11784	11858	59	-0.0027752081406104967
2019-05-24	11784	11837	11727	11767	24797	-0.007674144037780439
2019-05-27	11727	11779	11717	11734	5283	-0.0028044531316393506
2019-05-28	11766	11784	11703	11771	11462	0.0031532299301175737
2019-05-29	11741	11741	11564	11633	24045	-0.011723727805624029
2019-05-30	11631	11727	11631	11729	29355	0.008252385455170597
2019-05-31	11645	11756	11617	11757	37881	0.0023872452894535545
2019-06-03	11665	11914	11665	11886	64903	0.010972186782342463
2019-06-04	11885	11914	11865	11915	793	0.0024398451960290224
2019-06-05	11995	11995	11890	11900	1282	-0.0012589173310952884
2019-06-07	11870	11986	11861	11905	36789	0.00042016806722688926
2019-06-10	11991	12076	11952	12068	51602	0.013691726165476759
2019-06-11	12090	12157	12043	12155	188523	0.0072091481604241725
2019-06-12	12110	12143	12067	12106	19092	-0.004031262854792272
2019-06-13	12023	12076	11923	12068	45511	-0.003138939368907967
2019-06-14	11995	12058	11952	11987	26369	-0.006711965528670816
2019-06-17	11991	12053	11971	11991	5531	0.0003336948360723735
2019-06-18	11971	12071	11971	12034	6055	0.00358602285047116
2019-06-19	12147	12210	12139	12197	58570	0.013544955958118665
2019-06-20	12201	12249	12187	12231	15414	0.002787570714110066
2019-06-21	12224	12224	12162	12182	17967	-0.004006213719238039
2019-06-24	12219	12239	12172	12174	4614	-0.0006567066163191138
2019-06-25	12229	12229	12125	12182	17104	0.0006571381632989315
2019-06-26	12167	12201	12139	12202	436	0.001641766540797951
2019-06-27	12210	12325	12201	12288	307296	0.007048024913948625
2019-06-28	12287	12301	12219	12274	326864	-0.0011393229166666297
2019-07-01	12354	12354	12249	12288	887	0.0011406224539678433
2019-07-02	12162	12282	12162	12231	14119	-0.004638671875
2019-07-03	12182	12182	12043	12068	42873	-0.013326792576240698
2019-07-04	12085	12143	12028	12145	29470	0.006380510440835208
2019-07-05	12139	12152	12090	12155	5284	0.0008233841086866533
2019-07-08	12043	12043	11865	11900	72253	-0.020979020979020935
2019-07-09	11942	11942	11832	11838	44133	-0.005210084033613449
2019-07-10	11914	11923	11851	11891	17844	0.004477107619530241
2019-07-11	11976	12048	11976	12039	43920	0.012446388024556443
2019-07-12	12014	12058	11999	12058	15996	0.0015782041697816052
2019-07-15	12023	12053	11986	12044	11502	-0.0011610549013103544
2019-07-16	12048	12100	12028	12102	16354	0.004815675855197599
2019-07-17	12018	12018	11961	11991	30645	-0.009172037679722411
2019-07-18	11976	11976	11904	11954	9737	-0.003085647569010086
2019-07-19	12014	12134	12014	12135	45652	0.015141375271875424
2019-07-22	12071	12134	12067	12135	2001	0.0
2019-07-23	12143	12205	12143	12174	13715	0.0032138442521632005
2019-07-24	12147	12201	12062	12073	40613	-0.008296369311647789
2019-07-25	12110	12110	11966	12026	12610	-0.003892984345233219
2019-07-26	11956	12009	11942	12011	11804	-0.001247297522035562
2019-07-29	12004	12004	11774	11800	35249	-0.017567230039130743
2019-07-30	11799	11865	11799	11848	11927	0.004067796610169427
2019-07-31	11722	11823	11689	11757	28938	-0.007680621201890614
2019-08-01	11665	11779	11645	11719	30165	-0.0032321170366590435
2019-08-02	11554	11622	11526	11585	44447	-0.011434422732315097
2019-08-05	11497	11502	11291	11293	26422	-0.02520500647388868
2019-08-06	11010	11219	10995	11111	31500	-0.016116178163464112
2019-08-07	11152	11152	11023	11063	16362	-0.004320043200432
2019-08-08	11139	11167	11081	11102	10815	0.003525264394829586
2019-08-09	11254	11254	11201	11202	29984	0.00900738605656648
2019-08-12	11234	11267	11177	11236	7064	0.0030351722906623024
2019-08-13	11152	11152	11109	11125	21253	-0.00987896048415804
2019-08-14	11191	11239	11157	11202	22161	0.006921348314606668
2019-08-16	11095	11143	11081	11130	11997	-0.006427423674343902
2019-08-19	11229	11229	11167	11221	38388	0.008176100628930927
2019-08-20	11234	11363	11186	11356	37624	0.012031013278673841
2019-08-21	11329	11388	11311	11383	12071	0.002377597745685023
2019-08-22	11383	11383	11281	11293	25652	-0.00790652727751906
2019-08-23	11239	11301	11239	11284	1562	-0.0007969538652262687
2019-08-26	11077	11129	11062	11087	40240	-0.017458348103509436
2019-08-27	11114	11201	11109	11144	13308	0.005141156309190986
2019-08-28	11152	11249	11119	11250	29013	0.009511844938980607
2019-08-29	11244	11244	11152	11202	14583	-0.004266666666666641
2019-08-30	11301	11397	11301	11388	44235	0.016604177825388255
2019-09-02	11368	11415	11326	11418	1752	0.0026343519494205214
2019-09-03	11383	11430	11329	11374	7873	-0.003853564547206201
2019-09-04	11358	11507	11358	11489	49621	0.010110778969579792
2019-09-05	11554	11699	11554	11652	23321	0.014187483680041746
2019-09-06	11684	11684	11631	11675	79	0.0019739100583591185
2019-09-09	11712	11799	11712	11762	32822	0.007451820128479669
2019-09-10	11770	11813	11746	11814	11485	0.00442101683387186
2019-09-11	11894	11894	11856	11896	19823	0.006940917555442683
2019-09-16	11904	11942	11904	11944	25263	0.004034969737726879
2019-09-17	11928	11971	11928	11963	1281	0.0015907568653716897
2019-09-18	11956	12028	11928	12011	9786	0.004012371478726129
2019-09-19	12071	12115	12028	12083	15812	0.005994505037049347
2019-09-20	12062	12147	12062	12150	33050	0.005544980551187573
2019-09-23	12110	12152	12085	12155	1869	0.0004115226337448874
2019-09-24	12110	12177	12085	12155	15806	0.0
2019-09-25	12115	12143	12009	12030	50340	-0.010283833813245602
2019-09-26	12085	12090	11995	12044	8139	0.001163757273483057
2019-09-27	11986	11986	11899	11929	22498	-0.009548322816340105
2019-09-30	11851	12004	11851	12006	16298	0.006454857909296674
2019-10-01	11995	12080	11966	12078	16794	0.0059970014992503096
2019-10-02	11952	11952	11837	11838	62200	-0.019870839542970642
2019-10-04	11818	11856	11761	11791	19031	-0.003970265247507987
2019-10-07	11842	11885	11789	11824	14566	0.0027987448053599095
2019-10-08	11880	11981	11880	11982	77776	0.013362652232747019
2019-10-10	11880	11914	11746	11882	35711	-0.008345852111500629
2019-10-11	12004	12004	11966	11977	31883	0.007995286988722539
2019-10-14	12157	12157	12085	12088	39330	0.009267763212824631
2019-10-15	12125	12129	12090	12125	472	0.0030608868299140113
2019-10-16	12215	12215	12167	12202	138256	0.0063505154639176276
2019-10-17	12167	12187	12139	12159	19186	-0.0035240124569743125
2019-10-18	12147	12191	12014	12053	77354	-0.00871782218932482
2019-10-21	12076	12110	12053	12111	20109	0.004812079980087924
2019-10-22	12157	12296	12147	12288	47017	0.014614812979935499
2019-10-23	12267	12267	12215	12250	11979	-0.0030924479166666297
2019-10-24	12325	12325	12162	12274	11490	0.001959183673469367
2019-10-25	12282	12282	12210	12269	1190	-0.00040736516213135676
2019-10-28	12316	12316	12272	12288	5181	0.001548618469312979
2019-10-29	12359	12359	12244	12293	243	0.0004069010416667407
2019-10-30	12254	12254	12167	12222	19220	-0.005775644675831804
2019-10-31	12287	12344	12239	12240	10752	0.0014727540500736325
2019-11-01	12219	12339	12219	12341	24783	0.008251633986928075
2019-11-04	12436	12508	12436	12493	10799	0.012316668017178456
2019-11-05	12525	12592	12488	12595	22056	0.008164572160409778
2019-11-06	12602	12679	12570	12605	4786	0.0007939658594680044
2019-11-07	12602	12602	12565	12585	13500	-0.00158667195557316
2019-11-08	12592	12622	12493	12547	23108	-0.003019467620182792
2019-11-11	12508	12508	12396	12446	27017	-0.008049733003905324
2019-11-12	12445	12545	12445	12547	25684	0.008115057046440555
2019-11-13	12493	12493	12431	12456	26797	-0.007252729736191954
2019-11-14	12488	12550	12440	12551	27849	0.00762684649967893
2019-11-15	12540	12708	12540	12709	11899	0.012588638355509607
2019-11-18	12712	12712	12645	12704	694	-0.0003934219844204945
2019-11-19	12655	12655	12560	12652	16589	-0.004093198992443314
2019-11-20	12575	12575	12458	12476	42333	-0.013910844135314626
2019-11-21	12406	12411	12219	12293	4917	-0.014668162872715662
2019-11-22	12306	12349	12282	12331	16841	0.0030911901081915882
2019-11-25	12473	12503	12458	12466	29065	0.010948017192441872
2019-11-26	12493	12555	12458	12461	366855	-0.0004010909674314611
2019-11-27	12498	12503	12468	12498	5023	0.002969264104004443
2019-11-28	12440	12454	12411	12413	15449	-0.00680108817410785
2019-11-29	12416	12416	12196	12226	57457	-0.01506485136550395
2019-12-02	12254	12296	12210	12240	18881	0.0011451006052674018
2019-12-03	12157	12196	12080	12187	24703	-0.004330065359477109
2019-12-04	12095	12115	12023	12102	28673	-0.00697464511364565
2019-12-05	12187	12187	12023	12053	13870	-0.004048917534291818
2019-12-06	12143	12201	12129	12192	30112	0.011532398572969393
2019-12-09	12244	12263	12244	12250	16278	0.004757217847769057
2019-12-10	12201	12306	12201	12302	17157	0.004244897959183591
2019-12-11	12301	12359	12301	12346	10358	0.0035766542025685855
2019-12-12	12458	12565	12458	12518	91984	0.013931637777417682
2019-12-13	12741	12766	12669	12767	43638	0.01989135644671669
2019-12-16	12766	12794	12722	12757	21746	-0.0007832693663351042
2019-12-17	12799	12918	12761	12921	36600	0.0128556870737635
2019-12-18	12918	12953	12881	12943	37508	0.0017026545932976589
2019-12-19	12961	13000	12899	12921	17124	-0.001699760488294788
2019-12-20	12957	13010	12918	12963	54776	0.00325052240538648
2019-12-23	13019	13019	12948	12983	13417	0.0015428527347065568
2019-12-24	12980	12980	12876	12896	24477	-0.0067010706308249235
2019-12-26	12876	12953	12876	12953	34782	0.0044199751861042635
2019-12-27	13024	13229	13024	13159	45623	0.01590365166370722
2019-12-30	13100	13201	13100	13164	7722	0.000379968082681037
2020-01-02	13167	13167	13005	13035	36323	-0.009799453053783047
2020-01-03	13134	13177	12918	13020	25369	-0.0011507479861909697
2020-01-06	12846	12908	12841	12906	37121	-0.008755760368663545
2020-01-07	12913	13042	12913	13035	28458	0.00999535099953519
2020-01-08	12928	12990	12851	12934	32652	-0.007748369773686203
2020-01-09	13086	13172	13042	13174	52446	0.01855574454925013
2020-01-10	13172	13263	13148	13260	31335	0.006528009716107563
2020-01-13	13277	13435	13263	13437	25803	0.013348416289592713
2020-01-14	13469	13550	13430	13489	25389	0.003869911438565188
2020-01-15	13368	13469	13349	13413	19997	-0.005634220475943308
2020-01-16	13383	13546	13383	13547	34067	0.009990307910236362
2020-01-17	13645	13645	13536	13581	4752	0.0025097807632685765
2020-01-20	13598	13712	13598	13671	54153	0.0066269052352552205
2020-01-21	13660	13660	13497	13509	35220	-0.011849901250822859
2020-01-22	13492	13680	13455	13680	33735	0.012658227848101333
2020-01-23	13559	13574	13469	13522	39840	-0.011549707602339199
2020-01-28	13186	13186	13029	13092	20922	-0.03180002958142292
2020-01-29	13129	13167	13129	13144	11460	0.003971891231286273
2020-01-30	13072	13096	12856	12906	12207	-0.018107121119902647
2020-01-31	12943	12966	12722	12724	30900	-0.01410196807686348
2020-02-03	12525	12751	12483	12752	6050	0.002200565859792558
2020-02-04	12736	13000	12736	13000	9574	0.019447929736511993
2020-02-05	13144	13144	12975	13064	12352	0.00492307692307703
2020-02-06	13162	13425	13162	13427	31314	0.0277862829148805
2020-02-07	13378	13378	13249	13341	31027	-0.006405004840992046
2020-02-10	13162	13258	13158	13240	18887	-0.007570646878045095
2020-02-11	13316	13435	13316	13398	28578	0.011933534743202356
2020-02-12	13397	13507	13339	13499	23455	0.007538438572921358
2020-02-13	13564	13574	13435	13480	48106	-0.0014075116675309474
2020-02-14	13474	13574	13393	13561	18666	0.0060089020771514345
2020-02-17	13531	13574	13487	13552	14851	-0.000663667871100948
2020-02-18	13478	13478	13301	13336	5920	-0.015938606847697767
2020-02-19	13334	13368	13210	13351	2051	0.0011247750449909777
2020-02-20	13425	13464	13201	13284	15530	-0.005018350685341955
2020-02-21	13144	13201	13067	13082	50660	-0.015206263173742851
2020-02-24	12784	12804	12579	12580	30318	-0.038373337410181896
2020-02-25	12592	12732	12560	12734	37774	0.012241653418123999
2020-02-26	12440	12642	12440	12565	42720	-0.013271556463012368
2020-02-27	12498	12530	12383	12431	37737	-0.010664544369279771
2020-02-28	12224	12287	12004	12034	16802	-0.03193628831147932
2020-03-02	12080	12219	11894	12140	41452	0.008808376267242846
2020-03-03	12411	12411	12162	12192	35130	0.004283360790774404
2020-03-04	12172	12473	12172	12476	111104	0.02329396325459321
2020-03-05	12513	12650	12493	12590	22939	0.009137544084642624
2020-03-06	12421	12458	12296	12364	100271	-0.01795075456711681
2020-03-09	11961	12038	11779	11829	67483	-0.04327078615334845
2020-03-10	11837	11899	11712	11896	19891	0.005664045988671873
2020-03-11	11870	11870	11487	11551	33697	-0.02900134498991258
2020-03-12	11464	11464	10957	11135	73102	-0.03601419790494331
2020-03-13	10196	10943	10196	10796	76368	-0.030444544229905723
2020-03-16	10831	10876	10453	10456	55203	-0.03149314560948502
2020-03-17	9870	10507	9870	10283	35162	-0.016545524100994635
2020-03-18	10177	10301	9626	9757	56498	-0.051152387435573266
2020-03-19	9679	9761	8751	8938	14100	-0.08393973557445933
2020-03-20	9263	9602	8933	9599	27637	0.07395390467666152
2020-03-23	9105	9291	8913	9110	29780	-0.050942806542348174
2020-03-24	9329	9885	9234	9886	36067	0.08518111964873776
2020-03-25	10201	10453	10048	10456	9553	0.05765729314181667
2020-03-26	10396	10622	10310	10336	13595	-0.011476664116296886
2020-03-27	10732	10732	10119	10523	9719	0.018092105263157965
2020-03-30	10244	10602	10124	10537	18379	0.0013304190820109252
2020-03-31	10655	10751	10493	10752	18980	0.020404289646009266
2020-04-01	10669	10736	10296	10297	1022	-0.04231770833333337
2020-04-02	10186	10540	10134	10533	15110	0.022919296882587092
2020-04-03	10607	10607	10436	10533	184	0.0
2020-04-06	10660	10933	10660	10933	6126	0.03797588531282625
2020-04-07	11129	11129	10866	11058	10341	0.01143327540473793
2020-04-08	11057	11124	10928	10996	20376	-0.005606800506420706
2020-04-09	11062	11210	10957	11212	36179	0.019643506729719817
2020-04-10	11148	11215	10990	11169	8468	-0.0038351765965037865
2020-04-13	11186	11191	11032	11045	4157	-0.011102157758080433
2020-04-14	11119	11249	11119	11226	1457	0.016387505658669088
2020-04-16	11162	11244	11077	11240	121410	0.0012471049349724872
2020-04-17	11334	11626	11334	11594	33443	0.031494661921708245
2020-04-20	11559	11593	11378	11470	81515	-0.010695187165775444
2020-04-21	11329	11425	11157	11341	15049	-0.011246730601569332
2020-04-22	11191	11450	11162	11450	4246	0.009611145401640098
2020-04-23	11406	11497	11348	11437	4283	-0.0011353711790392795
2020-04-24	11474	11487	11368	11383	3488	-0.004721517880563075
2020-04-27	11454	11612	11348	11580	6562	0.017306509707458506
2020-04-28	11618	11632	11491	11634	5868	0.004663212435233266
2020-04-29	11667	11710	11647	11711	26914	0.006618531889289958
2020-05-04	11433	11481	11312	11395	8337	-0.02698317820852192
2020-05-06	11496	11599	11423	11599	1307	0.017902588854760815
2020-05-07	11541	11657	11531	11589	2398	-0.0008621432882145452
2020-05-08	11647	11710	11642	11702	6613	0.009750625593234918
2020-05-11	11749	11749	11569	11643	2710	-0.005041873184071122
2020-05-12	11623	11652	11477	11571	5519	-0.006183973202782744
2020-05-13	11458	11671	11458	11672	179	0.008728718347593034
2020-05-14	11564	11599	11477	11580	3013	-0.007882111034955397
2020-05-15	11632	11632	11526	11585	1909	0.00043177892918833116
2020-05-18	11599	11681	11531	11643	5922	0.0050064738886490545
2020-05-19	11847	11915	11842	11862	4489	0.018809585158464204
2020-05-20	11900	11973	11861	11973	3530	0.00935761254425893
2020-05-21	12001	12026	11943	12023	9964	0.0041760628079845485
2020-05-22	12011	12011	11802	11842	5033	-0.015054478915412117
2020-05-25	11895	11978	11773	11925	6834	0.007008951190677237
2020-05-26	12031	12187	12031	12187	17326	0.021970649895178163
2020-05-27	12147	12235	12114	12134	1426	-0.004348896364979038
2020-05-28	12332	12332	12069	12119	34448	-0.0012361958134168294
2020-05-29	12046	12240	12046	12154	6264	0.0028880270649394024
2020-06-01	12289	12448	12289	12450	20951	0.02435412209972032
2020-06-02	12395	12576	12395	12576	1435	0.010120481927710756
2020-06-03	12760	13036	12760	12926	49981	0.027830788804071194
2020-06-04	13265	13265	12988	13013	10968	0.0067306204548971404
2020-06-05	13056	13192	12978	13194	19292	0.013909167755321583
2020-06-08	13319	13319	13109	13198	8712	0.00030316810671515704
2020-06-09	13348	13357	13036	13227	5181	0.0021973026216093317
2020-06-10	13222	13265	13154	13266	5865	0.0029485144023588816
2020-06-11	13119	13260	12891	12985	6823	-0.021181968943162932
2020-06-12	12513	12847	12513	12844	3203	-0.010858683095879895
2020-06-15	12648	12721	12167	12192	35608	-0.05076300218000618
2020-06-16	12526	12867	12526	12868	5981	0.055446194225721834
2020-06-17	12823	12905	12677	12887	2871	0.0014765309294373363
2020-06-18	12774	12862	12711	12848	8579	-0.0030263055792659754
2020-06-19	12877	12877	12639	12834	8714	-0.0010896637608965865
2020-06-22	12847	12920	12765	12844	2876	0.0007791803023220467
2020-06-23	13008	13008	12784	12872	11	0.0021800062285892707
2020-06-24	12993	13109	12993	13071	184	0.015459912989434388
2020-06-25	12818	12915	12750	12771	3484	-0.022951572182694502
2020-06-26	12867	12964	12755	12917	4614	0.01143215096703476
2020-06-29	12799	12823	12677	12698	1733	-0.01695440117674385
2020-06-30	12837	12945	12755	12785	74781	0.006851472672861902
2020-07-01	12857	12891	12755	12771	2011	-0.0010950332420806008
2020-07-02	12789	12945	12755	12945	85019	0.013624618275781097
2020-07-03	12964	13046	12886	13043	726	0.0075704905368867426
2020-07-06	13081	13251	13013	13252	80116	0.01602392087709892
2020-07-07	13260	13290	13086	13096	130644	-0.011771808028976705
2020-07-08	13086	13109	13013	13067	7352	-0.002214416615760495
2020-07-09	13159	13178	13114	13131	17032	0.004897834238922538
2020-07-10	13056	13091	12945	13053	14350	-0.005940141649531605
2020-07-13	13149	13265	13119	13266	9680	0.016318087795909042
2020-07-14	13144	13241	13114	13242	17426	-0.0018091361374943382
2020-07-15	13402	13402	13260	13354	28528	0.008457936867542593
2020-07-16	13285	13328	13192	13217	9424	-0.010259098397483846
2020-07-17	13207	13319	13207	13320	2550	0.007792993871529097
2020-07-20	13362	13362	13246	13315	33590	-0.00037537537537535304
2020-07-21	13411	13538	13402	13510	14846	0.014645137063462155
2020-07-22	13484	13533	13411	13480	5607	-0.0022205773501110526
2020-07-23	13445	13445	13319	13427	23508	-0.003931750741839712
2020-07-24	13319	13392	13270	13315	5321	-0.008341401653384928
2020-07-27	13387	13488	13362	13446	2360	0.00983852797596696
2020-07-28	13606	13737	13561	13737	28272	0.02164212405176258
2020-07-29	13756	13785	13702	13772	14877	0.002547863434519959
2020-07-30	13805	13848	13746	13796	27695	0.0017426662794075565
2020-07-31	13819	13844	13649	13704	10753	-0.006668599594085278
2020-08-03	13654	13722	13649	13723	4118	0.0013864565090484504
2020-08-04	13775	13882	13775	13879	16385	0.011367776725205836
2020-08-05	13892	14043	13858	14043	25267	0.011816413286259708
2020-08-06	14096	14281	14091	14277	294162	0.016663106173894437
2020-08-07	14281	14344	14184	14321	77706	0.003081879946767563
2020-08-10	14281	14500	14281	14500	155938	0.012499127155924938
2020-08-11	14500	14714	14500	14690	204771	0.013103448275862073
2020-08-12	14606	14718	14441	14719	28557	0.0019741320626276426
2020-08-13	14723	14840	14583	14777	101415	0.003940485087302159
2020-08-14	14616	14674	14441	14563	13201	-0.014481965216214365
2020-08-18	14578	14606	14126	14262	25184	-0.020668818238000375
2020-08-19	14334	14393	14242	14316	2829	0.003786285233487563
2020-08-20	14213	14222	13756	13791	43742	-0.03667225481978209
2020-08-21	13945	14071	13795	13980	11554	0.01370458994996726
2020-08-24	13940	14140	13940	14141	1467	0.011516452074392003
2020-08-25	14208	14359	14203	14360	26040	0.015486882115833378
2020-08-26	14329	14383	14208	14369	55516	0.0006267409470752661
2020-08-27	14359	14393	14237	14262	33815	-0.007446586401280486
2020-08-28	14329	14412	14199	14311	19439	0.0034357032674239285
2020-08-31	14383	14451	14068	14078	13099	-0.01628118230731601
2020-09-01	14091	14227	14086	14229	3289	0.010725955391390762
2020-09-02	14281	14339	14159	14326	12587	0.0068170637430600145
2020-09-03	14383	14538	14383	14540	6735	0.01493787519195866
2020-09-04	14222	14364	14199	14292	7588	-0.017056396148555697
2020-09-07	14325	14437	14310	14437	165767	0.010145535964175778
2020-09-08	14460	14578	14460	14578	12224	0.009766572002493534
2020-09-09	14286	14480	14286	14399	3291	-0.012278776238167088
2020-09-10	14533	14578	14456	14550	2755	0.010486839363844647
2020-09-11	14422	14543	14417	14545	2701	-0.0003436426116838476
2020-09-14	14641	14699	14587	14699	8989	0.01058783086971471
2020-09-15	14728	14820	14689	14821	31997	0.00829988434587392
2020-09-16	14791	14840	14704	14797	54548	-0.0016193239322582764
2020-09-17	14723	14767	14601	14613	4802	-0.012434953031019824
2020-09-18	14596	14674	14528	14656	30877	0.002942585369191786
2020-09-21	14636	14742	14397	14515	4929	-0.009620633187772953
2020-09-22	14480	14480	14068	14146	2401	-0.025421977264898366
2020-09-23	14199	14262	14043	14199	920	0.003746642160328051
2020-09-24	13994	14053	13839	13854	65575	-0.024297485738432267
2020-09-25	13897	13902	13771	13879	2653	0.0018045329868630056
2020-09-28	13931	14116	13931	14098	8704	0.015779234815188392
2020-09-29	14217	14232	14164	14233	203	0.009575826358348749
2020-10-05	14286	14393	14232	14394	4193	0.0113117403217875
2020-10-06	14490	14505	14368	14437	7786	0.002987355842712258
2020-10-07	14407	14553	14300	14554	10263	0.00810417676802655
2020-10-08	14689	14689	14533	14588	4804	0.002336127525079057
2020-10-12	14583	14641	14528	14631	8923	0.0029476281875513433
2020-10-13	14674	14674	14470	14636	5242	0.00034174014079702
2020-10-14	14606	14606	14485	14505	2125	-0.008950532932495259
2020-10-15	14432	14432	14310	14364	3004	-0.009720785935884213
2020-10-16	14368	14368	14179	14262	370	-0.007101086048454497
2020-10-19	14286	14364	14199	14277	3583	0.0010517458981909034
2020-10-20	14310	14378	14174	14369	3112	0.006443930797786601
2020-10-21	14383	14422	14300	14423	7936	0.0037580903333565008
2020-10-22	14281	14325	14232	14306	1579	-0.008112043264230762
2020-10-23	14339	14388	14203	14340	6290	0.002376625192227033
2020-10-26	14460	14460	14203	14257	610	-0.005788005578800548
2020-10-27	14159	14252	14076	14175	4235	-0.005751560636880093
2020-10-28	14135	14237	14135	14238	190	0.004444444444444473
2020-10-29	14101	14174	14018	14161	102	-0.005408062930186808
2020-10-30	14053	14053	13771	13772	5101	-0.02746981145399341
2020-11-02	13834	13965	13834	13961	504	0.013723496950333924
2020-11-03	14091	14247	14091	14248	16	0.020557266671441976
2020-11-04	14286	14349	14257	14345	907	0.006807973048849059
2020-11-05	14475	14684	14475	14686	6273	0.023771348902056566
2020-11-06	14655	14723	14573	14676	31640	-0.00068092060465752
2020-11-09	14840	14883	14762	14841	31743	0.011242845461978845
2020-11-10	14869	14869	14674	14836	60010	-0.0003369045212586741
2020-11-11	14869	15025	14845	15020	25971	0.01240226476139128
2020-11-12	14961	15034	14912	14987	4987	-0.0021970705725699036
2020-11-13	14952	15121	14859	15123	2534	0.009074531260425678
2020-11-16	15156	15457	15156	15458	63160	0.022151689479600556
2020-11-17	15457	15481	15365	15419	18710	-0.0025229654547807012
2020-11-18	15442	15486	15355	15439	16589	0.0012971009793112387
2020-11-19	15311	15457	15297	15458	6940	0.0012306496534748579
2020-11-20	15432	15476	15413	15477	3651	0.0012291370164316806
2020-11-23	15510	15812	15510	15812	30275	0.02164502164502169
2020-11-24	15836	15914	15802	15885	10777	0.0046167467746016655
2020-11-25	15967	16015	15807	15808	4749	-0.004847340258105182
2020-11-26	15797	15967	15763	15968	16625	0.010121457489878471
2020-11-27	15933	16050	15933	16036	4917	0.004258517034068099
2020-11-30	16050	16050	15758	15759	4593	-0.017273634322773734
2020-12-01	15875	16045	15865	16046	2433	0.01821181547052486
2020-12-02	16088	16297	16088	16284	19064	0.014832356973700556
2020-12-03	16317	16468	16288	16469	16448	0.011360845001228137
2020-12-04	16512	16812	16497	16741	28860	0.016515878316837762
2020-12-07	16832	16915	16666	16916	8884	0.010453377934412478
2020-12-08	16827	16827	16550	16580	13250	-0.01986285173799951
2020-12-09	16730	16929	16681	16930	17180	0.021109770808202644
2020-12-10	16739	16968	16726	16896	6626	-0.0020082693443591593
2020-12-11	16987	17046	16920	16984	13447	0.005208333333333259
2020-12-14	16983	17036	16963	16964	8782	-0.0011775788977861357
2020-12-15	16885	16939	16812	16940	1922	-0.0014147606696534032
2020-12-16	17027	17027	16920	17013	997	0.004309327036599697
2020-12-17	16968	16992	16871	16994	4281	-0.0011167930406159599
2020-12-18	17031	17031	16949	16998	3625	0.00023537719195010354
2020-12-21	16924	17027	16774	16979	12148	-0.0011177785621837577
2020-12-22	16978	17002	16726	16746	24677	-0.013722834089168967
2020-12-23	16832	16944	16759	16945	5002	0.011883434850113561
2020-12-24	17031	17216	17031	17216	17859	0.015992918264974954
2020-12-28	17440	17440	17246	17246	10940	0.0017425650557620909
2020-12-29	17561	17663	17405	17664	113441	0.024237504348834538
2020-12-30	17624	18003	17620	18004	29898	0.019248188405797118
2021-01-04	17974	18431	17935	18432	43951	0.023772495001110894
2021-01-05	18231	18703	18231	18704	14441	0.01475694444444442
2021-01-06	18829	18917	18494	18495	4934	-0.011174080410607412
2021-01-07	18791	19029	18678	18899	24124	0.021843741551770712
2021-01-08	19116	19718	19116	19647	74063	0.03957881369384619
2021-01-11	20025	20506	19553	19748	8196	0.005140733954293264
2021-01-12	19733	19743	19160	19666	74997	-0.0041523192221997185
2021-01-13	19699	19836	19592	19710	9968	0.002237363978439877
2021-01-14	19680	19772	19607	19748	11262	0.001927955352612809
2021-01-15	19841	19879	19281	19296	22818	-0.02288839376139351
2021-01-18	18970	19179	18728	18796	22648	-0.025912106135986712
2021-01-19	18844	19334	18844	19283	1123	0.02590976803575229
2021-01-20	19519	19519	19252	19447	2065	0.008504900689726647
2021-01-21	19466	19680	19447	19680	1652	0.011981282460019615
2021-01-22	19728	19836	19631	19666	2996	-0.0007113821138211573
2021-01-25	19529	19942	19529	19943	31453	0.014085223227906063
2021-01-26	19937	19937	19524	19540	13162	-0.020207591636163036
2021-01-27	19718	19821	19442	19447	5198	-0.004759467758444269
2021-01-28	19024	19301	18985	19165	21559	-0.014500951303543008
2021-01-29	19165	19165	18552	18612	8445	-0.02885468301591443
2021-02-01	18484	19087	18440	19088	37827	0.025574897915323413
2021-02-02	19145	19607	19145	19336	5029	0.012992455993294127
2021-02-03	19451	19539	19306	19540	10932	0.01055026892842359
2021-02-04	19398	19398	19077	19243	4125	-0.015199590583418576
2021-02-05	19301	19437	19243	19433	4474	0.009873720313880341
2021-02-08	19334	19452	19223	19258	8693	-0.009005300262440175
2021-02-09	19388	19417	19198	19200	7312	-0.0030117353826980553
2021-02-10	19140	19311	19053	19263	15684	0.0032812499999999023
2021-02-15	19641	19641	19505	19603	24055	0.0176504178996002
2021-02-16	19617	19675	19568	19671	3455	0.0034688568076315374
2021-02-17	19655	19655	19271	19457	7183	-0.01087895887346857
2021-02-18	19369	19417	19102	19165	2794	-0.015007452330780713
2021-02-19	19184	19261	18829	19263	1826	0.005113488129402599
2021-02-22	19344	19417	19092	19102	1508	-0.008357992005398995
2021-02-23	18829	19111	18733	19005	9599	-0.005078002303423701
2021-02-24	18936	19116	18615	18617	21269	-0.02041568008418837
2021-02-25	18897	19261	18892	19263	14846	0.03469946822796377
2021-02-26	18791	18829	18625	18758	14725	-0.026216061880288688
2021-03-02	19276	19276	18849	18976	514	0.01162170807122287
2021-03-03	18814	19198	18814	19200	649	0.01180438448566612
2021-03-04	18907	19038	18859	18952	554	-0.012916666666666687
2021-03-05	18635	18868	18586	18849	2077	-0.005434782608695676
2021-03-08	18955	18955	18659	18660	139	-0.010027057138309758
2021-03-09	18547	18582	18289	18539	1034	-0.006484458735262599
2021-03-10	18733	18733	18402	18432	1650	-0.005771616592049167
2021-03-11	18567	18819	18567	18718	776	0.01551649305555558
2021-03-12	19024	19048	18902	19020	511	0.016134202372048323
2021-03-15	18999	19019	18897	18942	603	-0.004100946372239789
2021-03-16	18960	19067	18932	19054	477	0.00591278640059123
2021-03-17	19062	19062	18849	18976	236	-0.004093628634407431
2021-03-18	19155	19203	19082	19088	3220	0.00590219224283306
2021-03-19	18887	18975	18854	18922	1607	-0.008696563285834014
2021-03-22	19009	19009	18824	18903	444	-0.0010041221858154703
2021-03-23	19024	19024	18723	18728	36	-0.009257789768819746
2021-03-24	18572	18718	18538	18665	465	-0.0033639470311832564
2021-03-25	18673	18761	18591	18713	261	0.0025716581837664787
2021-03-26	18796	18878	18703	18879	206	0.00887083845455039
2021-03-29	18873	18878	18756	18854	5738	-0.0013242226812860691
2021-03-30	18936	19087	18936	19030	108	0.009334889148191472
2021-03-31	19029	19193	18955	19010	2554	-0.0010509721492379942
2021-04-01	19150	19203	19092	19205	5956	0.01025775907417148
2021-04-02	19261	19422	19261	19389	20506	0.009580838323353325
2021-04-05	19437	19437	19306	19433	1331	0.0022693279694672164
2021-04-06	19452	19519	19311	19467	4567	0.0017496011938455958
2021-04-07	19500	19544	19379	19506	759	0.0020033903529048658
2021-04-08	19466	19505	19344	19506	482	0.0
2021-04-09	19568	19568	19388	19423	1675	-0.004255100994565719
2021-04-12	19456	19475	19339	19437	118	0.0007207949338412512
2021-04-13	19539	19680	19466	19666	934	0.01178165354735805
2021-04-14	19723	19758	19587	19739	19804	0.003711990236957119
2021-04-15	19748	19826	19743	19758	6668	0.0009625614266173255
2021-04-16	19786	19841	19695	19841	87	0.004200830043526782
2021-04-19	19796	19884	19763	19816	4459	-0.001260017136233027
2021-04-20	19831	19908	19831	19909	131	0.004693177230520762
2021-04-21	19718	19738	19500	19574	3217	-0.01682656085187606
2021-04-22	19670	19690	19515	19588	7564	0.0007152344947378708
2021-04-23	19344	19631	19344	19632	945	0.002246273228507345
2021-04-26	19655	19738	19607	19739	1099258	0.005450285248573827
2021-04-27	19768	19768	19655	19739	2627	0.0
2021-04-28	19738	19738	19452	19452	74	-0.014539743654693793
2021-04-29	19541	19575	19348	19462	90	0.0005140859551717725
2021-04-30	19402	19417	19240	19299	248	-0.008375295447538789
2021-05-03	19195	19398	19156	19156	319	-0.007409710347686449
2021-05-04	19131	19314	19052	19314	36	0.008248068490290139
2021-05-06	19274	19373	19250	19363	227	0.002537019778399152
2021-05-07	19363	19555	19358	19511	63	0.007643443681247808
2021-05-10	19664	19842	19659	19837	1380	0.016708523397058084
2021-05-11	19649	19649	19388	19526	102	-0.01567777385693403
2021-05-12	19506	19506	19037	19191	7382	-0.017156611697224267
2021-05-13	18796	19111	18796	18929	1590	-0.013652232817466525
2021-05-14	19057	19151	19057	19141	10	0.011199746420835766
2021-05-17	19220	19220	19013	19063	818	-0.004075022203646639
2021-05-18	19067	19284	19067	19285	159	0.01164559618108374
2021-05-20	19200	19254	19171	19215	142	-0.003629764065335772
2021-05-21	19402	19402	19225	19245	25	0.0015612802498048417
2021-05-24	19225	19225	19102	19122	67	-0.006391270459859655
2021-05-25	19176	19304	19161	19304	173	0.009517832862671272
2021-05-26	19333	19358	19250	19285	42	-0.0009842519685039353
2021-05-27	19250	19254	19102	19250	544	-0.001814882032667886
2021-05-28	19250	19398	19250	19349	805	0.005142857142857116
2021-05-31	19368	19442	19309	19442	748	0.0048064499457336485
2021-06-01	19427	19605	19368	19561	174	0.0061207694681617575
2021-06-02	19595	19595	19467	19526	1817	-0.001789274576964317
2021-06-03	19654	19753	19654	19714	19	0.00962818805694976
2021-06-04	19585	19649	19550	19625	86	-0.004514558182002637
2021-06-07	19743	19743	19550	19620	10278	-0.0002547770700637164
2021-06-08	19708	19708	19605	19659	359	0.0019877675840977993
2021-06-09	19565	19610	19447	19447	138	-0.010783864896485085
2021-06-10	19447	19560	19407	19541	1564	0.004833650434514336
2021-06-11	19620	19703	19555	19704	52	0.008341435955171228
2021-06-14	19703	19703	19550	19694	527	-0.000507511165245611
2021-06-15	19698	19743	19629	19743	129	0.0024880674317051543
2021-06-16	19777	19822	19777	19822	34	0.004001418224180764
2021-06-17	19703	19753	19698	19753	5	-0.0034809807284834626
2021-06-18	19792	19842	19768	19817	11	0.0032400141750619227
2021-06-21	19684	19684	19590	19664	211	-0.007720643891608203
2021-06-22	19674	19797	19674	19768	2910	0.005288852725793269
2021-06-23	19846	19911	19772	19896	26	0.006475111290975333
2021-06-24	19935	19985	19876	19931	2205	0.0017591475673501833
2021-06-25	19965	20064	19935	20025	40534	0.004716271135417172
2021-06-28	20024	20029	19975	20020	111	-0.00024968789013735115
2021-06-29	20019	20019	19866	19965	644	-0.0027472527472527375
2021-06-30	20029	20059	19975	20059	1067	0.00470823941898324
2021-07-01	20059	20059	19881	19946	462	-0.005633381524502767
2021-07-02	19945	19985	19916	19936	138	-0.0005013536548681419
2021-07-05	20009	20044	19955	20020	259	0.004213483146067398
2021-07-06	19994	20113	19994	20079	82	0.002947052947052997
2021-07-07	19930	19930	19871	19931	81	-0.00737088500423333
2021-07-08	19940	19990	19772	19773	2480	-0.007927349355275726
2021-07-09	19585	19610	19353	19561	20702	-0.010721691195063943
2021-07-12	19772	19772	19684	19714	140	0.007821686007872808
2021-07-13	19832	19871	19772	19872	7844	0.008014608907375376
2021-07-14	19787	19832	19748	19832	13	-0.0020128824476650653
2021-07-15	19851	19975	19832	19975	135123	0.007210568777732851
2021-07-16	19856	19891	19827	19891	11	-0.004205256570713356
2021-07-19	19703	19703	19684	19684	1515	-0.010406716605499966
2021-07-20	19550	19620	19457	19620	268	-0.003251371672424286
2021-07-21	19694	19694	19486	19516	857	-0.0053007135575943165
2021-07-22	19698	19748	19634	19743	331	0.011631481861037019
2021-07-23	19743	19807	19743	19778	45	0.0017727802259028813
2021-07-26	19738	19738	19590	19590	52	-0.009505511174031755
2021-07-27	19733	19733	19615	19620	4182	0.0015313935681469104
2021-07-28	19585	19624	19516	19625	33	0.00025484199796133034
2021-07-29	19689	19689	19629	19664	12	0.0019872611464968326
2021-07-30	19585	19585	19402	19403	971	-0.013272986167615963
2021-08-02	19398	19536	19333	19536	279	0.0068546101118383
2021-08-03	19555	19674	19555	19674	36	0.007063882063881977
2021-08-04	19728	19940	19728	19941	25	0.013571210734980133
2021-08-05	20004	20004	19876	19901	1245	-0.0020059174564966975
2021-08-06	19930	19930	19777	19847	82	-0.0027134314858550113
2021-08-09	19723	19817	19708	19793	349	-0.002720814228850732
2021-08-10	19758	19758	19585	19645	196	-0.0074773909968171015
2021-08-11	19600	19600	19481	19492	2532	-0.007788241282769115
2021-08-12	19506	19506	19398	19398	86	-0.004822491278473229
2021-08-13	19324	19324	18944	19117	757	-0.014486029487576046
2021-08-17	19131	19131	18845	18865	2474	-0.01318198462101794
2021-08-18	18840	19052	18840	18993	14	0.006785051683010801
2021-08-19	18904	18904	18613	18614	21	-0.019954720160058947
2021-08-20	18608	18717	18352	18406	151	-0.01117438487160205
2021-08-23	18544	18702	18524	18604	114	0.01075736172987063
2021-08-24	18820	18954	18820	18895	5512	0.015641797462911278
2021-08-25	19097	19097	18845	19028	2695	0.00703889917967726
2021-08-26	19082	19082	18870	18890	87	-0.00725247004414542
2021-08-27	18741	18889	18697	18880	101	-0.000529380624669118
2021-08-30	18978	18978	18880	18929	210	0.0025953389830508655
2021-08-31	18904	19269	18889	19270	168	0.01801468645992932
2021-09-01	19333	19333	19185	19319	331	0.0025428126621691582
2021-09-02	19314	19314	19136	19156	312	-0.00843728971478852
2021-09-03	19225	19304	19225	19304	4321	0.007726038839006133
2021-09-06	19299	19338	19289	19339	233	0.001813095731454606
2021-09-07	19279	19279	19200	19260	18	-0.004085009566161646
2021-09-08	19077	19166	18988	19077	567	-0.009501557632398794
2021-09-09	18988	18988	18751	18752	23	-0.01703622162813856
2021-09-10	18850	18884	18781	18845	943	0.004959470989761128
2021-09-13	18825	18865	18756	18865	2106	0.0010612894667021422
2021-09-14	18949	19087	18949	19003	3102	0.0073151338457460025
2021-09-15	18954	19077	18954	19038	16	0.0018418144503500322
2021-09-16	19052	19052	18875	18880	11	-0.008299191091501235
2021-09-17	18806	18939	18806	18939	385	0.0031250000000000444
2021-09-23	18934	18934	18801	18929	654	-0.0005280109826284463
2021-09-24	18889	18968	18825	18900	273	-0.0015320407839822803
2021-09-27	18776	18988	18776	18929	76	0.0015343915343914993
2021-09-28	18904	18904	18687	18702	4068	-0.011992181309102401
2021-09-29	18450	18470	18327	18456	8126	-0.013153673403914046
2021-09-30	18411	18569	18401	18525	76	0.0037386215864758654
2021-10-01	18450	18450	18149	18170	7461	-0.0191632928475034
2021-10-05	18051	18051	17760	17879	35632	-0.016015410016510745
2021-10-06	17987	18056	17592	17592	6094	-0.01605235192124843
2021-10-07	17750	17883	17681	17883	86	0.01654160982264674
2021-10-08	17957	17957	17844	17879	40	-0.00022367611698259626
2021-10-12	17730	17730	17474	17558	13281	-0.01795402427428827
2021-10-13	17631	17770	17631	17726	119	0.009568287959904387
2021-10-14	17853	17992	17834	17992	12	0.015006205573733444
2021-10-15	18199	18199	18075	18170	35	0.009893285904846616
2021-10-18	18046	18149	18041	18120	3051	-0.0027517886626307053
2021-10-19	18263	18263	18209	18263	703	0.007891832229580675
2021-10-20	18357	18357	18149	18155	3135	-0.0059135957947763496
2021-10-21	18154	18204	18090	18160	100	0.0002754062241807631
2021-10-22	18115	18223	18115	18165	67	0.0002753303964757592
2021-10-25	18070	18263	18051	18244	4085	0.0043490228461327
2021-10-26	18362	18450	18362	18441	39	0.010798070598552867
2021-10-27	18396	18396	18263	18288	26	-0.00829673011224985
2021-10-28	18292	18327	18194	18194	10	-0.005139982502187279
2021-10-29	18283	18283	17952	17967	64	-0.012476640650764037
2021-11-01	17987	18061	17972	18041	175	0.004118661991428629
2021-11-02	18238	18376	18238	18273	147	0.01285959758328259
2021-11-03	18214	18223	17947	18031	6163	-0.013243583429103034
2021-11-04	18243	18243	18105	18125	10	0.005213243857800531
2021-11-05	18120	18120	18006	18081	267	-0.002427586206896537
2021-11-08	17922	18070	17908	18071	71	-0.0005530667551573165
2021-11-09	18214	18214	17982	18105	18	0.0018814675446847673
2021-11-10	18041	18041	17873	17903	227	-0.011157138911902842
2021-11-11	17799	17967	17794	17967	37	0.003574819862592893
2021-11-12	18066	18120	18046	18120	88	0.00851561195525119
2021-11-15	18233	18332	18233	18308	384	0.010375275938189876
2021-11-16	18292	18352	18292	18323	10	0.0008193139611099021
2021-11-17	18312	18312	18105	18115	15	-0.011351852862522493
2021-11-18	18056	18130	18036	18041	65	-0.0040850124206458505
2021-11-19	18149	18174	18056	18175	10	0.007427526190344258
2021-11-22	18214	18554	18214	18530	386	0.019532324621733155
2021-11-23	18465	18465	18381	18382	10	-0.007987048030221211
2021-11-24	18505	18505	18268	18352	3120	-0.0016320313350016713
2021-11-25	18223	18238	18125	18209	122	-0.007792066259808217
2021-11-26	18140	18140	17819	17908	1051	-0.016530287220605233
2021-11-29	17789	17858	17671	17755	7123	-0.008543667634576702
2021-11-30	17918	17918	17202	17380	7166	-0.021120811039143872
2021-12-01	17409	17794	17400	17770	4738	0.02243958573072491
2021-12-02	17720	18041	17720	18041	150	0.015250422059650992
2021-12-03	17947	18243	17937	18194	15	0.008480682888975188
2021-12-06	18016	18263	18016	18229	370	0.0019237111135539386
2021-12-07	18258	18362	18258	18362	81	0.007296066706895532
2021-12-08	18579	18598	18416	18426	10	0.0034854591003159463
2021-12-09	18539	18539	18495	18535	6	0.005915554108325116
2021-12-10	18460	18460	18371	18461	12229	-0.0039924467224170535
2021-12-13	18549	18623	18416	18416	85	-0.002437571095823654
2021-12-14	18342	18342	18184	18313	9201	-0.005592962641181587
2021-12-15	18253	18327	18253	18327	15	0.0007644842461638213
2021-12-16	18396	18436	18371	18436	10	0.005947509139520912
2021-12-17	18371	18431	18366	18431	5	-0.0002712085050987634
2021-12-20	18302	18322	18149	18150	98	-0.01524605284574898
2021-12-21	18184	18283	18066	18249	4216	0.005454545454545379
2021-12-22	18347	18416	18307	18308	135	0.003233053865965285
2021-12-23	18406	18445	18406	18446	10	0.007537688442211143
2021-12-24	18593	18593	18505	18540	30414	0.005095955762767002
2021-12-27	18514	18524	18470	18480	284	-0.003236245954692518
2021-12-28	18450	18584	18450	18584	98	0.005627705627705648
2021-12-29	18722	18736	18588	18653	308	0.003712871287128605
2021-12-30	18707	18707	18544	18545	70	-0.005789953358709021
2022-01-03	18672	18677	18475	18579	410	0.0018333782690751477
2022-01-04	18554	18554	18495	18549	7	-0.0016147263038914783
2022-01-05	18485	18485	18149	18308	5897	-0.012992614157097404
2022-01-06	18214	18253	18051	18091	16	-0.011852741970723168
2022-01-07	18228	18273	18228	18263	6	0.009507489912111033
2022-01-10	18100	18130	18046	18120	3240	-0.007830038876416756
2022-01-11	18164	18218	18075	18184	96	0.0035320088300221375
2022-01-12	18292	18450	18292	18451	19	0.01468323801143856
2022-01-13	18470	18470	18317	18372	4120	-0.004281610752804754
2022-01-14	18130	18184	18016	18115	81	-0.013988678423688228
2022-01-17	18080	18080	17853	17943	68	-0.009494893734474208
2022-01-18	17937	17962	17784	17809	32	-0.007468093406899579
2022-01-19	17745	17794	17567	17676	10798	-0.007468134089505307
2022-01-20	17705	17799	17691	17800	95	0.007015161801312564
2022-01-21	17622	17622	17513	17597	33	-0.011404494382022512
2022-01-24	17577	17577	17306	17365	41	-0.013184065465704387
2022-01-25	17256	17256	16827	16966	13395	-0.022977253095306627
2022-01-26	17054	17054	16877	16877	88	-0.0052457856890251175
2022-01-27	16719	16719	16285	16399	1820	-0.02832256917698639
2022-01-28	16388	16822	16388	16808	923	0.024940545155192284
2022-02-03	17128	17138	17005	17005	315	0.011720609233698331
2022-02-04	17079	17217	17034	17217	21	0.01246692149367834
2022-02-07	17049	17084	16946	17084	262	-0.0077249230411802206
2022-02-08	17237	17237	16960	17109	13	0.0014633575275111443
2022-02-09	17256	17321	17252	17321	11	0.01239113916652057
2022-02-10	17419	17419	17335	17420	224	0.005715605334565055
2022-02-11	17271	17350	17192	17267	23	-0.00878300803673937
2022-02-14	17084	17084	16852	16995	180	-0.01575259164880982
2022-02-15	16985	17000	16788	16867	20	-0.007531626949102699
2022-02-16	17059	17202	17059	17203	19	0.01992055492974454
2022-02-17	17242	17424	17099	17291	11900	0.0051153868511306655
2022-02-18	17158	17252	17113	17252	294	-0.0022555086461164553
2022-02-21	16951	17237	16951	17237	3143	-0.000869464409923526
2022-02-22	16990	17034	16901	16986	52	-0.014561698671462509
2022-02-23	17084	17084	16960	17065	10	0.004650888967384859
2022-02-24	16867	16867	16590	16625	3267	-0.0257837679460885
2022-02-25	16738	16842	16689	16808	124	0.011007518796992466
2022-02-28	16753	16960	16699	16961	223	0.009102808186577827
2022-03-02	16891	16980	16891	16931	232	-0.0017687636342196278
2022-03-03	17108	17232	17099	17232	205	0.01777804028114116
2022-03-04	17059	17064	16941	16966	8591	-0.015436397400185653
2022-03-07	16679	16679	16531	16581	922	-0.02269244371095136
2022-03-08	16354	16531	16354	16413	9140	-0.010132078885471296
2022-03-10	16689	16852	16674	16852	363	0.026747090720770084
2022-03-11	16674	16689	16546	16690	153	-0.009613102302397314
2022-03-14	16625	16660	16531	16616	153	-0.0044337926902336955
2022-03-15	16561	16561	16408	16477	5420	-0.008365430909966332
2022-03-16	16590	16704	16556	16704	70	0.013776779753595925
2022-03-17	17000	17034	16916	16991	6103	0.01718151340996177
2022-03-18	16960	17020	16916	17020	12	0.0017067859455006662
2022-03-21	17148	17148	16857	16882	3196	-0.008108108108108136
2022-03-22	16719	16956	16719	16956	1273	0.00438336689965646
2022-03-23	17153	17153	17010	17124	47	0.00990799716914359
2022-03-24	17069	17069	16872	17060	87	-0.0037374445223078423
2022-03-25	17015	17025	17000	17010	42	-0.0029308323563892458
2022-03-28	16867	17010	16862	16986	5979	-0.001410934744268122
2022-03-29	17020	17118	17015	17079	575	0.005475097138820217
2022-03-30	17212	17212	17049	17148	3001	0.00404004918320755
2022-03-31	17148	17207	17108	17203	5101	0.0032073711219966494
2022-04-01	17138	17138	17015	17094	1412	-0.006336104167877665
2022-04-04	17010	17158	17010	17158	342	0.0037440037440037433
2022-04-05	17108	17118	17069	17104	325	-0.003147219955705771
2022-04-06	17015	17034	16980	17010	73	-0.0054957904583723405
2022-04-07	16882	16882	16724	16778	116	-0.013639035861258031
2022-04-08	16837	16837	16714	16783	5097	0.00029800929789014496
2022-04-11	16719	16748	16719	16749	5121	-0.0020258595006852342
2022-04-12	16551	16595	16546	16596	10	-0.009134873723804393
2022-04-13	16669	16891	16669	16892	99	0.017835623041696724
2022-04-14	16852	16852	16743	16749	4177	-0.008465545820506737
2022-04-15	16605	16674	16605	16665	142	-0.005015224789539641
2022-04-18	16650	16650	16605	16645	258	-0.0012001200120012046
2022-04-19	16783	16817	16714	16818	63	0.010393511565034652
2022-04-20	16817	16822	16719	16823	470	0.0002973005113569016
2022-04-21	16872	16901	16872	16892	136	0.004101527670451244
2022-04-22	16788	16788	16635	16729	4148	-0.009649538242955225
2022-04-25	16566	16566	16373	16423	389	-0.01829158945543663
2022-04-26	16492	16541	16477	16507	49	0.00511477805516658
2022-04-27	16176	16299	16176	16290	7166	-0.013145938086872255
2022-04-28	16295	16455	16285	16455	72	0.01012891344383049
2022-04-29	16530	16685	16530	16685	573	0.013977514433302973
2022-05-02	16530	16630	16500	16630	290	-0.0032963739886124888
2022-05-03	16610	16710	16610	16620	25	-0.000601322910402935
2022-05-04	16715	16715	16590	16590	11	-0.0018050541516245744
2022-05-06	16400	16410	16355	16400	320	-0.011452682338758291
2022-05-09	16365	16365	16190	16190	5	-0.0128048780487805
2022-05-10	15860	16065	15860	16065	5128	-0.00772081531809754
2022-05-11	16050	16120	16050	16080	2085	0.0009337068160597539
2022-05-12	15975	16080	15870	15875	20	-0.012748756218905477
2022-05-13	15970	16145	15970	16145	883	0.017007874015747992
2022-05-16	16255	16255	16145	16170	11	0.0015484670176524329
2022-05-17	16245	16310	16240	16300	353	0.008039579468150926
2022-05-18	16460	16460	16360	16405	5	0.006441717791411117
2022-05-19	16040	16185	16040	16100	247	-0.01859189271563544
2022-05-20	16315	16455	16315	16455	71	0.022049689440993836
2022-05-23	16435	16435	16410	16435	47	-0.0012154360376784856
2022-05-24	16455	16455	16190	16235	401	-0.012169151201703698
2022-05-25	16210	16320	16210	16235	49	0.0
2022-05-26	16345	16345	16165	16165	41	-0.004311672312904191
2022-05-27	16370	16395	16310	16310	227	0.008969996906897704
2022-05-30	16525	16600	16525	16600	87	0.017780502759043637
2022-05-31	16530	16590	16515	16590	76	-0.00060240963855418
2022-06-02	16540	16540	16445	16485	279	-0.006329113924050667
2022-06-03	16585	16585	16500	16500	23	0.0009099181073703999
2022-06-07	16430	16430	16250	16255	283	-0.014848484848484889
2022-06-08	16245	16285	16230	16230	202	-0.0015379883112888182
2022-06-09	16230	16235	16170	16220	18	-0.0006161429451633227
2022-06-10	16050	16085	15980	16010	109	-0.012946979038224393
2022-06-13	15755	15755	15520	15520	2442	-0.030605871330418477
2022-06-14	15290	15455	15290	15455	492	-0.004188144329896892
2022-06-15	15340	15340	15100	15110	699	-0.022322872856680664
2022-06-16	15395	15435	15155	15155	991	0.0029781601588352302
2022-06-17	14815	15040	14815	14970	50	-0.01220719234576051
2022-06-20	15040	15040	14650	14780	1391	-0.012692050768203123
2022-06-21	14855	14880	14760	14815	57	0.0023680649526387487
2022-06-22	14885	14885	14450	14450	10535	-0.02463719203509951
2022-06-23	14520	14575	14330	14330	72	-0.00830449826989621
2022-06-24	14425	14705	14425	14705	679	0.026168876482902892
2022-06-27	14735	14940	14735	14855	95	0.010200612036722179
2022-06-28	14955	14955	14865	14955	5	0.006731740154829913
2022-06-29	14785	14790	14705	14710	150	-0.01638248077566029
2022-06-30	14630	14650	14490	14490	109	-0.014955812372535737
2022-07-01	14570	14570	14240	14240	46	-0.017253278122843385
2022-07-04	14245	14310	14195	14310	390	0.004915730337078594
2022-07-05	14350	14580	14350	14535	299	0.01572327044025168
2022-07-06	14480	14515	14290	14290	34	-0.016855865153078797
2022-07-07	14395	14535	14395	14510	153	0.015395381385584272
2022-07-08	14670	14720	14655	14660	1522	0.010337698139214258
2022-07-11	14600	14600	14525	14525	52	-0.009208731241473367
2022-07-12	14475	14475	14355	14405	677	-0.008261617900172102
2022-07-13	14450	14520	14450	14470	73	0.004512322110378442
2022-07-14	14435	14555	14435	14485	10	0.0010366275051831852
