Date	Open	High	Low	Close	Volume	Change
2018-03-30	9080	9080	9020	9025	161	
2018-04-02	8972	9025	8947	8954	36	-0.007867036011080297
2018-04-03	8861	8918	8808	8919	4	-0.003908867545231232
2018-04-04	8955	8955	8832	8836	186	-0.009305976006278693
2018-04-05	8942	8942	8942	8944	0	0.012222725215029318
2018-04-06	8866	8866	8851	8855	4	-0.009950805008944519
2018-04-09	8888	8888	8888	8893	0	0.004291360813099887
2018-04-10	8832	8832	8822	8826	108	-0.007534015517822956
2018-04-11	8933	8942	8933	8944	108	0.013369589848175822
2018-04-12	8951	8951	8951	8954	0	0.0011180679785331993
2018-04-13	8972	8972	8972	8978	0	0.002680366316729854
2018-04-16	8982	8982	8982	8987	1	0.0010024504343952856
2018-04-17	8982	8982	8982	8987	0	0.0
2018-04-18	9105	9137	9095	9128	1064	0.015689329030822208
2018-04-19	9180	9180	9180	9184	0	0.006134969325153339
2018-04-20	9076	9095	9072	9100	218	-0.009146341463414642
2018-04-23	9049	9049	9040	9044	6	-0.006153846153846176
2018-04-24	9011	9011	8982	8987	5	-0.006302521008403339
2018-04-25	8958	8958	8958	8964	1	-0.002559252253254707
2018-04-26	9095	9095	9076	9082	40	0.013163766175814384
2018-04-27	9142	9142	9142	9148	1	0.007267121779343855
2018-04-30	9218	9218	9162	9167	2	0.002076956711849487
2018-05-02	9162	9162	9096	9100	14	-0.0073088251336315135
2018-05-03	9096	9096	9096	9100	0	0.0
2018-05-04	9030	9030	9001	9006	12	-0.01032967032967036
2018-05-08	8987	8987	8972	8978	423	-0.003109038418831922
2018-05-09	8879	8879	8879	8884	1	-0.010470037870349724
2018-05-10	8963	8963	8963	8968	1	0.009455200360198202
2018-05-11	9025	9025	9025	9030	1	0.006913470115967879
2018-05-14	8963	8968	8963	8973	15	-0.006312292358804039
2018-05-15	8913	8913	8913	8915	53	-0.006463835952301378
2018-05-16	8918	8918	8918	8919	0	0.00044868199663494757
2018-05-17	8923	8923	8923	8924	58	0.0005606009642336041
2018-05-18	8903	8933	8903	8934	7	0.0011205737337516286
2018-05-21	8884	8963	8884	8968	18	0.00380568614282506
2018-05-23	9044	9044	9044	9048	10	0.008920606601248826
2018-05-24	9044	9049	9040	9053	41	0.0005526083112290525
2018-05-25	9101	9101	9101	9105	20	0.005743952281011877
2018-05-28	9063	9063	9063	9067	0	-0.004173531026908317
2018-05-29	8972	8982	8968	8983	5	-0.009264365280688192
2018-05-30	8800	8800	8767	8771	15	-0.02360013358566182
2018-05-31	8767	8767	8767	8771	0	0.0
2018-06-01	8813	8813	8813	8817	0	0.00524455592292794
2018-06-04	8918	8918	8903	8906	9	0.010094136327549075
2018-06-05	8918	8918	8918	8919	0	0.0014596900965642146
2018-06-07	8972	8972	8972	8978	0	0.0066150913779572384
2018-06-08	8947	8955	8923	8934	377	-0.004900868790376434
2018-06-11	8947	8947	8947	8949	0	0.00167897918065818
2018-06-12	8947	8947	8947	8949	0	0.0
2018-06-14	8800	8851	8800	8822	384	-0.01419152977986371
2018-06-15	8818	8818	8795	8797	7	-0.0028338245295851383
2018-06-18	8767	8767	8653	8709	9	-0.010003410253495493
2018-06-19	8653	8653	8653	8657	1	-0.00597083476863014
2018-06-20	8653	8653	8653	8657	1	0.0
2018-06-21	8653	8653	8611	8614	6	-0.004967078664664393
2018-06-22	8643	8643	8643	8648	0	0.003947062920826472
2018-06-25	8648	8648	8648	8652	10	0.00046253469010171244
2018-06-26	8634	8634	8625	8629	3	-0.002658344891354636
2018-06-27	8625	8625	8625	8629	0	0.0
2018-06-28	8545	8545	8483	8506	27	-0.014254258894425775
2018-06-29	8549	8549	8549	8554	0	0.005643075476134518
2018-07-02	8479	8479	8408	8411	8	-0.016717325227963542
2018-07-03	8431	8431	8379	8385	4	-0.0030911901081916993
2018-07-04	8474	8474	8474	8476	5	0.010852713178294504
2018-07-05	8422	8422	8342	8347	17	-0.015219443133553612
2018-07-06	8360	8389	8322	8392	10	0.005391158500059889
2018-07-09	8431	8431	8431	8436	0	0.00524308865586276
2018-07-10	8445	8445	8445	8451	0	0.0017780938833571458
2018-07-11	8365	8427	8365	8431	2	-0.00236658383623245
2018-07-12	8427	8427	8427	8431	0	0.0
2018-07-13	8578	8578	8578	8580	0	0.017672873917684795
2018-07-16	8588	8588	8588	8590	0	0.0011655011655011815
2018-07-17	8588	8588	8588	8590	0	0.0
2018-07-18	8603	8603	8603	8604	0	0.0016298020954599313
2018-07-19	8611	8611	8611	8614	0	0.00116225011622495
2018-07-20	8598	8598	8559	8562	3	-0.006036684467146558
2018-07-23	8502	8502	8474	8476	7	-0.010044382153702403
2018-07-24	8431	8450	8403	8451	1062	-0.002949504483246823
2018-07-25	8450	8450	8450	8455	11	0.00047331676724637894
2018-07-26	8394	8470	8384	8451	8	-0.00047309284447072386
2018-07-27	8507	8578	8507	8580	4	0.015264465743698885
2018-07-30	8540	8540	8540	8544	1	-0.004195804195804231
2018-07-31	8540	8540	8540	8544	0	0.0
2018-08-01	8578	8578	8578	8580	0	0.004213483146067398
2018-08-02	8525	8525	8431	8436	4	-0.016783216783216814
2018-08-03	8474	8474	8474	8476	1	0.004741583688952167
2018-08-06	8465	8470	8413	8416	98011	-0.007078810759792331
2018-08-07	8427	8498	8427	8496	44451	0.009505703422053147
2018-08-08	8493	8493	8493	8496	0	0.0
2018-08-09	8474	8474	8470	8472	2	-0.0028248587570621764
2018-08-10	8365	8374	8337	8343	201	-0.015226628895184113
2018-08-13	8281	8281	8205	8211	3	-0.015821646889608076
2018-08-14	8210	8210	8210	8215	0	0.00048715138229193933
2018-08-16	8083	8154	8083	8157	2	-0.007060255629945167
2018-08-17	8195	8195	8195	8201	1	0.005394140002451975
2018-08-20	8195	8195	8195	8201	1	0.0
2018-08-21	8322	8322	8322	8328	1	0.01548591635166452
2018-08-22	8342	8342	8342	8347	297	0.0022814601344860463
2018-08-23	8360	8360	8360	8366	0	0.002276266922247583
2018-08-24	8427	8427	8413	8421	9884	0.006574229022232814
2018-08-27	8530	8530	8530	8535	0	0.01353758460990373
2018-08-28	8498	8498	8498	8501	0	-0.00398359695371997
2018-08-29	8502	8502	8502	8506	1	0.0005881660981061909
2018-08-30	8530	8530	8530	8535	1	0.003409358100164628
2018-08-31	8540	8564	8540	8567	2	0.0037492677211481418
2018-09-03	8450	8470	8440	8468	216	-0.011555970584802178
2018-09-04	8450	8540	8450	8535	213	0.007912139820500652
2018-09-05	8440	8460	8370	8385	236	-0.017574692442882234
2018-09-06	8332	8360	8317	8366	88132	-0.002265951103160413
2018-09-07	8229	8281	8181	8276	44529	-0.010757829309108291
2018-09-10	8257	8276	8229	8247	108	-0.003504108264862249
2018-09-11	8195	8195	8172	8177	3	-0.008487935006669112
2018-09-12	8177	8177	8177	8182	1	0.0006114711997065037
2018-09-13	8190	8190	8190	8196	1	0.0017110730872647029
2018-09-14	8307	8312	8290	8319	7	0.015007320644216726
2018-09-17	8299	8299	8299	8304	2	-0.0018031013342949542
2018-09-18	8304	8304	8304	8309	0	0.0006021194605010383
2018-09-19	8374	8384	8374	8388	4	0.009507762666987496
2018-09-20	8403	8507	8403	8511	5	0.014663805436337718
2018-09-21	8431	8474	8431	8455	2653489	-0.006579720361884589
2018-09-27	8431	8493	8431	8491	59	0.004257835600236515
2018-09-28	8493	8493	8374	8385	167	-0.012483806383229323
2018-10-01	8360	8399	8360	8380	435	-0.0005963029218842841
2018-10-02	8290	8290	8234	8238	68	-0.016945107398568027
2018-10-04	8195	8195	8064	8067	526	-0.020757465404224296
2018-10-05	8064	8064	8064	8067	0	0.0
2018-10-08	8064	8064	8064	8067	0	0.0
2018-10-10	8045	8045	8045	8049	0	-0.002231312755671233
2018-10-11	7792	7792	7739	7742	111	-0.03814138402285994
2018-10-12	7866	7914	7848	7866	211	0.016016533195556626
2018-10-15	7748	7748	7748	7751	53	-0.014619883040935644
2018-10-16	7726	7726	7726	7728	1	-0.0029673590504450953
2018-10-17	7820	7820	7815	7817	2	0.011516563146998005
2018-10-18	7677	7687	7668	7678	255	-0.01778175770756041
2018-10-19	7753	7753	7753	7756	0	0.01015889554571503
2018-10-22	7773	7773	7773	7775	0	0.002449716348633224
2018-10-23	7607	7607	7579	7581	109	-0.02495176848874603
2018-10-24	7598	7598	7598	7601	9	0.002638174383326808
2018-10-25	7300	7356	7267	7361	70	-0.0315747927904223
2018-10-26	7313	7313	7282	7320	28	-0.005569895394647473
2018-10-29	7347	7356	7304	7310	524	-0.001366120218579181
2018-10-30	7347	7347	7347	7353	349	0.00588235294117645
2018-10-31	7342	7342	7342	7348	10	-0.0006799945600435287
2018-11-01	7399	7404	7399	7404	4	0.007621121393576402
2018-11-02	7498	7627	7498	7629	3	0.030388978930308008
2018-11-05	7541	7541	7526	7531	100	-0.012845720277886996
2018-11-06	7545	7550	7545	7551	13	0.0026556898154295183
2018-11-07	7583	7617	7569	7619	3	0.009005429744404658
2018-11-08	7697	7697	7687	7691	6	0.00945005906286922
2018-11-09	7612	7612	7550	7555	10	-0.0176830061110389
2018-11-12	7456	7498	7456	7484	28	-0.009397749834546665
2018-11-13	7413	7413	7413	7419	0	-0.008685195082843378
2018-11-14	7381	7381	7381	7386	0	-0.004448038819247824
2018-11-15	7361	7361	7361	7366	4	-0.002707825616030335
2018-11-16	7413	7413	7413	7419	0	0.007195221286994347
2018-11-19	7394	7427	7394	7432	9	0.001752257716673311
2018-11-20	7300	7300	7272	7286	3	-0.01964477933261577
2018-11-21	7174	7215	7174	7211	10	-0.010293713972001073
2018-11-22	7206	7206	7206	7211	0	0.0
2018-11-23	7192	7192	7183	7187	18	-0.003328248509221976
2018-11-26	7296	7296	7296	7300	1	0.015722832892723027
2018-11-27	7413	7413	7413	7419	0	0.01630136986301367
2018-11-28	7413	7413	7413	7419	1	0.0
2018-11-29	7574	7574	7471	7474	14	0.007413398032079854
2018-11-30	7483	7483	7404	7409	128	-0.00869681562750868
2018-12-03	7518	7574	7518	7577	5	0.02267512484815759
2018-12-04	7471	7478	7452	7456	23	-0.015969381021512463
2018-12-05	7399	7408	7386	7390	8	-0.00885193133047213
2018-12-06	7327	7327	7286	7291	15	-0.01339648173207042
2018-12-07	7347	7361	7337	7366	4	0.010286654779865678
2018-12-10	7238	7238	7174	7177	28	-0.025658430627206075
2018-12-11	7145	7150	7131	7154	28	-0.003204681621847616
2018-12-12	7296	7296	7253	7300	8	0.020408163265306145
2018-12-13	7300	7300	7291	7295	3	-0.00068493150684934
2018-12-14	7159	7159	7098	7102	7	-0.02645647703906784
2018-12-17	7150	7174	7150	7177	17	0.010560405519572047
2018-12-18	7174	7174	7141	7144	6001	-0.004598021457433488
2018-12-19	7183	7243	7178	7239	6208	0.013297872340425565
2018-12-20	7145	7145	7145	7149	8	-0.012432656444260282
2018-12-21	7141	7141	7141	7144	20	-0.0006993985172751849
2018-12-24	7127	7127	7127	7130	1	-0.0019596864501679745
2018-12-26	7037	7037	7037	7040	1	-0.012622720897615736
2018-12-27	7206	7206	7206	7211	1	0.02428977272727262
2018-12-28	7215	7215	7187	7211	648	0.0
2019-01-02	7206	7206	7206	7211	10	0.0
2019-01-03	7013	7013	7013	7017	0	-0.02690334211621137
2019-01-04	7061	7061	7061	7064	10	0.006698019096480046
2019-01-07	7238	7238	7238	7243	1	0.02533975084937712
2019-01-08	7211	7211	7183	7196	50	-0.006489023885130507
2019-01-09	7223	7394	7223	7399	65	0.02821011673151741
2019-01-10	7422	7422	7422	7428	1	0.003919448574131623
2019-01-11	7447	7447	7447	7451	1	0.003096392030156103
2019-01-14	7366	7366	7282	7286	3	-0.02214467856663538
2019-01-15	7347	7456	7347	7461	3	0.02401866593466928
2019-01-16	7483	7536	7483	7521	12	0.008041817450743949
2019-01-17	7574	7574	7574	7577	53	0.007445818375215962
2019-01-18	7636	7636	7583	7629	103	0.006862874488583914
2019-01-21	7687	7687	7617	7619	139	-0.001310787783457834
2019-01-22	7603	7622	7545	7581	335	-0.004987531172069848
2019-01-23	7531	7541	7531	7546	37	-0.004616805170821747
2019-01-24	7653	7702	7653	7705	18	0.021070765968725258
2019-01-25	7820	7901	7820	7902	2619	0.025567813108371196
2019-01-28	7978	7978	7914	7916	2173	0.0017717033662363324
2019-01-29	7919	7974	7905	7978	4	0.007832238504295042
2019-01-30	7984	8145	7984	8116	5475	0.017297568312860445
2019-01-31	8186	8245	8117	8121	181	0.0006160670280925817
2019-02-01	8178	8201	8150	8152	14304	0.0038172638837581374
2019-02-07	8155	8164	8102	8162	173	0.001226692836113763
2019-02-08	8002	8012	7924	7926	4503	-0.028914481744670373
2019-02-11	7933	7938	7881	7940	358	0.001766338632349207
2019-02-12	7962	8032	7962	8030	94309	0.01133501259445846
2019-02-13	8065	8065	8017	8021	69	-0.0011207970112079302
2019-02-14	7993	8060	7979	8063	9745	0.0052362548310684875
2019-02-15	8027	8036	7943	7945	8	-0.01463475133325065
2019-02-18	8017	8022	7962	7973	142	0.0035242290748898064
2019-02-19	7914	7966	7914	7968	37141	-0.0006271165182490934
2019-02-20	8012	8070	8002	8049	528	0.01016566265060237
2019-02-21	8022	8022	7989	7993	66447	-0.006957386010684519
2019-02-22	8012	8065	8012	8067	14	0.00925810083823353
2019-02-25	8088	8088	8017	8021	11	-0.005702243708937682
2019-02-26	8036	8036	7984	8012	2047	-0.0011220546066574855
2019-02-27	8079	8083	8036	8040	136	0.003494757863205189
2019-02-28	7974	7974	7896	7897	65	-0.017786069651741343
2019-03-04	7948	7966	7848	7851	35078	-0.00582499683424087
2019-03-05	7768	7787	7735	7738	371	-0.014393070946376207
2019-03-06	7735	7743	7716	7719	5	-0.0024554148358748584
2019-03-07	7797	7797	7716	7719	186	0.0
2019-03-08	7687	7687	7612	7615	169	-0.013473247830029789
2019-03-11	7583	7627	7583	7610	20960	-0.0006565988181220783
2019-03-12	7702	7731	7682	7733	56947	0.016162943495400706
2019-03-13	7653	7653	7583	7658	31838	-0.00969869390922018
2019-03-14	7672	7672	7593	7639	401	-0.002481065552363493
2019-03-15	7663	7716	7663	7719	111748	0.010472574944364377
2019-03-18	7711	7711	7682	7700	17774	-0.0024614587381784903
2019-03-19	7677	7711	7668	7714	223	0.0018181818181817189
2019-03-20	7682	7721	7622	7709	125	-0.0006481721545242847
2019-03-21	7866	7933	7866	7906	157	0.025554546633804742
2019-03-22	7974	7974	7914	7950	355	0.0055653933721224735
2019-03-25	7748	7787	7739	7756	420	-0.024402515723270457
2019-03-26	7735	7743	7697	7700	10001	-0.0072202166064981865
2019-03-27	7692	7697	7663	7686	2652378	-0.0018181818181818299
2019-03-28	7658	7663	7612	7643	109	-0.005594587561800646
2019-03-29	7641	7702	7641	7705	112	0.008111997906581125
2019-04-01	7797	7843	7797	7846	35672	0.018299805321219997
2019-04-02	7881	7919	7881	7902	4532	0.007137394850879497
2019-04-03	7901	8074	7901	8077	5020	0.022146292077954932
2019-04-04	8097	8131	8041	8077	4932	0.0
2019-04-05	8074	8079	8074	8082	534	0.0006190417234122059
2019-04-08	8136	8136	8088	8091	4	0.00111358574610243
2019-04-09	8102	8150	8079	8126	1068	0.0043257940922012406
2019-04-10	8070	8145	8070	8148	3	0.002707359094265227
2019-04-11	8140	8160	8126	8129	257	-0.0023318605792832514
2019-04-12	8093	8140	8093	8143	1335	0.0017222290564644638
2019-04-15	8164	8164	8121	8126	157	-0.0020876826722338038
2019-04-16	8145	8186	8140	8192	32428	0.008122077282795903
2019-04-17	8201	8216	8201	8211	83498	0.0023193359375
2019-04-18	8206	8206	8097	8101	13722	-0.013396663013031329
2019-04-19	8131	8160	8121	8162	381	0.007529934575978281
2019-04-22	8155	8191	8093	8143	3097	-0.0023278608184268412
2019-04-23	8140	8186	8140	8172	113	0.0035613410291046588
2019-04-24	8178	8181	8032	8067	2901	-0.01284875183553602
2019-04-25	8136	8136	8083	8091	41	0.002975083674228385
2019-04-26	8002	8012	7979	7993	299	-0.01211222345816343
2019-04-29	8071	8181	8057	8185	691	0.024021018391092275
2019-04-30	8139	8158	8057	8130	2472	-0.006719609040928498
2019-05-02	8124	8195	8124	8199	803	0.008487084870848705
2019-05-03	8143	8143	8119	8123	6	-0.009269423100378149
2019-05-07	8028	8076	8028	8078	3	-0.005539825187738545
2019-05-08	7998	8090	7998	8093	356	0.0018568952711066622
2019-05-09	8003	8003	7775	7777	326	-0.03904608921290009
2019-05-10	7784	7818	7712	7715	328	-0.007972225794008025
2019-05-13	7712	7712	7693	7695	8552	-0.0025923525599481634
2019-05-14	7627	7717	7627	7691	45211	-0.000519818063677735
2019-05-15	7698	7717	7698	7705	4235	0.0018203094526070274
2019-05-16	7703	7703	7559	7571	243	-0.017391304347826098
2019-05-17	7636	7645	7544	7548	14134	-0.003037907806102247
2019-05-20	7592	7631	7544	7548	111	0.0
2019-05-21	7568	7568	7568	7571	2	0.0030471648118706174
2019-05-22	7534	7573	7476	7561	1660	-0.0013208294809140542
2019-05-23	7501	7501	7491	7494	4	-0.008861261737865389
2019-05-24	7468	7501	7434	7437	413	-0.007606084867894269
2019-05-27	7491	7491	7491	7494	2	0.007664380798709125
2019-05-28	7468	7468	7453	7470	47	-0.0032025620496397567
2019-05-29	7419	7444	7372	7428	140	-0.005622489959839383
2019-05-30	7419	7496	7419	7499	7	0.009558427571351613
2019-05-31	7449	7481	7377	7462	1399	-0.004933991198826537
2019-06-03	7458	7592	7453	7595	1196	0.017823639774859235
2019-06-04	7554	7573	7554	7575	7	-0.0026333113890717463
2019-06-05	7573	7573	7573	7575	0	0.0
2019-06-07	7582	7622	7549	7552	5	-0.003036303630363002
2019-06-10	7653	7712	7631	7715	14432	0.021583686440677985
2019-06-11	7712	7755	7712	7757	2843	0.005443940375891021
2019-06-12	7755	7755	7708	7710	2089	-0.006059043444630707
2019-06-13	7582	7622	7539	7623	48	-0.011284046692606964
2019-06-14	7612	7612	7578	7580	7	-0.005640823822641972
2019-06-17	7563	7587	7563	7585	36	0.0006596306068602509
2019-06-18	7653	7653	7631	7633	356	0.006328279499011158
2019-06-19	7745	7760	7745	7762	27	0.01690030132320186
2019-06-20	7789	7789	7789	7791	45	0.003736150476681299
2019-06-21	7789	7789	7770	7772	33837	-0.0024387113335900823
2019-06-24	7789	7808	7784	7791	47374	0.002444673185795221
2019-06-25	7794	7841	7770	7772	22	-0.0024387113335900823
2019-06-26	7818	7880	7818	7839	21917	0.008620689655172376
2019-06-27	7918	7958	7918	7953	12829	0.014542671259089257
2019-06-28	7962	7979	7900	7983	18785	0.003772161448510003
2019-07-01	8008	8028	7966	7993	13172	0.0012526619065513778
2019-07-02	7943	7984	7943	7953	690	-0.0050043788314775295
2019-07-03	7953	7953	7846	7849	151	-0.013076826354834648
2019-07-04	7885	7928	7870	7930	169	0.010319785959994832
2019-07-05	7913	7913	7913	7915	3	-0.001891551071878994
2019-07-08	7775	7789	7760	7762	55	-0.019330385344282996
2019-07-09	7784	7818	7784	7786	50	0.0030919866013914277
2019-07-10	7808	7823	7799	7814	225	0.0035961983046493007
2019-07-11	7918	7923	7904	7920	486	0.013565395444074646
2019-07-12	7918	7918	7918	7920	0	0.0
2019-07-15	7904	7966	7904	7968	12899	0.0060606060606061
2019-07-16	7974	7974	7953	7953	17181	-0.0018825301204818956
2019-07-17	7913	7913	7909	7910	145	-0.0054067647428642784
2019-07-18	7890	7904	7885	7906	18564	-0.0005056890012642423
2019-07-19	7970	8042	7970	8045	36466	0.017581583607386708
2019-07-22	8042	8052	8032	8055	612	0.0012430080795524656
2019-07-23	8076	8095	8076	8098	264	0.005338299193047735
2019-07-24	8090	8090	8062	8064	8	-0.004198567547542553
2019-07-25	8062	8062	8037	8064	131	0.0
2019-07-26	8062	8085	8062	8088	76	0.0029761904761904656
2019-07-29	7989	7989	7918	7920	1118	-0.020771513353115778
2019-07-30	8008	8028	7979	8002	6518	0.010353535353535337
2019-07-31	7953	7962	7827	7910	11627	-0.011497125718570311
2019-08-01	7846	7918	7837	7896	601	-0.001769911504424737
2019-08-02	7779	7779	7770	7772	1439	-0.015704154002026294
2019-08-05	7649	7688	7607	7614	1073	-0.02032938754503344
2019-08-06	7400	7559	7395	7514	1654	-0.013133701076963433
2019-08-07	7486	7511	7486	7514	34	0.0
2019-08-08	7544	7573	7481	7485	469	-0.003859462336970987
2019-08-09	7539	7602	7539	7595	3322	0.014696058784235078
2019-08-12	7582	7602	7563	7600	4707	0.0006583278472680476
2019-08-13	7519	7519	7506	7509	18	-0.011973684210526359
2019-08-14	7668	7668	7645	7648	4	0.01851111998934618
2019-08-16	7511	7582	7481	7571	560	-0.010067991631799167
2019-08-19	7612	7612	7612	7614	24090	0.005679566767930355
2019-08-20	7563	7649	7563	7653	12654	0.005122143420015712
2019-08-21	7693	7727	7668	7691	23	0.004965373056317723
2019-08-22	7641	7641	7582	7585	869	-0.013782342998309716
2019-08-23	7587	7587	7587	7590	15	0.0006591957811470373
2019-08-26	7519	7519	7449	7452	64	-0.018181818181818188
2019-08-27	7516	7529	7481	7485	380	0.004428341384863144
2019-08-28	7524	7587	7524	7580	1347	0.012692050768203123
2019-08-29	7578	7578	7524	7561	243	-0.0025065963060686425
2019-08-30	7668	7755	7663	7757	13991	0.02592249702420313
2019-09-02	7678	7755	7678	7747	36	-0.0012891581797086493
2019-09-03	7732	7732	7663	7668	8	-0.01019749580482765
2019-09-04	7760	7765	7755	7757	10709	0.01160667709963481
2019-09-05	7880	7933	7850	7935	429	0.02294701559881407
2019-09-06	7923	7962	7923	7949	2119	0.0017643352236924592
2019-09-09	8013	8067	8013	8045	994	0.012076990816454858
2019-09-10	8071	8071	8071	8073	10	0.003480422622746948
2019-09-11	8124	8134	8057	8135	5114	0.00767992072339907
2019-09-16	8057	8090	8057	8093	939	-0.005162876459741894
2019-09-17	8042	8052	8042	8055	14	-0.00469541579142474
2019-09-18	8076	8143	8076	8145	111	0.011173184357541999
2019-09-19	8153	8225	8153	8223	22020	0.009576427255985287
2019-09-20	8220	8272	8220	8265	14228	0.005107624954396206
2019-09-23	8244	8282	8239	8280	154023	0.001814882032667775
2019-09-24	8262	8324	8249	8328	9543	0.005797101449275255
2019-09-25	8295	8295	8210	8214	146	-0.013688760806916389
2019-09-26	8239	8257	8239	8260	5224	0.005600194789384005
2019-09-27	8153	8153	8104	8135	280	-0.015133171912832921
2019-09-30	8119	8205	8119	8209	17382	0.009096496619545258
2019-10-01	8195	8210	8195	8214	21694	0.0006090875867950096
2019-10-02	8114	8114	8028	8031	1035	-0.022279035792549307
2019-10-04	7900	8062	7900	8036	456	0.0006225874735399373
2019-10-07	8057	8057	7979	8012	311333	-0.0029865604778497312
2019-10-08	8052	8109	8037	8113	208	0.012606090863704456
2019-10-10	8037	8037	8037	8040	18	-0.008997904597559447
2019-10-11	8119	8134	8119	8130	60	0.011194029850746245
2019-10-14	8225	8225	8158	8185	748	0.006765067650676526
2019-10-15	8181	8185	8176	8190	25	0.0006108735491752171
2019-10-16	8254	8277	8215	8260	10336	0.008547008547008517
2019-10-17	8210	8215	8185	8218	201	-0.005084745762711895
2019-10-18	8215	8215	8076	8078	45	-0.017035775127768327
2019-10-21	8109	8109	8095	8098	68	0.0024758603614756236
2019-10-22	8195	8234	8171	8237	984	0.017164732032600716
2019-10-23	8220	8220	8200	8209	63	-0.0033992958601432033
2019-10-24	8234	8244	8200	8246	751	0.00450724814228276
2019-10-25	8249	8272	8225	8275	5381	0.0035168566577734595
2019-10-28	8309	8309	8282	8309	4422	0.004108761329305155
2019-10-29	8334	8344	8282	8309	4008686	0.0
2019-10-30	8257	8262	8195	8246	5277	-0.0075821398483572056
2019-10-31	8330	8344	8282	8328	20294	0.00994421537715251
2019-11-01	8244	8368	8244	8372	3842	0.005283381364072914
2019-11-04	8412	8460	8412	8463	3537	0.010869565217391353
2019-11-05	8460	8514	8445	8516	358136	0.0062625546496515305
2019-11-06	8514	8532	8475	8481	530	-0.004109910756223578
2019-11-07	8480	8480	8417	8472	61528	-0.0010611956137247525
2019-11-08	8514	8514	8403	8415	43274	-0.006728045325779086
2019-11-11	8368	8378	8320	8348	6365630	-0.007961972667855033
2019-11-12	8373	8440	8344	8445	170135	0.011619549592716716
2019-11-13	8378	8393	8349	8387	4089	-0.006867969212551839
2019-11-14	8431	8514	8417	8516	14299	0.015380946703231091
2019-11-15	8509	8624	8509	8617	6251218	0.011860028182245186
2019-11-18	8633	8643	8581	8646	22368	0.0033654404084948464
2019-11-19	8601	8605	8551	8607	3898	-0.004510756419153328
2019-11-20	8556	8556	8465	8481	14841	-0.014639247124433652
2019-11-21	8450	8450	8287	8348	124364	-0.015682112958377514
2019-11-22	8349	8393	8340	8390	21354	0.0050311451844753385
2019-11-25	8489	8499	8455	8481	348	0.010846245530393261
2019-11-26	8480	8581	8465	8467	259758	-0.0016507487324608494
2019-11-27	8489	8532	8455	8516	73487	0.005787173733317497
2019-11-28	8514	8518	8450	8467	6659	-0.005753875058713054
2019-11-29	8426	8426	8287	8333	138481	-0.015826148576827737
2019-12-02	8349	8378	8310	8319	78322	-0.0016800672026880958
2019-12-03	8225	8277	8200	8270	645	-0.005890131025363621
2019-12-04	8210	8210	8162	8213	696	-0.0068923821039903466
2019-12-05	8267	8267	8148	8184	1761	-0.003530987458906565
2019-12-06	8244	8295	8244	8300	2803	0.014173998044965774
2019-12-09	8349	8378	8325	8372	5316	0.00867469879518068
2019-12-10	8325	8388	8320	8390	6489	0.0021500238891543066
2019-12-11	8368	8393	8335	8395	357	0.0005959475566150729
2019-12-12	8450	8561	8450	8564	11062	0.020131030375223347
2019-12-13	8677	8779	8677	8780	1810	0.025221858944418418
2019-12-16	8739	8798	8739	8775	799	-0.0005694760820045275
2019-12-17	8851	8990	8812	8993	8223	0.02484330484330477
2019-12-18	8964	9042	8942	9011	2323049	0.002001556766373813
2019-12-19	9018	9052	8964	9011	2146	0.0
2019-12-20	9029	9062	8999	9065	2508	0.005992675618688326
2019-12-23	9091	9091	9019	9050	42107	-0.001654715940430207
2019-12-24	9043	9062	8956	8978	31125	-0.007955801104972404
2019-12-26	8965	9029	8953	9030	944	0.005791935843172169
2019-12-27	9125	9231	9081	9185	6293	0.017165005537098654
2019-12-30	9169	9169	9106	9108	12377	-0.008383233532934131
2020-01-02	9139	9139	9014	9026	3603	-0.009003074220465535
2020-01-03	9139	9178	8975	9016	9194	-0.0011079104808331408
2020-01-06	8929	8953	8909	8954	56744	-0.006876663708961894
2020-01-07	8980	9048	8980	9021	1675	0.007482689300871037
2020-01-08	8999	9062	8948	9026	1335	0.0005542622769094674
2020-01-09	9159	9169	9071	9170	374484	0.01595391092399745
2020-01-10	9178	9260	9169	9262	3465	0.010032715376226742
2020-01-13	9260	9346	9212	9349	10511	0.00939321960699635
2020-01-14	9433	9462	9326	9378	5917959	0.0031019360359396675
2020-01-15	9321	9321	9255	9272	3284	-0.011303049690765676
2020-01-16	9255	9389	9246	9393	12446	0.013050043140638401
2020-01-17	9486	9486	9371	9408	44454	0.0015969338869370464
2020-01-20	9457	9514	9443	9498	69388	0.00956632653061229
2020-01-21	9486	9486	9351	9358	4144	-0.014739945251631914
2020-01-22	9336	9514	9336	9518	18694	0.01709767044240218
2020-01-23	9514	9514	9385	9422	7892	-0.010086152553057337
2020-01-28	9154	9216	9101	9157	21359	-0.028125663341116547
2020-01-29	9202	9221	9139	9185	1774	0.003057770012012684
2020-01-30	9154	9154	8965	8997	3258	-0.020468154599891153
2020-01-31	9071	9129	8894	8897	77468	-0.011114816049794363
2020-02-03	8788	8956	8744	8939	27333	0.00472069236821393
2020-02-04	8960	9125	8960	9113	11602	0.01946526457098119
2020-02-05	9202	9221	9076	9157	30845	0.004828267310435619
2020-02-06	9231	9398	9226	9403	7643	0.026864693676968532
2020-02-07	9366	9366	9246	9331	6060	-0.007657130702967141
2020-02-10	9188	9255	9154	9257	1102	-0.007930554067088202
2020-02-11	9298	9413	9298	9373	29989	0.012531057578049065
2020-02-12	9381	9438	9336	9441	3476	0.0072548810412889075
2020-02-13	9472	9554	9423	9464	41399	0.002436182607774562
2020-02-14	9428	9582	9389	9565	15986	0.010672020287404882
2020-02-17	9554	9592	9506	9595	32166	0.003136434918975528
2020-02-18	9509	9509	9381	9417	224342	-0.018551328817092205
2020-02-19	9447	9447	9307	9431	14713	0.0014866730381224436
2020-02-20	9476	9519	9331	9436	108202	0.0005301664722723309
2020-02-21	9246	9341	9246	9296	49615	-0.014836795252225476
2020-02-24	9034	9091	8938	8949	22917	-0.03732788296041312
2020-02-25	8874	9014	8874	9016	8855	0.007486870041345295
2020-02-26	8822	8914	8774	8867	24760	-0.016526175687666345
2020-02-27	8842	8869	8696	8747	8474	-0.01353332581481903
2020-02-28	8556	8614	8407	8435	82848	-0.03566937235623646
2020-03-02	8470	8601	8378	8560	3534	0.014819205690574933
2020-03-03	8735	8759	8537	8573	11780	0.0015186915887850372
2020-03-04	8514	8764	8504	8757	97271	0.02146273183249736
2020-03-05	8846	8861	8739	8847	6325	0.010277492291880685
2020-03-06	8716	8744	8614	8655	126060	-0.021702271956595465
2020-03-09	8383	8383	8181	8213	17523	-0.05106874638937031
2020-03-10	8158	8287	8143	8290	20242	0.00937538049433817
2020-03-11	8254	8262	8017	8063	21387	-0.02738238841978291
2020-03-12	7964	8002	7680	7807	38575	-0.03174996899417093
2020-03-13	7387	7747	7112	7659	63393	-0.018957345971563955
2020-03-16	7705	7705	7377	7389	45369	-0.03525264394829608
2020-03-17	7054	7444	7030	7196	119033	-0.026119907971308698
2020-03-18	7221	7313	6784	6786	11436	-0.05697609783212898
2020-03-19	6823	6823	6169	6473	21945	-0.046124373710580646
2020-03-20	6466	6813	6360	6815	10388	0.052834852464081594
2020-03-23	6360	6634	6326	6517	17331	-0.04372707263389586
2020-03-24	6707	7107	6707	7109	6875	0.09083934325609944
2020-03-25	7473	7540	7295	7533	6774	0.059642706428471026
2020-03-26	7550	7642	7395	7399	6844	-0.017788397716713145
2020-03-27	7742	7742	7362	7615	12733	0.029193134207325278
2020-03-30	7409	7613	7362	7567	3224	-0.006303348653972418
2020-03-31	7660	7796	7618	7797	24741	0.03039513677811545
2020-04-01	7734	7752	7357	7359	6971	-0.0561754520969604
2020-04-02	7357	7473	7213	7475	3334	0.015763011278706385
2020-04-03	7463	7530	7377	7462	4183	-0.0017391304347825765
2020-04-06	7530	7714	7530	7716	8147	0.034039131600107186
2020-04-07	7898	7911	7705	7856	15403	0.018144116122343235
2020-04-08	7835	7868	7738	7740	31274	-0.014765784114052938
2020-04-09	7858	7878	7772	7874	17478	0.017312661498708026
2020-04-10	7873	7916	7786	7918	17143	0.005588011176022256
2020-04-13	7903	7903	7781	7802	11516	-0.014650164182874459
2020-04-14	7883	7946	7839	7918	5150	0.014867982568572247
2020-04-16	7835	7907	7801	7879	6584	-0.004925486233897436
2020-04-17	8036	8190	8036	8117	32295	0.030206879045564072
2020-04-20	8066	8108	7968	7991	17752	-0.015522976469138805
2020-04-21	7911	7946	7772	7894	6030	-0.012138655987986469
2020-04-22	7796	7978	7724	7981	4129	0.011021028629338847
2020-04-23	7983	8061	7973	8001	2152	0.002505951635133341
2020-04-24	7951	7960	7873	7913	25765	-0.010998625171853571
2020-04-27	7941	8080	7921	8034	3144	0.015291292809301194
2020-04-28	8105	8145	8032	8113	1806	0.009833208862335185
2020-04-29	8110	8208	8095	8186	2385	0.008997904597559447
2020-05-04	8037	8037	7935	7960	6146640	-0.027608111409723968
2020-05-06	8037	8100	7960	8103	276277	0.017964824120602962
2020-05-07	8071	8125	8037	8078	209032	-0.003085277057879754
2020-05-08	8125	8203	8125	8161	325573	0.010274820500123738
2020-05-11	8188	8213	8081	8098	211354	-0.007719642200710752
2020-05-12	8105	8115	7988	8073	230884	-0.003087182020251933
2020-05-13	7945	8100	7945	8103	286467	0.00371609067261236
2020-05-14	7993	8022	7950	7990	317320	-0.013945452301616701
2020-05-15	8037	8037	7935	8010	274991	0.0025031289111390187
2020-05-18	7978	8052	7950	8024	298375	0.001747815230961347
2020-05-19	8198	8233	8150	8235	6432786	0.026296111665004895
2020-05-20	8188	8291	8174	8294	259376	0.0071645415907710674
2020-05-21	8369	8374	8291	8318	282700	0.0028936580660718914
2020-05-22	8320	8320	8140	8196	10514845	-0.014666987256552022
2020-05-25	8238	8286	8165	8289	268048	0.011346998535871178
2020-05-26	8281	8399	8266	8401	332227	0.013511883218723542
2020-05-27	8335	8413	8300	8352	290850	-0.005832638971550952
2020-05-28	8472	8507	8320	8469	325996	0.014008620689655249
2020-05-29	8403	8447	8305	8391	295255	-0.00921006021962456
2020-06-01	8344	8609	8344	8601	410643	0.025026814444047085
2020-06-02	8605	8663	8595	8665	290406	0.00744099523311248
2020-06-03	8741	9093	8741	9046	347926	0.04396999422965964
2020-06-04	9162	9288	9005	9120	310875	0.008180411231483609
2020-06-05	9088	9293	9088	9296	316211	0.019298245614035148
2020-06-08	9479	9479	9288	9331	59206	0.003765060240963791
2020-06-09	9342	9415	9191	9321	22701	-0.0010716964955524988
2020-06-10	9293	9357	9260	9359	49092	0.004076815792297017
2020-06-11	9312	9391	9147	9374	10478	0.0016027353349716833
2020-06-12	8830	9118	8830	9120	20883	-0.027096223597183666
2020-06-15	8970	9088	8595	8596	27314	-0.057456140350877205
2020-06-16	8845	9142	8845	9144	12994	0.0637505816658912
2020-06-17	9123	9201	9005	9193	9448	0.00535870516185466
2020-06-18	9177	9288	9078	9291	3489	0.010660284999456149
2020-06-19	9201	9225	9015	9228	9941	-0.006780755569906316
2020-06-22	9137	9317	9137	9296	14383	0.007368877329865686
2020-06-23	9367	9533	9307	9404	37350	0.011617900172117057
2020-06-24	9455	9582	9440	9565	13991	0.017120374308804864
2020-06-25	9382	9484	9332	9336	18091	-0.023941453214845754
2020-06-26	9484	9484	9293	9409	11301	0.007819194515852557
2020-06-29	9317	9410	9230	9261	9651	-0.015729620576044212
2020-06-30	9445	9445	9327	9331	12425	0.0075585789871503994
2020-07-01	9435	9455	9255	9306	7534	-0.0026792412388811915
2020-07-02	9352	9479	9337	9481	14061	0.01880507199656134
2020-07-03	9513	9562	9474	9565	12155	0.008859824912983871
2020-07-06	9607	9725	9602	9701	36955	0.01421850496602195
2020-07-07	9813	9813	9607	9623	46572	-0.008040408205339689
2020-07-08	9587	9665	9538	9604	12252	-0.001974436246492739
2020-07-09	9670	9788	9670	9751	83782	0.015306122448979664
2020-07-10	9798	9871	9660	9761	201589	0.001025535842477776
2020-07-13	9832	9866	9730	9858	79233	0.009937506403032481
2020-07-14	9768	9803	9685	9766	91447	-0.00933252180969768
2020-07-15	9861	9906	9758	9818	130710	0.00532459553553144
2020-07-16	9798	9798	9572	9613	64080	-0.02088001629659808
2020-07-17	9602	9738	9592	9726	110717	0.011754915218974205
2020-07-20	9783	9783	9562	9589	164382	-0.014085955171704745
2020-07-21	9738	9793	9715	9771	411759	0.018980081343205724
2020-07-22	9730	9748	9641	9721	347755	-0.005117183502200362
2020-07-23	9734	9743	9670	9746	405252	0.0025717518773789028
2020-07-24	9641	9738	9617	9677	485041	-0.007079827621588319
2020-07-27	9650	9758	9650	9741	422980	0.006613619923530045
2020-07-28	9881	9968	9856	9960	791565	0.022482291345857774
2020-07-29	9973	10012	9876	9955	620802	-0.0005020080321285203
2020-07-30	10008	10023	9945	9975	699645	0.002009040683073726
2020-07-31	10062	10111	9989	10053	416337	0.007819548872180393
2020-08-03	10028	10214	10008	10215	591921	0.01611459265890769
2020-08-04	10287	10355	10209	10269	787424	0.00528634361233471
2020-08-05	10263	10424	10239	10426	598880	0.015288733080144112
2020-08-06	10424	10601	10424	10577	1016014	0.014483023211202761
2020-08-07	10614	10718	10566	10690	615993	0.010683558665027793
2020-08-10	10664	10767	10571	10739	828212	0.0045837231057062056
2020-08-11	10767	10904	10742	10881	1106846	0.013222832665983786
2020-08-12	10786	10850	10689	10798	1193974	-0.007627975369910889
2020-08-13	10889	10957	10689	10822	1163932	0.0022226338210780128
2020-08-14	10723	10747	10556	10632	709917	-0.017556828682313785
2020-08-18	10629	10772	10468	10529	697864	-0.009687735139202402
2020-08-19	10639	10639	10473	10509	1218079	-0.0018995156235159794
2020-08-20	10424	10507	10111	10146	691716	-0.034541821296032005
2020-08-21	10287	10473	10209	10352	552819	0.02030356790853549
2020-08-24	10370	10531	10263	10519	786111	0.016132148377125288
2020-08-25	10586	10614	10507	10607	1439517	0.008365814240897329
2020-08-26	10629	10826	10605	10798	783984	0.018006976524936436
2020-08-27	10865	10944	10816	10832	972188	0.0031487312465270367
2020-08-28	10884	10894	10752	10803	1446564	-0.002677252584933565
2020-08-31	10894	10939	10536	10559	823007	-0.02258631861519944
2020-09-01	10566	10684	10521	10612	556620	0.005019414717302828
2020-09-02	10674	10703	10556	10670	394230	0.005465510742555635
2020-09-03	10762	10874	10762	10876	460933	0.019306466729147154
2020-09-04	10488	10684	10483	10651	537285	-0.020687752850312657
2020-09-07	10654	10654	10507	10587	506758	-0.006008825462397893
2020-09-08	10649	10718	10521	10720	2285512	0.01256257674506478
2020-09-09	10507	10601	10507	10519	859522	-0.018750000000000044
2020-09-10	10684	10684	10546	10617	644407	0.009316474950090248
2020-09-11	10571	10605	10493	10607	699550	-0.0009418856550814647
2020-09-14	10669	10727	10591	10730	646067	0.011596115772603
2020-09-15	10786	10884	10742	10886	946881	0.014538676607642076
2020-09-16	10894	10899	10757	10798	1083048	-0.008083777328679043
2020-09-17	10777	10777	10571	10617	1357779	-0.016762363400629754
2020-09-18	10684	10703	10614	10675	747793	0.0054629367994725175
2020-09-21	10644	10703	10478	10529	329387	-0.013676814988290431
2020-09-22	10526	10571	10239	10308	371808	-0.020989647639851783
2020-09-23	10448	10448	10101	10416	372608	0.010477299185098987
2020-09-24	10189	10317	10136	10166	496977	-0.02400153609831024
2020-09-25	10263	10268	10111	10201	299408	0.003442848711390889
2020-09-28	10341	10341	10209	10318	136913	0.011469463778061018
2020-09-29	10463	10463	10365	10421	124872	0.009982554758674267
2020-10-05	10409	10498	10341	10489	88117	0.006525285481239873
2020-10-06	10512	10571	10493	10549	149308	0.005720278386881494
2020-10-07	10503	10610	10443	10612	93018	0.005972130059721303
2020-10-08	10669	10698	10586	10607	115003	-0.0004711647191858459
2020-10-12	10654	10664	10591	10632	74878	0.0023569341001226096
2020-10-13	10698	10698	10551	10656	100386	0.0022573363431150906
2020-10-14	10654	10659	10521	10567	143948	-0.008352102102102132
2020-10-15	10566	10566	10414	10479	133586	-0.008327813002744433
2020-10-16	10458	10503	10321	10396	112750	-0.00792060311098386
2020-10-19	10394	10468	10316	10333	61855	-0.006060023085802224
2020-10-20	10263	10375	10184	10372	115849	0.003774315300493658
2020-10-21	10394	10424	10326	10377	49535	0.0004820671037408797
2020-10-22	10321	10326	10224	10289	53751	-0.008480292955574842
2020-10-23	10341	10341	10204	10279	68806	-0.0009719117504131125
2020-10-26	10307	10321	10204	10239	48091	-0.003891429127346968
2020-10-27	10174	10302	10146	10220	55120	-0.0018556499658169967
2020-10-28	10229	10317	10156	10318	51970	0.009589041095890316
2020-10-29	10194	10302	10146	10294	86004	-0.002326032176778403
2020-10-30	10244	10244	10003	10009	72041	-0.027686030697493647
2020-11-02	10008	10091	9930	10078	74181	0.006893795583974516
2020-11-03	10121	10287	10106	10289	46058	0.02093669378845009
2020-11-04	10376	10522	10292	10489	109496	0.01943823500826114
2020-11-05	10547	10709	10532	10705	212931	0.02059300219277338
2020-11-06	10778	10905	10773	10852	451484	0.013731900980850087
2020-11-09	10915	11013	10890	10955	668296	0.009491338002211469
2020-11-10	10856	10856	10709	10774	2964063	-0.01652213601095387
2020-11-11	10763	10875	10738	10847	203795	0.006775570818637444
2020-11-12	10885	10895	10817	10857	187458	0.0009219138932423654
2020-11-13	10763	11013	10763	11013	282264	0.014368610113290936
2020-11-16	11023	11169	11008	11156	1029270	0.012984654499228254
2020-11-17	11169	11218	11121	11166	638233	0.0008963786303335386
2020-11-18	11204	11248	11165	11224	371436	0.005194339960594707
2020-11-19	11213	11287	11194	11288	396025	0.005702066999287325
2020-11-20	11273	11306	11213	11283	568542	-0.00044294826364277284
2020-11-23	11297	11542	11297	11543	806097	0.023043516795178576
2020-11-24	11561	11689	11542	11661	750800	0.010222645759334625
2020-11-25	11719	11845	11537	11611	870690	-0.004287796929937415
2020-11-26	11630	11821	11561	11822	1005008	0.01817242270260966
2020-11-27	11787	11826	11747	11827	713513	0.00042294028083245117
2020-11-30	11855	11855	11704	11704	761246	-0.0103999323581635
2020-12-01	11747	11919	11747	11915	603235	0.01802802460697195
2020-12-02	11953	12198	11953	12200	1161129	0.023919429290809813
2020-12-03	12208	12326	12193	12327	1267589	0.010409836065573774
2020-12-04	12384	12732	12321	12650	1776705	0.026202644601281744
2020-12-07	12757	12791	12571	12763	1878158	0.008932806324110754
2020-12-08	12713	12717	12384	12400	1829270	-0.028441588968110998
2020-12-09	12443	12717	12433	12719	1453669	0.02572580645161282
2020-12-10	12502	12708	12453	12552	1777324	-0.013129963047409432
2020-12-11	12713	12732	12551	12576	890166	0.0019120458891013214
2020-12-14	12604	12693	12526	12576	807216	0.0
2020-12-15	12591	12609	12424	12576	791611	0.0
2020-12-16	12639	12674	12556	12611	581251	0.002783078880407075
2020-12-17	12609	12624	12473	12626	754056	0.001189437792403547
2020-12-18	12629	12629	12512	12566	611338	-0.004752098843655905
2020-12-21	12536	12571	12438	12571	523943	0.00039789909278997726
2020-12-22	12507	12556	12380	12390	643459	-0.014398218121072337
2020-12-23	12389	12541	12345	12538	398142	0.011945117029862784
2020-12-24	12566	12757	12541	12738	605589	0.015951507417450994
2020-12-28	12781	12830	12629	12689	653598	-0.0038467577327681024
2020-12-29	12855	13002	12835	13002	1466878	0.02466703443927809
2020-12-30	13002	13305	12929	13307	2841358	0.02345792954930004
2021-01-04	13315	13884	13300	13884	3152857	0.043360637258585744
2021-01-05	13781	14031	13732	14032	2044119	0.010659752232786035
2021-01-06	14070	14252	13849	13909	2095113	-0.008765678449258796
2021-01-07	14011	14340	13977	14232	1503361	0.023222374002444424
2021-01-08	14369	15236	14364	15237	3306884	0.07061551433389535
2021-01-11	15417	15971	14991	15315	6672190	0.0051191179366016915
2021-01-12	15167	15295	14599	15139	3214906	-0.011492001305909216
2021-01-13	14991	15314	14942	15256	2694827	0.007728383644890702
2021-01-14	15104	15221	14986	15051	2760169	-0.013437336130047162
2021-01-15	15089	15265	14613	14625	2189028	-0.0283037671915487
2021-01-18	14374	14692	14320	14335	1729360	-0.019829059829059803
2021-01-19	14378	14863	14354	14796	1452403	0.03215905127310781
2021-01-20	14966	15059	14673	14806	1276597	0.0006758583400918727
2021-01-21	14913	15026	14829	15006	850075	0.013508037282182972
2021-01-22	15049	15162	14923	15006	1317902	0.0
2021-01-25	15021	15339	14991	15340	1430026	0.022257763561242205
2021-01-26	15344	15344	14903	15041	2591587	-0.019491525423728784
2021-01-27	14991	15128	14810	14835	1495435	-0.013695897879130392
2021-01-28	14447	14800	14403	14688	1235545	-0.009908998988877649
2021-01-29	14834	14854	14237	14306	1081610	-0.026007625272331136
2021-02-01	14237	14726	14119	14728	846773	0.02949811267999447
2021-02-02	14888	15124	14780	14948	1110733	0.014937533948940818
2021-02-03	15104	15138	14893	15129	933893	0.01210864329676209
2021-02-04	15049	15054	14726	14850	947693	-0.01844140392623439
2021-02-05	14991	15044	14810	15041	940449	0.012861952861952908
2021-02-08	14971	15001	14785	14786	883398	-0.01695365999601095
2021-02-09	14863	15006	14736	14742	764509	-0.0029757879074800986
2021-02-10	14785	14873	14618	14865	556608	0.008343508343508388
2021-02-15	15031	15285	15001	15276	1916169	0.027648839556003946
2021-02-16	15290	15417	15226	15325	2097547	0.003207645980623175
2021-02-17	15299	15299	15021	15114	1597802	-0.013768352365415959
2021-02-18	15044	15138	14829	14840	1400581	-0.01812888712452032
2021-02-19	14839	15059	14711	15061	1147205	0.014892183288409688
2021-02-22	15133	15167	14829	14870	738989	-0.012681760839253653
2021-02-23	14638	14888	14516	14776	797606	-0.006321452589105547
2021-02-24	14736	14942	14413	14433	781725	-0.023213318895506263
2021-02-25	14721	15089	14668	15090	689282	0.045520681770941485
2021-02-26	14663	14766	14403	14575	1527848	-0.034128561961564
2021-03-02	14844	15079	14633	14835	998540	0.017838765008576285
2021-03-03	14716	14966	14668	14968	417338	0.008965284799460793
2021-03-04	14780	14893	14608	14737	531662	-0.015432923570283252
2021-03-05	14482	14678	14335	14605	753658	-0.008957046888783293
2021-03-08	14706	14726	14300	14335	727655	-0.01848681958233478
2021-03-09	14182	14232	13869	14184	546771	-0.01053365887687474
2021-03-10	14398	14516	14129	14194	338663	0.0007050197405527037
2021-03-11	14227	14599	14227	14541	436641	0.024446949415245944
2021-03-12	14726	14824	14658	14776	579348	0.01616119936730631
2021-03-15	14785	14785	14599	14620	265816	-0.010557661072008617
2021-03-16	14653	14678	14555	14663	317891	0.002941176470588225
2021-03-17	14673	14678	14383	14492	537198	-0.011662006410693593
2021-03-18	14618	14834	14618	14708	640718	0.014904775048302454
2021-03-19	14452	14570	14403	14487	419497	-0.015025836279575766
2021-03-22	14486	14511	14320	14389	415707	-0.006764685580175289
2021-03-23	14486	14501	14158	14159	538371	-0.015984432552644368
2021-03-24	14075	14168	14006	14164	383937	0.00035313228335343005
2021-03-25	14134	14202	14041	14125	363868	-0.0027534594747246066
2021-03-26	14163	14217	14060	14217	282971	0.006513274336283237
2021-03-29	14315	14325	14124	14149	226190	-0.004783006260111189
2021-03-30	14168	14374	14153	14345	287890	0.013852569086154398
2021-03-31	14418	14457	14261	14262	311522	-0.005785988149180854
2021-04-01	14432	14501	14383	14502	330725	0.016827934371056008
2021-04-02	14565	14756	14565	14728	786666	0.015584057371397009
2021-04-05	14776	14785	14618	14698	358678	-0.002036936447582849
2021-04-06	14795	14829	14668	14776	385206	0.0053068444686352745
2021-04-07	14785	14839	14692	14776	376375	0.0
2021-04-08	14776	14819	14688	14820	299915	0.002977801840822858
2021-04-09	14824	14868	14678	14718	456337	-0.006882591093117396
2021-04-12	14810	14810	14580	14630	462636	-0.005979073243647215
2021-04-13	14628	14883	14608	14845	586712	0.014695830485304207
2021-04-14	14903	14971	14859	14953	615740	0.007275176827214569
2021-04-15	14971	15054	14932	15001	745139	0.003210058182304465
2021-04-16	15031	15059	14932	14987	341041	-0.0009332711152589823
2021-04-19	14986	15006	14883	14908	435034	-0.005271235070394287
2021-04-20	14878	14927	14844	14928	427575	0.0013415615776763978
2021-04-21	14849	14849	14550	14570	958460	-0.02398177920685962
2021-04-22	14628	14658	14530	14532	459123	-0.002608098833218997
2021-04-23	14447	14565	14315	14565	499891	0.0022708505367465825
2021-04-26	14520	14550	14418	14551	381195	-0.0009612083762444712
2021-04-27	14555	14618	14506	14580	266875	0.001992990172496656
2021-04-28	14585	14585	14340	14375	465101	-0.014060356652949246
2021-04-29	14448	14478	14290	14355	328971	-0.0013913043478260834
2021-04-30	14335	14335	14063	14142	553709	-0.014838035527690696
2021-05-03	14137	14315	14048	14132	300556	-0.0007071135624381331
2021-05-04	14117	14315	14018	14315	315163	0.012949334842909721
2021-05-06	14196	14221	14097	14197	397126	-0.008243101641634665
2021-05-07	14181	14300	14137	14231	225148	0.002394872156089356
2021-05-10	14335	14453	14251	14424	315641	0.013561942238774494
2021-05-11	14275	14305	14003	14068	550386	-0.02468108707709371
2021-05-12	14048	14068	13722	13796	635711	-0.019334660221779876
2021-05-13	13514	13657	13484	13569	732994	-0.01645404465062339
2021-05-14	13633	13781	13618	13742	363889	0.012749649937357166
2021-05-17	13830	13865	13613	13692	310757	-0.003638480570513747
2021-05-18	13712	13895	13672	13865	273328	0.012635115395851493
2021-05-20	13860	13974	13835	13920	186806	0.0039668229354490325
2021-05-21	14033	14181	13969	14073	504135	0.010991379310344884
2021-05-24	14003	14038	13865	13915	221348	-0.011227172600014157
2021-05-25	13964	14038	13919	14038	210915	0.008839381961911696
2021-05-26	14053	14073	13929	13979	261132	-0.004202877902835134
2021-05-27	13959	14003	13766	13959	304083	-0.0014307175048287046
2021-05-28	13989	14102	13949	14053	236660	0.006734006734006703
2021-05-31	14073	14117	13998	14118	235029	0.0046253469010175685
2021-06-01	14117	14255	14082	14197	347582	0.005595693440997307
2021-06-02	14236	14275	14078	14078	215330	-0.008382052546312635
2021-06-03	14117	14325	14117	14276	302927	0.014064497797982689
2021-06-04	14167	14216	14068	14207	275027	-0.004833286634911782
2021-06-07	14300	14364	14167	14251	257804	0.0030970648271979595
2021-06-08	14231	14290	14167	14216	235861	-0.0024559680022454566
2021-06-09	14201	14206	14058	14058	249382	-0.01111423747889706
2021-06-10	14097	14206	14082	14182	183089	0.00882060036989607
2021-06-11	14246	14384	14246	14365	345469	0.012903680722041955
2021-06-14	14389	14473	14349	14473	494416	0.007518273581621937
2021-06-15	14503	14547	14443	14533	436441	0.004145650521661048
2021-06-16	14532	14577	14473	14558	398071	0.0017202229408932457
2021-06-17	14498	14557	14429	14528	217706	-0.0020607226267344014
2021-06-18	14577	14690	14572	14622	572461	0.006470264317180563
2021-06-21	14498	14602	14443	14572	383467	-0.0034195048556968644
2021-06-22	14611	14671	14587	14642	303602	0.004803733186933945
2021-06-23	14700	14938	14695	14913	1491202	0.018508400491736188
2021-06-24	14952	15061	14839	14869	969052	-0.0029504459196674215
2021-06-25	14957	14972	14824	14894	320485	0.0016813504606900675
2021-06-28	14893	14893	14765	14824	297825	-0.004699879145964814
2021-06-29	14849	14888	14760	14829	407280	0.000337290879654617
2021-06-30	14873	15022	14873	14983	564407	0.01038505630858455
2021-07-01	14967	14967	14863	14899	306222	-0.005606353867716796
2021-07-02	14873	14898	14824	14849	185170	-0.003355929928183121
2021-07-05	14868	14918	14829	14864	268883	0.001010169034951769
2021-07-06	14883	14948	14873	14913	257717	0.0032965554359525306
2021-07-07	14952	14952	14873	14933	235420	0.0013411117816670703
2021-07-08	14943	15002	14829	14849	340832	-0.005625125560838384
2021-07-09	14735	14735	14508	14666	512494	-0.01232406222641258
2021-07-12	14735	14789	14705	14765	286941	0.0067503068321286275
2021-07-13	14819	14923	14799	14923	337016	0.01070098205215042
2021-07-14	14893	14928	14839	14928	294058	0.00033505327347049807
2021-07-15	14928	14962	14844	14958	313817	0.002009646302250756
2021-07-16	14898	14898	14799	14874	253461	-0.005615724027276392
2021-07-19	14695	14730	14641	14681	284285	-0.012975662229393614
2021-07-20	14547	14646	14537	14647	362703	-0.0023159185341598
2021-07-21	14740	14755	14438	14473	421761	-0.011879565781388712
2021-07-22	14522	14686	14517	14686	306410	0.0147170593518966
2021-07-23	14720	14779	14651	14711	190734	0.0017023015116437445
2021-07-26	14799	14814	14592	14632	177497	-0.005370131194344374
2021-07-27	14681	14745	14646	14647	205670	0.001025150355385529
2021-07-28	14577	14646	14498	14582	296602	-0.004437768826380806
2021-07-29	14626	14666	14547	14582	144428	0.0
2021-07-30	14582	14582	14419	14439	318136	-0.009806610890138567
2021-08-02	14473	14602	14414	14602	279275	0.011288870420389285
2021-08-03	14616	14671	14572	14671	185085	0.00472538008491985
2021-08-04	14735	14898	14686	14859	414385	0.012814395746711282
2021-08-05	14888	14952	14829	14899	516718	0.0026919711959081383
2021-08-06	14903	14903	14755	14800	195587	-0.006644741257802567
2021-08-09	14750	14789	14676	14780	233821	-0.0013513513513513375
2021-08-10	14784	14799	14606	14681	183512	-0.00669824086603521
2021-08-11	14606	14616	14463	14508	329912	-0.01178393842381309
2021-08-12	14478	14508	14379	14434	361767	-0.00510063413289219
2021-08-13	14399	14399	14191	14300	378828	-0.00928363585977554
2021-08-17	14236	14295	14043	14098	298792	-0.014125874125874072
2021-08-18	14097	14246	14008	14202	188666	0.007376932898283339
2021-08-19	14117	14196	13979	14014	252304	-0.01323757217293342
2021-08-20	14063	14078	13806	13885	221355	-0.009205080633652107
2021-08-23	13929	14043	13850	13974	161143	0.006409794742527897
2021-08-24	14048	14167	14003	14123	213268	0.010662659224273563
2021-08-25	14157	14216	14018	14147	127508	0.0016993556609785632
2021-08-26	14167	14206	13979	14029	141488	-0.0083409910228317
2021-08-27	13934	14013	13845	13989	104788	-0.0028512367239289516
2021-08-30	14157	14162	13998	14029	152985	0.0028593895203374853
2021-08-31	14063	14330	13994	14330	258166	0.021455556347565796
2021-09-01	14330	14414	14255	14350	285817	0.0013956734124214165
2021-09-02	14340	14364	14147	14202	179072	-0.010313588850174193
2021-09-03	14246	14335	14201	14310	111357	0.0076045627376426506
2021-09-06	14335	14374	14285	14365	169812	0.0038434661076169885
2021-09-07	14389	14389	14255	14310	109036	-0.0038287504350852375
2021-09-08	14216	14216	13954	14038	544303	-0.019007686932215218
2021-09-09	13885	13914	13662	13692	513973	-0.024647385667474042
2021-09-10	13677	13801	13638	13737	332300	0.0032865907099035585
2021-09-13	13657	13776	13583	13717	176065	-0.001455921962582818
2021-09-14	13751	13825	13662	13762	255206	0.003280600714441917
2021-09-15	13741	13786	13677	13752	178979	-0.0007266385699753464
2021-09-16	13766	13766	13549	13589	497624	-0.0118528214077952
2021-09-17	13588	13677	13514	13678	472898	0.006549414967988776
2021-09-23	13593	13692	13568	13692	418102	0.0010235414534287557
2021-09-24	13732	13741	13623	13668	444252	-0.0017528483786152238
2021-09-27	13667	13717	13613	13678	583643	0.0007316359379572202
2021-09-28	13667	13667	13410	13445	445067	-0.01703465418920891
2021-09-29	13153	13311	13104	13248	1040936	-0.014652287095574534
2021-09-30	13188	13361	13119	13346	353246	0.007397342995169032
2021-10-01	13232	13287	13039	13070	403753	-0.020680353664019213
2021-10-05	12911	12911	12614	12684	677108	-0.029533282325937216
2021-10-06	12753	12886	12580	12585	388220	-0.007805108798486282
2021-10-07	12674	12802	12654	12763	260483	0.01414382201032982
2021-10-08	12896	12931	12782	12857	281825	0.007365039567499787
2021-10-12	12768	12812	12535	12595	393760	-0.02037800420004665
2021-10-13	12575	12782	12545	12729	235253	0.010639142516871702
2021-10-14	12852	13020	12847	13020	218811	0.02286118312514729
2021-10-15	13109	13163	13054	13134	224414	0.008755760368663656
2021-10-18	13178	13178	12995	13075	192828	-0.0044921577584894345
2021-10-19	13143	13247	13119	13228	230427	0.011701720841300167
2021-10-20	13326	13376	13237	13248	204272	0.001511944360447437
2021-10-21	13232	13252	13119	13134	233043	-0.008605072463768071
2021-10-22	13104	13242	13079	13183	277357	0.003730775087559035
2021-10-25	13163	13262	13054	13198	229653	0.0011378290222257004
2021-10-26	13316	13445	13306	13416	284040	0.016517654190028708
2021-10-27	13445	13445	13316	13391	221997	-0.0018634466308884434
2021-10-28	13390	13554	13361	13475	417348	0.006272869837950834
2021-10-29	13504	13534	13188	13218	341641	-0.019072356215213304
2021-11-01	13252	13316	13203	13233	331678	0.0011348161597821704
2021-11-02	13316	13529	13316	13411	236364	0.01345122043376401
2021-11-03	13460	13460	13158	13198	278698	-0.015882484527626528
2021-11-04	13336	13465	13326	13381	239423	0.013865737232914066
2021-11-05	13484	13509	13257	13371	285722	-0.0007473283013227361
2021-11-08	13366	13366	13128	13267	286273	-0.0077780270735172685
2021-11-09	13267	13381	13227	13322	412414	0.004145624481797006
2021-11-10	13277	13331	13178	13248	157413	-0.005554721513286287
2021-11-11	13109	13188	13074	13188	190322	-0.004528985507246341
2021-11-12	13297	13356	13247	13292	289530	0.007885956930542948
2021-11-15	13420	13534	13381	13505	268469	0.016024676497141233
2021-11-16	13504	13539	13420	13445	207343	-0.004442798963346872
2021-11-17	13470	13479	13262	13297	158072	-0.011007809594644868
2021-11-18	13297	13341	13217	13282	183092	-0.0011280740016544888
2021-11-19	13282	13381	13282	13376	210122	0.007077247402499598
2021-11-22	13484	13796	13474	13772	550472	0.02960526315789469
2021-11-23	13766	13766	13549	13574	267555	-0.014376996805111841
2021-11-24	13628	13657	13435	13515	249979	-0.004346544865183488
2021-11-25	13544	13559	13386	13430	133699	-0.0062893081761006275
2021-11-26	13376	13430	13163	13277	229362	-0.011392405063291089
2021-11-29	13010	13222	13010	13154	215647	-0.009264140995706827
2021-11-30	13242	13267	12792	12902	366139	-0.019157670670518434
2021-12-01	12955	13257	12901	13248	276179	0.026817547667028263
2021-12-02	13119	13410	13119	13411	446928	0.012303743961352698
2021-12-03	13371	13450	13227	13426	226425	0.0011184848258891655
2021-12-06	13306	13425	13222	13416	169415	-0.0007448234768360207
2021-12-07	13415	13465	13311	13440	210800	0.0017889087656528524
2021-12-08	13583	13702	13524	13524	273303	0.006250000000000089
2021-12-09	13563	13667	13539	13668	221256	0.010647737355811815
2021-12-10	13524	13568	13489	13544	193219	-0.009072285630670196
2021-12-13	13588	13722	13504	13515	218958	-0.002141169521559405
2021-12-14	13415	13450	13336	13396	135817	-0.008805031446540879
2021-12-15	13321	13415	13297	13416	129648	0.0014929829799941174
2021-12-16	13544	13583	13410	13475	139038	0.004397734048896762
2021-12-17	13316	13440	13316	13411	142588	-0.004749536178107583
2021-12-20	13366	13366	13089	13099	235725	-0.023264484378495265
2021-12-21	13178	13237	13109	13218	159197	0.009084662951370337
2021-12-22	13282	13351	13217	13238	247992	0.0015130882130427459
2021-12-23	13311	13336	13257	13312	87668	0.0055899682731530564
2021-12-24	13346	13504	13346	13450	187143	0.010366586538461453
2021-12-27	13450	13450	13346	13371	153673	-0.005873605947955385
2021-12-28	13371	13450	13287	13435	232791	0.004786478199087618
2021-12-29	13529	13563	13415	13426	300676	-0.0006698920729437674
2021-12-30	13474	13529	13361	13361	229620	-0.004841352599433968
2022-01-03	13484	13549	13346	13346	187658	-0.0011226704587979919
2022-01-04	13390	13430	13311	13361	220957	0.0011239322643488148
2022-01-05	13361	13361	13049	13188	425505	-0.012948132624803543
2022-01-06	13025	13124	12975	13030	372699	-0.011980588413709414
2022-01-07	13084	13208	13084	13149	168615	0.009132770529547196
2022-01-10	13148	13148	12901	13020	242254	-0.009810631987223317
2022-01-11	13064	13203	13064	13183	148832	0.012519201228878618
2022-01-12	13287	13430	13287	13426	164607	0.018432830160054703
2022-01-13	13445	13445	13316	13342	72997	-0.006256517205422307
2022-01-14	13232	13232	13020	13094	158951	-0.018587917853395308
2022-01-17	13044	13069	12871	12981	209611	-0.008629906827554601
2022-01-18	13005	13039	12876	12907	115917	-0.0057006393960403745
2022-01-19	12782	12901	12718	12803	206455	-0.008057643139381732
2022-01-20	12723	12891	12659	12892	185031	0.006951495743185099
2022-01-21	12763	12782	12609	12694	290083	-0.015358361774744034
2022-01-24	12624	12669	12496	12585	220466	-0.008586733890026732
2022-01-25	12525	12535	12165	12279	468819	-0.02431466030989271
2022-01-26	12303	12347	12194	12259	518020	-0.0016287971333170947
2022-01-27	12214	12273	11779	11809	398427	-0.036707724936781094
2022-01-28	11819	12169	11784	12155	375899	0.029299686679651105
2022-02-03	12441	12501	12343	12353	258069	0.016289592760180938
2022-02-04	12377	12491	12338	12437	233783	0.006799967619201874
2022-02-07	12422	12422	12125	12259	167005	-0.014312133151081485
2022-02-08	12303	12352	12140	12234	131795	-0.002039318052043382
2022-02-09	12328	12367	12288	12358	98272	0.010135687428477924
2022-02-10	12456	12595	12446	12590	197098	0.018773264282246238
2022-02-11	12431	12590	12417	12521	275133	-0.005480540111199361
2022-02-14	12377	12431	12234	12313	186410	-0.016612091685967556
2022-02-15	12328	12362	12169	12229	278531	-0.006822057987492913
2022-02-16	12456	12491	12407	12462	115611	0.019053070569956754
2022-02-17	12511	12634	12407	12565	354869	0.00826512598298823
2022-02-18	12412	12466	12333	12437	268218	-0.010187027457222442
2022-02-21	12224	12422	12135	12417	290709	-0.0016081048484360982
2022-02-22	12160	12249	12130	12234	209652	-0.014737859386325214
2022-02-23	12288	12333	12135	12214	229212	-0.0016347882949158121
2022-02-24	12031	12031	11739	11770	563449	-0.03635172752579008
2022-02-25	11947	11987	11838	11938	371787	0.014273576890399431
2022-02-28	11838	12026	11794	12027	374708	0.007455185123136143
2022-03-02	12016	12026	11898	11957	169403	-0.00582023779828722
2022-03-03	12085	12239	12085	12239	145685	0.023584511165007926
2022-03-04	12140	12145	11912	11928	240108	-0.025410572759212324
2022-03-07	11641	11670	11522	11582	337383	-0.02900737759892691
2022-03-08	11344	11566	11334	11468	336122	-0.009842859609739296
2022-03-10	11700	11819	11695	11794	298250	0.028426927101499855
2022-03-11	11744	11744	11547	11631	346979	-0.013820586739019869
2022-03-14	11616	11665	11557	11651	284831	0.001719542601668067
2022-03-15	11566	11611	11487	11517	196651	-0.011501158698824177
2022-03-16	11695	11710	11552	11710	188436	0.01675783624207683
2022-03-17	11952	12130	11952	12056	530964	0.029547395388556774
2022-03-18	12081	12090	11977	12081	147292	0.0020736562707366346
2022-03-21	12090	12120	11873	11908	223815	-0.014320006621968417
2022-03-22	11873	11972	11858	11972	252200	0.005374538125629824
2022-03-23	12061	12120	12006	12076	2434332	0.008686936184430394
2022-03-24	11982	12026	11903	12027	120019	-0.004057634978469671
2022-03-25	12110	12110	11922	11992	2841259	-0.00291011889914361
2022-03-28	11883	11952	11784	11928	2870037	-0.005336891260840582
2022-03-29	12016	12056	11947	12002	2922205	0.006203890006706958
2022-03-30	12179	12209	12120	12155	254958	0.012747875354107707
2022-03-31	12125	12199	12090	12190	156265	0.002879473467708671
2022-04-01	12115	12115	12006	12032	165156	-0.012961443806398742
2022-04-04	11972	12071	11893	12071	266848	0.003241356382978733
2022-04-05	12140	12165	12071	12140	291705	0.00571617927263679
2022-04-06	11992	12026	11947	11977	215779	-0.013426688632619421
2022-04-07	11868	11868	11734	11794	222696	-0.015279285296818879
2022-04-08	11789	11828	11646	11735	156766	-0.005002543666270953
2022-04-11	11655	11730	11601	11681	268833	-0.004601619088197673
2022-04-12	11542	11626	11507	11567	245652	-0.009759438404246201
2022-04-13	11591	11774	11591	11775	197539	0.017982190714965096
2022-04-14	11784	11784	11650	11700	164183	-0.006369426751592355
2022-04-15	11586	11596	11482	11532	255402	-0.014358974358974375
2022-04-18	11477	11552	11443	11537	204788	0.0004335761359695045
2022-04-19	11626	11710	11606	11671	271727	0.011614804541908663
2022-04-20	11675	11744	11616	11735	295417	0.005483677491217476
2022-04-21	11734	11779	11700	11725	495950	-0.000852151682999569
2022-04-22	11586	11586	11507	11542	421054	-0.015607675906183394
2022-04-25	11428	11458	11319	11369	403969	-0.014988736787385215
2022-04-26	11418	11507	11418	11473	410969	0.009147682293957349
2022-04-27	11235	11309	11235	11300	393387	-0.015078880850692977
2022-04-28	11430	11445	11315	11445	289189	0.012831858407079677
2022-04-29	11470	11680	11455	11680	392011	0.020532983835736207
2022-05-02	11520	11605	11490	11590	402416	-0.0077054794520547976
2022-05-03	11580	11670	11535	11595	400435	0.00043140638481453664
2022-05-04	11645	11695	11530	11575	656977	-0.0017248814144027458
2022-05-06	11435	11435	11365	11410	420135	-0.014254859611231074
2022-05-09	11355	11425	11285	11300	627278	-0.009640666082383897
2022-05-10	11170	11320	11095	11310	772189	0.0008849557522123686
2022-05-11	11280	11405	11230	11380	954253	0.006189213085764811
2022-05-12	11240	11290	11110	11120	957667	-0.02284710017574687
2022-05-13	11125	11355	11125	11335	998665	0.019334532374100766
2022-05-16	11460	11495	11270	11290	1290031	-0.003970004411116057
2022-05-17	11305	11410	11290	11385	331699	0.008414526129318034
2022-05-18	11520	11560	11405	11445	475010	0.005270092226614009
2022-05-19	11180	11295	11175	11265	606601	-0.01572739187418082
2022-05-20	11310	11500	11310	11500	375823	0.020861074123391
2022-05-23	11550	11570	11455	11540	222704	0.003478260869565153
2022-05-24	11450	11465	11250	11265	500837	-0.023830155979202794
2022-05-25	11315	11335	11190	11285	354191	0.001775410563692903
2022-05-26	11300	11370	11100	11155	679635	-0.011519716437749183
2022-05-27	11275	11355	11270	11295	355074	0.012550425818018907
2022-05-30	11445	11470	11350	11470	219647	0.015493581230632936
2022-05-31	11450	11605	11365	11605	358737	0.011769834350479513
2022-06-02	11485	11520	11405	11460	307787	-0.012494614390348935
2022-06-03	11570	11580	11475	11475	257632	0.0013089005235602524
2022-06-07	11395	11395	11145	11180	329588	-0.025708061002178595
2022-06-08	11200	11315	11200	11235	396504	0.004919499105545677
2022-06-09	11215	11255	11150	11255	177342	0.0017801513128616886
2022-06-10	11110	11135	11035	11095	226370	-0.01421590404264772
2022-06-13	10820	10860	10670	10675	305502	-0.03785488958990535
2022-06-14	10465	10640	10435	10625	419684	-0.004683840749414525
2022-06-15	10595	10600	10390	10600	215436	-0.0023529411764705577
2022-06-16	10625	10730	10450	10460	264196	-0.013207547169811318
2022-06-17	10255	10395	10230	10380	278263	-0.007648183556405397
2022-06-20	10425	10425	10130	10290	251595	-0.00867052023121384
2022-06-21	10280	10365	10215	10300	146849	0.0009718172983479434
2022-06-22	10330	10330	10025	10025	242182	-0.02669902912621358
2022-06-23	10010	10115	9915	9960	347842	-0.006483790523690747
2022-06-24	9960	10205	9960	10180	185652	0.02208835341365467
2022-06-27	10275	10460	10210	10375	312988	0.01915520628683698
2022-06-28	10380	10505	10305	10505	234289	0.012530120481927698
2022-06-29	10320	10330	10190	10225	181452	-0.026653974297953353
2022-06-30	10080	10170	10035	10065	153224	-0.015647921760391204
2022-07-01	10045	10110	9805	9865	432311	-0.019870839542970642
2022-07-04	9870	9925	9750	9870	187792	0.0005068423720222537
2022-07-05	9955	10125	9940	10085	349322	0.02178318135764945
2022-07-06	10045	10080	9915	9930	401545	-0.015369360436291557
2022-07-07	9980	10180	9980	10115	512408	0.018630412890231707
2022-07-08	10245	10310	10185	10215	409849	0.009886307464162192
2022-07-11	10250	10265	10120	10135	241771	-0.007831620166421915
2022-07-12	10075	10075	9960	10040	355641	-0.009373458312777472
2022-07-13	10060	10175	10060	10095	332922	0.005478087649402497
2022-07-14	10025	10160	9995	10075	162713	-0.001981178801386818
