Date	Open	High	Low	Close	Volume	Change
2018-03-26	13478	13640	13422	13643	3051	
2018-03-27	13734	13748	13679	13699	1429	0.004104669061056887
2018-03-28	13538	13538	13441	13508	946	-0.013942623549164201
2018-03-29	13557	13612	13497	13615	360	0.007921231862599853
2018-03-30	13687	13758	13683	13685	234	0.005141388174807249
2018-04-02	13701	13767	13627	13638	90271	-0.003434417245158916
2018-04-03	13510	13609	13463	13611	284	-0.0019797624285086135
2018-04-04	13599	13599	13376	13377	260260	-0.017191977077363862
2018-04-05	13492	13650	13446	13545	149	0.012558869701726927
2018-04-06	13463	13548	13460	13527	74149	-0.0013289036544850141
2018-04-09	13530	13622	13530	13615	67	0.006505507503511421
2018-04-10	13566	13660	13455	13638	111406	0.0016893132574367087
2018-04-11	13637	13655	13552	13560	64	-0.005719313682358118
2018-04-12	13645	13660	13590	13596	60	0.0026548672566371057
2018-04-13	13650	13669	13604	13652	166	0.004118858487790478
2018-04-16	13674	13674	13594	13629	72	-0.0016847348373865145
2018-04-17	13687	13696	13632	13657	2392	0.0020544427324087344
2018-04-18	13696	13832	13696	13810	217016	0.011203046056967203
2018-04-19	13780	13869	13758	13810	109656	0.0
2018-04-20	13799	13823	13743	13764	109050	-0.003330919623461215
2018-04-23	13687	13763	13679	13708	36492	-0.0040685847137460485
2018-04-24	13753	13753	13627	13657	402	-0.0037204552086372855
2018-04-25	13497	13590	13478	13540	295866	-0.008567035220033659
2018-04-26	13645	13780	13645	13759	86	0.016174298375184692
2018-04-27	13846	13911	13785	13848	365	0.006468493349807369
2018-04-30	13962	13967	13915	13964	229	0.00837666088965916
2018-05-02	13967	13967	13898	13918	78	-0.0032941850472644196
2018-05-03	13799	13799	13687	13736	61	-0.013076591464290854
2018-05-04	13818	13818	13683	13685	54	-0.003712871287128716
2018-05-08	13729	13729	13548	13550	440	-0.009864815491413936
2018-05-09	13599	13609	13492	13582	55	0.0023616236162362636
2018-05-10	13604	13622	13557	13619	57	0.0027241937858930587
2018-05-11	13687	13767	13687	13718	124	0.007269256186210438
2018-05-14	13763	13775	13683	13699	54	-0.0013850415512465242
2018-05-15	13739	13739	13557	13601	66	-0.007153806847215116
2018-05-16	13497	13655	13497	13648	101	0.0034556282626276857
2018-05-17	13687	13691	13581	13582	54	-0.0048358733880422555
2018-05-18	13632	13645	13566	13638	151	0.0041231041083786835
2018-05-21	13655	13711	13566	13685	91	0.0034462531162926524
2018-05-23	13691	13763	13691	13764	128	0.005772743880160691
2018-05-24	13799	13799	13706	13745	54	-0.0013804126707352982
2018-05-25	13660	13780	13655	13778	118	0.0024008730447435678
2018-05-28	13748	13795	13748	13778	149	0.0
2018-05-29	13763	13775	13637	13638	54	-0.010161126433444578
2018-05-30	13599	13599	13367	13392	148487	-0.0180378354597448
2018-05-31	13530	13530	13460	13461	160	0.0051523297491038456
2018-06-01	13417	13576	13417	13550	64	0.006611693039150213
2018-06-04	13622	13674	13590	13638	87	0.006494464944649447
2018-06-05	13655	13687	13586	13690	54	0.0038128757882387454
2018-06-07	13711	13758	13706	13718	581	0.0020452885317749914
2018-06-08	13739	13739	13612	13652	93	-0.004811196967487996
2018-06-11	13586	13734	13586	13690	375864	0.0027834749487254395
2018-06-12	13720	13743	13679	13694	161	0.00029218407596776075
2018-06-14	13664	13669	13520	13531	148339	-0.011903023221848996
2018-06-15	13505	13505	13394	13406	75	-0.00923804596851674
2018-06-18	13352	13357	13143	13192	64	-0.01596300164105624
2018-06-19	13239	13254	13050	13060	58	-0.01000606428138262
2018-06-20	13161	13259	13106	13210	63	0.011485451761102494
2018-06-21	13161	13161	13008	13009	54	-0.015215745647236933
2018-06-22	12974	13180	12974	13182	366	0.013298485663771231
2018-06-25	13073	13180	13025	13126	57	-0.00424821726596869
2018-06-26	13060	13185	13013	13159	69	0.002514094164254077
2018-06-27	13157	13203	13119	13130	75	-0.0022038148795501256
2018-06-28	13017	13017	12915	12926	106	-0.015536938309215542
2018-06-29	13030	13073	12891	13060	111	0.010366702769611713
2018-07-02	12984	13004	12697	12697	62	-0.02779479326186829
2018-07-03	12770	12775	12626	12722	62	0.0019689690478066346
2018-07-04	12779	12826	12713	12731	64	0.0007074359377456929
2018-07-05	12738	12779	12626	12707	59	-0.001885162202497792
2018-07-06	12748	12841	12635	12819	55	0.008814039505784299
2018-07-09	12756	12859	12708	12833	262	0.00109212887120691
2018-07-10	12906	12942	12850	12851	69	0.0014026338346451173
2018-07-11	12728	12807	12677	12758	1447	-0.007236790911213098
2018-07-12	12775	12859	12748	12781	199	0.0018027904060198274
2018-07-13	12845	12999	12845	12945	343	0.012831546827321905
2018-07-16	12937	13025	12886	12893	99	-0.004016994978756294
2018-07-17	12882	12932	12826	12870	69	-0.001783913751648214
2018-07-18	12952	13050	12826	12841	112	-0.002253302253302225
2018-07-19	12886	12932	12779	12810	94	-0.002414142200763192
2018-07-20	12789	12850	12723	12841	711	0.0024199843871974824
2018-07-23	12803	12836	12653	12656	179	-0.014406977649715769
2018-07-24	12708	12738	12640	12712	107	0.004424778761061843
2018-07-25	12784	12816	12667	12670	85	-0.0033039647577092213
2018-07-26	12702	12807	12702	12763	84	0.007340173638516134
2018-07-27	12770	12807	12770	12805	758	0.0032907623599467417
2018-07-30	12775	12821	12760	12781	87	-0.0018742678641155974
2018-07-31	12798	12855	12789	12846	93	0.005085674047414113
2018-08-01	12882	12957	12882	12926	250	0.006227619492449099
2018-08-02	12872	12911	12653	12687	111	-0.018489865387590898
2018-08-03	12756	12798	12713	12800	187	0.008906754946007789
2018-08-06	12821	12859	12760	12763	100	-0.0028906250000000355
2018-08-07	12789	12855	12733	12856	100	0.0072866880827391345
2018-08-08	12882	12906	12836	12841	282	-0.0011667703795893436
2018-08-09	12831	12855	12779	12841	614	0.0
2018-08-10	12798	12798	12692	12717	669	-0.009656568803052767
2018-08-13	12635	12640	12468	12517	327	-0.0157269796335614
2018-08-14	12533	12598	12524	12599	56	0.006551090516897062
2018-08-16	12385	12491	12337	12468	67	-0.010397650607191
2018-08-17	12477	12524	12473	12503	64	0.0028071863971768085
2018-08-20	12473	12547	12458	12466	65	-0.00295928977045512
2018-08-21	12431	12621	12431	12614	67	0.011872292635969783
2018-08-22	12630	12677	12612	12651	75	0.002933248771206598
2018-08-23	12677	12687	12617	12687	59	0.002845624851790296
2018-08-24	12708	12816	12677	12815	55	0.01008906754946004
2018-08-27	12831	12886	12812	12880	344	0.005072181037846235
2018-08-28	12942	12957	12863	12865	90	-0.0011645962732919068
2018-08-29	12906	12919	12867	12911	54	0.003575592693354057
2018-08-30	12882	12989	12850	12893	61	-0.0013941600185888303
2018-08-31	12859	12971	12855	12972	1036	0.006127355929574252
2018-09-03	12932	12937	12845	12865	64	-0.008248535306814686
2018-09-04	12886	12942	12859	12945	71	0.0062184220753984665
2018-09-05	12919	12937	12775	12777	60	-0.012977983777520241
2018-09-06	12738	12794	12723	12731	54	-0.003600219143773953
2018-09-07	12650	12718	12602	12679	108	-0.004084518105411994
2018-09-10	12663	12723	12663	12707	107	0.002208376054893879
2018-09-11	12708	12756	12635	12679	161	-0.0022035098764460193
2018-09-12	12687	12702	12626	12679	215	0.0
2018-09-13	12708	12718	12672	12692	107	0.0010253174540579835
2018-09-14	12789	12891	12789	12889	108	0.015521588402143127
2018-09-17	12867	12877	12770	12810	107	-0.006129257506400809
2018-09-18	12733	12855	12733	12851	107	0.0032006245120999033
2018-09-19	12896	12896	12826	12856	107	0.0003890747801726935
2018-09-20	12891	13030	12891	12963	110	0.008322962041070303
2018-09-21	12984	13030	12966	13029	109	0.005091414024531282
2018-09-27	12984	13138	12984	13140	164	0.008519456596822517
2018-09-28	13148	13157	13068	13103	54	-0.002815829528158287
2018-10-01	13157	13157	13035	13070	24753	-0.002518507212088794
2018-10-02	13068	13096	12886	12889	21534	-0.013848508033664886
2018-10-04	12911	12911	12672	12692	61	-0.015284350996974116
2018-10-05	12630	12708	12575	12670	76	-0.0017333753545540898
2018-10-08	12612	12692	12589	12591	55	-0.006235201262825618
2018-10-10	12551	12551	12411	12446	54	-0.011516162338178093
2018-10-11	12207	12249	11973	11981	58	-0.037361401253414805
2018-10-12	11969	12156	11922	12153	56	0.014356063767632099
2018-10-15	12072	12095	11973	11977	61	-0.01448202090018924
2018-10-16	12068	12109	12007	12018	137	0.0034232278533856686
2018-10-17	12230	12244	12119	12191	54	0.014395074055583379
2018-10-18	12077	12131	12029	12032	107	-0.01304240833401693
2018-10-19	11947	12099	11863	12097	4400	0.005402260638297962
2018-10-22	11983	12146	11983	12144	107	0.003885260808464963
2018-10-23	12002	12043	11769	11854	119	-0.023880105401844487
2018-10-24	11947	11947	11750	11761	54	-0.007845453011641634
2018-10-25	11438	11583	11392	11584	43114	-0.015049740668310552
2018-10-26	11494	11504	11257	11375	54	-0.018042127071823177
2018-10-29	11433	11494	11275	11277	55	-0.00861538461538458
2018-10-30	11219	11411	11219	11375	56	0.008690254500310468
2018-10-31	11397	11429	11290	11431	107	0.00492307692307703
2018-11-01	11397	11504	11341	11348	108	-0.0072609570466275475
2018-11-02	11481	11788	11481	11790	5527	0.0389495946422278
2018-11-05	11718	11718	11564	11640	5479	-0.012722646310432517
2018-11-06	11718	11760	11620	11706	78	0.005670103092783485
2018-11-07	11718	11816	11647	11655	54	-0.004356740133265036
2018-11-08	11895	11942	11788	11790	130	0.01158301158301156
2018-11-09	11778	11811	11713	11748	10937	-0.003562340966921096
2018-11-12	11606	11732	11606	11683	5424	-0.005532856656452201
2018-11-13	11517	11635	11424	11609	94	-0.00633398955747666
2018-11-14	11635	11635	11559	11581	485	-0.0024119217848220798
2018-11-15	11610	11750	11573	11753	107	0.014851912615490903
2018-11-16	11755	11802	11718	11724	94	-0.0024674551178422988
2018-11-19	11709	11811	11709	11776	56	0.004435346298191645
2018-11-20	11671	11727	11647	11691	22698	-0.007218070652173947
2018-11-21	11504	11647	11476	11650	109	-0.0035069711744076804
2018-11-22	11635	11657	11592	11622	128	-0.002403433476394823
2018-11-23	11640	11640	11499	11530	107	-0.007916021338840173
2018-11-26	11551	11686	11551	11670	159	0.012142237640936582
2018-11-27	11727	11797	11661	11766	111	0.00822622107969151
2018-11-28	11793	11820	11746	11823	108	0.004844467108618078
2018-11-29	11969	11998	11811	11841	351	0.0015224562293834065
2018-11-30	11867	11900	11732	11785	16430	-0.004729330293049561
2018-12-03	11880	11978	11849	11957	16696	0.014594823928723022
2018-12-04	11951	11951	11778	11832	6184	-0.01045412728945383
2018-12-05	11640	11793	11640	11739	110	-0.00786004056795131
2018-12-06	11741	11741	11569	11576	119	-0.01388533946673487
2018-12-07	11661	11661	11588	11640	82	0.005528680027643507
2018-12-10	11471	11494	11443	11482	5459	-0.01357388316151198
2018-12-11	11481	11481	11401	11450	62	-0.0027869709109911156
2018-12-12	11462	11606	11462	11599	67	0.013013100436681135
2018-12-13	11647	11713	11625	11691	5419	0.00793171825157346
2018-12-14	11657	11657	11429	11492	15180	-0.01702164057822253
2018-12-17	11499	11532	11467	11473	48474	-0.0016533240515140823
2018-12-18	11429	11527	11429	11468	55	-0.000435805804933298
2018-12-19	11457	11569	11457	11552	108	0.007324729682595121
2018-12-20	11485	11546	11378	11455	16447	-0.008396814404432185
2018-12-21	11424	11467	11420	11468	330	0.0011348756001745564
2018-12-24	11443	11485	11382	11473	31842	0.0004359958144402043
2018-12-26	11313	11378	11244	11348	111	-0.010895145123333005
2018-12-27	11532	11532	11438	11455	108	0.00942897426859357
2018-12-28	11556	11583	11537	11576	157	0.010563072893932768
2019-01-02	11597	11597	11332	11399	168	-0.01529025570145126
2019-01-03	11345	11374	11224	11226	16326	-0.01517676989209582
2019-01-04	11252	11349	11210	11352	10880	0.011223944414751497
2019-01-07	11485	11573	11467	11478	198	0.0110993657505285
2019-01-08	11476	11522	11406	11407	199	-0.006185746645757106
2019-01-09	11494	11686	11494	11650	142	0.021302708862978914
2019-01-10	11666	11704	11630	11670	1241	0.0017167381974247942
2019-01-11	11690	11750	11676	11734	323	0.00548414738646108
2019-01-14	11722	11722	11615	11626	965	-0.009204022498721653
2019-01-15	11690	11849	11666	11823	233	0.016944778943746686
2019-01-16	11829	11885	11811	11883	216	0.005074854097944614
2019-01-17	11895	11964	11880	11930	134	0.003955230160733736
2019-01-18	11988	11998	11951	11999	151	0.005783738474434141
2019-01-21	12072	12072	11955	12003	145	0.00033336111342618935
2019-01-22	12002	12002	11905	11938	82	-0.005415312838457087
2019-01-23	11863	12016	11863	11962	16386	0.0020103869994974044
2019-01-24	12016	12136	12007	12139	16224	0.014796856712924189
2019-01-25	12182	12346	12178	12339	16235	0.016475821731608775
2019-01-28	12393	12416	12314	12349	110	0.0008104384471998571
2019-01-29	12272	12385	12253	12376	108	0.002186411855210846
2019-01-30	12355	12519	12355	12517	114	0.011393018745959882
2019-01-31	12677	12677	12529	12554	5534	0.002955979867380387
2019-02-01	12594	12635	12494	12498	107	-0.004460729647920991
2019-02-07	12565	12594	12494	12512	99	0.0011201792286765766
2019-02-08	12482	12482	12346	12359	100	-0.012228260869565188
2019-02-11	12337	12385	12300	12366	110	0.0005663888664131367
2019-02-12	12355	12453	12355	12422	103	0.004528546013262247
2019-02-13	12487	12509	12463	12493	139	0.005715665754306931
2019-02-14	12468	12519	12426	12521	82	0.0022412551028576644
2019-02-15	12594	12594	12426	12488	80	-0.0026355722386390834
2019-02-18	12575	12589	12524	12573	52	0.0068065342729020095
2019-02-19	12499	12560	12448	12498	116	-0.005965163445478372
2019-02-20	12560	12687	12560	12651	100	0.012241958713394174
2019-02-21	12607	12687	12560	12642	101	-0.0007114062129476295
2019-02-22	12584	12650	12584	12651	20513	0.0007119126720456226
2019-02-25	12682	12760	12645	12712	66	0.004821753221089242
2019-02-26	12650	12687	12612	12651	98	-0.004798615481434898
2019-02-27	12708	12708	12658	12712	34	0.004821753221089242
2019-02-28	12697	12697	12499	12503	142	-0.016441157960981778
2019-03-04	12594	12617	12448	12468	57	-0.002799328161241288
2019-03-05	12421	12421	12337	12385	56	-0.006657042027590654
2019-03-06	12355	12355	12295	12354	56	-0.002503027856277762
2019-03-07	12314	12360	12239	12302	54	-0.004209163024121776
2019-03-08	12230	12230	12128	12139	53	-0.01324987806860678
2019-03-11	12171	12171	12081	12161	52	0.001812340390477063
2019-03-12	12207	12258	12207	12260	102	0.00814077789655454
2019-03-13	12263	12263	12136	12217	20	-0.0035073409461664484
2019-03-14	12258	12258	12166	12237	30	0.0016370631087827547
2019-03-15	12171	12360	12171	12307	21679	0.005720356296477824
2019-03-18	12421	12421	12314	12354	32	0.00381896481677102
2019-03-19	12406	12406	12314	12334	33	-0.0016189088554314779
2019-03-20	12309	12341	12182	12344	23	0.0008107669855683675
2019-03-21	12333	12482	12333	12400	85	0.004536616979909258
2019-03-22	12426	12458	12393	12414	27126	0.0011290322580645995
2019-03-25	12272	12272	12171	12208	60	-0.016594167874979915
2019-03-26	12178	12207	12161	12191	101	-0.0013925294888598172
2019-03-27	12146	12197	12086	12161	102	-0.002460831761135318
2019-03-28	12099	12156	12077	12120	29	-0.003371433270290325
2019-03-29	12151	12197	12077	12201	91767	0.006683168316831578
2019-04-01	12285	12360	12285	12363	249	0.013277600196705208
2019-04-02	12370	12401	12351	12371	106	0.0006470921297418997
2019-04-03	12426	12579	12380	12581	14	0.016975183897825596
2019-04-04	12565	12645	12543	12604	29	0.001828153564899404
2019-04-05	12555	12630	12555	12591	50	-0.001031418597270739
2019-04-08	12663	12663	12543	12563	51	-0.002223810658406822
2019-04-09	12617	12645	12543	12624	64	0.0048555281381834625
2019-04-10	12529	12645	12529	12646	53	0.0017427122940429918
2019-04-11	12653	12667	12589	12627	105	-0.001502451368021518
2019-04-12	12598	12687	12594	12670	101	0.0034054011245743254
2019-04-15	12770	12784	12733	12753	57	0.006550907655880067
2019-04-16	12753	12775	12705	12777	53	0.0018819101387907988
2019-04-17	12807	12807	12760	12786	41	0.0007043907020427564
2019-04-18	12807	12807	12565	12581	91	-0.016033161270139207
2019-04-19	12589	12607	12560	12563	98	-0.0014307288768777848
2019-04-22	12612	12630	12529	12599	41	0.0028655575897476027
2019-04-23	12602	12621	12547	12624	55	0.001984284467021258
2019-04-24	12635	12635	12401	12466	77	-0.012515842839036728
2019-04-25	12473	12482	12426	12466	118	0.0
2019-04-26	12441	12441	12324	12400	31	-0.005294400770094687
2019-04-29	12389	12569	12389	12572	59	0.013870967741935525
2019-04-30	12607	12607	12465	12557	53	-0.00119312758510981
2019-05-02	12489	12602	12489	12604	120	0.003742932229035656
2019-05-03	12537	12537	12455	12495	5302	-0.008648048238654393
2019-05-07	12345	12393	12327	12395	375	-0.00800320128051224
2019-05-08	12265	12375	12208	12343	14848	-0.004195240016135582
2019-05-09	12246	12250	11942	11943	58	-0.03240703232601472
2019-05-10	12051	12051	11889	11990	52	0.003935359624884782
2019-05-13	11894	11927	11827	11834	34	-0.013010842368640585
2019-05-14	11713	11874	11695	11830	22	-0.0003380091262463747
2019-05-15	11827	11913	11827	11886	68	0.004733727810650956
2019-05-16	11904	11904	11704	11734	54	-0.012788154130910279
2019-05-17	11747	11795	11690	11690	74	-0.003749786943923694
2019-05-20	11770	11770	11656	11668	5289	-0.0018819503849444308
2019-05-21	11695	11799	11661	11715	31	0.004028111073020257
2019-05-22	11704	11742	11623	11734	99	0.0016218523260775886
2019-05-23	11643	11709	11623	11690	472	-0.003749786943923694
2019-05-24	11646	11670	11547	11591	5325	-0.008468776732249772
2019-05-27	11590	11638	11557	11610	143	0.001639202829781805
2019-05-28	11643	11680	11585	11638	39	0.002411714039620927
2019-05-29	11604	11604	11428	11486	50	-0.013060663344217183
2019-05-30	11552	11585	11494	11586	29	0.00870625108828138
2019-05-31	11490	11613	11476	11606	10553	0.0017262213015709627
2019-06-03	11508	11770	11508	11772	427	0.014302946751680201
2019-06-04	11756	11756	11709	11753	26	-0.0016139993204213887
2019-06-05	11803	11808	11713	11729	103	-0.0020420318216625155
2019-06-07	11747	11822	11661	11781	215	0.004433455537556474
2019-06-10	11827	11909	11780	11896	115	0.00976148034971569
2019-06-11	11927	11994	11904	11995	85	0.008322125084061938
2019-06-12	11999	11999	11932	11967	23	-0.0023343059608169625
2019-06-13	11913	11913	11775	11896	331	-0.005932982368179185
2019-06-14	11837	11894	11837	11872	35	-0.0020174848688634395
2019-06-17	11856	11884	11817	11847	51	-0.0021057951482479353
2019-06-18	11870	11913	11866	11896	94	0.004136068202920562
2019-06-19	12026	12056	12009	12057	48	0.013533960995292471
2019-06-20	12023	12075	12014	12052	106	-0.0004146968565977849
2019-06-21	12089	12089	12018	12062	44	0.0008297378028543356
2019-06-24	12070	12084	12036	12052	50	-0.0008290499088045022
2019-06-25	12070	12084	12014	12039	29	-0.0010786591437106363
2019-06-26	11999	12061	11999	12029	5353	-0.0008306337735691782
2019-06-27	12079	12188	12066	12143	5308	0.009477097015545777
2019-06-28	12166	12166	12079	12119	89	-0.0019764473359137336
2019-07-01	12203	12203	12103	12124	38	0.00041257529499127976
2019-07-02	12009	12103	12009	12048	93	-0.006268558231606769
2019-07-03	12031	12051	11889	11919	34	-0.010707171314741082
2019-07-04	11942	11999	11870	12000	51	0.006795872136924341
2019-07-05	11984	11999	11913	12000	184	0.0
2019-07-08	11874	11874	11722	11743	49	-0.02141666666666664
2019-07-09	11803	11803	11675	11677	33	-0.005620369581878615
2019-07-10	11713	11765	11713	11729	94	0.004453198595529617
2019-07-11	11842	11884	11817	11867	29	0.011765708926592122
2019-07-12	11856	11913	11837	11900	22	0.0027808207634616444
2019-07-15	11889	11913	11822	11891	46	-0.0007563025210084451
2019-07-16	11852	11927	11852	11914	194	0.0019342359767891004
2019-07-17	11874	11874	11790	11843	67	-0.005959375524592914
2019-07-18	11832	11832	11751	11805	29	-0.00320864645782315
2019-07-19	11894	11974	11874	11967	11	0.013722998729351898
2019-07-22	11970	11984	11922	11987	57	0.0016712626389236984
2019-07-23	11999	12046	11989	12029	134	0.0035037957787602547
2019-07-24	12004	12031	11879	11910	169	-0.009892759165350373
2019-07-25	11909	11909	11803	11847	96	-0.005289672544080637
2019-07-26	11803	11847	11775	11847	23	0.0
2019-07-29	11790	11790	11618	11629	18	-0.01840128302523847
2019-07-30	11661	11709	11661	11682	117	0.004557571588270637
2019-07-31	11665	11665	11518	11601	30	-0.006933744221879867
2019-08-01	11481	11609	11481	11548	144	-0.004568571674855582
2019-08-02	11395	11442	11366	11429	93	-0.010304814686525776
2019-08-05	11347	11347	11123	11135	32	-0.0257240353486744
2019-08-06	10824	11133	10824	10939	62	-0.017602155365963212
2019-08-07	11034	11034	10877	10916	290	-0.0021025687905659174
2019-08-08	10957	11029	10938	10963	21	0.004305606449248822
2019-08-09	11024	11076	11024	11059	33	0.008756727173218959
2019-08-12	11057	11100	11014	11073	10958	0.001265937245682247
2019-08-13	10966	11005	10933	10934	104	-0.012553056985460165
2019-08-14	11052	11133	11014	11030	94	0.00877995244192431
2019-08-16	10981	11014	10904	11015	37	-0.0013599274705349274
2019-08-19	11071	11071	11014	11073	37	0.005265546981388924
2019-08-20	11095	11199	11052	11201	56	0.011559649598121613
2019-08-21	11171	11233	11166	11230	26	0.002589054548701064
2019-08-22	11186	11204	11114	11130	219	-0.008904719501335756
2019-08-23	11100	11152	11076	11130	96	0.0
2019-08-26	10914	10971	10886	10934	213	-0.017610062893081757
2019-08-27	11014	11038	10957	10959	280	0.002286445948417759
2019-08-28	11000	11081	10981	11059	108	0.009124920156948546
2019-08-29	11110	11110	11019	11049	45	-0.0009042408897730336
2019-08-30	11162	11262	11157	11248	100	0.018010679699520304
2019-09-02	11233	11280	11204	11268	45	0.0017780938833571458
2019-09-03	11243	11275	11194	11225	72	-0.0038161164359247213
2019-09-04	11171	11338	11171	11334	15901	0.00971046770601336
2019-09-05	11428	11537	11428	11496	41	0.014293276866066629
2019-09-06	11570	11570	11508	11515	58	0.0016527487821851317
2019-09-09	11523	11628	11523	11567	169	0.004515848892748586
2019-09-10	11628	11656	11604	11658	60	0.00786720843779709
2019-09-11	11737	11751	11695	11753	153	0.008148910619317107
2019-09-16	11718	11775	11699	11776	63	0.001956947162426559
2019-09-17	11795	11822	11765	11805	31	0.0024626358695651884
2019-09-18	11808	11870	11785	11862	50	0.004828462515883203
2019-09-19	11856	11956	11856	11900	955	0.003203506997133676
2019-09-20	11951	11994	11909	11995	742	0.007983193277310896
2019-09-23	11984	11994	11942	11995	159	0.0
2019-09-24	11989	12026	11937	12029	10551	0.002834514380992026
2019-09-25	11918	11951	11884	11886	1091	-0.011887937484412636
2019-09-26	11942	11942	11832	11891	52	0.0004206629648326743
2019-09-27	11847	11847	11695	11772	2134	-0.010007568749474394
2019-09-30	11690	11861	11690	11862	79	0.007645259938837912
2019-10-01	11842	11927	11799	11919	113	0.004805260495700514
2019-10-02	11813	11813	11670	11672	575	-0.020723215034818332
2019-10-04	11690	11713	11623	11629	43	-0.003684030157642182
2019-10-07	11685	11685	11599	11648	484389	0.0016338464184366686
2019-10-08	11709	11827	11680	11830	88	0.015625
2019-10-10	11732	11765	11646	11720	2792	-0.009298393913778513
2019-10-11	11861	11861	11790	11820	47	0.008532423208191142
2019-10-14	11956	11999	11918	11924	59	0.00879864636209815
2019-10-15	11961	11970	11942	11962	34	0.0031868500503187125
2019-10-16	12041	12061	11965	12048	5516	0.007189433205149642
2019-10-17	11994	12018	11951	11972	56	-0.006308100929614868
2019-10-18	12036	12041	11870	11896	54	-0.006348145673237604
2019-10-21	11922	11951	11889	11952	74	0.00470746469401484
2019-10-22	12046	12131	12046	12119	107	0.013972556894243704
2019-10-23	12066	12094	12004	12052	1487806	-0.005528508952883926
2019-10-24	12127	12171	11984	12109	31650	0.004729505476269491
2019-10-25	12127	12127	12046	12104	10643	-0.00041291601288295787
2019-10-28	12136	12156	12108	12124	36	0.0016523463317912324
2019-10-29	12136	12141	12070	12104	243	-0.0016496205872649217
2019-10-30	12122	12122	12004	12052	66	-0.004296100462656938
2019-10-31	12131	12179	12056	12071	104	0.0015765018254232377
2019-11-01	12056	12175	12036	12176	80	0.008698533675751907
2019-11-04	12223	12323	12223	12318	414	0.011662286465177418
2019-11-05	12370	12437	12332	12438	29	0.009741841207988378
2019-11-06	12445	12484	12398	12433	212	-0.0004019938896928643
2019-11-07	12402	12427	12365	12414	59	-0.001528191104319121
2019-11-08	12465	12465	12340	12370	53	-0.00354438537135493
2019-11-11	12327	12327	12228	12295	28314	-0.006063055780113125
2019-11-12	12308	12385	12255	12385	35843	0.0073200488003253295
2019-11-13	12332	12332	12241	12281	5328	-0.008397254743641502
2019-11-14	12270	12350	12260	12353	74	0.005862714762641552
2019-11-15	12380	12532	12336	12532	68	0.014490407188537224
2019-11-18	12497	12512	12455	12490	73	-0.0033514203638684847
2019-11-19	12479	12479	12370	12470	57	-0.0016012810248198228
2019-11-20	12350	12402	12265	12266	55	-0.01635926222935047
2019-11-21	12288	12288	12041	12114	102969	-0.012391977824881772
2019-11-22	12127	12156	12103	12152	273	0.0031368664355291287
2019-11-25	12232	12303	12232	12257	46	0.008640552995391682
2019-11-26	12323	12402	12288	12290	323	0.0026923390715509754
2019-11-27	12350	12350	12270	12323	40	0.002685109845402822
2019-11-28	12241	12280	12223	12223	62	-0.008114907084313838
2019-11-29	12250	12250	12031	12057	63	-0.013580953939294815
2019-12-02	12084	12127	12041	12043	160	-0.0011611511984739309
2019-12-03	11937	12018	11909	12019	118	-0.001992858922195473
2019-12-04	11927	11932	11870	11934	46	-0.007072135785007094
2019-12-05	11956	11979	11842	11872	73	-0.005195240489358155
2019-12-06	11999	12023	11970	12024	331	0.012803234501347793
2019-12-09	12041	12075	12031	12043	181	0.0015801729873585746
2019-12-10	12051	12136	12051	12138	160	0.007888399900356946
2019-12-11	12141	12183	12094	12176	25	0.00313066403031792
2019-12-12	12265	12370	12265	12348	111	0.014126149802890842
2019-12-13	12537	12564	12532	12557	5577	0.016925817946226163
2019-12-16	12564	12589	12546	12547	530	-0.0007963685593692649
2019-12-17	12627	12769	12598	12771	5391	0.017852873196780195
2019-12-18	12746	12788	12716	12761	24987	-0.0007830240388380094
2019-12-19	12783	12783	12679	12729	144	-0.002507640467047989
2019-12-20	12821	12821	12741	12814	10625	0.006677665174012137
2019-12-23	12783	12798	12736	12771	75	-0.003355704697986628
2019-12-24	12798	12798	12689	12714	39	-0.0044632370213765205
2019-12-26	12664	12774	12664	12776	4125	0.004876514078968164
2019-12-27	12856	13045	12856	13008	45	0.018159048215403928
2019-12-30	12993	13007	12955	12970	11392	-0.0029212792127921716
2020-01-02	12969	12969	12803	12814	104	-0.012027756360832642
2020-01-03	12978	12978	12764	12837	2093	0.0017949118152020826
2020-01-06	12711	12716	12654	12714	31415	-0.009581677962140711
2020-01-07	12760	12851	12760	12851	1619	0.010775523045461588
2020-01-08	12741	12774	12650	12709	9741	-0.011049723756906049
2020-01-09	12888	12940	12868	12942	111	0.018333464473994754
2020-01-10	13007	13107	12978	13108	78	0.012826456498222782
2020-01-13	13135	13235	13102	13237	85	0.009841318278913658
2020-01-14	13311	13340	13239	13251	65	0.0010576414595451222
2020-01-15	13207	13249	13183	13212	575	-0.0029431741000679468
2020-01-16	13187	13316	13173	13318	76	0.008023009385407232
2020-01-17	13440	13440	13335	13374	28299	0.004204835560895015
2020-01-20	13416	13506	13416	13431	73	0.004262000897263363
2020-01-21	13426	13426	13292	13303	41	-0.009530191348373185
2020-01-22	13249	13483	13244	13484	4803	0.013605953544313376
2020-01-23	13302	13383	13269	13284	71	-0.014832393948383316
2020-01-28	12960	12960	12831	12893	41470	-0.029433905450165665
2020-01-29	12930	12993	12873	12956	34	0.004886372450166654
2020-01-30	12912	12912	12654	12684	88	-0.020994133991972808
2020-01-31	12731	12793	12542	12542	87	-0.011195206559444948
2020-02-03	12336	12569	12332	12572	34	0.002391963004305442
2020-02-04	12574	12812	12569	12794	246	0.017658288259624566
2020-02-05	12898	12921	12798	12871	38	0.006018446146631273
2020-02-06	12978	13207	12978	13190	77	0.024784399036593907
2020-02-07	13155	13155	13040	13132	36	-0.004397270659590613
2020-02-10	12935	13060	12930	13060	32	-0.005482790130977744
2020-02-11	13169	13235	13159	13198	136	0.010566615620214437
2020-02-12	13197	13297	13145	13299	19	0.0076526746476739405
2020-02-13	13335	13369	13259	13299	228	0.0
2020-02-14	13239	13379	13202	13355	59	0.004210842920520319
2020-02-17	13297	13359	13297	13347	137	-0.0005990265818045515
2020-02-18	13207	13235	13074	13127	316	-0.01648310481756199
2020-02-19	13197	13197	13025	13104	68	-0.0017521139635865435
2020-02-20	13212	13222	13012	13075	53	-0.002213064713064705
2020-02-21	12930	12973	12864	12886	66	-0.014455066921606141
2020-02-24	12542	12574	12380	12380	4705	-0.03926742200838118
2020-02-25	12389	12542	12380	12542	102	0.01308562197092078
2020-02-26	12250	12422	12250	12370	3599	-0.013713921224685066
2020-02-27	12313	12385	12198	12243	518	-0.010266774454325
2020-02-28	12004	12018	11813	11852	954	-0.03193661684227722
2020-03-02	11852	12014	11751	11948	355	0.00809989875126571
2020-03-03	12246	12246	11979	11982	316	0.002845664546367699
2020-03-04	11937	12284	11937	12286	76	0.02537139041896186
2020-03-05	12370	12427	12303	12395	35	0.00887188670030925
2020-03-06	12241	12265	12113	12166	31993	-0.018475191609519936
2020-03-09	11765	11808	11594	11638	608	-0.04339963833634719
2020-03-10	11566	11713	11537	11715	11694	0.006616257088846833
2020-03-11	11685	11690	11314	11368	197	-0.029620145113102847
2020-03-12	11228	11238	10791	10911	10828	-0.04020056298381425
2020-03-13	10177	10795	10077	10593	13509	-0.029144899642562505
2020-03-16	10791	10819	10282	10283	73815	-0.02926460870386105
2020-03-17	9858	10334	9821	10013	106207	-0.026256928911796207
2020-03-18	10101	10162	9559	9560	105253	-0.04524118645760511
2020-03-19	9691	9691	8755	8799	58724	-0.07960251046025102
2020-03-20	9021	9430	8902	9432	475	0.07193999318104338
2020-03-23	8859	9145	8841	8961	518	-0.049936386768447805
2020-03-24	9097	9678	9097	9679	5859	0.0801249860506641
2020-03-25	10097	10301	9958	10231	42078	0.057030684988118585
2020-03-26	10229	10406	10110	10117	65679	-0.01114260580588411
2020-03-27	10615	10615	10115	10379	485	0.025897005041020105
2020-03-30	10130	10420	10062	10421	73	0.004046632623566859
2020-03-31	10506	10605	10420	10607	271	0.017848574992803012
2020-04-01	10524	10605	10139	10140	1176	-0.04402752899028939
2020-04-02	10172	10367	10057	10369	87	0.022583826429980247
2020-04-03	10367	10467	10291	10379	147	0.0009644131545953893
2020-04-06	10472	10781	10472	10782	982	0.03882840350708161
2020-04-07	10990	10990	10781	10897	870	0.010665924689297057
2020-04-08	10838	10981	10791	10825	214	-0.006607323116454067
2020-04-09	11009	11009	10895	10921	152	0.008868360277136222
2020-04-10	10976	11076	10810	11078	359571	0.014375972896254918
2020-04-13	11034	11034	10877	10887	61	-0.017241379310344862
2020-04-14	10952	11100	10952	11073	47	0.017084596307522792
2020-04-16	10966	11090	10924	11082	33	0.0008127878623678253
2020-04-17	11342	11490	11319	11434	506	0.03176321963544493
2020-04-20	11395	11409	11309	11310	33	-0.01084484869686897
2020-04-21	11194	11262	10985	11177	65	-0.011759504862953185
2020-04-22	11014	11285	10985	11287	35	0.009841639080254039
2020-04-23	11351	11390	11214	11339	181	0.004607070080623776
2020-04-24	11304	11304	11186	11216	34	-0.010847517417761687
2020-04-27	11191	11380	11162	11344	1343	0.011412268188302432
2020-04-28	11444	11487	11324	11474	164	0.01145980253878709
2020-04-29	11381	11584	11381	11546	388	0.006275056649816868
2020-05-04	11246	11324	11222	11228	481	-0.02754200588948552
2020-05-06	11271	11333	11189	11315	337	0.007748485928037008
2020-05-07	11381	11458	11362	11421	18	0.009368095448519576
2020-05-08	11544	11573	11486	11531	330	0.009631380789773214
2020-05-11	11564	11589	11468	11474	33	-0.004943196600468269
2020-05-12	11483	11483	11324	11406	22	-0.005926442391493758
2020-05-13	11256	11506	11256	11508	32	0.008942661756970116
2020-05-14	11367	11420	11352	11353	76	-0.013468891206117495
2020-05-15	11434	11434	11362	11421	20	0.00598960627147016
2020-05-18	11338	11511	11338	11474	39	0.004640574380527118
2020-05-19	11690	11743	11612	11743	1685	0.023444308872232922
2020-05-20	11627	11733	11627	11729	430	-0.0011921996082773223
2020-05-21	11868	11877	11766	11849	627	0.010231051240515043
2020-05-22	11849	11849	11603	11671	203	-0.015022364756519524
2020-05-25	11728	11810	11665	11811	264	0.011995544512038325
2020-05-26	11844	12013	11839	12013	72	0.017102700872068333
2020-05-27	11978	12066	11955	12018	32	0.0004162157662532806
2020-05-28	12099	12123	11877	12028	350	0.0008320852055250239
2020-05-29	11973	12075	11892	12033	106	0.00041569670768204503
2020-06-01	12079	12268	12079	12268	161	0.019529626859469795
2020-06-02	12258	12402	12258	12404	448	0.011085751548744804
2020-06-03	12533	12860	12533	12803	21687	0.03216704288939054
2020-06-04	12927	13019	12778	12833	66	0.0023432008123096537
2020-06-05	12821	13024	12754	13005	1255	0.013402945531052701
2020-06-08	13226	13226	12975	13015	151	0.0007689350249904248
2020-06-09	13139	13159	12899	13005	77	-0.0007683442182097044
2020-06-10	12990	13067	12975	13030	321	0.0019223375624759509
2020-06-11	13010	13086	12763	12952	1907	-0.005986185725249449
2020-06-12	12417	12672	12412	12659	10514	-0.022621988882025934
2020-06-15	12480	12596	12022	12023	12664	-0.05024093530294649
2020-06-16	12388	12687	12379	12687	66	0.05522748066206429
2020-06-17	12614	12692	12445	12601	210	-0.006778592259793492
2020-06-18	12657	12720	12586	12669	32	0.005396397111340434
2020-06-19	12768	12768	12533	12722	161	0.004183439892651464
2020-06-22	12649	12740	12649	12664	82	-0.004559031598805219
2020-06-23	12836	12851	12596	12692	52	0.002210991787744865
2020-06-24	12879	12918	12846	12886	40	0.015285219035612974
2020-06-25	12692	12768	12591	12591	41	-0.022893062238087847
2020-06-26	12730	12778	12571	12740	335	0.01183384957509337
2020-06-29	12586	12682	12494	12495	127	-0.019230769230769273
2020-06-30	12710	12754	12609	12611	62	0.009283713485394252
2020-07-01	12677	12692	12533	12558	400	-0.004202680199825504
2020-07-02	12639	12763	12629	12765	33	0.016483516483516425
2020-07-03	12826	12860	12759	12856	579	0.007128867998433153
2020-07-06	12904	13067	12851	13058	78	0.01571250777846922
2020-07-07	13159	13159	12918	12919	136	-0.010644815438811461
2020-07-08	12966	12966	12874	12894	37	-0.0019351342983202624
2020-07-09	12966	13028	12952	12957	74	0.004885993485342022
2020-07-10	12932	12937	12816	12876	34	-0.006251447094234752
2020-07-13	12985	13086	12952	13083	383	0.016076421248835127
2020-07-14	13005	13063	12962	13063	32	-0.0015287013681877237
2020-07-15	13144	13197	13067	13126	434	0.004822781903085049
2020-07-16	13169	13187	13015	13040	32	-0.006551881761389655
2020-07-17	13067	13154	13067	13155	32	0.008819018404907952
2020-07-20	13202	13202	13067	13126	42	-0.0022044849866971195
2020-07-21	13270	13337	13250	13323	1208	0.015008380313880743
2020-07-22	13255	13323	13236	13251	567	-0.005404188245890618
2020-07-23	13245	13245	13144	13242	29	-0.0006791940230925775
2020-07-24	13226	13236	13120	13146	26	-0.0072496601721794285
2020-07-27	13226	13323	13226	13265	34	0.009052183173589023
2020-07-28	13404	13535	13404	13497	86	0.0174896343761779
2020-07-29	13568	13664	13539	13579	58	0.006075424168333621
2020-07-30	13664	13689	13602	13617	88	0.0027984387657411514
2020-07-31	13689	13689	13491	13511	72466	-0.007784387163104922
2020-08-03	13482	13549	13452	13550	13844	0.0028865368958626014
2020-08-04	13640	13713	13626	13690	36	0.010332103321033292
2020-08-05	13732	13867	13722	13868	58	0.013002191380569794
2020-08-06	13804	14045	13804	13988	122156	0.008653014133256365
2020-08-07	14089	14180	14021	14137	189	0.010651987417786613
2020-08-10	14093	14315	14093	14306	160	0.011954445780575806
2020-08-11	14305	14478	14305	14436	180	0.009087096323221022
2020-08-12	14435	14517	14305	14518	59	0.005680243834857324
2020-08-13	14623	14652	14411	14412	97	-0.007301281168204943
2020-08-14	14411	14503	14248	14359	50	-0.0036774909797391286
2020-08-18	14324	14420	13982	14056	95	-0.021101748032592793
2020-08-19	14093	14218	14093	14114	207	0.00412635173591358
2020-08-20	14006	14006	13554	13569	379	-0.038614141986679895
2020-08-21	13742	13915	13664	13800	44	0.017024099049303576
2020-08-24	13799	13949	13770	13926	60	0.009130434782608665
2020-08-25	14055	14151	13997	14109	64	0.013140887548470426
2020-08-26	14160	14199	14002	14181	45	0.005103125664469577
2020-08-27	14180	14180	14055	14065	33	-0.008179959100204526
2020-08-28	14069	14204	14026	14056	322	-0.0006398862424458196
2020-08-31	14271	14271	13910	13916	238	-0.009960159362549792
2020-09-01	13958	14031	13944	14031	137	0.008263868927852913
2020-09-02	14089	14117	13992	14041	320	0.0007127075760815504
2020-09-03	14266	14349	14233	14335	137	0.020938679581226305
2020-09-04	14069	14151	14045	14147	5232	-0.013114754098360604
2020-09-07	14175	14233	14098	14234	20882	0.0061497137202233265
2020-09-08	14339	14372	14281	14374	461	0.00983560488970081
2020-09-09	14190	14276	14160	14205	35	-0.01175733964101855
2020-09-10	14315	14397	14291	14340	4389	0.009503695881731833
2020-09-11	14291	14334	14156	14335	131	-0.00034867503486746276
2020-09-14	14460	14513	14420	14513	85	0.012417160795256343
2020-09-15	14503	14614	14450	14551	258	0.002618342175980226
2020-09-16	14628	14672	14575	14586	181	0.0024053329668063395
2020-09-17	14566	14566	14363	14407	42	-0.012272041683806356
2020-09-18	14368	14445	14296	14446	74	0.002707017422086455
2020-09-21	14450	14522	14276	14311	447	-0.00934514744565973
2020-09-22	14243	14243	13958	13969	187	-0.023897701069107713
2020-09-23	14084	14084	13732	13993	74	0.0017180900565538781
2020-09-24	13790	13847	13631	13637	36	-0.025441292074608768
2020-09-25	13655	13737	13616	13670	90	0.002419887071936744
2020-09-28	13876	13905	13872	13882	2819	0.015508412582297071
2020-09-29	14074	14074	13958	14008	106	0.009076501944964788
2020-10-05	14084	14209	14021	14186	86	0.012707024557395696
2020-10-06	14175	14301	14122	14133	363	-0.003736077823205952
2020-10-07	14122	14344	14122	14344	59	0.01492959739616495
2020-10-08	14522	14522	14319	14369	41	0.0017428890128277086
2020-10-12	14420	14440	14377	14422	40	0.0036884960679239853
2020-10-13	14329	14354	14310	14340	275	-0.005685757869920982
2020-10-14	14420	14420	14266	14296	47	-0.0030683403068340054
2020-10-15	14223	14223	14036	14157	285	-0.00972299944040289
2020-10-16	14151	14180	13968	14051	33	-0.007487462032916614
2020-10-19	14127	14175	14059	14065	32	0.0009963703650985867
2020-10-20	14050	14170	13920	14133	349	0.004834696054034859
2020-10-21	14146	14190	14117	14147	52	0.000990589400693409
2020-10-22	14108	14108	14016	14099	123	-0.0033929455008129272
2020-10-23	14098	14137	14036	14137	5	0.002695226611816537
2020-10-26	14209	14209	14050	14051	44	-0.006083327438636155
2020-10-27	13944	14059	13925	13969	32	-0.005835883567005928
2020-10-28	13905	14059	13900	14061	57	0.0065860118834562
2020-10-29	13761	13891	13742	13892	113	-0.012019059810824295
2020-10-30	13852	13867	13568	13569	87	-0.023250791822631678
2020-11-02	13578	13756	13578	13757	32	0.0138551109145848
2020-11-03	13881	14040	13881	14036	32	0.020280584429744897
2020-11-04	14132	14146	14031	14133	80	0.006910800797948147
2020-11-05	14137	14368	14137	14369	208	0.016698507040260324
2020-11-06	14570	14570	14416	14475	34	0.007376992135847971
2020-11-09	14619	14705	14599	14639	33	0.011329879101899865
2020-11-10	14556	14589	14464	14561	8795	-0.005328232802787047
2020-11-11	14680	14831	14672	14831	82	0.018542682508069452
2020-11-12	14835	14835	14715	14768	33	-0.00424785921380888
2020-11-13	14786	14907	14690	14909	57	0.009547670639219907
2020-11-16	14927	15230	14927	15231	115	0.021597692668857693
2020-11-17	15303	15303	15162	15192	39	-0.0025605672641323407
2020-11-18	15201	15235	15167	15212	39	0.001316482359136284
2020-11-19	15114	15167	15071	15149	319	-0.004141467262687382
2020-11-20	15205	15268	15099	15270	39	0.00798732589609874
2020-11-23	15307	15596	15307	15593	62	0.021152586771447268
2020-11-24	15548	15683	15519	15593	240	0.0
2020-11-25	15683	15779	15432	15520	127	-0.004681587892002792
2020-11-26	15601	15697	15519	15655	7874	0.008698453608247503
2020-11-27	15760	15798	15659	15800	32501	0.009262216544235091
2020-11-30	15924	15924	15616	15616	92	-0.011645569620253204
2020-12-01	15616	15823	15616	15809	39	0.012359118852458995
2020-12-02	15933	16092	15933	16093	389	0.01796445062938834
2020-12-03	16213	16242	16087	16242	268	0.00925868389983231
2020-12-04	16256	16569	16256	16517	391	0.016931412387636957
2020-12-07	16612	16612	16391	16536	579	0.0011503299630684083
2020-12-08	16559	16603	16323	16324	329	-0.012820512820512775
2020-12-09	16486	16684	16433	16685	53	0.022114677775055158
2020-12-10	16511	16733	16487	16609	67	-0.004554989511537322
2020-12-11	16641	16762	16641	16695	501	0.005177915587934345
2020-12-14	16776	16824	16699	16710	52	0.0008984725965857088
2020-12-15	16752	16752	16531	16695	87	-0.0008976660682226134
2020-12-16	16690	16723	16670	16705	64	0.0005989817310572132
2020-12-17	16766	16766	16603	16748	289	0.002574079616881164
2020-12-18	16829	16829	16704	16738	33	-0.0005970862192500315
2020-12-21	16824	16824	16603	16782	34	0.0026287489544749576
2020-12-22	16781	16781	16463	16478	3749	-0.018114646645215116
2020-12-23	16607	16713	16473	16690	239	0.012865639033863285
2020-12-24	16810	17031	16786	17028	11710	0.020251647693229513
2020-12-28	17142	17210	16920	16922	204501	-0.006225041108761986
2020-12-29	17205	17335	17176	17273	323	0.020742229050939587
2020-12-30	17339	17758	17339	17755	120	0.02790482255543325
2021-01-04	17975	18183	17740	18184	163	0.024162207828780646
2021-01-05	18134	18429	17970	18429	57	0.013473383194016808
2021-01-06	18486	18631	18250	18251	860	-0.009658690107982038
2021-01-07	18510	18737	18462	18636	136	0.02109473453509403
2021-01-08	18915	19450	18867	19450	187	0.04367890105172778
2021-01-11	19724	20225	19127	19455	1377	0.0002570694087402625
2021-01-12	19238	19372	18814	19258	401	-0.010125931637111285
2021-01-13	19478	19536	19252	19455	145	0.0102295150067504
2021-01-14	19377	19459	19339	19450	70	-0.0002570033410433936
2021-01-15	19478	19478	18934	19003	5314	-0.02298200514138815
2021-01-18	18698	18867	18525	18526	64	-0.025101299794769272
2021-01-19	18539	19079	18525	18998	251	0.02547770700636942
2021-01-20	19175	19175	18872	19084	112	0.004526792293925608
2021-01-21	19175	19334	19107	19335	280	0.013152378956193589
2021-01-22	19503	19531	19281	19282	109	-0.002741143004913349
2021-01-25	19339	19758	19324	19758	670	0.02468623586764851
2021-01-26	19821	19821	19262	19316	1426	-0.022370685292033565
2021-01-27	19339	19493	19141	19162	158	-0.007972665148063829
2021-01-28	18732	18997	18698	18795	164	-0.01915248930174307
2021-01-29	19088	19088	18298	18318	136	-0.02537909018355944
2021-02-01	18226	18828	18226	18829	253	0.027896058521672762
2021-02-02	18987	19281	18814	18993	211	0.008709968665356671
2021-02-03	19281	19291	19016	19263	36	0.014215763702416728
2021-02-04	19199	19199	18761	18921	74	-0.017754243887245003
2021-02-05	19079	19151	18978	19152	95	0.01220865704772467
2021-02-08	19074	19156	18958	18978	113	-0.009085213032581474
2021-02-09	19137	19156	18929	18930	37	-0.0025292443882389826
2021-02-10	18905	19059	18794	19003	49	0.0038563127311146417
2021-02-15	19281	19363	19175	19335	64	0.017470925643319424
2021-02-16	19411	19508	19300	19379	139	0.002275665890871581
2021-02-17	19358	19358	19074	19075	109	-0.01568708395686047
2021-02-18	19180	19194	18886	18887	114	-0.009855832241153384
2021-02-19	18973	19011	18621	19012	131	0.0066183088897124875
2021-02-22	19011	19199	18727	18829	451	-0.009625499684409844
2021-02-23	18520	18790	18452	18651	456	-0.009453502575813899
2021-02-24	18631	18819	18289	18333	338	-0.01705002412739265
2021-02-25	18703	18920	18534	18921	33	0.032073310423825996
2021-02-26	18587	18587	18327	18477	204	-0.023465990169652784
2021-03-02	18833	19016	18568	18699	159	0.012014937489852162
2021-03-03	18703	18920	18530	18921	48	0.011872292635969783
2021-03-04	18674	18775	18563	18670	76	-0.013265683631943359
2021-03-05	18274	18563	18270	18526	46	-0.007712908409212682
2021-03-08	18602	18607	18279	18280	1144	-0.013278635431285712
2021-03-09	18279	18279	17899	18222	136	-0.0031728665207877427
2021-03-10	18366	18404	18072	18092	76	-0.007134233344309071
2021-03-11	18284	18544	18284	18521	54	0.023712137961529933
2021-03-12	18819	18819	18679	18752	34	0.012472328707953118
2021-03-15	18819	18819	18655	18656	42	-0.005119453924914641
2021-03-16	18592	18732	18592	18733	1050	0.004127358490566113
2021-03-17	18655	18655	18558	18612	20	-0.006459189665296572
2021-03-18	18876	18900	18790	18791	115	0.00961745110681278
2021-03-19	18616	18640	18554	18627	70	-0.008727582353254215
2021-03-22	18732	18732	18539	18627	24	0.0
2021-03-23	18790	18790	18448	18449	19	-0.009556020829977974
2021-03-24	18332	18361	18169	18314	63	-0.007317469781560004
2021-03-25	18265	18472	18265	18367	59	0.0028939609042262227
2021-03-26	18587	18611	18477	18612	896	0.013339140850438191
2021-03-29	18655	18655	18534	18583	29	-0.0015581345368579358
2021-03-30	18703	18833	18616	18728	779	0.007802830544045625
2021-03-31	18920	18920	18737	18738	177	0.0005339598462195116
2021-04-01	18766	18929	18766	18930	15	0.01024655779699013
2021-04-02	18978	19117	18973	19022	52	0.004860010565240325
2021-04-05	19069	19112	18968	19060	247	0.0019976868888655908
2021-04-06	19310	19310	19093	19181	62	0.00634837355718787
2021-04-07	19054	19218	19054	19137	26	-0.0022939367082007722
2021-04-08	19141	19141	19040	19089	78	-0.002508230130114475
2021-04-09	19291	19291	19107	19137	40	0.0025145371680024287
2021-04-12	19137	19137	19035	19065	41	-0.0037623451951717124
2021-04-13	19223	19402	19170	19369	104	0.015945449777078347
2021-04-14	19319	19382	19291	19383	49	0.0007228044813878398
2021-04-15	19382	19541	19324	19436	122	0.0027343548470308843
2021-04-16	19473	19541	19411	19455	44	0.0009775674006997637
2021-04-19	19445	19594	19445	19542	44	0.004471858134155848
2021-04-20	19526	19565	19512	19533	117	-0.0004605465151980015
2021-04-21	19363	19372	19190	19215	231	-0.016280141299339634
2021-04-22	19291	19291	19218	19291	43	0.003955243299505584
2021-04-23	19040	19281	19040	19277	85	-0.0007257270229640289
2021-04-26	19276	19469	19276	19422	51	0.007521917310784776
2021-04-27	19551	19574	19349	19475	1663	0.0027288641746472386
2021-04-28	19522	19522	19146	19263	37	-0.010885750962772778
2021-04-29	19365	19365	19032	19071	146	-0.009967294813891914
2021-04-30	19223	19223	18899	18998	229	-0.0038278013738136663
2021-05-03	18987	19046	18791	18806	201	-0.010106326981787594
2021-05-04	18673	18953	18673	18954	86	0.007869828778049648
2021-05-06	18835	19061	18811	19047	58	0.004906616017727128
2021-05-07	19012	19203	19012	19160	24	0.005932692812516516
2021-05-10	19218	19503	19218	19488	53	0.017118997912317413
2021-05-11	19272	19355	19095	19155	103	-0.01708743842364535
2021-05-12	19081	19144	18737	18836	41	-0.016653615244061615
2021-05-13	18801	18801	18546	18674	17	-0.00860055213421107
2021-05-14	18781	18909	18767	18880	23	0.011031380529077817
2021-05-17	18978	18978	18717	18796	120	-0.004449152542372881
2021-05-18	18884	19036	18870	19022	23	0.012023834858480464
2021-05-20	18943	18948	18919	18944	15	-0.0041005151929345285
2021-05-21	19110	19130	18909	18949	22	0.0002639358108107448
2021-05-24	18776	18884	18742	18787	56	-0.008549263813393826
2021-05-25	18840	18958	18835	18958	25	0.009102038643743038
2021-05-26	18933	19012	18894	18909	32	-0.0025846608292013906
2021-05-27	18874	18928	18742	18904	35	-0.000264424348193959
2021-05-28	18904	19066	18899	19022	70	0.006242065171392364
2021-05-31	19169	19174	19002	19174	139	0.007990747555462141
2021-06-01	19174	19316	19110	19194	53	0.001043079169708916
2021-06-02	19326	19351	19238	19253	17	0.0030738772533083214
2021-06-03	19326	19493	19316	19439	37	0.009660832078117743
2021-06-04	19385	19385	19193	19361	23	-0.0040125520860126995
2021-06-07	19336	19365	19233	19336	20	-0.0012912556169619727
2021-06-08	19297	19375	19292	19297	25	-0.002016963177492781
2021-06-09	19262	19262	19110	19111	31	-0.00963880395916461
2021-06-10	19061	19228	19061	19219	10	0.005651195646486418
2021-06-11	19390	19390	19311	19371	61	0.007908840210208545
2021-06-14	19370	19414	19311	19341	19	-0.0015487068297971307
2021-06-15	19434	19459	19414	19454	11	0.00584251072850428
2021-06-16	19498	19571	19493	19557	83	0.005294540968438399
2021-06-17	19321	19454	19321	19415	25	-0.007260827325254349
2021-06-18	19581	19581	19522	19538	15	0.006335307751738295
2021-06-21	19424	19424	19311	19385	133	-0.007830893643156922
2021-06-22	19385	19503	19385	19454	30	0.003559453185452588
2021-06-23	19606	19625	19478	19611	41	0.008070319728590514
2021-06-24	19704	19704	19611	19645	45	0.0017337208709398144
2021-06-25	19777	19787	19684	19753	49	0.005497582081954722
2021-06-28	19655	19753	19620	19665	21	-0.004455019490710255
2021-06-29	19665	19665	19601	19601	2	-0.0032545130943300027
2021-06-30	19738	19782	19738	19783	59	0.009285240548951634
2021-07-01	19782	19782	19562	19660	57	-0.006217459434868289
2021-07-02	19694	19714	19650	19665	11	0.00025432349949139343
2021-07-05	19689	19699	19665	19665	21	0.0
2021-07-06	19674	19753	19674	19724	32	0.003000254258835433
2021-07-07	19724	19724	19616	19631	29	-0.004715067937538064
2021-07-08	19630	19753	19542	19542	40	-0.004533645764352334
2021-07-09	19370	19370	19164	19307	32	-0.01202538123017094
2021-07-12	19488	19488	19321	19356	31	0.0025379396073963445
2021-07-13	19409	19527	19409	19528	39	0.008886133498656745
2021-07-14	19375	19522	19375	19459	13	-0.0035333879557558623
2021-07-15	19459	19616	19459	19616	12	0.008068246055809691
2021-07-16	19630	19630	19547	19592	45	-0.0012234910277324484
2021-07-19	19493	19493	19341	19410	293	-0.009289505920784036
2021-07-20	19277	19351	19213	19346	54	-0.0032972694487377607
2021-07-21	19351	19385	19189	19189	16	-0.008115372686860356
2021-07-22	19243	19400	19243	19380	11	0.009953619261034996
2021-07-23	19532	19532	19419	19484	767	0.005366357069143346
2021-07-26	19429	19458	19243	19243	23	-0.012369123383288883
2021-07-27	19463	19463	19331	19336	248	0.004832926258899306
2021-07-28	19341	19385	19218	19346	23	0.0005171700455108841
2021-07-29	19454	19454	19267	19400	75	0.0027912746821048273
2021-07-30	19277	19306	19120	19145	61	-0.01314432989690717
2021-08-02	19135	19189	19036	19189	21	0.0022982501958734858
2021-08-03	19380	19400	19213	19400	239	0.01099588305800192
2021-08-04	19508	19655	19375	19655	30	0.01314432989690717
2021-08-05	19719	19743	19562	19631	43	-0.0012210633426609219
2021-08-06	19709	19709	19488	19577	23	-0.002750751362640691
2021-08-09	19537	19547	19439	19498	22	-0.004035347601777595
2021-08-10	19424	19429	19257	19282	38	-0.011078059288132103
2021-08-11	19341	19360	19213	19228	51	-0.0028005393631366227
2021-08-12	19257	19257	19115	19130	51	-0.005096733929685904
2021-08-13	18963	18968	18663	18757	47	-0.019498170412963978
2021-08-17	18850	18874	18590	18620	46	-0.00730393986245137
2021-08-18	18629	18776	18511	18733	162	0.006068743286788303
2021-08-19	18614	18649	18349	18350	242	-0.02044520365131053
2021-08-20	18310	18448	18021	18149	30	-0.010953678474114437
2021-08-23	18325	18443	18197	18345	1105	0.010799493085018375
2021-08-24	18565	18693	18560	18688	479	0.018697192695557474
2021-08-25	18796	18811	18570	18762	43	0.003959760273972712
2021-08-26	18654	18727	18531	18556	1037	-0.010979639697260457
2021-08-27	18394	18605	18394	18551	22	-0.00026945462384131424
2021-08-30	18663	18663	18551	18605	20	0.002910894291412891
2021-08-31	18737	19046	18605	19047	178	0.02375705455522703
2021-09-01	19041	19081	18953	19047	68	0.0
2021-09-02	19046	19046	18786	18787	24	-0.013650443639418253
2021-09-03	18987	19002	18958	19003	20	0.011497311971043755
2021-09-06	18889	19071	18889	18993	22	-0.0005262327000999933
2021-09-07	18933	18958	18899	18914	16	-0.0041594271573737185
2021-09-08	18786	18860	18742	18782	53	-0.006978957386063245
2021-09-09	18570	18570	18526	18527	5	-0.013576828878713698
2021-09-10	18595	18605	18462	18576	20	0.0026447886867815296
2021-09-13	18551	18629	18506	18595	21	0.001022825150732043
2021-09-14	18551	18732	18551	18649	41	0.0029040064533476517
2021-09-15	18619	18737	18619	18698	31	0.002627486728510986
2021-09-16	18708	18732	18521	18541	53	-0.008396619959353924
2021-09-17	18629	18654	18526	18644	233	0.0055552559193139395
2021-09-23	18634	18668	18536	18654	36	0.0005363655867840489
2021-09-24	18767	18767	18614	18630	23	-0.001286587327114841
2021-09-27	18649	18727	18609	18684	20	0.0028985507246377384
2021-09-28	18614	18614	18423	18443	22	-0.012898736887176243
2021-09-29	18133	18192	17991	18109	51	-0.018109851976359614
2021-09-30	18099	18300	18099	18262	17	0.008448837594566161
2021-10-01	18025	18084	17873	17884	23	-0.020698718650750236
2021-10-05	17667	17667	17481	17589	125	-0.01649519123238652
2021-10-06	17785	17790	17338	17339	115	-0.014213428847575149
2021-10-07	17559	17633	17495	17624	29	0.016436934079243404
2021-10-08	17618	17618	17510	17530	20	-0.005333635950975912
2021-10-12	17412	17417	17196	17221	26	-0.0176269252709641
2021-10-13	17230	17491	17230	17398	16	0.010278148771848405
2021-10-14	17652	17721	17603	17722	165	0.018622830210369035
2021-10-15	17927	17937	17814	17893	26	0.009649023812210888
2021-10-18	17898	17917	17775	17844	22	-0.0027385010898116624
2021-10-19	17878	17932	17873	17933	12	0.004987670925801435
2021-10-20	18109	18109	17932	17933	63	0.0
2021-10-21	17947	17981	17868	17889	66	-0.0024535772040372716
2021-10-22	17751	17898	17751	17839	170	-0.0027950136955671168
2021-10-25	17731	17942	17731	17913	20	0.004148214586019439
2021-10-26	17967	18119	17967	18104	34	0.010662647239435108
2021-10-27	18021	18065	17917	17947	83	-0.008672116659301787
2021-10-28	17868	17996	17868	17869	59	-0.004346130272468884
2021-10-29	18040	18045	17672	17702	46	-0.009345794392523366
2021-11-01	17662	17800	17662	17687	14	-0.000847361880013553
2021-11-02	17922	18094	17922	17997	42	0.017526997229603714
2021-11-03	18089	18089	17741	17766	86	-0.012835472578763163
2021-11-04	17986	17986	17829	17854	20	0.0049532815490263005
2021-11-05	18030	18030	17726	17800	24	-0.0030245323176879557
2021-11-08	17844	17844	17618	17785	13	-0.0008426966292134352
2021-11-09	17829	17864	17687	17771	72	-0.0007871802080404722
2021-11-10	17687	17721	17574	17574	31	-0.011085476337853839
2021-11-11	17383	17598	17383	17535	15	-0.002219187435984926
2021-11-12	17652	17859	17603	17751	125	0.012318220701454274
2021-11-15	17864	18006	17864	18001	44	0.014083713593600278
2021-11-16	17893	18060	17893	17972	20	-0.0016110216099105568
2021-11-17	17952	17952	17746	17751	21	-0.01229690629868685
2021-11-18	17682	17834	17682	17702	21	-0.0027604078643456154
2021-11-19	17682	17878	17682	17825	54	0.006948367416111267
2021-11-22	18040	18256	18040	18242	47	0.023394109396914553
2021-11-23	18286	18286	18084	18100	20	-0.007784234184848193
2021-11-24	18148	18163	17986	18065	10	-0.001933701657458542
2021-11-25	17947	17947	17854	17854	11	-0.011680044284528068
2021-11-26	17746	17839	17525	17555	21	-0.016746947462753403
2021-11-29	17437	17520	17387	17393	59	-0.009228140131016804
2021-11-30	17706	17706	16985	17108	78	-0.016385902374518535
2021-12-01	17098	17461	17098	17452	43	0.02010755202244563
2021-12-02	17422	17677	17353	17678	423	0.01294980517992217
2021-12-03	17662	17903	17594	17849	74	0.009673039936644479
2021-12-06	17687	17917	17652	17864	45	0.0008403832147458878
2021-12-07	17873	18006	17824	18006	20	0.007948947604120127
2021-12-08	18153	18251	18060	18070	143	0.0035543707653005185
2021-12-09	18094	18192	18094	18154	11	0.004648588821250632
2021-12-10	18084	18129	18079	18100	209	-0.002974551063126607
2021-12-13	18187	18300	18065	18065	29	-0.001933701657458542
2021-12-14	17932	18021	17908	17972	21	-0.005148076390810941
2021-12-15	17834	17991	17834	17992	13	0.0011128421989761161
2021-12-16	18124	18124	18021	18095	10	0.005724766562916761
2021-12-17	18040	18178	18040	18178	16	0.00458690245924287
2021-12-20	18187	18187	17868	17874	14	-0.016723511937506874
2021-12-21	18001	18016	17878	17977	278	0.0057625601432247375
2021-12-22	18089	18089	18035	18046	20	0.003838237748233775
2021-12-23	18212	18212	18055	18149	506	0.005707636041228037
2021-12-24	18148	18305	18148	18208	525	0.003250867816408709
2021-12-27	18330	18330	18183	18193	61	-0.0008238137082601238
2021-12-28	18266	18330	18138	18330	287	0.007530368823173816
2021-12-29	18521	18521	18325	18355	24	0.0013638843426078129
2021-12-30	18320	18364	18197	18257	103	-0.005339144647235061
2022-01-03	18457	18457	18246	18281	40	0.001314564276715835
2022-01-04	18389	18389	18192	18266	41	-0.0008205240413544646
2022-01-05	18340	18340	17908	18021	25	-0.013412898280959151
2022-01-06	17868	17962	17765	17795	28	-0.01254092447699906
2022-01-07	18006	18016	17908	17987	235	0.010789547625737583
2022-01-10	18035	18035	17726	17800	113	-0.010396397398120816
2022-01-11	17927	17927	17770	17864	23	0.0035955056179775013
2022-01-12	18070	18153	18055	18154	22	0.016233766233766156
2022-01-13	18276	18276	18065	18134	91	-0.0011016855789357516
2022-01-14	17976	17976	17785	17815	23	-0.01759126502702102
2022-01-17	17805	17805	17554	17648	136	-0.00937412293011508
2022-01-18	17702	17702	17486	17516	78	-0.007479601087941989
2022-01-19	17378	17520	17314	17378	31	-0.007878511075588013
2022-01-20	17412	17510	17329	17511	31	0.007653354816434588
2022-01-21	17427	17427	17191	17305	6868	-0.011764034035748994
2022-01-24	17250	17250	16975	17064	53	-0.01392661080612545
2022-01-25	17068	17068	16588	16662	925	-0.02355836849507731
2022-01-26	16715	16764	16573	16573	206	-0.005341495618773284
2022-01-27	16622	16622	16023	16024	304	-0.033126169070174405
2022-01-28	16111	16460	15979	16446	37	0.026335496754867682
2022-02-03	16828	16828	16627	16627	1151	0.011005715675544314
2022-02-04	16730	16833	16646	16833	437	0.01238948697900999
2022-02-07	16926	16926	16543	16652	33	-0.010752688172043001
2022-02-08	16857	16857	16607	16716	207	0.00384338217631508
2022-02-09	16931	16936	16818	16936	100	0.013161043311797016
2022-02-10	17059	17059	16965	17049	26	0.006672177609825303
2022-02-11	16951	16990	16764	16882	418	-0.00979529591178363
2022-02-14	16705	16705	16524	16627	646	-0.015104845397464706
2022-02-15	16715	16715	16426	16500	24	-0.007638178865700396
2022-02-16	16818	16818	16710	16819	31	0.019333333333333425
2022-02-17	16941	17059	16769	16917	5326	0.00582674356382662
2022-02-18	16789	16892	16720	16892	68	-0.001477803393036603
2022-02-21	16705	16877	16588	16878	22	-0.0008287946957139525
2022-02-22	16646	16681	16538	16657	183	-0.013093968479677698
2022-02-23	16789	16789	16612	16711	134	0.0032418802905684885
2022-02-24	16558	16558	16195	16279	291	-0.025851235713003407
2022-02-25	16524	16538	16396	16470	82	0.011732907426746042
2022-02-28	16455	16632	16347	16632	63	0.009836065573770592
2022-03-02	16671	16671	16529	16598	236	-0.0020442520442520706
2022-03-03	16794	16892	16764	16892	20	0.017712977467164714
2022-03-04	16823	16823	16607	16632	22	-0.01539190149183045
2022-03-07	16352	16352	16195	16244	5114	-0.02332852332852331
2022-03-08	16028	16215	16028	16097	22	-0.009049495198227064
2022-03-10	16421	16514	16347	16514	20	0.025905448220165272
2022-03-11	16465	16465	16269	16313	530	-0.012171490856243139
2022-03-14	16435	16435	16229	16308	378	-0.0003065040152026022
2022-03-15	16210	16249	16151	16166	20	-0.008707382879568293
2022-03-16	16416	16416	16244	16397	23	0.01428924904119766
2022-03-17	16730	16740	16676	16676	21	0.017015307678233782
2022-03-18	16745	16745	16592	16725	58	0.0029383545214680673
2022-03-21	16833	16833	16543	16549	58	-0.010523168908819103
2022-03-22	16592	16671	16588	16671	57	0.0073720466493443215
2022-03-23	16843	16843	16681	16804	488	0.007977925739307778
2022-03-24	16720	16740	16617	16740	38	-0.0038086169959533622
2022-03-25	16740	16749	16656	16676	28	-0.0038231780167263807
2022-03-28	16681	16681	16543	16647	29	-0.001739026145358591
2022-03-29	16779	16779	16671	16676	24	0.001742055625638228
2022-03-30	16764	16877	16764	16809	31	0.007975533701127357
2022-03-31	16862	16887	16808	16863	23	0.003212564697483433
2022-04-01	16818	16818	16686	16760	21	-0.00610804720393765
2022-04-04	16666	16779	16666	16779	21	0.001133651551312731
2022-04-05	16794	16823	16754	16824	23	0.0026819238333630757
2022-04-06	16745	16745	16622	16662	25	-0.00962910128388017
2022-04-07	16558	16558	16401	16431	21	-0.013863881886928331
2022-04-08	16484	16484	16372	16441	23	0.0006086056843770393
2022-04-11	16411	16475	16342	16397	30	-0.0026762362386716365
2022-04-12	16342	16342	16200	16254	30	-0.008721107519668259
2022-04-13	16327	16543	16327	16544	25	0.017841762027808628
2022-04-14	16484	16489	16426	16485	43	-0.003566247582205029
2022-04-15	16450	16450	16273	16313	31	-0.01043372763117989
2022-04-18	16259	16313	16244	16298	24	-0.0009195120456078065
2022-04-19	16416	16494	16411	16470	207	0.010553442140139868
2022-04-20	16534	16534	16376	16470	24	0.0
2022-04-21	16470	16573	16470	16544	53	0.004493017607771765
2022-04-22	16440	16440	16303	16382	25	-0.009792069632495126
2022-04-25	16234	16234	16067	16068	12	-0.01916737883042363
2022-04-26	16156	16195	16141	16156	20	0.005476723923325766
2022-04-27	15915	15950	15846	15950	28	-0.012750680861599362
2022-04-28	16110	16110	15970	16110	9	0.010031347962382364
2022-04-29	16185	16360	16185	16360	10	0.015518311607697122
2022-05-02	16215	16300	16195	16295	20	-0.003973105134474353
2022-05-03	16380	16400	16275	16275	4559	-0.001227370359005775
2022-05-04	16275	16360	16230	16270	25	-0.0003072196620583778
2022-05-06	16155	16155	16015	16060	70	-0.01290719114935468
2022-05-09	16020	16020	15835	15870	23	-0.011830635118306398
2022-05-10	15740	15790	15535	15780	25298	-0.005671077504725952
2022-05-11	15785	15800	15695	15800	21	0.0012674271229404788
2022-05-12	15695	15750	15510	15535	39	-0.016772151898734156
2022-05-13	15585	15855	15585	15855	816	0.020598648213711046
2022-05-16	15835	15860	15805	15820	125	-0.002207505518763808
2022-05-17	15745	15950	15745	15930	20	0.006953223767383054
2022-05-18	16015	16110	15955	15990	21	0.0037664783427495685
2022-05-19	15565	15805	15565	15760	20	-0.014383989993746127
2022-05-20	15790	16045	15790	16040	31	0.017766497461928932
2022-05-23	16100	16130	16025	16095	28	0.003428927680797944
2022-05-24	16015	16035	15815	15815	24	-0.017396707051879456
2022-05-25	15835	15965	15835	15885	20	0.0044261776794183305
2022-05-26	15870	16030	15790	15815	53	-0.004406672961913771
2022-05-27	15950	16030	15950	15970	20	0.009800822004426113
2022-05-30	16115	16200	16115	16180	94	0.01314965560425807
2022-05-31	16170	16280	16120	16280	20	0.006180469715698411
2022-06-02	16140	16145	16070	16095	20	-0.011363636363636354
2022-06-03	16170	16230	16140	16165	20	0.004349176762969975
2022-06-07	16035	16035	15855	15880	20	-0.01763068357562636
2022-06-08	15915	15960	15875	15880	23	0.0
2022-06-09	15810	15890	15775	15890	20	0.0006297229219143219
2022-06-10	15740	15740	15740	15740	30	-0.009439899307740696
2022-06-13	15310	15355	15135	15135	20	-0.038437102922490474
2022-06-14	14805	15075	14805	15060	124	-0.0049554013875123815
2022-06-15	14920	14950	14710	14775	24	-0.018924302788844605
2022-06-16	14930	15055	14750	14770	21	-0.00033840947546526223
2022-06-17	14365	14690	14365	14665	10	-0.007109004739336511
2022-06-20	14680	14680	14300	14410	541	-0.01738833958404362
2022-06-21	14400	14585	14400	14505	20	0.006592643997224146
2022-06-22	14555	14555	14115	14115	24	-0.026887280248190315
2022-06-23	14035	14165	13960	13960	81	-0.010981225646475412
2022-06-24	13960	14350	13960	14300	20	0.024355300859598916
2022-06-27	14395	14605	14395	14495	10	0.013636363636363669
2022-06-28	14495	14610	14465	14610	20	0.00793377026560882
2022-06-29	14385	14495	14375	14390	734	-0.015058179329226595
2022-06-30	14265	14330	14140	14140	21	-0.0173731758165393
2022-07-01	14145	14215	13910	13970	20	-0.01202263083451205
2022-07-04	13960	14035	13840	13960	20	-0.0007158196134574579
2022-07-05	14000	14255	14000	14225	20	0.018982808022922626
2022-07-06	14115	14170	13930	13930	20	-0.020738137082601082
2022-07-07	14070	14295	14070	14235	20	0.021895190236898676
2022-07-08	14300	14400	14290	14290	220	0.0038637161924832686
2022-07-11	14295	14345	14205	14205	20	-0.005948215535339418
2022-07-12	14100	14100	13995	14045	20	-0.011263639563533934
2022-07-13	14165	14235	14130	14180	21	0.009611961552153714
2022-07-14	14095	14235	14095	14140	20	-0.0028208744710860323
