Date	Open	High	Low	Close	Volume	Change
2018-05-11	9560	9637	9536	9629	1056	
2018-05-14	9689	9759	9689	9752	60	0.012773912140409127
2018-05-15	9750	9759	9684	9699	72	-0.005434782608695676
2018-05-16	9574	9632	9570	9592	56	-0.011032065161356797
2018-05-17	9579	9650	9555	9572	54	-0.00208507089241039
2018-05-18	9574	9640	9574	9643	53	0.0074174676138738516
2018-05-21	9640	9640	9570	9609	2598	-0.003525873690760184
2018-05-23	9523	9536	9479	9506	57	-0.010719117494015995
2018-05-24	9546	9546	9442	9482	176	-0.002524721228697624
2018-05-25	9352	9361	9304	9325	216	-0.016557688251423786
2018-05-28	9437	9531	9437	9519	53	0.020804289544235965
2018-05-29	9503	9503	9432	9434	53	-0.008929509402248126
2018-05-30	9417	9417	9252	9321	53	-0.011977952088191635
2018-05-31	9389	9394	9361	9391	107	0.007509923827915488
2018-06-01	9365	9412	9337	9391	53	0.0
2018-06-04	9498	9498	9465	9482	55	0.00969012884676812
2018-06-05	9465	9503	9432	9501	55	0.002003796667369828
2018-06-07	9488	9574	9488	9572	53	0.007472897589727356
2018-06-08	9617	9617	9541	9544	53	-0.0029251984956122357
2018-06-11	9536	9640	9536	9638	53	0.009849119865884326
2018-06-12	9664	9679	9613	9634	58	-0.00041502386387215484
2018-06-14	9570	9598	9484	9506	106	-0.01328627776624458
2018-06-15	9488	9488	9412	9429	53	-0.008100147275404979
2018-06-18	9451	9461	9276	9301	53	-0.013575140523915619
2018-06-19	9309	9309	9124	9126	60	-0.01881518116331582
2018-06-20	9119	9219	9106	9187	54	0.006684198991891321
2018-06-21	9110	9138	9020	9021	53	-0.018069010558397713
2018-06-22	9001	9115	8996	9116	53	0.010530983261279214
2018-06-25	9058	9152	9048	9154	53	0.0041684949539271265
2018-06-26	9138	9162	9058	9140	53	-0.0015293860607384913
2018-06-27	9096	9143	9020	9021	53	-0.013019693654266917
2018-06-28	9024	9058	8972	8980	753	-0.0045449506706574105
2018-06-29	9066	9066	8900	9044	210	0.007126948775055597
2018-07-02	8977	8977	8768	8770	159	-0.030296329057938998
2018-07-03	8801	8801	8655	8718	757	-0.005929304446978367
2018-07-04	8691	8772	8691	8742	475	0.002752924982794225
2018-07-05	8749	8768	8645	8695	53	-0.005376344086021501
2018-07-06	8734	8877	8734	8870	53	0.020126509488211708
2018-07-09	8820	8839	8764	8799	53	-0.008004509582863584
2018-07-10	8835	8853	8820	8832	58	0.0037504261847938203
2018-07-11	8759	8768	8686	8742	53	-0.010190217391304324
2018-07-12	8791	8820	8754	8775	53	0.003774879890185323
2018-07-13	8801	8853	8801	8832	53	0.006495726495726606
2018-07-16	8806	8835	8781	8790	53	-0.004755434782608647
2018-07-17	8786	8801	8749	8780	53	-0.0011376564277588708
2018-07-18	8806	8806	8664	8670	53	-0.01252847380410027
2018-07-19	8725	8725	8607	8628	53	-0.0048442906574394096
2018-07-20	8584	8636	8551	8614	53	-0.001622624014835372
2018-07-23	8650	8668	8602	8609	68	-0.0005804504295333635
2018-07-24	8645	8691	8598	8685	53	0.008827970728307655
2018-07-25	8734	8744	8691	8699	55	0.0016119746689695624
2018-07-26	8754	8772	8725	8737	53	0.004368318197494059
2018-07-27	8744	8754	8725	8755	53	0.0020602037312578148
2018-07-30	8749	8768	8739	8765	54	0.0011422044545974508
2018-07-31	8786	8844	8781	8846	53	0.009241300627495619
2018-08-01	8867	8905	8867	8889	53	0.004860954103549586
2018-08-02	8825	8849	8696	8723	53	-0.01867476656541789
2018-08-03	8772	8853	8764	8856	56	0.015247048033933286
2018-08-06	8835	8910	8835	8866	54161	0.001129177958446359
2018-08-07	8830	8853	8791	8851	24070	-0.0016918565305662492
2018-08-08	8820	8849	8810	8813	53	-0.004293300192068639
2018-08-09	8820	8825	8791	8809	58	-0.00045387495744919626
2018-08-10	8835	8877	8815	8856	53	0.005335452378249617
2018-08-13	8801	8820	8683	8704	53	-0.017163504968383037
2018-08-14	8721	8772	8711	8775	53	0.008157169117646967
2018-08-16	8721	8721	8659	8713	53	-0.0070655270655271
2018-08-17	8725	8764	8706	8755	53	0.004820383335246259
2018-08-20	8759	8801	8744	8755	53	0.0
2018-08-21	8749	8796	8739	8794	53	0.004454597372929747
2018-08-22	8759	8781	8711	8713	53	-0.009210825562883773
2018-08-23	8739	8759	8683	8728	57	0.0017215654768736322
2018-08-24	8754	8815	8739	8813	5498	0.009738771769019161
2018-08-27	8815	8830	8791	8822	53	0.0010212186542608581
2018-08-28	8835	8887	8835	8879	53	0.006461119927454018
2018-08-29	8895	8915	8882	8894	53	0.0016893794346211077
2018-08-30	8872	8872	8796	8817	53	-0.008657521924893219
2018-08-31	8825	8862	8810	8866	105	0.005557445843257236
2018-09-03	8820	8835	8810	8827	53	-0.004398826979472137
2018-09-04	8825	8825	8781	8827	53	0.0
2018-09-05	8825	8862	8786	8790	53	-0.004191684604055723
2018-09-06	8786	8849	8777	8785	2734	-0.0005688282138793799
2018-09-07	8810	8887	8777	8874	4279	0.010130904951622055
2018-09-10	8806	8895	8806	8894	106	0.0022537750732476436
2018-09-11	8882	8930	8862	8903	109	0.0010119181470653604
2018-09-12	8952	8962	8887	8951	106	0.005391441087273963
2018-09-13	9001	9010	8967	9006	5761	0.006144564853089118
2018-09-14	9020	9071	9020	9064	105	0.006440151010437489
2018-09-17	9038	9038	8957	8984	106	-0.008826125330979706
2018-09-18	8935	8972	8930	8975	53	-0.0010017809439002434
2018-09-19	8977	8977	8915	8917	53	-0.006462395543175514
2018-09-20	8935	8948	8900	8913	53	-0.0004485813614444334
2018-09-21	8986	8991	8952	8956	69	0.0048244137776281
2018-09-27	8977	9066	8977	9054	54	0.01094238499330058
2018-09-28	9053	9063	9020	9064	71	0.001104484205875833
2018-10-01	9024	9029	8977	8984	109	-0.008826125330979706
2018-10-02	8991	9015	8930	8931	141	-0.005899376669634915
2018-10-04	8977	8977	8806	8832	53	-0.01108498488411147
2018-10-05	8764	8786	8706	8780	53	-0.005887681159420288
2018-10-08	8764	8772	8686	8690	53	-0.01025056947608205
2018-10-10	8683	8701	8516	8528	53	-0.01864211737629462
2018-10-11	8318	8350	8147	8149	11223	-0.04444183864915574
2018-10-12	8147	8204	8103	8187	53	0.0046631488526198694
2018-10-15	8165	8199	8137	8154	53	-0.004030780505679732
2018-10-16	8213	8251	8184	8187	53	0.004047093451067019
2018-10-17	8318	8323	8232	8278	53	0.011115182606571405
2018-10-18	8247	8284	8184	8192	53	-0.010388982846098127
2018-10-19	8113	8209	8071	8210	53	0.002197265625
2018-10-22	8184	8251	8137	8253	53	0.005237515225334999
2018-10-23	8199	8217	7933	8007	7141	-0.02980734278444197
2018-10-24	8085	8090	7994	8049	55	0.005245410266017325
2018-10-25	7924	7958	7843	7931	5959	-0.014660206236799644
2018-10-26	7938	7938	7710	7765	63	-0.020930525784894738
2018-10-29	7819	7838	7582	7585	54	-0.023180940115904658
2018-10-30	7596	7648	7506	7627	54	0.0055372445616348465
2018-10-31	7596	7706	7540	7684	106	0.007473449586993475
2018-11-01	7640	7720	7611	7617	54	-0.008719416970327964
2018-11-02	7672	7863	7672	7859	159	0.03177103846658791
2018-11-05	7858	7858	7749	7787	53	-0.009161470925054038
2018-11-06	7853	7915	7853	7888	54	0.01297033517400803
2018-11-07	7905	7990	7729	7740	667	-0.018762677484786994
2018-11-08	7896	7982	7877	7878	106	0.01782945736434116
2018-11-09	7881	7924	7853	7859	5889	-0.0024117796395024538
2018-11-12	7819	7877	7819	7845	118	-0.0017813971243160198
2018-11-13	7744	7848	7692	7841	5662	-0.000509878903760308
2018-11-14	7848	7863	7814	7863	105	0.0028057645708454704
2018-11-15	7848	7963	7843	7963	6131	0.012717792191275556
2018-11-16	7982	8018	7972	8007	105	0.005525555695089723
2018-11-19	8004	8137	8004	8107	5736	0.012489072061945716
2018-11-20	8090	8165	8090	8134	117	0.0033304551622055367
2018-11-21	8075	8179	8033	8183	403	0.006024096385542244
2018-11-22	8147	8147	8075	8092	116	-0.011120615911035081
2018-11-23	8094	8094	8008	8016	107	-0.009391992090953982
2018-11-26	8061	8194	8061	8178	5957	0.02020958083832336
2018-11-27	8175	8194	8128	8173	106	-0.0006113964294448548
2018-11-28	8204	8204	8147	8197	107	0.0029364982258657246
2018-11-29	8274	8284	8209	8225	105	0.0034158838599487318
2018-11-30	8274	8274	8217	8263	105	0.00462006079027355
2018-12-03	8308	8350	8274	8348	5562	0.010286820767275717
2018-12-04	8308	8318	8242	8268	217	-0.009583133684714862
2018-12-05	8227	8294	8227	8268	5750	0.0
2018-12-06	8284	8284	8133	8144	5750	-0.014997581035316898
2018-12-07	8227	8227	8133	8173	80	0.003560903732809484
2018-12-10	8047	8113	8047	8087	67	-0.010522451976018643
2018-12-11	8085	8133	8056	8107	11701	0.00247310498330644
2018-12-12	8118	8217	8113	8215	105	0.013321820648821925
2018-12-13	8232	8318	8227	8310	215	0.011564211807668867
2018-12-14	8355	8365	8260	8310	5884	0.0
2018-12-17	8355	8375	8318	8333	105	0.0027677496991576067
2018-12-18	8303	8350	8265	8296	106	-0.004440177607104245
2018-12-19	8289	8350	8289	8353	107	0.00687078109932493
2018-12-20	8341	8375	8251	8338	134	-0.0017957620016760822
2018-12-21	8360	8360	8294	8328	525	-0.0011993283761093654
2018-12-24	8299	8327	8279	8287	105	-0.0049231508165226145
2018-12-26	8184	8194	8071	8139	105	-0.01785929769518524
2018-12-27	8227	8345	8189	8273	5606	0.01646393905885235
2018-12-28	8345	8360	8327	8343	155	0.008461259518916853
2019-01-02	8303	8332	8147	8201	156	-0.0170202565024572
2019-01-03	8194	8199	8118	8120	105	-0.009876844287282083
2019-01-04	8137	8256	8128	8248	100	0.015763546798029493
2019-01-07	8318	8350	8274	8300	197	0.006304558680892303
2019-01-08	8345	8345	8256	8273	105	-0.003253012048192727
2019-01-09	8341	8431	8341	8409	94	0.01643901849389584
2019-01-10	8375	8375	8323	8343	179	-0.007848733499821625
2019-01-11	8323	8380	8318	8371	128	0.0033561069159775414
2019-01-14	8380	8403	8327	8357	5263	-0.0016724405686298072
2019-01-15	8408	8489	8408	8438	99	0.009692473375613186
2019-01-16	8408	8436	8398	8409	100	-0.003436833372837178
2019-01-17	8408	8427	8375	8390	128	-0.0022594838863122524
2019-01-18	8470	8484	8445	8485	102	0.011323003575685275
2019-01-21	8546	8546	8484	8494	113	0.0010606953447260814
2019-01-22	8503	8503	8427	8448	2343	-0.005415587473510675
2019-01-23	8455	8551	8455	8533	107	0.010061553030302983
2019-01-24	8503	8546	8489	8528	100	-0.0005859603890776555
2019-01-25	8494	8616	8494	8609	103	0.009498123827392124
2019-01-28	8616	8626	8579	8599	102	-0.0011615750958299254
2019-01-29	8555	8569	8516	8556	3367	-0.005000581462960785
2019-01-30	8579	8631	8555	8633	3371	0.008999532491818618
2019-01-31	8739	8739	8631	8699	93	0.007645082821730487
2019-02-01	8701	8701	8655	8675	101	-0.00275893780894354
2019-02-07	8683	8683	8621	8670	101	-0.0005763688760807018
2019-02-08	8683	8683	8616	8633	109	-0.0042675893886966465
2019-02-11	8645	8673	8594	8665	113850	0.0037067068226572797
2019-02-12	8645	8668	8607	8646	614	-0.0021927293710328755
2019-02-13	8636	8696	8636	8690	7435	0.0050890585241729624
2019-02-14	8645	8744	8621	8747	1895	0.006559263521288772
2019-02-15	8725	8734	8664	8713	313	-0.0038870469875386116
2019-02-18	8739	8796	8739	8799	63	0.009870308734075461
2019-02-19	8768	8791	8725	8785	12248	-0.0015910898965791898
2019-02-20	8786	8857	8764	8841	102	0.0063745019920318224
2019-02-21	8815	8839	8781	8817	28642	-0.002714625042416041
2019-02-22	8815	8867	8815	8841	317	0.002722014290575059
2019-02-25	8925	8925	8857	8889	327	0.005429250084832082
2019-02-26	8849	8892	8849	8866	101	-0.0025874676566542965
2019-02-27	8905	8930	8853	8931	159	0.007331378299120228
2019-02-28	8943	8967	8806	8809	619	-0.013660284402642442
2019-03-04	8844	8915	8844	8866	56	0.006470655011919568
2019-03-05	8830	8839	8781	8841	377	-0.002819760884277045
2019-03-06	8806	8839	8796	8813	58	-0.0031670625494854
2019-03-07	8796	8796	8696	8732	54	-0.009190967888346724
2019-03-08	8678	8701	8611	8623	28871	-0.012482821804855715
2019-03-11	8602	8641	8551	8641	37566	0.0020874405659283557
2019-03-12	8664	8686	8645	8665	14726	0.002777456312926807
2019-03-13	8696	8711	8655	8708	8203	0.004962492787074391
2019-03-14	8744	8754	8691	8755	34	0.0053973357831877955
2019-03-15	8711	8849	8711	8827	156	0.008223872073101157
2019-03-18	8887	8895	8835	8899	23471	0.008156791661946272
2019-03-19	8905	8905	8849	8851	33	-0.005393864479154908
2019-03-20	8825	8830	8749	8832	26	-0.0021466500960343193
2019-03-21	8772	8815	8673	8690	73	-0.016077898550724612
2019-03-22	8659	8691	8616	8646	90	-0.005063291139240533
2019-03-25	8598	8607	8516	8519	74	-0.014688873467499475
2019-03-26	8516	8579	8512	8552	14788	0.00387369409555105
2019-03-27	8598	8598	8526	8561	107	0.0010523854069224292
2019-03-28	8541	8541	8489	8504	223	-0.006658100689171831
2019-03-29	8559	8594	8536	8589	3216	0.00999529633113827
2019-04-01	8611	8701	8611	8699	28	0.012807078821748696
2019-04-02	8678	8678	8626	8670	349	-0.003333716519140162
2019-04-03	8645	8759	8641	8760	423	0.01038062283737018
2019-04-04	8772	8796	8744	8775	343	0.001712328767123239
2019-04-05	8759	8781	8749	8760	63	-0.0017094017094017033
2019-04-08	8825	8825	8781	8799	169	0.004452054794520599
2019-04-09	8801	8830	8777	8804	61	0.0005682463916354408
2019-04-10	8768	8839	8768	8841	52	0.004202635165833746
2019-04-11	8849	8867	8830	8846	22651	0.0005655468838365874
2019-04-12	8849	8900	8815	8899	265	0.005991408546235588
2019-04-15	8905	8957	8905	8946	37046	0.0052814923025059635
2019-04-16	8895	8915	8867	8917	14387	-0.003241672255756778
2019-04-17	8935	8935	8905	8936	5255	0.0021307614668610864
2019-04-18	8935	8935	8839	8841	127	-0.01063115487914057
2019-04-19	8839	8839	8815	8817	4640	-0.002714625042416041
2019-04-22	8853	8862	8796	8832	29	0.0017012589316094395
2019-04-23	8867	8867	8820	8822	24969	-0.0011322463768116409
2019-04-24	8849	8849	8734	8760	41	-0.007027884833371134
2019-04-25	8796	8796	8739	8747	33	-0.0014840182648402367
2019-04-26	8725	8725	8659	8685	34	-0.007088144506688043
2019-04-29	8668	8774	8668	8776	59	0.010477835348301712
2019-04-30	8822	8822	8697	8766	581	-0.0011394712853236566
2019-05-02	8717	8808	8717	8800	27	0.003878621948437244
2019-05-03	8740	8740	8664	8695	90	-0.01193181818181821
2019-05-07	8598	8611	8558	8613	28	-0.009430707303047736
2019-05-08	8520	8621	8520	8608	88	-0.0005805178218971641
2019-05-09	8554	8554	8319	8321	40	-0.03334107806691455
2019-05-10	8434	8434	8300	8372	27	0.006129071025117172
2019-05-13	8309	8309	8213	8225	1376	-0.01755852842809369
2019-05-14	8184	8261	8170	8243	28713	0.002188449848024243
2019-05-15	8227	8324	8199	8325	9835	0.009947834526264687
2019-05-16	8319	8328	8232	8258	46442	-0.00804804804804804
2019-05-17	8270	8295	8179	8182	1990	-0.00920319689997573
2019-05-20	8257	8257	8141	8153	136	-0.0035443656807626622
2019-05-21	8151	8179	8122	8143	35	-0.0012265423770391193
2019-05-22	8132	8141	8089	8138	99	-0.0006140243153628377
2019-05-23	8097	8122	8059	8090	192	-0.005898255099533012
2019-05-24	8074	8112	8054	8080	101	-0.0012360939431397266
2019-05-27	8093	8127	8059	8128	32	0.005940594059405946
2019-05-28	8160	8165	8127	8157	30	0.0035679133858268486
2019-05-29	8132	8132	8002	8032	4747	-0.015324261370601944
2019-05-30	8036	8036	7969	8032	40	0.0
2019-05-31	7969	8054	7969	8047	90110	0.0018675298804780027
2019-06-03	7983	8093	7974	8095	44	0.005964955884180334
2019-06-04	8107	8132	8059	8105	98918	0.001235330450895633
2019-06-05	8122	8127	8074	8080	107	-0.0030845157310301907
2019-06-07	8117	8165	8069	8124	56	0.00544554455445545
2019-06-10	8141	8204	8127	8205	451	0.009970457902511054
2019-06-11	8217	8290	8189	8287	549	0.009993906154783572
2019-06-12	8300	8324	8290	8301	25	0.0016893930252201983
2019-06-13	8280	8333	8222	8334	115	0.003975424647632897
2019-06-14	8295	8324	8285	8301	42	-0.0039596832253420144
2019-06-17	8300	8328	8257	8273	47	-0.003373087579809697
2019-06-18	8280	8304	8275	8292	135	0.002296627583705968
2019-06-19	8338	8362	8338	8354	34	0.007477086348287587
2019-06-20	8352	8382	8338	8358	107	0.00047881254488868485
2019-06-21	8362	8377	8338	8344	4381	-0.0016750418760469454
2019-06-24	8377	8386	8343	8367	9722	0.0027564717162031904
2019-06-25	8400	8400	8314	8325	39	-0.005019720329867305
2019-06-26	8275	8295	8266	8273	100	-0.0062462462462462565
2019-06-27	8285	8362	8275	8344	47	0.008582134654901541
2019-06-28	8338	8338	8266	8282	49	-0.007430488974113136
2019-07-01	8386	8386	8309	8316	33	0.004105288577638255
2019-07-02	8266	8290	8266	8273	105	-0.005170755170755159
2019-07-03	8319	8319	8209	8220	35	-0.006406382207179928
2019-07-04	8227	8247	8155	8248	51	0.003406326034063323
2019-07-05	8275	8300	8247	8292	29	0.0053346265761395895
2019-07-08	8252	8252	8097	8100	45	-0.02315484804630974
2019-07-09	8089	8097	7979	7980	39	-0.014814814814814836
2019-07-10	7950	7974	7935	7955	110	-0.0031328320802005427
2019-07-11	8059	8089	8031	8067	34	0.014079195474544282
2019-07-12	8049	8093	8049	8095	16	0.003470930953266338
2019-07-15	8107	8107	8026	8052	3931	-0.0053119209388511335
2019-07-16	8054	8084	8011	8075	18198	0.002856433184301954
2019-07-17	8089	8089	7988	8023	1099	-0.006439628482972082
2019-07-18	7983	7997	7964	7975	10619	-0.005982799451576759
2019-07-19	8011	8097	7997	8095	56	0.015047021943573657
2019-07-22	8069	8069	8036	8062	134	-0.0040765904879555
2019-07-23	8049	8097	8045	8090	33	0.0034730836020837597
2019-07-24	8089	8089	8021	8032	73	-0.007169344870210148
2019-07-25	7988	7988	7859	7922	99	-0.01369521912350602
2019-07-26	7930	7930	7873	7879	34	-0.005427922241858063
2019-07-29	7859	7869	7714	7730	45	-0.018911029318441464
2019-07-30	7739	7767	7705	7734	106	0.0005174644243208792
2019-07-31	7762	7762	7691	7754	80	0.0025859839668993523
2019-08-01	7691	7757	7667	7691	258	-0.008124838792881062
2019-08-02	7662	7662	7594	7611	46	-0.010401768300611125
2019-08-05	7571	7584	7359	7381	46	-0.030219419261595104
2019-08-06	7206	7403	7173	7274	145	-0.01449668066657639
2019-08-07	7312	7312	7173	7231	50	-0.0059114654935386035
2019-08-08	7259	7373	7249	7351	133	0.016595215046328216
2019-08-09	7398	7413	7355	7381	41	0.004081077404434863
2019-08-12	7355	7373	7312	7356	2352	-0.003387074922097222
2019-08-13	7312	7345	7312	7337	37	-0.002582925502990774
2019-08-14	7340	7350	7312	7328	103	-0.001226659397573937
2019-08-16	7264	7279	7241	7274	1131	-0.007368995633187825
2019-08-19	7312	7393	7307	7394	27542	0.01649711300522405
2019-08-20	7369	7451	7369	7447	3182	0.0071679740329997355
2019-08-21	7446	7474	7431	7477	28	0.004028467839398475
2019-08-22	7455	7470	7416	7429	116	-0.00641968704025675
2019-08-23	7413	7431	7388	7414	33	-0.002019114281868406
2019-08-26	7269	7322	7269	7284	32	-0.017534394388993846
2019-08-27	7340	7350	7269	7274	52	-0.0013728720483251466
2019-08-28	7274	7335	7264	7337	109	0.008660984327742538
2019-08-29	7369	7383	7350	7376	32	0.005315524056153764
2019-08-30	7431	7494	7431	7491	30	0.015591106290672396
2019-09-02	7460	7523	7460	7519	27	0.0037378187157923737
2019-09-03	7513	7571	7513	7544	52	0.0033249102274237607
2019-09-04	7503	7594	7503	7597	113	0.007025450689289503
2019-09-05	7609	7633	7576	7592	37	-0.0006581545346847628
2019-09-06	7609	7619	7561	7567	38	-0.0032929399367755963
2019-09-09	7566	7609	7546	7549	58	-0.002378749834809013
2019-09-10	7599	7647	7594	7649	29	0.013246787653993897
2019-09-11	7700	7734	7676	7734	40	0.011112563733821412
2019-09-16	7762	7806	7762	7807	57	0.009438841479182836
2019-09-17	7825	7854	7815	7845	30	0.004867426668374586
2019-09-18	7859	7864	7815	7850	81	0.0006373486297004405
2019-09-19	7801	7844	7782	7783	8841	-0.008535031847133778
2019-09-20	7815	7854	7792	7855	7473	0.009250931517409633
2019-09-23	7849	7864	7830	7850	42	-0.0006365372374284028
2019-09-24	7859	7882	7835	7884	47	0.004331210191082846
2019-09-25	7869	7869	7739	7739	48	-0.0183916793505835
2019-09-26	7806	7825	7705	7754	32	0.0019382349140715238
2019-09-27	7762	7762	7667	7677	35	-0.009930358524632421
2019-09-30	7647	7714	7628	7716	432	0.005080109417741285
2019-10-01	7691	7792	7681	7778	24080	0.008035251425609014
2019-10-02	7714	7719	7628	7630	10240	-0.01902802777063517
2019-10-04	7609	7609	7532	7534	90	-0.012581913499344677
2019-10-07	7527	7527	7498	7524	136	-0.0013273161667108901
2019-10-08	7561	7619	7561	7606	35	0.010898458266879407
2019-10-10	7566	7566	7489	7505	30	-0.013278990270838786
2019-10-11	7584	7584	7541	7544	34	0.005196535642904676
2019-10-14	7604	7652	7599	7630	68	0.011399787910922665
2019-10-15	7652	7705	7652	7691	34	0.007994757536041952
2019-10-16	7724	7757	7714	7739	30	0.006241060980366697
2019-10-17	7734	7749	7696	7696	50	-0.005556273420338598
2019-10-18	7767	7767	7691	7696	54	0.0
2019-10-21	7729	7729	7676	7687	56	-0.0011694386694386383
2019-10-22	7734	7762	7734	7754	59	0.008716014049694243
2019-10-23	7709	7729	7657	7682	47	-0.009285530049007007
2019-10-24	7681	7700	7614	7696	49	0.0018224420723769175
2019-10-25	7691	7700	7662	7701	53	0.0006496881496882434
2019-10-28	7739	7749	7705	7721	189	0.002597065316192637
2019-10-29	7724	7729	7676	7677	186	-0.005698743686051055
2019-10-30	7705	7705	7628	7654	340	-0.0029959619643089574
2019-10-31	7676	7705	7647	7659	249	0.0006532532009406733
2019-11-01	7647	7671	7638	7672	29	0.0016973495234364755
2019-11-04	7700	7801	7700	7792	209	0.01564129301355588
2019-11-05	7811	7849	7801	7845	33	0.0068018480492813005
2019-11-06	7839	7873	7839	7855	63	0.001274697259400881
2019-11-07	7849	7887	7839	7869	24971	0.001782304264799528
2019-11-08	7887	7887	7849	7869	17009	0.0
2019-11-11	7844	7844	7772	7836	134	-0.004193671368661889
2019-11-12	7839	7844	7787	7845	1233	0.0011485451761101828
2019-11-13	7825	7825	7767	7773	84	-0.009177820267686432
2019-11-14	7762	7787	7739	7787	59	0.0018011063939276095
2019-11-15	7796	7897	7796	7889	72	0.013098754334146756
2019-11-18	7882	7882	7811	7836	9785	-0.006718215236405145
2019-11-19	7835	7835	7744	7807	62	-0.003700867789688589
2019-11-20	7762	7762	7691	7701	109	-0.013577558601255313
2019-11-21	7734	7734	7604	7635	37	-0.008570315543435902
2019-11-22	7633	7662	7628	7654	37	0.0024885396201703713
2019-11-25	7667	7744	7667	7744	104	0.011758557616932341
2019-11-26	7762	7792	7757	7787	33	0.005552685950413139
2019-11-27	7839	7839	7782	7816	36	0.0037241556440221757
2019-11-28	7787	7801	7762	7778	69	-0.004861821903787145
2019-11-29	7830	7830	7700	7721	110	-0.007328362046798653
2019-12-02	7724	7734	7696	7706	104	-0.0019427535293355946
2019-12-03	7667	7709	7628	7711	28	0.0006488450558006509
2019-12-04	7642	7662	7619	7649	60	-0.008040461678122113
2019-12-05	7633	7633	7551	7587	48	-0.008105634723493238
2019-12-06	7647	7657	7624	7659	26	0.009489916963226541
2019-12-09	7628	7638	7576	7577	62	-0.010706358532445504
2019-12-10	7619	7647	7604	7649	24	0.009502441599577693
2019-12-11	7657	7676	7628	7672	4761	0.0030069290103280633
2019-12-12	7696	7744	7696	7730	98	0.007559958289885316
2019-12-13	7854	7854	7815	7841	32	0.0143596377749029
2019-12-16	7825	7835	7787	7807	6652	-0.004336181609488565
2019-12-17	7801	7849	7787	7845	24	0.004867426668374586
2019-12-18	7835	7839	7825	7836	28	-0.0011472275334607485
2019-12-19	7815	7839	7811	7841	71	0.000638080653394546
2019-12-20	7892	7892	7854	7879	163	0.004846320622369671
2019-12-23	7873	7887	7864	7884	52	0.0006345982992765897
2019-12-24	7887	7892	7873	7884	53	0.0
2019-12-26	7882	7907	7864	7907	26	0.0029173008625063
2019-12-27	7926	8040	7921	8009	88	0.012899962058935177
2019-12-30	8006	8049	8006	8052	81	0.0053689599200899
2020-01-02	7950	7974	7930	7946	169	-0.013164431197218107
2020-01-03	7997	8021	7935	7951	30	0.0006292474200855214
2020-01-06	7892	7892	7806	7816	34	-0.016978996352660092
2020-01-07	7887	7887	7864	7884	248901	0.008700102354145312
2020-01-08	7724	7729	7624	7654	25242	-0.029173008625063446
2020-01-09	7762	7762	7700	7739	49	0.011105304415991668
2020-01-10	7744	7792	7744	7792	25	0.006848430029719577
2020-01-13	7792	7882	7792	7879	2873	0.011165297741273061
2020-01-14	7902	7917	7887	7902	4883	0.0029191521766722683
2020-01-15	7912	7964	7907	7965	2285	0.007972665148063829
2020-01-16	7926	7935	7912	7932	52	-0.004143126177024503
2020-01-17	7988	7988	7930	7932	30	0.0
2020-01-20	7935	7960	7892	7894	97	-0.0047907211296016605
2020-01-21	7912	7917	7849	7855	32	-0.004940461109703587
2020-01-22	7878	7930	7864	7932	26	0.009802673456397182
2020-01-23	7882	7882	7839	7850	49	-0.010337871911245577
2020-01-28	7681	7681	7581	7611	51	-0.030445859872611503
2020-01-29	7619	7619	7546	7606	35	-0.0006569438969912245
2020-01-30	7599	7599	7451	7472	958	-0.017617670260320795
2020-01-31	7489	7503	7378	7381	250	-0.012178800856531002
2020-02-03	7269	7330	7216	7323	27346	-0.007858013819265652
2020-02-04	7317	7403	7317	7376	287400	0.007237470981838134
2020-02-05	7378	7416	7364	7390	1401	0.0018980477223426995
2020-02-06	7451	7633	7451	7615	48	0.030446549391069055
2020-02-07	7599	7599	7532	7572	20293	-0.00564674983585034
2020-02-10	7527	7551	7479	7554	43	-0.002377179080824132
2020-02-11	7633	7647	7614	7649	51	0.012576118612655618
2020-02-12	7624	7700	7624	7701	35	0.006798274284220085
2020-02-13	7686	7696	7614	7615	46	-0.01116738085962865
2020-02-14	7609	7633	7594	7602	30	-0.0017071569271175369
2020-02-17	7594	7624	7576	7615	40	0.0017100762957116267
2020-02-18	7561	7571	7498	7524	119	-0.011950098489822758
2020-02-19	7523	7527	7446	7472	57	-0.006911217437533201
2020-02-20	7498	7503	7388	7390	34	-0.010974304068522511
2020-02-21	7322	7326	7259	7261	34	-0.01745602165087956
2020-02-24	7101	7101	6961	6964	2963	-0.04090345682412888
2020-02-25	6961	7043	6961	7044	2116	0.01148765077541647
2020-02-26	6943	7029	6943	7006	29	-0.005394662123793248
2020-02-27	7014	7029	6938	6968	133	-0.005423922352269517
2020-02-28	6885	6885	6712	6761	1235	-0.029707233065441985
2020-03-02	6779	6793	6688	6761	742	0.0
2020-03-03	6895	6900	6784	6786	89	0.003697677858304882
2020-03-04	6818	6904	6818	6896	701	0.016209843796050727
2020-03-05	6947	7033	6947	7035	28	0.02015661252900225
2020-03-06	6933	6943	6851	6886	43575	-0.021179815209665942
2020-03-09	6712	6717	6598	6637	121	-0.03616032529770552
2020-03-10	6559	6626	6559	6628	4164	-0.001356034352870239
2020-03-11	6641	6646	6425	6473	98	-0.023385636692818346
2020-03-12	6405	6405	6055	6105	237	-0.05685153715433333
2020-03-13	5691	5849	5499	5792	898	-0.05126945126945126
2020-03-16	5840	5888	5696	5697	141	-0.016401933701657434
2020-03-17	5379	5686	5379	5549	307	-0.025978585220291395
2020-03-18	5576	5594	5294	5294	120	-0.04595422598666421
2020-03-19	5327	5327	4755	4758	101	-0.10124669437098599
2020-03-20	4803	4909	4688	4911	231	0.0321563682219419
2020-03-23	4760	4832	4683	4738	442	-0.03522704133577681
2020-03-24	4823	5053	4823	5054	1374	0.06669480793583782
2020-03-25	5279	5465	5246	5457	36	0.07973882073605076
2020-03-26	5426	5638	5426	5640	737	0.03353490929081904
2020-03-27	5762	5762	5513	5620	46	-0.0035460992907800915
2020-03-30	5470	5686	5379	5673	73	0.009430604982206381
2020-03-31	5759	5864	5744	5865	70	0.0338445267054468
2020-04-01	5830	5955	5710	5711	933035	-0.02625745950554137
2020-04-02	5705	5859	5614	5850	1676531	0.024338994922080248
2020-04-03	5869	5869	5705	5855	379161	0.0008547008547008517
2020-04-06	5945	6107	5945	6110	130	0.04355251921434666
2020-04-07	6137	6285	6127	6273	919739	0.026677577741407443
2020-04-08	6280	6382	6180	6240	510257	-0.005260640841702524
2020-04-09	6338	6353	6275	6354	417718	0.018269230769230704
2020-04-10	6353	6415	6275	6416	687684	0.009757632987094755
2020-04-13	6405	6405	6275	6297	977527	-0.018547381546134667
2020-04-14	6333	6453	6333	6425	723319	0.02032713990789259
2020-04-16	6405	6425	6280	6416	46	-0.0014007782101167487
2020-04-17	6468	6564	6453	6531	60757	0.01792394014962584
2020-04-20	6530	6621	6492	6560	48475	0.004440361353544642
2020-04-21	6535	6535	6343	6425	46	-0.020579268292682973
2020-04-22	6377	6492	6329	6493	99119	0.010583657587548645
2020-04-23	6501	6598	6501	6585	31854	0.014169105190204867
2020-04-24	6568	6568	6458	6507	8787	-0.011845102505694816
2020-04-27	6511	6683	6511	6661	2501	0.023666820347318263
2020-04-28	6718	6746	6660	6748	667	0.013061101936646224
2020-04-29	6746	6823	6746	6819	41	0.010521636040308202
2020-05-04	6598	6703	6583	6613	2369844	-0.03020970816835311
2020-05-06	6670	6684	6608	6666	1559711	0.008014516860728849
2020-05-07	6655	6723	6641	6723	879251	0.008550855085508458
2020-05-08	6776	6804	6746	6757	2477144	0.005057266101442748
2020-05-11	6771	6799	6741	6776	186305	0.002811898771644117
2020-05-12	6780	6780	6641	6695	1292	-0.011953955135773353
2020-05-13	6616	6771	6616	6771	117	0.011351755041075329
2020-05-14	6689	6723	6679	6690	24	-0.011962782454585708
2020-05-15	6776	6789	6723	6791	38	0.015097159940209215
2020-05-18	6785	6828	6746	6829	308	0.005595641289942499
2020-05-19	6957	6977	6934	6964	29	0.019768633767755173
2020-05-20	6904	6982	6904	6968	459	0.0005743825387707346
2020-05-21	7030	7039	6991	7041	55	0.010476463834672822
2020-05-22	7054	7097	6909	6959	2579	-0.011646073000994184
2020-05-25	7015	7030	6944	7031	75	0.010346314125592837
2020-05-26	7059	7159	7059	7160	46	0.018347319015787233
2020-05-27	7174	7237	7174	7218	104	0.008100558659217771
2020-05-28	7184	7207	7044	7132	6382	-0.011914657799944606
2020-05-29	7107	7179	7069	7132	187	0.0
2020-06-01	7164	7245	7164	7247	20620	0.016124509254066277
2020-06-02	7232	7375	7232	7377	167	0.01793845729267285
2020-06-03	7491	7558	7462	7545	130680	0.02277348515656774
2020-06-04	7664	7664	7505	7520	35	-0.0033134526176276102
2020-06-05	7539	7644	7496	7646	137	0.016755319148936243
2020-06-08	7769	7769	7654	7670	188	0.0031388961548521888
2020-06-09	7693	7764	7630	7723	153	0.006910039113428912
2020-06-10	7721	7721	7673	7679	328	-0.005697267901074721
2020-06-11	7698	7698	7534	7612	35	-0.008725094413335022
2020-06-12	7303	7395	7270	7395	103	-0.028507619548082008
2020-06-15	7328	7328	6987	6987	62	-0.05517241379310345
2020-06-16	7222	7400	7207	7400	754	0.05910977529698003
2020-06-17	7375	7413	7250	7319	478	-0.010945945945946
2020-06-18	7370	7400	7318	7372	35	0.007241426424374975
2020-06-19	7453	7453	7299	7343	32	-0.003933803581117723
2020-06-22	7308	7318	7265	7275	30	-0.009260520223342006
2020-06-23	7332	7347	7188	7262	48	-0.0017869415807559852
2020-06-24	7318	7332	7285	7314	39	0.007160561828697398
2020-06-25	7212	7227	7135	7137	32	-0.024200164068908903
2020-06-26	7198	7198	7135	7180	32	0.006024940451169858
2020-06-29	7077	7112	7034	7050	34	-0.01810584958217265
2020-06-30	7140	7193	7130	7160	63	0.015602836879432536
2020-07-01	7164	7193	7130	7137	52	-0.003212290502793258
2020-07-02	7232	7237	7193	7237	32	0.014011489421325463
2020-07-03	7275	7280	7212	7280	32	0.0059416885449772305
2020-07-06	7299	7375	7250	7377	136	0.013324175824175777
2020-07-07	7433	7433	7275	7314	77	-0.008540056933712847
2020-07-08	7337	7337	7270	7319	144	0.0006836204539240054
2020-07-09	7337	7366	7323	7348	57	0.003962289930318441
2020-07-10	7299	7299	7212	7227	44	-0.01646706586826352
2020-07-13	7285	7370	7285	7372	42	0.020063650200636607
2020-07-14	7337	7370	7308	7372	38	0.0
2020-07-15	7410	7467	7352	7395	338	0.003119913185024359
2020-07-16	7438	7467	7405	7430	94	0.0047329276538201626
2020-07-17	7476	7476	7423	7439	130	0.0012113055181695032
2020-07-20	7453	7486	7405	7487	66	0.006452480172066233
2020-07-21	7553	7630	7529	7621	178	0.01789768932816882
2020-07-22	7568	7678	7568	7636	427	0.0019682456370555546
2020-07-23	7621	7621	7568	7612	27	-0.0031430068098481367
2020-07-24	7582	7611	7548	7578	29	-0.004466631634261642
2020-07-27	7625	7668	7625	7641	39	0.008313539192398967
2020-07-28	7649	7668	7630	7650	67	0.0011778563015312216
2020-07-29	7649	7678	7630	7679	298	0.0037908496732026453
2020-07-30	7707	7707	7664	7703	135	0.0031254069540305185
2020-07-31	7716	7716	7635	7655	6415	-0.006231338439569023
2020-08-03	7649	7649	7568	7636	63	-0.0024820378837361323
2020-08-04	7668	7798	7668	7799	37	0.02134625458355166
2020-08-05	7879	7914	7856	7914	34	0.014745480189767957
2020-08-06	7914	8019	7909	7948	133	0.004296183977760881
2020-08-07	8057	8057	7971	8039	36	0.011449421238047375
2020-08-10	8039	8197	8039	8197	34	0.019654185844010463
2020-08-11	8230	8307	8220	8298	79	0.012321581066243814
2020-08-12	8312	8403	8250	8405	97	0.012894673415280833
2020-08-13	8451	8461	8403	8428	2437	0.002736466389054115
2020-08-14	8451	8471	8278	8390	183	-0.004508780256288536
2020-08-18	8302	8317	8039	8044	101	-0.041239570917759205
2020-08-19	8149	8173	8072	8174	58	0.016161113873694788
2020-08-20	8082	8115	7817	7828	61	-0.042329336921947625
2020-08-21	7937	7971	7856	7939	32	0.0141798671435871
2020-08-24	7932	8005	7914	8006	83	0.008439350044086247
2020-08-25	8043	8187	8043	8188	45	0.022732950287284615
2020-08-26	8158	8158	8039	8126	48	-0.00757205666829508
2020-08-27	8087	8087	8000	8006	38	-0.014767413241447258
2020-08-28	8014	8110	8009	8034	315	0.0034973769672745902
2020-08-31	8034	8225	8034	8150	111	0.0144386357978592
2020-09-01	8158	8225	8125	8227	45	0.00944785276073623
2020-09-02	8230	8245	8192	8245	168	0.0021879178315302727
2020-09-03	8336	8355	8288	8342	42	0.0117647058823529
2020-09-04	8168	8293	8168	8294	41	-0.005754015823543512
2020-09-07	8298	8393	8298	8385	79	0.01097178683385569
2020-09-08	8423	8423	8336	8347	37	-0.004531902206320826
2020-09-09	8225	8260	8225	8237	62	-0.013178387444590878
2020-09-10	8264	8288	8255	8280	32	0.005220347213791499
2020-09-11	8260	8293	8220	8294	68	0.0016908212560386993
2020-09-14	8322	8403	8322	8405	32	0.013383168555582303
2020-09-15	8326	8360	8312	8361	23	-0.0052349791790601286
2020-09-16	8370	8437	8365	8375	53	0.001674440856356929
2020-09-17	8393	8393	8312	8342	20	-0.003940298507462692
2020-09-18	8355	8355	8355	8356	18	0.0016782546152001032
2020-09-21	8380	8403	8250	8298	58	-0.006941120153183378
2020-09-22	8240	8240	8048	8049	20	-0.030007230657989825
2020-09-23	8087	8087	7937	8049	43	0.0
2020-09-24	7909	7909	7789	7814	66	-0.029196173437694095
2020-09-25	7836	7856	7808	7842	267	0.0035833120040951183
2020-09-28	7889	7976	7889	7934	223	0.011731701096659108
2020-09-29	8120	8120	8029	8087	24	0.019284093773632494
2020-10-05	8197	8220	8182	8222	33	0.01669345863731908
2020-10-06	8187	8245	8163	8164	39	-0.007054244709316482
2020-10-07	8187	8264	8187	8265	43	0.012371386575208199
2020-10-08	8312	8312	8283	8308	28	0.0052026618269811475
2020-10-12	8355	8365	8322	8366	16	0.006981222917669783
2020-10-13	8250	8283	8250	8275	419	-0.010877360745876197
2020-10-14	8268	8278	8192	8197	104	-0.009425981873111833
2020-10-15	8187	8187	8120	8179	30	-0.002195925338538518
2020-10-16	8207	8207	8091	8145	21	-0.004156987406773394
2020-10-19	8202	8245	8187	8217	23	0.008839779005524795
2020-10-20	8168	8216	8091	8197	43	-0.002433978337592846
2020-10-21	8182	8283	8182	8284	34	0.010613639136269448
2020-10-22	8273	8293	8230	8294	32	0.0012071463061322785
2020-10-23	8302	8322	8264	8323	3	0.0034965034965035446
2020-10-26	8302	8302	8187	8197	26	-0.015138772077375906
2020-10-27	8134	8168	8100	8116	94	-0.009881664023423165
2020-10-28	8134	8207	8125	8207	28	0.011212419911286409
2020-10-29	7995	8057	7995	8059	21	-0.018033386133788243
2020-10-30	8052	8052	8019	8020	33	-0.004839310088100235
2020-11-02	8014	8048	8014	8049	47	0.003615960099750515
2020-11-03	8177	8202	8158	8202	32	0.019008572493477427
2020-11-04	8250	8260	8212	8237	16	0.0042672518897830525
2020-11-05	8264	8388	8264	8390	15	0.01857472380721137
2020-11-06	8398	8398	8326	8356	25	-0.004052443384982118
2020-11-09	8475	8548	8471	8534	117	0.02130205840114896
2020-11-10	8581	8639	8538	8616	459	0.009608624326224557
2020-11-11	8686	8773	8668	8774	92	0.018337975858867317
2020-11-12	8739	8754	8701	8741	18	-0.0037611123774788924
2020-11-13	8691	8691	8648	8688	16	-0.006063379476032527
2020-11-16	8711	8802	8711	8803	16	0.013236648250460448
2020-11-17	8826	8845	8778	8808	83	0.0005679881858458025
2020-11-18	8811	8840	8802	8841	26	0.0037465940054495217
2020-11-19	8749	8778	8749	8774	17	-0.007578328243411425
2020-11-20	8811	8897	8811	8899	68	0.014246637793480676
2020-11-23	8932	9013	8889	8995	20	0.010787728958309817
2020-11-24	8989	8994	8951	8971	420	-0.0026681489716509077
2020-11-25	9027	9047	8854	8923	53	-0.005350574072009784
2020-11-26	8975	8975	8884	8952	23	0.0032500280174829754
2020-11-27	8946	8989	8932	8990	2624	0.004244861483467366
2020-11-30	9013	9013	8894	8894	43	-0.010678531701891036
2020-12-01	8970	9009	8955	9009	35	0.01293006521250284
2020-12-02	9013	9075	9013	9077	68	0.0075480075480074404
2020-12-03	9085	9100	9042	9100	33	0.002533876831552373
2020-12-04	9105	9133	9090	9134	34	0.0037362637362636786
2020-12-07	9022	9042	8965	9014	109	-0.013137727173199054
2020-12-08	9070	9085	8984	9000	38	-0.0015531395606833698
2020-12-09	9052	9143	9052	9144	33	0.016000000000000014
2020-12-10	9119	9205	9100	9192	244	0.005249343832020914
2020-12-11	9157	9320	9157	9312	66	0.01305483028720622
2020-12-14	9320	9320	9268	9278	559	-0.0036512027491408805
2020-12-15	9273	9273	9205	9240	40	-0.004095710282388421
2020-12-16	9225	9316	9225	9293	243	0.0057359307359308165
2020-12-17	9350	9368	9268	9370	72	0.008285806521037387
2020-12-18	9431	9455	9383	9451	57	0.008644610458911517
2020-12-21	9493	9508	9403	9509	46	0.006136916728388453
2020-12-22	9479	9479	9277	9288	211	-0.023241139972657532
2020-12-23	9383	9393	9258	9302	73	0.0015073212747631626
2020-12-24	9330	9388	9330	9388	32	0.00924532358632546
2020-12-28	9407	9407	9345	9383	55	-0.0005325948018747306
2020-12-29	9393	9561	9393	9561	3275	0.018970478524992007
2020-12-30	9561	9714	9561	9716	136	0.01621169333751693
2021-01-04	9709	9868	9691	9869	70	0.015747221078633133
2021-01-05	9902	10050	9810	10052	139	0.018542912149153823
2021-01-06	10098	10132	9974	10018	417	-0.003382411460405854
2021-01-07	10161	10271	10123	10234	2924	0.02156118985825506
2021-01-08	10320	10378	10271	10378	358	0.014070744576900607
2021-01-11	10329	10353	10045	10210	135	-0.01618809019078815
2021-01-12	10103	10228	9950	10070	326	-0.013712047012732653
2021-01-13	10286	10320	10205	10296	43	0.02244289970208535
2021-01-14	10320	10391	10286	10393	58	0.009421134421134347
2021-01-15	10425	10468	10262	10263	98	-0.012508419128259396
2021-01-18	10127	10180	10022	10037	104	-0.02202085160284517
2021-01-19	10170	10286	10170	10287	33	0.0249078409883432
2021-01-20	10286	10295	10156	10296	56	0.0008748906386701893
2021-01-21	10373	10497	10373	10493	214	0.019133644133644045
2021-01-22	10579	10670	10579	10584	71	0.00867244829886582
2021-01-25	10694	10785	10694	10786	63	0.019085411942554753
2021-01-26	10780	10780	10598	10628	856	-0.014648618579640282
2021-01-27	10665	10722	10569	10599	38	-0.002728641324802439
2021-01-28	10420	10483	10315	10393	68	-0.019435795829795266
2021-01-29	10439	10439	9959	10042	57	-0.03377273164630035
2021-02-01	9964	10338	9964	10340	82	0.02967536347341171
2021-02-02	10353	10564	10291	10393	244	0.005125725338491316
2021-02-03	10536	10569	10391	10566	201	0.016645819301452924
2021-02-04	10589	10589	10425	10513	78	-0.005016089343176211
2021-02-05	10559	10598	10488	10599	120	0.008180348140397697
2021-02-08	10574	10704	10574	10637	57	0.0035852438909331763
2021-02-09	10679	10679	10612	10613	46	-0.0022562752655823637
2021-02-10	10598	10747	10559	10729	50	0.010929991519834203
2021-02-15	10776	10790	10722	10777	506	0.004473855904557844
2021-02-16	10776	10776	10704	10777	54	0.0
2021-02-17	10714	10761	10714	10743	25	-0.003154866846061033
2021-02-18	10785	10785	10651	10652	137	-0.008470632039467518
2021-02-19	10670	10679	10430	10681	33	0.002722493428464201
2021-02-22	10727	10776	10622	10633	77	-0.004493961239584343
2021-02-23	10516	10636	10493	10618	36	-0.001410702529859864
2021-02-24	10607	10607	10200	10200	35	-0.039367112450555686
2021-02-25	10348	10473	10320	10474	67	0.02686274509803921
2021-02-26	10190	10353	10190	10354	215	-0.011456940996753873
2021-03-02	10521	10521	10310	10378	153	0.0023179447556500588
2021-03-03	10396	10531	10386	10531	34	0.014742724995182144
2021-03-04	10449	10478	10353	10460	20	-0.006741999810084498
2021-03-05	10223	10396	10200	10354	231	-0.010133843212237093
2021-03-08	10373	10425	10238	10238	173	-0.011203399652308321
2021-03-09	10248	10291	10080	10186	33	-0.005079117015042045
2021-03-10	10233	10257	10103	10104	20	-0.008050265069703522
2021-03-11	10248	10343	10190	10335	25	0.02286223277909749
2021-03-12	10449	10483	10378	10484	24	0.014417029511369028
2021-03-15	10574	10574	10459	10503	18	0.0018122853872568623
2021-03-16	10444	10559	10444	10556	79	0.005046177282681086
2021-03-17	10521	10569	10493	10570	21	0.0013262599469496816
2021-03-18	10569	10665	10569	10618	24	0.004541154210028431
2021-03-19	10546	10564	10488	10556	11	-0.005839141081182886
2021-03-22	10670	10670	10531	10594	20	0.00359984842743466
2021-03-23	10714	10714	10459	10460	90	-0.012648669057957362
2021-03-24	10334	10459	10334	10426	66	-0.0032504780114722687
2021-03-25	10353	10511	10353	10484	72	0.00556301553807792
2021-03-26	10641	10699	10593	10695	446	0.020125906142693717
2021-03-29	10800	10800	10679	10724	367	0.002711547452080465
2021-03-30	10804	10804	10714	10752	70	0.0026109660574411553
2021-03-31	10819	10819	10761	10772	14	0.0018601190476190688
2021-04-01	10704	10747	10670	10748	45	-0.002227998514667706
2021-04-02	10684	10742	10651	10743	280	-0.0004652028284332088
2021-04-05	10661	10790	10661	10791	48	0.004468025691147792
2021-04-06	10872	10872	10747	10781	21	-0.0009266981744046054
2021-04-07	10684	10790	10684	10762	334	-0.0017623597068917585
2021-04-08	10742	10900	10742	10844	70	0.007619401598215836
2021-04-09	10982	10982	10900	10940	56	0.008852821836960567
2021-04-12	10834	10953	10834	10911	50	-0.0026508226691042136
2021-04-13	11055	11055	10977	11040	1291	0.011822930987077207
2021-04-14	10958	11068	10958	11060	73	0.0018115942028984477
2021-04-15	11011	11150	11011	11098	318	0.0034358047016274096
2021-04-16	11078	11145	11078	11122	147	0.0021625518111372255
2021-04-19	11236	11236	11145	11223	82	0.009081100521489027
2021-04-20	11246	11361	11236	11363	1167	0.012474382963556963
2021-04-21	11232	11323	11160	11200	60	-0.014344803308985354
2021-04-22	11213	11338	11213	11338	120	0.012321428571428594
2021-04-23	11356	11366	11203	11300	47	-0.0033515611218909447
2021-04-26	11299	11429	11299	11430	144	0.011504424778761013
2021-04-27	11559	11559	11381	11506	97	0.006649168853893217
2021-04-28	11587	11587	11371	11406	53	-0.00869111767773334
2021-04-29	11303	11469	11249	11328	112	-0.00683850604944769
2021-04-30	11322	11454	11278	11328	1300	0.0
2021-05-03	11205	11288	11073	11074	228	-0.022422316384180796
2021-05-04	10985	11141	10892	11059	82	-0.001354524110529165
2021-05-06	10971	11298	10971	11293	126	0.021159236820688987
2021-05-07	11327	11508	11327	11459	40	0.014699371291950758
2021-05-10	11493	11762	11493	11753	96	0.025656689065363558
2021-05-11	11659	11811	11649	11787	257	0.00289287841402186
2021-05-12	11718	11767	11483	11611	54	-0.014931704420123815
2021-05-13	11610	11659	11493	11601	56	-0.0008612522607871487
2021-05-14	11527	11591	11503	11562	148	-0.0033617791569692246
2021-05-17	11581	11581	11415	11489	77	-0.006313786542120781
2021-05-18	11601	11659	11552	11660	552	0.014883801897467075
2021-05-20	11566	11606	11518	11606	125	-0.004631217838764967
2021-05-21	11610	11610	11405	11474	80	-0.011373427537480607
2021-05-24	11469	11518	11395	11445	121	-0.0025274533728429915
2021-05-25	11454	11606	11454	11577	250	0.011533420707732667
2021-05-26	11542	11689	11542	11689	357	0.009674354323227163
2021-05-27	11698	11737	11645	11704	142	0.0012832577637094111
2021-05-28	11689	11820	11664	11753	276	0.004186602870813294
2021-05-31	11889	11889	11757	11870	452	0.00995490513060493
2021-06-01	11801	11947	11801	11880	337	0.0008424599831506896
2021-06-02	12001	12030	11913	12007	276	0.010690235690235639
2021-06-03	12070	12070	11903	11958	18548	-0.004080952777546387
2021-06-04	11977	11982	11918	11958	530925	0.0
2021-06-07	12084	12084	11957	12051	22166	0.007777220270948293
2021-06-08	12050	12060	11996	11997	152117	-0.004480955937266606
2021-06-09	12006	12011	11899	11899	84015	-0.008168708843877659
2021-06-10	11845	11967	11845	11884	49	-0.00126061013530554
2021-06-11	11991	11996	11952	11997	27	0.009508582968697388
2021-06-14	11977	11977	11889	11919	131	-0.006501625406351574
2021-06-15	11957	11972	11894	11972	129	0.004446681768604854
2021-06-16	12011	12055	11987	12036	114	0.005345806882726345
2021-06-17	11889	11982	11889	11943	83	-0.0077268195413758844
2021-06-18	12060	12060	11889	12011	110	0.005693711797705836
2021-06-21	11982	11982	11767	11816	130	-0.01623511780867537
2021-06-22	11835	11991	11835	11992	254	0.014895057549086044
2021-06-23	12055	12055	11884	11933	131	-0.004919946631087413
2021-06-24	11957	11957	11869	11938	1177801	0.0004190061174893511
2021-06-25	11957	12084	11957	12055	840	0.009800636622549819
2021-06-28	12055	12055	12001	12031	21	-0.0019908751555370863
2021-06-29	11977	12055	11977	12026	39	-0.0004155930512841355
2021-06-30	12138	12138	12001	12094	73	0.005654415433228088
2021-07-01	12148	12148	12016	12051	81	-0.003555482057218451
2021-07-02	12050	12123	12050	12090	89	0.003236245954692629
2021-07-05	12109	12109	12060	12070	524	-0.0016542597187758634
2021-07-06	12021	12148	12021	12070	132	0.0
2021-07-07	11957	12016	11957	11972	116	-0.008119304059652
2021-07-08	12030	12040	11855	11870	92	-0.008519879719345091
2021-07-09	11776	11776	11591	11718	409	-0.01280539174389217
2021-07-12	11703	11860	11703	11801	54	0.007083119986345698
2021-07-13	11825	11947	11825	11909	42	0.009151766799423866
2021-07-14	11806	11947	11806	11914	70	0.0004198505332102531
2021-07-15	11889	12021	11889	12021	106	0.00898103072016121
2021-07-16	12099	12099	11928	12036	69	0.001247816321437556
2021-07-19	11987	11987	11879	11914	127	-0.010136257892987666
2021-07-20	11811	11860	11781	11840	137	-0.006211180124223614
2021-07-21	11820	11903	11806	11806	188	-0.0028716216216215784
2021-07-22	11835	11957	11835	11924	227	0.009994917838387352
2021-07-23	12035	12035	11884	11997	66	0.006122106675612304
2021-07-26	11918	11933	11835	11836	42	-0.01342002167208467
2021-07-27	12006	12006	11889	11904	247	0.005745184183845842
2021-07-28	11943	11962	11820	11894	230	-0.0008400537634408733
2021-07-29	12006	12006	11923	11963	62	0.005801244324869614
2021-07-30	11889	11913	11767	11821	3529	-0.011869932291231344
2021-08-02	11840	11840	11723	11792	74	-0.0024532611454192166
2021-08-03	11899	11899	11698	11792	21	0.0
2021-08-04	11830	11962	11772	11963	53	0.014501356852103076
2021-08-05	12006	12006	11947	11963	351	0.0
2021-08-06	12055	12055	11894	11938	56	-0.00208977681183653
2021-08-09	11947	11947	11791	11845	23	-0.007790249623052414
2021-08-10	11742	11791	11728	11762	32	-0.0070071760236386504
2021-08-11	11889	11889	11781	11801	107	0.003315762625403895
2021-08-12	11869	11869	11791	11816	23	0.0012710787221421604
2021-08-13	11752	11772	11571	11626	33	-0.01607989167230872
2021-08-17	11566	11674	11444	11459	180	-0.014364355754343694
2021-08-18	11337	11571	11337	11557	84	0.008552229688454593
2021-08-19	11498	11498	11185	11191	25	-0.03166911828329155
2021-08-20	11137	11220	10941	10971	386	-0.019658654275757304
2021-08-23	11190	11264	11044	11186	11308	0.01959711967915423
2021-08-24	11361	11469	11361	11459	188	0.024405506883604433
2021-08-25	11518	11518	11464	11518	11284	0.005148791343049242
2021-08-26	11420	11508	11410	11430	20	-0.007640215315158905
2021-08-27	11327	11542	11327	11503	21	0.006386701662292271
2021-08-30	11562	11625	11562	11586	20	0.007215508997652886
2021-08-31	11698	11752	11571	11753	278	0.014413947868116672
2021-09-01	11713	11811	11713	11787	535	0.00289287841402186
2021-09-02	11664	11757	11664	11674	23	-0.009586832951556823
2021-09-03	11772	11816	11752	11772	52	0.008394723316772268
2021-09-06	11733	11840	11723	11797	544	0.0021236833163438273
2021-09-07	11737	11850	11737	11806	458	0.0007629058235143482
2021-09-08	11737	11850	11737	11801	12	-0.000423513467728287
2021-09-09	11698	11713	11635	11645	34	-0.013219218710278757
2021-09-10	11737	11757	11630	11757	26	0.009617861743237421
2021-09-13	11781	11796	11708	11777	75	0.001701114229820444
2021-09-14	11718	11923	11718	11821	80	0.0037360957799099648
2021-09-15	11820	11874	11796	11836	32	0.0012689281786650852
2021-09-16	11835	11879	11801	11811	374	-0.0021122000675903863
2021-09-17	11860	11860	11757	11806	24	-0.0004233341800017332
2021-09-23	11581	11747	11581	11699	145	-0.009063188209385009
2021-09-24	11835	11835	11664	11684	30	-0.0012821608684503438
2021-09-27	11723	11772	11664	11709	29	0.0021396781923999075
2021-09-28	11698	11728	11649	11660	27	-0.004184815099496086
2021-09-29	11454	11537	11366	11479	147	-0.015523156089193857
2021-09-30	11493	11571	11493	11557	41	0.006795016987542368
2021-10-01	11371	11439	11283	11284	23	-0.023622047244094446
2021-10-05	11132	11278	11083	11220	21	-0.0056717476072314366
2021-10-06	11391	11391	10995	10995	44	-0.020053475935828846
2021-10-07	11156	11220	11102	11220	33	0.02046384720327432
2021-10-08	11122	11185	11102	11132	41	-0.007843137254901933
2021-10-12	11083	11093	11005	11074	23	-0.0052102048149479385
2021-10-13	11088	11244	11078	11210	25	0.012281018602131155
2021-10-14	11386	11410	11342	11411	23	0.017930419268510356
2021-10-15	11537	11537	11464	11523	377	0.009815090701954299
2021-10-18	11518	11522	11415	11494	113	-0.002516705718996759
2021-10-19	11586	11586	11459	11479	23	-0.0013050287106316505
2021-10-20	11508	11562	11400	11411	182	-0.005923860963498617
2021-10-21	11439	11479	11420	11420	123	0.0007887126456926907
2021-10-22	11308	11405	11308	11328	109	-0.008056042031523658
2021-10-25	11254	11439	11254	11440	20	0.009887005649717562
2021-10-26	11444	11527	11444	11494	31	0.004720279720279663
2021-10-27	11454	11479	11400	11411	28	-0.007221158865495014
2021-10-28	11420	11420	11249	11249	72	-0.014196827622469543
2021-10-29	11361	11361	11137	11162	113	-0.00773402080184904
2021-11-01	11161	11195	11161	11162	24	0.0
2021-11-02	11264	11347	11259	11298	20	0.012184196380576884
2021-11-03	11391	11391	11146	11181	47	-0.010355815188528905
2021-11-04	11264	11273	11156	11176	20	-0.00044718719255876227
2021-11-05	11303	11303	11039	11118	41	-0.005189692197566265
2021-11-08	11141	11176	11039	11157	92	0.0035078251484079725
2021-11-09	11205	11205	11083	11132	27	-0.00224074572017563
2021-11-10	11034	11054	10917	10932	31	-0.017966223499820355
2021-11-11	10775	10873	10775	10810	41	-0.011159897548481568
2021-11-12	10912	11054	10897	11054	119	0.0225716928769657
2021-11-15	11044	11127	11044	11127	51	0.0066039442735661424
2021-11-16	11019	11151	11019	11132	115	0.00044935741889107206
2021-11-17	11093	11093	10946	10956	20	-0.015810276679841917
2021-11-18	10892	11010	10878	10898	19	-0.005293902884264345
2021-11-19	10814	10927	10814	10927	225	0.002661038722701514
2021-11-22	10951	10985	10887	10986	20	0.00539946920472234
2021-11-23	10980	10980	10917	10917	24	-0.006280720917531402
2021-11-24	10897	10907	10853	10898	11	-0.0017404048731336497
2021-11-25	10795	10814	10746	10746	21	-0.013947513305193615
2021-11-26	10673	10721	10555	10556	24	-0.017680997580495017
2021-11-29	10252	10487	10252	10370	30	-0.017620310723759025
2021-11-30	10555	10555	10072	10131	46	-0.023047251687560277
2021-12-01	10086	10252	10086	10253	20	0.012042246569933912
2021-12-02	10096	10423	10096	10414	323	0.015702721154783994
2021-12-03	10389	10609	10389	10585	230	0.016420203572114378
2021-12-06	10511	10702	10477	10624	23	0.003684459140292917
2021-12-07	10633	10780	10633	10741	27	0.011012801204819178
2021-12-08	10790	10892	10736	10756	60	0.0013965180150823375
2021-12-09	10883	10887	10746	10888	55	0.012272220156191782
2021-12-10	10775	10824	10775	10795	23	-0.008541513592946415
2021-12-13	10824	10941	10780	10781	123	-0.0012968967114405094
2021-12-14	10692	10785	10687	10717	21	-0.005936369539003783
2021-12-15	10648	10731	10648	10693	10	-0.0022394326770551753
2021-12-16	10741	10760	10741	10761	11	0.006359300476947549
2021-12-17	10790	10883	10790	10883	10	0.011337236316327548
2021-12-20	10887	10887	10682	10693	21	-0.017458421391160495
2021-12-21	10756	10756	10658	10707	10	0.0013092677452539725
2021-12-22	10731	10731	10687	10702	10	-0.0004669842159334969
2021-12-23	10800	10800	10692	10693	1339	-0.0008409643057372129
2021-12-24	10824	10824	10765	10805	21	0.010474141962031336
2021-12-27	10883	10883	10760	10785	93	-0.0018509949097640366
2021-12-28	10868	10868	10751	10844	45	0.005470560964302207
2021-12-29	11039	11039	10951	10961	225	0.010789376613795643
2021-12-30	10912	10931	10868	10893	23	-0.006203813520664125
2022-01-03	10980	10980	10873	10917	28	0.0022032497934454387
2022-01-04	11010	11010	10858	10971	23	0.004946413849958864
2022-01-05	11024	11024	10863	10878	26	-0.008476893628657334
2022-01-06	10844	10883	10765	10766	41	-0.01029601029601035
2022-01-07	10863	10897	10824	10888	20	0.011331971019877374
2022-01-10	10961	10961	10785	10829	23	-0.00541880969875097
2022-01-11	10868	10868	10721	10732	30	-0.008957429125496352
2022-01-12	10839	10917	10839	10917	225	0.017238166231829943
2022-01-13	11014	11014	10912	10927	38	0.0009160025648071723
2022-01-14	10927	10927	10756	10781	226	-0.013361398371007582
2022-01-17	10746	10746	10594	10624	51	-0.0145626565253687
2022-01-18	10692	10692	10462	10473	141	-0.014213102409638578
2022-01-19	10438	10555	10409	10434	59	-0.0037238613577771362
2022-01-20	10497	10521	10433	10497	166	0.006037952846463579
2022-01-21	10511	10511	10370	10414	29	-0.007907021053634389
2022-01-24	10428	10428	10204	10224	35	-0.01824467063568269
2022-01-25	10287	10287	9896	9926	32	-0.029147104851330208
2022-01-26	9974	10018	9911	9911	29	-0.0015111827523675014
2022-01-27	9969	9969	9530	9530	52	-0.0384421350015135
2022-01-28	9627	9832	9510	9833	98	0.03179433368310591
2022-02-03	10042	10091	9979	10009	265	0.01789891182751968
2022-02-04	10047	10208	10013	10204	54	0.019482465780797265
2022-02-07	10301	10301	10106	10214	93	0.000980007840062802
2022-02-08	10326	10326	10140	10204	44	-0.000979048364989188
2022-02-09	10326	10360	10272	10360	20	0.015288122304978335
2022-02-10	10394	10409	10340	10360	40	0.0
2022-02-11	10350	10350	10233	10233	41	-0.012258687258687284
2022-02-14	10160	10160	10013	10077	61	-0.0152447962474348
2022-02-15	10125	10125	9911	9945	25	-0.013099136647811815
2022-02-16	10140	10184	10096	10170	116	0.02262443438914019
2022-02-17	10267	10335	10091	10224	27	0.005309734513274433
2022-02-18	10169	10292	10145	10292	20	0.0066510172143974255
2022-02-21	10223	10321	10165	10321	37	0.002817722502914899
2022-02-22	10228	10228	10130	10185	74	-0.013177017730840013
2022-02-23	10311	10331	10223	10302	28	0.011487481590574333
2022-02-24	10282	10282	10038	10087	36	-0.020869734032226805
2022-02-25	10272	10272	10189	10238	28	0.014969763061366104
2022-02-28	10321	10370	10248	10370	28	0.01289314319202961
2022-03-02	10419	10438	10370	10395	228	0.0024108003857281624
2022-03-03	10531	10531	10472	10531	20	0.01308321308321303
2022-03-04	10575	10575	10448	10517	26	-0.001329408413256128
2022-03-07	10506	10506	10282	10312	27	-0.019492250641818032
2022-03-08	10252	10272	10150	10150	86	-0.015709852598913887
2022-03-10	10335	10345	10296	10346	14	0.0193103448275862
2022-03-11	10419	10433	10355	10434	122	0.008505702687028771
2022-03-14	10487	10487	10301	10331	23	-0.009871573701360936
2022-03-15	10252	10301	10228	10238	16	-0.009002032717065123
2022-03-16	10394	10394	10296	10390	120	0.014846649736276696
2022-03-17	10565	10565	10453	10453	517	0.006063522617901773
2022-03-18	10531	10531	10443	10517	517	0.006122644216971285
2022-03-21	10604	10604	10458	10468	202	-0.004659123324141867
2022-03-22	10526	10565	10521	10566	28	0.009361864730607516
2022-03-23	10687	10687	10565	10634	26	0.006435737270490183
2022-03-24	10643	10658	10555	10658	20	0.0022569117923640913
2022-03-25	10741	10741	10609	10629	24	-0.0027209607806342184
2022-03-28	10677	10677	10570	10658	25	0.002728384608147616
2022-03-29	10707	10707	10638	10654	26	-0.0003753049352599458
2022-03-30	10702	10731	10653	10678	28	0.0022526750516238536
2022-03-31	10756	10780	10721	10781	36	0.00964600112380598
2022-04-01	10814	10814	10697	10746	32	-0.0032464520916427597
2022-04-04	10726	10800	10726	10800	33	0.005025125628140614
2022-04-05	10775	10809	10765	10810	34	0.0009259259259259967
2022-04-06	10804	10804	10721	10756	52	-0.004995374653098961
2022-04-07	10751	10751	10590	10600	963	-0.014503532911863126
2022-04-08	10633	10638	10560	10639	21	0.0036792452830187727
2022-04-11	10677	10687	10589	10634	44	-0.0004699689820472086
2022-04-12	10638	10638	10502	10570	44	-0.006018431446304318
2022-04-13	10624	10731	10609	10732	38	0.015326395458845843
2022-04-14	10751	10785	10731	10771	24	0.0036339918002237237
2022-04-15	10819	10819	10692	10741	20	-0.002785256707826589
2022-04-18	10785	10785	10692	10737	172	-0.0003724048040220085
2022-04-19	10834	10834	10775	10829	25	0.008568501443606324
2022-04-20	10897	10897	10785	10844	30	0.0013851694523963065
2022-04-21	10844	10917	10844	10908	29	0.005901881224640304
2022-04-22	10897	10897	10780	10839	27	-0.006325632563256356
2022-04-25	10775	10775	10629	10629	28	-0.019374481040686398
2022-04-26	10668	10697	10658	10678	28	0.004610029165490692
2022-04-27	10506	10590	10462	10590	53	-0.00824124367859147
2022-04-28	10700	10730	10555	10730	149	0.013220018885741203
2022-04-29	10815	10815	10720	10765	43	0.0032618825722274813
2022-05-02	10720	10770	10695	10770	22	0.0004644681839294229
2022-05-03	10820	10820	10695	10700	36	-0.006499535747446661
2022-05-04	10790	10790	10655	10680	53	-0.0018691588785046953
2022-05-06	10570	10615	10555	10605	51	-0.0070224719101124045
2022-05-09	10620	10620	10365	10420	62	-0.017444601603017418
2022-05-10	10335	10360	10150	10360	23	-0.0057581573896353655
2022-05-11	10370	10370	10270	10305	29	-0.005308880308880326
2022-05-12	10275	10320	10110	10190	39	-0.011159631246967505
2022-05-13	10265	10355	10250	10355	37	0.01619234543670256
2022-05-16	10355	10370	10315	10350	52	-0.0004828585224528892
2022-05-17	10260	10410	10260	10365	39	0.0014492753623187582
2022-05-18	10365	10400	10310	10320	44	-0.00434153400868309
2022-05-19	10075	10190	10075	10145	919	-0.0169573643410853
2022-05-20	10135	10345	10135	10325	24	0.017742730409068486
2022-05-23	10315	10385	10315	10365	49	0.0038740920096851372
2022-05-24	10295	10380	10230	10230	28	-0.013024602026049159
2022-05-25	10235	10390	10235	10315	59	0.008308895405669592
2022-05-26	10315	10405	10315	10335	28	0.0019389238972369327
2022-05-27	10390	10465	10390	10445	25	0.010643444605708652
2022-05-30	10480	10605	10480	10555	26	0.010531354715174635
2022-05-31	10540	10625	10540	10620	21	0.006158218853623776
2022-06-02	10540	10550	10510	10525	21	-0.00894538606403017
2022-06-03	10540	10605	10540	10605	21	0.0076009501187648265
2022-06-07	10570	10590	10480	10485	29	-0.011315417256011262
2022-06-08	10500	10535	10480	10490	38	0.0004768717215068996
2022-06-09	10440	10495	10415	10475	20	-0.0014299332697806921
2022-06-10	10410	10455	10395	10455	12	-0.0019093078758949389
2022-06-13	10180	10250	10000	10000	133	-0.04351984696317557
2022-06-14	9785	9980	9785	9915	103079	-0.008499999999999952
2022-06-15	9815	9860	9670	9705	28	-0.021180030257186067
2022-06-16	9775	9890	9680	9680	30	-0.0025759917568263235
2022-06-17	9410	9695	9410	9650	147	-0.0030991735537190257
2022-06-20	9655	9655	9365	9435	32	-0.022279792746114024
2022-06-21	9435	9595	9435	9540	73	0.0111287758346581
2022-06-22	9540	9540	9235	9235	30	-0.03197064989517817
2022-06-23	9175	9285	9065	9065	134	-0.01840822956145105
2022-06-24	8995	9325	8995	9305	104	0.026475455046883534
2022-06-27	9355	9530	9300	9465	21	0.01719505642127883
2022-06-28	9465	9540	9450	9540	43	0.007923930269413626
2022-06-29	9390	9505	9390	9470	20	-0.007337526205450695
2022-06-30	9470	9475	9325	9325	462	-0.015311510031678965
2022-07-01	9490	9490	9240	9310	30	-0.0016085790884718953
2022-07-04	9255	9290	9080	9190	40	-0.012889366272824887
2022-07-05	9200	9355	9200	9355	20	0.01795429815016325
2022-07-06	9250	9265	9095	9095	62	-0.027792624265098875
2022-07-07	9210	9270	9180	9250	23	0.017042330951072104
2022-07-08	9235	9345	9235	9250	30	0.0
2022-07-11	9360	9360	9180	9190	23	-0.006486486486486531
2022-07-12	9095	9095	8965	9015	30	-0.0190424374319913
2022-07-13	9125	9145	9055	9120	21	0.011647254575707144
2022-07-14	9130	9150	9045	9090	22	-0.003289473684210509
