Date	Open	High	Low	Close	Volume	Change
2018-07-24	21302	21361	21203	21340	339	
2018-07-25	21418	21418	21258	21288	547	-0.0024367385192127777
2018-07-26	21352	21456	21352	21396	5	0.005073280721533235
2018-07-27	21436	21436	21422	21425	5	0.001355393531501159
2018-07-30	21422	21422	21418	21420	5	-0.0002333722287047868
2018-07-31	21410	21478	21400	21481	544	0.0028478057889822495
2018-08-01	21558	21619	21558	21584	26	0.0047949350588891715
2018-08-02	21474	21507	21133	21191	43	-0.018207931801334287
2018-08-03	21292	21410	21292	21411	5	0.01038176584399042
2018-08-06	21488	21493	21375	21379	5	-0.0014945588716080982
2018-08-07	21414	21525	21414	21528	5	0.006969456008232289
2018-08-08	21591	21591	21525	21528	5	0.0
2018-08-09	21534	21538	21483	21513	5	-0.000696767001114873
2018-08-10	21478	21478	21333	21365	114	-0.006879561195556216
2018-08-13	21142	21217	20918	20963	1353	-0.018815820266791516
2018-08-14	21091	21160	21071	21163	6	0.009540619186185095
2018-08-16	20815	20978	20763	20963	167	-0.009450455984501227
2018-08-17	20992	21048	20992	21027	5	0.003052998139579266
2018-08-20	21124	21124	21030	21032	5	0.0002377895087268822
2018-08-21	21043	21207	21043	21210	1074	0.008463294028147494
2018-08-22	21249	21310	21244	21284	8	0.003488920320603439
2018-08-23	21325	21338	21222	21340	47024	0.0026310843826349295
2018-08-24	21292	21436	21240	21440	115	0.004686035613870709
2018-08-27	21521	21521	21470	21518	7	0.0036380597014924465
2018-08-28	21543	21577	21446	21448	45	-0.003253090435914152
2018-08-29	21587	21605	21558	21594	7	0.0068071615069003055
2018-08-30	21615	21690	21582	21621	7	0.0012503473186995517
2018-08-31	21525	21735	21525	21739	69	0.00545765690763611
2018-09-03	21661	21661	21553	21584	6	-0.00713004278025664
2018-09-04	21605	21671	21582	21673	5	0.004123424759080896
2018-09-05	21615	21647	21446	21448	10	-0.010381580768698329
2018-09-06	21315	21414	21306	21308	50	-0.00652741514360311
2018-09-07	21297	21328	21198	21332	6	0.0011263375258119268
2018-09-10	21343	21395	21343	21392	5	0.002812675792237096
2018-09-11	21426	21426	21338	21360	5	-0.0014958863126401933
2018-09-12	21395	21395	21258	21350	5	-0.000468164794007464
2018-09-13	21390	21414	21375	21416	5	0.003091334894613551
2018-09-14	21591	21681	21591	21682	7	0.012420620097123747
2018-09-17	21624	21624	21512	21548	5	-0.006180241675122211
2018-09-18	21431	21600	21431	21599	64069	0.0023668089845925167
2018-09-19	21699	21699	21529	21579	9989	-0.0009259687948516282
2018-09-20	21605	21825	21582	21682	29847	0.004773159089855872
2018-09-21	21834	21853	21760	21827	47342	0.006687574946960595
2018-09-27	21890	22063	21829	22025	17725	0.009071333669308679
2018-09-28	22041	22041	21946	21968	32422	-0.0025879682179341668
2018-10-01	22031	22031	21868	21921	38069	-0.002139475600874019
2018-10-02	21938	21938	21647	21650	4426	-0.012362574700059303
2018-10-04	21615	21615	21288	21322	1820	-0.01515011547344114
2018-10-05	21217	22373	21165	21298	500871	-0.0011255979739236421
2018-10-08	21110	21235	21100	21106	213770	-0.009014930979434732
2018-10-10	21165	21165	20847	20892	3576	-0.010139296882403115
2018-10-11	20425	20491	19982	19984	3048	-0.04346161210032551
2018-10-12	20098	20333	20051	20270	319747	0.014311449159327472
2018-10-15	20136	20244	20093	20102	9785	-0.008288110508140156
2018-10-16	20267	20267	20015	20087	1155	-0.0007461944085165317
2018-10-17	20333	20369	20244	20348	31	0.012993478369094369
2018-10-18	20267	20267	20117	20120	6	-0.01120503243562021
2018-10-19	19982	20201	19851	20204	22	0.004174950298210689
2018-10-22	19985	20271	19985	20274	189843	0.003464660463274649
2018-10-23	20160	20160	19655	19685	4323	-0.02905198776758411
2018-10-24	19851	19851	19640	19670	217177	-0.0007620015240030753
2018-10-25	19218	19369	19083	19353	10024	-0.01611591255719369
2018-10-26	19339	19339	18911	19025	14322	-0.01694827675295818
2018-10-29	19130	19130	18741	18744	742933	-0.01477003942181343
2018-10-30	18611	19026	18611	18888	1408088	0.007682458386683688
2018-10-31	18924	19036	18798	19040	14890	0.008047437526471857
2018-11-01	19102	19196	18919	18941	71	-0.005199579831932755
2018-11-02	19247	19655	19247	19656	295	0.03774879890185323
2018-11-05	19457	19462	19242	19395	840	-0.013278388278388231
2018-11-06	19517	19584	19500	19540	69	0.007476153647847372
2018-11-07	19606	19743	19472	19474	16	-0.003377686796315227
2018-11-08	19841	19841	19683	19685	23	0.010834959433090319
2018-11-09	19668	19668	19560	19563	5	-0.006197612395224761
2018-11-12	19410	19542	19410	19482	13	-0.004140469253182011
2018-11-13	19242	19410	19167	19413	7	-0.0035417308284569904
2018-11-14	19378	19448	19275	19277	45	-0.007005614794210024
2018-11-15	19430	19565	19344	19568	17	0.015095709913368172
2018-11-16	19579	19655	19565	19604	8	0.0018397383483237384
2018-11-19	19500	19700	19500	19698	1501213	0.0047949398082023365
2018-11-20	19452	19555	19452	19478	48	-0.011168646563102902
2018-11-21	19275	19444	19172	19446	4571	-0.0016428791457028247
2018-11-22	19425	19448	19331	19400	2174	-0.002365525043710792
2018-11-23	19335	19448	19237	19259	10	-0.007268041237113443
2018-11-26	19378	19500	19369	19492	13	0.012098239783997045
2018-11-27	19522	19640	19444	19609	48	0.006002462548738041
2018-11-28	19635	19714	19635	19718	8	0.00555867203834981
2018-11-29	19949	20015	19813	19815	52	0.004919363018561773
2018-11-30	19804	19841	19659	19660	128	-0.007822356800403774
2018-12-03	19841	20010	19804	19998	4686	0.0171922685656154
2018-12-04	19929	19929	19738	19830	59	-0.008400840084008432
2018-12-05	19467	19733	19467	19703	8	-0.006404437720625267
2018-12-06	19542	19542	19313	19324	51	-0.019235649393493426
2018-12-07	19527	19527	19373	19482	54	0.00817636100186303
2018-12-10	19228	19271	19200	19240	245	-0.012421722615747921
2018-12-11	19294	19294	19237	19240	5	0.0
2018-12-12	19317	19517	19317	19521	18419	0.014604989604989571
2018-12-13	19589	19683	19574	19637	5	0.0059423185287639235
2018-12-14	19621	19621	19313	19385	6	-0.012832917451749304
2018-12-17	19415	19430	19331	19409	6	0.0012380706732009195
2018-12-18	19275	19388	19275	19310	5	-0.005100726467102912
2018-12-19	19304	19410	19261	19413	43	0.005334023821853995
2018-12-20	19294	19392	19200	19259	11	-0.00793282851697319
2018-12-21	19237	19266	19237	19262	5	0.0001557713276909567
2018-12-24	19210	19271	19210	19249	5	-0.0006749039559754699
2018-12-26	19079	19088	18933	19010	17338	-0.012416229414515034
2018-12-27	19280	19364	19280	19310	5	0.015781167806417695
2018-12-28	19401	19472	19401	19451	15	0.007301916105644679
2019-01-02	19457	19462	19074	19075	32639	-0.019330625674772506
2019-01-03	19102	19130	18989	18993	5	-0.004298820445609475
2019-01-04	19019	19143	18915	19147	51	0.00810825040804497
2019-01-07	19392	19496	19349	19400	34	0.013213558259779656
2019-01-08	19430	19448	19299	19301	935	-0.005103092783505181
2019-01-09	19406	19630	19406	19634	8	0.017252992072949613
2019-01-10	19705	19705	19584	19642	81470	0.0004074564530915925
2019-01-11	19705	19766	19678	19769	17536	0.006465736686691814
2019-01-14	19728	19728	19579	19647	46809	-0.0061712782639485875
2019-01-15	19705	19949	19700	19947	53458	0.015269506794930443
2019-01-16	19990	19990	19869	19974	77	0.0013535870055647603
2019-01-17	20127	20127	20038	20068	42	0.004706117953339417
2019-01-18	20174	20201	20107	20204	50	0.006776958341638384
2019-01-21	20252	20252	20178	20226	11	0.0010888932884576263
2019-01-22	20267	20267	20088	20170	701	-0.002768713537031564
2019-01-23	20010	20239	20010	20236	247926	0.0032721864154685587
2019-01-24	20281	20403	20276	20405	227	0.008351452856295793
2019-01-25	20467	20730	20467	20732	129	0.016025483950012243
2019-01-28	20740	20824	20673	20682	12154	-0.002411730657920108
2019-01-29	20632	20712	20543	20713	11166	0.001498887921864478
2019-01-30	20758	20968	20758	20938	17	0.010862743204750558
2019-01-31	21155	21155	20992	20994	16	0.002674562995510499
2019-02-01	21105	21105	20945	20985	985264	-0.0004286939125464073
2019-02-07	21053	21053	20963	21004	5	0.0009054086252084925
2019-02-08	20842	20842	20673	20677	9	-0.015568463149876255
2019-02-11	20730	20754	20637	20755	12	0.003772307394689811
2019-02-12	20688	20871	20688	20799	118664	0.002119971091303352
2019-02-13	20959	20959	20918	20948	14	0.0071638059522092234
2019-02-14	20913	21035	20851	21037	10	0.0042486156196295255
2019-02-15	21025	21025	20861	20910	11	-0.006036982459476148
2019-02-18	21039	21086	21006	21037	46	0.006073648971783863
2019-02-19	20988	21053	20988	21004	10	-0.0015686647335646509
2019-02-20	21100	21240	21076	21219	23	0.010236145496095972
2019-02-21	21155	21212	21076	21196	10	-0.0010839342099062677
2019-02-22	21165	21198	21124	21201	34	0.0002358935648234528
2019-02-25	21240	21240	21142	21186	54	-0.0007075137965190104
2019-02-26	21258	21258	21114	21196	6956	0.0004720098178041532
2019-02-27	21235	21288	21188	21288	14	0.004340441592753264
2019-02-28	21170	21217	20918	20919	18	-0.01733370913190535
2019-03-04	21071	21071	20847	20850	126226	-0.003298436827764206
2019-03-05	20776	20776	20651	20718	56	-0.0063309352517985085
2019-03-06	20693	20721	20678	20699	8	-0.0009170769379284183
2019-03-07	20603	20717	20486	20573	50	-0.006087250591816029
2019-03-08	20515	20515	20384	20386	122898	-0.009089583434598758
2019-03-11	20407	20407	20276	20363	609118	-0.0011282252526243486
2019-03-12	20524	20566	20482	20569	119720	0.010116387565682894
2019-03-13	20496	20496	20369	20490	8	-0.0038407311974330005
2019-03-14	20524	20524	20455	20526	8	0.0017569546120057566
2019-03-15	20562	20721	20562	20703	8	0.008623209587839797
2019-03-18	20763	20763	20712	20755	413	0.0025117132782688234
2019-03-19	20750	20777	20702	20723	8	-0.0015417971573115086
2019-03-20	20712	20721	20520	20723	5622	0.0
2019-03-21	20780	20941	20669	20780	47	0.0027505670028471485
2019-03-22	20861	20903	20777	20831	8	0.0024542829643887654
2019-03-25	20548	20548	20421	20447	33161	-0.01843406461523689
2019-03-26	20506	20506	20435	20486	8	0.0019073702743679366
2019-03-27	20389	20501	20338	20461	8	-0.0012203456018744507
2019-03-28	20338	20366	20221	20329	14	-0.006451297590538085
2019-03-29	20399	20435	20313	20437	180	0.005312607604899489
2019-04-01	20515	20659	20515	20653	13078	0.01056906590986939
2019-04-02	20785	20785	20745	20770	6	0.005665036556432579
2019-04-03	20758	21001	20758	21004	9	0.011266249398170336
2019-04-04	21001	21057	20988	21051	62041	0.0022376690154255474
2019-04-05	21086	21124	21001	21079	8	0.001330103082988865
2019-04-08	21100	21137	21057	21060	115	-0.0009013710327814284
2019-04-09	21071	21146	21067	21140	147	0.003798670465337217
2019-04-10	21048	21217	21048	21219	5	0.0037369914853357944
2019-04-11	21188	21222	21110	21158	5380	-0.0028747820349687148
2019-04-12	21170	21278	21170	21280	407	0.005766140466962888
2019-04-15	21431	21446	21395	21406	113	0.005921052631578938
2019-04-16	21390	21441	21348	21444	10	0.0017752032140521123
2019-04-17	21431	21441	21395	21416	279852	-0.001305726543555319
2019-04-18	21410	21410	21086	21121	4709	-0.013774747852073221
2019-04-19	21198	21198	21128	21144	556	0.0010889635907391781
2019-04-22	21142	21227	21053	21144	128526	0.0
2019-04-23	21174	21174	21114	21168	7864	0.0011350737797957144
2019-04-24	21184	21184	20851	20928	1038	-0.0113378684807256
2019-04-25	20928	20968	20847	20901	793	-0.0012901376146788879
2019-04-26	20754	20815	20717	20780	21390	-0.005789196689153675
2019-04-29	20848	21112	20830	21107	24803	0.015736284889316554
2019-04-30	21130	21130	20820	21023	11290	-0.003979722366987293
2019-05-02	20935	21143	20935	21093	161779	0.0033296865337963943
2019-05-03	21072	21072	20911	20984	98705	-0.005167591143981465
2019-05-07	20649	20781	20601	20722	94662	-0.012485703393061431
2019-05-08	20544	20740	20544	20703	5	-0.0009168999131358158
2019-05-09	20649	20649	20120	20136	22768	-0.027387335168816085
2019-05-10	20263	20263	19954	20113	119217	-0.0011422328168454454
2019-05-13	19944	20035	19835	19837	5366	-0.013722468055486492
2019-05-14	19634	19905	19634	19870	8	0.001663557997681142
2019-05-15	19872	19996	19872	19974	524	0.00523402113739313
2019-05-16	19973	19973	19695	19713	7627	-0.013066987083208192
2019-05-17	19820	19820	19625	19627	21	-0.004362603358190054
2019-05-20	19739	19739	19548	19551	130	-0.0038722168441432947
2019-05-21	19625	19801	19625	19679	105630	0.006546979694133315
2019-05-22	19724	19753	19548	19742	192	0.003201382184053969
2019-05-23	19630	19700	19539	19684	1017	-0.002937898895755242
2019-05-24	19630	19630	19439	19518	9977	-0.008433245275350498
2019-05-27	19519	19563	19444	19527	5811	0.00046111281893645995
2019-05-28	19592	19592	19430	19589	2526	0.0031750908997798533
2019-05-29	19510	19510	19244	19337	199526	-0.01286436265250901
2019-05-30	19333	19468	19333	19469	73	0.006826291565392717
2019-05-31	19287	19505	19287	19503	356	0.0017463660177718943
2019-06-03	19425	19758	19420	19760	251	0.013177459877967479
2019-06-04	19734	19739	19654	19737	5155	-0.0011639676113360808
2019-06-05	19886	19886	19729	19732	8405	-0.0002533313066829246
2019-06-07	19705	19859	19705	19765	5	0.0016724102979930322
2019-06-10	19929	20020	19778	19969	545	0.010321274981027084
2019-06-11	20045	20177	20045	20164	199500	0.009765135960739135
2019-06-12	20091	20149	20049	20099	21254	-0.0032235667526284706
2019-06-13	20086	20086	19934	20079	5	-0.0009950743818100127
2019-06-14	19944	20053	19944	19974	5	-0.0052293440908411926
2019-06-17	19968	20063	19920	19928	220477	-0.0023029938920596793
2019-06-18	19991	20063	19991	20027	18	0.004967884383781707
2019-06-19	20268	20268	20196	20265	39	0.011883956658510941
2019-06-20	20277	20310	20277	20313	48	0.002368615840118382
2019-06-21	20320	20320	20244	20246	5	-0.003298380347560692
2019-06-24	20277	20354	20277	20299	12	0.002617801047120505
2019-06-25	20335	20359	20211	20251	11	-0.002364648504852407
2019-06-26	20211	20277	20164	20203	1906	-0.0023702533208236343
2019-06-27	20301	20467	20291	20417	1503	0.010592486264416223
2019-06-28	20467	20467	20320	20394	326520	-0.001126512220208653
2019-07-01	20511	20511	20320	20365	21730	-0.0014219868588800644
2019-07-02	20221	20387	20221	20309	9	-0.002749815860545013
2019-07-03	20291	20306	20045	20046	21022	-0.012949923679157038
2019-07-04	20077	20173	20001	20174	288	0.006385313778309865
2019-07-05	20173	20225	20149	20184	14	0.0004956875185881948
2019-07-08	19973	19978	19720	19722	105052	-0.02288941736028538
2019-07-09	19724	19835	19644	19646	33	-0.003853564547206201
2019-07-10	19749	19763	19724	19727	58	0.004122976687366275
2019-07-11	19734	19973	19734	19974	8	0.012520910427333165
2019-07-12	19900	19991	19900	19959	123	-0.0007509762691498834
2019-07-15	19958	19958	19840	19946	5277	-0.0006513352372363723
2019-07-16	19963	20020	19854	20022	21006	0.0038102877769978782
2019-07-17	19900	19900	19796	19840	15	-0.009090000998901226
2019-07-18	19815	19815	19749	19775	37	-0.0032762096774193727
2019-07-19	19934	20040	19840	20041	46458	0.013451327433628313
2019-07-22	19954	20040	19954	19993	48	-0.002395090065365979
2019-07-23	20073	20139	20068	20108	320	0.005752013204621598
2019-07-24	20086	20144	19934	19936	52499	-0.008553809429082904
2019-07-25	20001	20001	19729	19827	26256	-0.005467495987158899
2019-07-26	19787	19791	19673	19793	10515	-0.0017148333081151712
2019-07-29	19673	19673	19396	19436	557	-0.01803667963421407
2019-07-30	19492	19553	19492	19546	58	0.0056596007408931115
2019-07-31	19483	19519	19319	19389	209	-0.00803233398137726
2019-08-01	19254	19425	19214	19288	115858	-0.005209139202640656
2019-08-02	19092	19192	19034	19117	1105601	-0.008865615927001191
2019-08-05	19024	19024	18629	18632	2376	-0.0253700894491814
2019-08-06	18182	18544	18148	18341	3305	-0.015618291112065252
2019-08-07	18457	18457	18215	18302	13622	-0.0021263835123493946
2019-08-08	18401	18482	18368	18403	105125	0.005518522565839845
2019-08-09	18587	18606	18558	18593	805	0.010324403629842882
2019-08-12	18620	18658	18572	18632	65	0.0020975635992039887
2019-08-13	18482	18505	18430	18461	116	-0.009177758694718818
2019-08-14	18615	18638	18515	18531	477	0.003791777260170104
2019-08-16	18363	18467	18363	18456	516	-0.004047272138578584
2019-08-19	18562	18587	18515	18565	342685	0.005905938448201198
2019-08-20	18606	18796	18562	18798	194	0.012550498249394026
2019-08-21	18743	18839	18726	18808	29770	0.0005319714863283309
2019-08-22	18830	18830	18681	18702	47282	-0.005635899617184137
2019-08-23	18553	18681	18553	18660	2839	-0.002245749117741447
2019-08-26	18339	18382	18301	18350	74727	-0.016613076098606627
2019-08-27	18472	18525	18344	18389	328	0.0021253405994550167
2019-08-28	18462	18596	18430	18545	2142	0.008483332426994394
2019-08-29	18606	18606	18487	18535	42027	-0.0005392289026692199
2019-08-30	18716	18853	18706	18836	3556	0.01623954680334494
2019-09-02	18787	18872	18726	18827	3283	-0.0004778084519005965
2019-09-03	18839	18920	18810	18813	298	-0.0007436128963722588
2019-09-04	18800	19034	18800	19037	5269	0.011906660288098614
2019-09-05	19092	19273	19073	19156	864	0.00625098492409526
2019-09-06	19263	19263	19172	19236	68	0.004176237210273603
2019-09-09	19292	19410	19292	19342	151	0.005510501143688895
2019-09-10	19377	19444	19324	19426	343	0.004342880777582492
2019-09-11	19605	19605	19519	19602	1239	0.009060022650056565
2019-09-16	19644	19710	19592	19713	3440	0.0056626874808693994
2019-09-17	19700	19773	19700	19732	424	0.0009638309744839368
2019-09-18	19768	19859	19739	19827	28	0.004814514494222655
2019-09-19	19825	19944	19815	19908	425	0.004085338175215725
2019-09-20	19929	20020	19910	20022	99	0.00572634116937909
2019-09-23	20001	20020	19949	19993	9503	-0.0014484067525721844
2019-09-24	19958	20091	19958	20089	550	0.004801680588205848
2019-09-25	20068	20068	19864	19865	17	-0.01115038080541586
2019-09-26	19958	19963	19782	19832	5404	-0.0016612131890259008
2019-09-27	19820	19820	19620	19674	50634	-0.007966922146026678
2019-09-30	19644	19810	19615	19803	174912	0.0065568770966757395
2019-10-01	19729	19891	19710	19840	79775	0.0018684037772054296
2019-10-02	19715	19715	19505	19508	530189	-0.016733870967741926
2019-10-04	19478	19510	19377	19384	5500	-0.006356366618822995
2019-10-07	19514	19514	19353	19408	14203	0.0012381345439538283
2019-10-08	19478	19630	19478	19632	8	0.01154163231657046
2019-10-10	19514	19548	19343	19479	9667	-0.007793398533007312
2019-10-11	19691	19691	19597	19637	583	0.00811129934801591
2019-10-14	19840	19905	19810	19840	89	0.010337627947242467
2019-10-15	19872	19877	19835	19837	7	-0.00015120967741932834
2019-10-16	19986	20015	19910	19928	353	0.004587387205726712
2019-10-17	19983	19983	19900	19913	115	-0.0007527097551184303
2019-10-18	19954	20001	19715	19737	5511	-0.008838447245517966
2019-10-21	19830	19830	19734	19765	370	0.0014186553174240224
2019-10-22	19934	20045	19886	20017	331	0.01274981027068045
2019-10-23	20035	20035	19929	19974	39	-0.002148174052055807
2019-10-24	20058	20058	19864	20013	217	0.0019525382997898078
2019-10-25	20049	20049	19973	20027	15	0.0006995452955578241
2019-10-28	20125	20154	20030	20050	86306	0.0011484495930493832
2019-10-29	20130	20201	20015	20050	67593	0.0
2019-10-30	20030	20030	19891	19927	162228	-0.006134663341645918
2019-10-31	20092	20164	19982	20008	17361	0.004064836653786319
2019-11-01	20006	20126	19949	20123	2645	0.005747700919632059
2019-11-04	20226	20432	20226	20405	613	0.014013815037519306
2019-11-05	20457	20538	20408	20539	189	0.006567017887772586
2019-11-06	20580	20653	20519	20582	16001	0.002093578070986979
2019-11-07	20576	20580	20533	20563	73	-0.0009231367214070918
2019-11-08	20634	20648	20465	20472	81	-0.0044254243057919584
2019-11-11	20475	20475	20351	20400	986169	-0.003516998827667095
2019-11-12	20447	20538	20356	20539	82577	0.006813725490196099
2019-11-13	20461	20461	20303	20372	20	-0.008130872973367786
2019-11-14	20442	20461	20369	20462	8	0.004417828391910517
2019-11-15	20461	20734	20457	20692	1460	0.011240347962075958
2019-11-18	20776	20776	20666	20716	40	0.0011598685482312465
2019-11-19	20671	20671	20475	20625	315	-0.004392739911179722
2019-11-20	20557	20557	20374	20429	9	-0.009503030303030346
2019-11-21	20413	20413	20015	20132	476	-0.0145381565421705
2019-11-22	20155	20212	20111	20151	22238	0.0009437711106696778
2019-11-25	20394	20432	20317	20338	316	0.009279936479579254
2019-11-26	20423	20494	20374	20376	52704	0.0018684236404760135
2019-11-27	20457	20457	20384	20429	12886	0.0026010993325480403
2019-11-28	20356	20389	20342	20342	14	-0.004258651916393408
2019-11-29	20369	20369	20040	20046	21513	-0.014551174909055109
2019-12-02	20116	20155	20020	20036	1284	-0.0004988526389304582
2019-12-03	19886	20015	19843	20017	60868	-0.0009482930724695748
2019-12-04	19877	19877	19762	19844	2235	-0.008642653744317386
2019-12-05	19996	19996	19772	19807	96	-0.0018645434388228077
2019-12-06	19925	19996	19915	19998	478	0.009643055485434537
2019-12-09	20069	20082	20015	20065	197	0.003350335033503349
2019-12-10	19996	20145	19996	20123	20137	0.002890605532021029
2019-12-11	20155	20255	20069	20237	148341	0.005665159270486608
2019-12-12	20389	20533	20384	20524	151729	0.014181943964026278
2019-12-13	20724	20820	20724	20806	6667	0.013740011693627041
2019-12-16	20835	20863	20791	20826	5023	0.000961261174661221
2019-12-17	20921	21064	20873	21066	7122	0.011524056467876687
2019-12-18	21064	21103	21050	21076	27	0.0004746985664103587
2019-12-19	21122	21145	21002	21094	168	0.0008540520022775056
2019-12-20	21188	21188	21054	21138	107558	0.0020859012041338776
2019-12-23	21170	21198	21093	21166	230131	0.0013246286309016586
2019-12-24	21160	21160	20997	21041	103140	-0.005905697817254141
2019-12-26	21016	21083	20997	21085	115749	0.0020911553633382596
2019-12-27	21208	21552	21208	21410	67098	0.015413801280531159
2019-12-30	21476	21480	21423	21440	3283	0.0014012143858010973
2020-01-02	21385	21437	21193	21233	2941	-0.009654850746268706
2020-01-03	21437	21437	21078	21152	29271	-0.00381481655912963
2020-01-06	21050	21050	20921	20946	573621	-0.009739031770045425
2020-01-07	21150	21236	21122	21161	59095	0.010264489640026797
2020-01-08	21031	21078	20877	20970	289	-0.009026038466991126
2020-01-09	21213	21213	21131	21209	72768	0.011397234144015167
2020-01-10	21327	21510	21327	21510	202001	0.01419208826441598
2020-01-13	21577	21719	21471	21722	39300	0.009855880985588206
2020-01-14	21807	21921	21744	21745	117133	0.0010588343614768014
2020-01-15	21706	21782	21653	21717	328	-0.0012876523338698487
2020-01-16	21677	21916	21657	21918	1031	0.009255422019615933
2020-01-17	22064	22064	21888	21961	382	0.0019618578337439185
2020-01-20	22061	22161	22002	22076	25284	0.005236555712399227
2020-01-21	22084	22084	21849	21852	5	-0.010146765718427209
2020-01-22	21816	22098	21816	22099	3336	0.011303313197876586
2020-01-23	21945	21974	21821	21860	1499756	-0.010814969003122288
2020-01-28	21385	21385	21150	21238	31104	-0.028453796889295502
2020-01-29	21285	21375	21228	21300	1722	0.0029192956022223715
2020-01-30	21280	21280	20882	20951	13232	-0.016384976525821604
2020-01-31	21021	21098	20671	20673	12561	-0.013269056369624388
2020-02-03	20408	20671	20288	20615	127982	-0.002805591834760368
2020-02-04	20724	21021	20696	20984	1697	0.017899587678874562
2020-02-05	21174	21184	20988	21081	187	0.004622569576820501
2020-02-06	21290	21657	21270	21640	359	0.026516768654238465
2020-02-07	21624	21639	21476	21568	9	-0.003327171903881654
2020-02-10	21308	21462	21290	21449	23	-0.005517433234421332
2020-02-11	21562	21734	21562	21664	161	0.010023777332276662
2020-02-12	21729	21825	21557	21794	410781	0.0060007385524372125
2020-02-13	21897	21926	21759	21789	613	-0.00022942094154354553
2020-02-14	21759	21936	21759	21864	5	0.0034421038138510163
2020-02-17	21834	21884	21782	21864	16	0.0
2020-02-18	21697	21697	21495	21545	110426	-0.014590193926088513
2020-02-19	21605	21605	21361	21545	46422	0.0
2020-02-20	21687	21687	21318	21435	93605	-0.005105592944998794
2020-02-21	21179	21290	21069	21081	143533	-0.016515045486354074
2020-02-24	20634	20634	20308	20310	7171	-0.036573217589298435
2020-02-25	20226	20504	20226	20506	21159	0.00965041851304771
2020-02-26	20183	20279	20126	20266	650	-0.01170389154393836
2020-02-27	20183	20197	19982	19984	5311	-0.013914931412217557
2020-02-28	19676	19748	19321	19385	38380	-0.029973979183346655
2020-03-02	19407	19613	19225	19520	6857	0.0069641475367552275
2020-03-03	19905	19996	19590	19596	103398	0.0038934426229508823
2020-03-04	19561	20082	19561	20065	56919	0.023933455807307658
2020-03-05	20246	20332	20106	20271	6475	0.010266633441315731
2020-03-06	20001	20011	19795	19849	27820	-0.02081791722164672
2020-03-09	19389	19389	18958	19060	72793	-0.03975011335583656
2020-03-10	19043	19158	18901	19146	22756	0.004512067156348332
2020-03-11	19111	19111	18522	18599	12050	-0.028569936279118302
2020-03-12	18402	18474	17651	17911	88255	-0.03699123608796173
2020-03-13	17205	17656	16411	17288	77262	-0.03478309418792924
2020-03-16	17406	17484	16736	16738	34219	-0.031813975011568685
2020-03-17	16028	16679	16028	16326	27689	-0.024614649300991776
2020-03-18	16406	16439	15525	15526	143417	-0.049001592551757955
2020-03-19	15525	15530	13882	14181	253891	-0.08662888058740181
2020-03-20	14476	15118	14174	15091	460140	0.06417036880332838
2020-03-23	14318	14715	14309	14468	2268	-0.04128288383804912
2020-03-24	14596	15659	14596	15660	18642	0.0823887199336466
2020-03-25	16372	16573	16051	16556	20443	0.05721583652618145
2020-03-26	16568	16789	16439	16441	1806	-0.006946122251751619
2020-03-27	17062	17062	16372	16728	1025	0.0174563591022443
2020-03-30	16142	16760	16119	16762	1312	0.00203252032520318
2020-03-31	16842	17109	16842	17111	1603	0.020820904426679387
2020-04-01	17014	17114	16343	16517	1389	-0.03471451113318913
2020-04-02	16434	16808	16276	16810	11534	0.017739298904159373
2020-04-03	16971	16971	16655	16824	5246	0.0008328375966686341
2020-04-06	16895	17474	16895	17461	8064	0.037862577270565856
2020-04-07	17703	17856	17474	17776	1490	0.018040203882939032
2020-04-08	17593	17948	17555	17633	7739	-0.008044554455445496
2020-04-09	17790	17875	17626	17878	454	0.013894402540690853
2020-04-10	17913	18130	17808	18011	15176	0.007439310884886474
2020-04-13	18010	18038	17688	17811	23854	-0.011104325134639992
2020-04-14	17923	18148	17923	18059	3253	0.013923979563191358
2020-04-16	17985	18095	17813	18098	106	0.0021595880170552917
2020-04-17	18312	18704	18312	18662	2892	0.031163664493314203
2020-04-20	18661	18666	18335	18519	55155	-0.0076626299432001055
2020-04-21	18345	18422	17958	18302	798	-0.011717695339921175
2020-04-22	17943	18464	17943	18466	782	0.008960769314829031
2020-04-23	18483	18669	18353	18652	562	0.010072565796599209
2020-04-24	18569	18569	18383	18413	6448	-0.012813639288012046
2020-04-27	18412	18756	18412	18729	345	0.01716178786726763
2020-04-28	18830	18914	18622	18817	3825	0.004698595760585178
2020-04-29	18904	19074	18904	18992	63878	0.009300100972524872
2020-05-04	18636	18636	18397	18472	1645	-0.027379949452400965
2020-05-06	18640	18782	18548	18782	135510	0.016782156777825907
2020-05-07	18762	18884	18709	18792	26765	0.0005324246619102802
2020-05-08	18952	19059	18914	18977	137038	0.00984461472967224
2020-05-11	19030	19039	18840	18866	79133	-0.005849185856563244
2020-05-12	18816	18859	18572	18759	177092	-0.00567157850100708
2020-05-13	18509	18899	18509	18899	119482	0.007463084386161389
2020-05-14	18742	18787	18645	18754	693	-0.007672363617122646
2020-05-15	18826	18840	18655	18778	157097	0.0012797269915751919
2020-05-18	18782	18894	18767	18880	28830	0.005431888380019068
2020-05-19	19196	19278	19171	19274	59	0.020868644067796538
2020-05-20	19244	19391	19206	19391	61879	0.006070353844557452
2020-05-21	19478	19478	19346	19479	911	0.004538187819091322
2020-05-22	19478	19483	19127	19201	390	-0.014271779865496215
2020-05-25	19254	19434	19201	19435	129	0.012186865267433955
2020-05-26	19521	19760	19516	19761	571	0.016773861589915118
2020-05-27	19746	19868	19692	19795	142	0.0017205607003694112
2020-05-28	19916	19950	19688	19776	485	-0.0009598383430159396
2020-05-29	19683	19823	19595	19776	1624	0.0
2020-06-01	19813	20120	19813	20122	5383	0.017495954692556603
2020-06-02	20120	20354	20062	20340	52072	0.010833913129907558
2020-06-03	20612	20957	20612	20934	744	0.02920353982300883
2020-06-04	21137	21303	20870	20973	1207	0.001862997993694382
2020-06-05	20943	21274	20919	21275	24411	0.014399465980069692
2020-06-08	21551	21551	21128	21256	140959	-0.0008930669800234492
2020-06-09	21546	21546	21157	21328	96222	0.0033872788859616865
2020-06-10	21332	21401	21226	21396	141786	0.003188297074268487
2020-06-11	21249	21420	20875	20959	96490	-0.020424378388483877
2020-06-12	20373	20797	20373	20784	366	-0.008349635001669964
2020-06-15	20480	20660	19799	19800	144472	-0.04734411085450352
2020-06-16	20213	20836	20213	20837	630	0.052373737373737406
2020-06-17	20841	20884	20690	20881	130	0.0021116283534097224
2020-06-18	20670	20836	20641	20812	658	-0.003304439442555429
2020-06-19	20879	20879	20592	20871	28	0.0028349029406111725
2020-06-22	20719	20850	20709	20734	47	-0.006564132049254989
2020-06-23	20826	20996	20573	20779	31	0.0021703482203143665
2020-06-24	20967	21104	20967	21071	150	0.014052649309398868
2020-06-25	20772	20855	20587	20604	349	-0.022163162640596035
2020-06-26	20695	20812	20534	20812	297	0.010095127159774897
2020-06-29	20612	20646	20422	20452	15	-0.017297712857966552
2020-06-30	20749	20802	20578	20604	236993	0.007432035986700614
2020-07-01	20749	20831	20534	20569	64465	-0.0016986992816928614
2020-07-02	20739	20865	20719	20866	593	0.014439204628324154
2020-07-03	20919	20972	20826	20968	183644	0.0048883350905779555
2020-07-06	21006	21244	20934	21246	28767	0.01325829835940473
2020-07-07	21332	21386	21064	21066	882	-0.008472182999152755
2020-07-08	21084	21089	20987	21007	11	-0.002800721541820983
2020-07-09	21133	21221	21109	21109	11	0.004855524349026474
2020-07-10	20962	21001	20744	20929	846	-0.00852716850632429
2020-07-13	21074	21284	21064	21280	2227	0.01677098762482676
2020-07-14	21186	21221	21031	21221	4938	-0.0027725563909773987
2020-07-15	21469	21483	21274	21450	4045	0.010791197398803076
2020-07-16	21415	21415	21221	21261	35	-0.008811188811188808
2020-07-17	21264	21429	21264	21416	25	0.007290343822021539
2020-07-20	21444	21444	21274	21377	54671	-0.0018210683601046496
2020-07-21	21493	21716	21493	21674	36571	0.013893436871403875
2020-07-22	21673	21703	21513	21645	126896	-0.0013380086739872565
2020-07-23	21561	21561	21434	21523	58	-0.005636405636405661
2020-07-24	21318	21513	21226	21368	94296	-0.007201598290201172
2020-07-27	21361	21639	21361	21571	229	0.00950018719580692
2020-07-28	21805	21985	21805	21971	1277	0.01854341476982979
2020-07-29	21970	22087	21868	22030	1673	0.002685357971871971
2020-07-30	22106	22165	21980	22048	913	0.0008170676350431894
2020-07-31	22072	22072	21906	21908	81	-0.0063497822931785075
2020-08-03	21931	21945	21770	21908	8832	0.0
2020-08-04	22003	22208	22003	22210	335973	0.013784918751141184
2020-08-05	22170	22505	22170	22507	294	0.013372354795137431
2020-08-06	22647	22856	22569	22808	11051	0.013373617096903212
2020-08-07	22962	22962	22656	22901	576	0.004077516660820679
2020-08-10	22914	23246	22914	23246	85049	0.015064844329941929
2020-08-11	23366	23644	23352	23563	118946	0.013636754710487864
2020-08-12	23601	23703	23328	23703	7237	0.005941518482366348
2020-08-13	23921	23921	23454	23772	338373	0.002911023921022604
2020-08-14	23644	23644	23264	23460	210241	-0.013124684502776374
2020-08-18	23459	23503	22729	22871	100848	-0.02510656436487635
2020-08-19	22997	23109	22880	22998	107986	0.005552883564339028
2020-08-20	22851	22851	22062	22142	15855	-0.03722062788068525
2020-08-21	22364	22652	22257	22448	206	0.013819889802185958
2020-08-24	22447	22680	22350	22672	518	0.009978617248752597
2020-08-25	22807	23031	22807	23027	28359	0.015658080451658396
2020-08-26	22949	23065	22817	23041	1335	0.0006079819342510451
2020-08-27	23099	23099	22768	22817	4164	-0.009721800269085534
2020-08-28	22972	23124	22787	22901	10089	0.0036814655739141333
2020-08-31	22992	23124	22588	22614	184	-0.012532203833893751
2020-09-01	22739	22841	22593	22813	1639	0.008799858494737745
2020-09-02	22904	22987	22759	22920	327	0.004690308157629497
2020-09-03	23138	23264	23124	23256	924	0.014659685863874339
2020-09-04	22705	22997	22666	22998	93362	-0.011093911248710064
2020-09-07	23074	23162	22949	23066	275	0.0029567788503348513
2020-09-08	23294	23313	23162	23314	646039	0.010751755831093446
2020-09-09	23036	23157	22949	23056	40622	-0.011066312087157915
2020-09-10	23201	23279	23191	23276	48286	0.009541984732824416
2020-09-11	23206	23259	22977	23261	1040	-0.000644440625537035
2020-09-14	23391	23551	23328	23553	677039	0.012553200636258088
2020-09-15	23605	23713	23464	23713	271644	0.006793189827198232
2020-09-16	23698	23698	23508	23538	919273	-0.007379918188335499
2020-09-17	23586	23586	23289	23338	86	-0.008496898631999317
2020-09-18	23318	23426	23274	23368	24	0.00128545719427553
2020-09-21	23406	23498	23157	23159	82	-0.008943854844231436
2020-09-22	23138	23138	22559	22614	114	-0.023532967744721245
2020-09-23	22846	22846	22184	22632	116	0.0007959671000266066
2020-09-24	22335	22335	22000	22034	104991	-0.026422764227642226
2020-09-25	22135	22170	21916	22122	541	0.003993827720795151
2020-09-28	22277	22485	22277	22457	2843	0.0151432962661604
2020-09-29	22719	22719	22578	22652	1323	0.008683261343901627
2020-10-05	22652	22972	22652	22954	119	0.013332156101006465
2020-10-06	22962	23099	22904	22934	58592	-0.0008713078330574442
2020-10-07	22909	23216	22812	23217	46297	0.012339757565187126
2020-10-08	23289	23381	23094	23276	583179	0.0025412413317826843
2020-10-12	23318	23381	23254	23324	47588	0.0020622100017184675
2020-10-13	23381	23391	23143	23378	55516	0.00231521179900529
2020-10-14	23343	23343	23065	23144	45566	-0.010009410556933829
2020-10-15	23069	23069	22787	22983	93518	-0.00695644659522987
2020-10-16	22992	22992	22612	22817	46921	-0.007222729843797571
2020-10-19	22856	22992	22773	22857	32023	0.0017530788447210899
2020-10-20	22846	22972	22622	22974	30945	0.005118781992387467
2020-10-21	23021	23104	22890	23105	109002	0.0057020980238531305
2020-10-22	23002	23002	22714	22964	119221	-0.006102575200173099
2020-10-23	22997	23031	22787	22993	25309	0.0012628461940429325
2020-10-26	23046	23046	22759	22852	10562	-0.006132301135128082
2020-10-27	22705	22846	22622	22716	42	-0.0059513390512865305
2020-10-28	22437	22856	22437	22857	61825	0.006207078711040648
2020-10-29	22574	22695	22364	22682	10787	-0.007656297851861615
2020-10-30	22525	22525	22101	22102	10615	-0.025570937307115793
2020-11-02	22223	22413	22111	22414	165	0.014116369559315833
2020-11-03	22530	22832	22530	22832	161	0.018649058624074177
2020-11-04	22949	23031	22773	22939	794	0.004686405045550179
2020-11-05	23191	23459	23182	23421	13197	0.02101224988011685
2020-11-06	23488	23586	23386	23543	1048	0.0052090004696638825
2020-11-09	23698	23898	23698	23801	5624	0.010958671367285344
2020-11-10	23834	23912	23781	23865	81	0.002688962648628168
2020-11-11	23951	24190	23951	24190	1973	0.013618269432222885
2020-11-12	24195	24195	23990	24142	12056	-0.0019842910293509375
2020-11-13	24116	24320	24015	24322	1284	0.007455886007787349
2020-11-16	24482	24792	24482	24794	8567	0.019406298824109935
2020-11-17	24754	24837	24695	24774	221	-0.000806646769379693
2020-11-18	24788	24812	24739	24814	1137	0.001614595947364128
2020-11-19	24822	24822	24598	24819	406	0.00020149915370359928
2020-11-20	24637	24939	24637	24852	6845	0.0013296264958297943
2020-11-23	24924	25328	24919	25324	172787	0.01899243521648164
2020-11-24	25654	25654	25367	25538	480	0.00845048175643659
2020-11-25	25566	25738	25294	25383	264	-0.006069386796146881
2020-11-26	25197	25596	25197	25597	392	0.008430839538273727
2020-11-27	25596	25674	25513	25675	263	0.003047232097511454
2020-11-30	25703	25703	25284	25286	619	-0.015150925024342787
2020-12-01	25416	25654	25406	25631	199458	0.013643913628094584
2020-12-02	25815	26043	25815	26045	23251	0.016152315555382213
2020-12-03	26035	26185	26035	26185	654	0.005375311960069018
2020-12-04	26248	26647	26248	26580	109454	0.015084972312392697
2020-12-07	26662	26706	26350	26707	163467	0.004778028592927086
2020-12-08	26613	26613	26268	26269	228	-0.01640019470550791
2020-12-09	26560	26804	26428	26804	5484	0.02036621112337733
2020-12-10	26502	26857	26502	26736	5100	-0.002536934785852818
2020-12-11	26929	27022	26866	26979	141485	0.009088868940754002
2020-12-14	26979	27032	26842	26887	2267	-0.0034100596760443525
2020-12-15	26812	26891	26677	26882	7559	-0.00018596347677313219
2020-12-16	26925	27051	26866	26974	11209	0.003422364407410061
2020-12-17	26964	27012	26769	27014	96	0.001482909468377036
2020-12-18	27091	27091	26929	26950	76	-0.00236914192640858
2020-12-21	26979	27081	26764	27081	268	0.004860853432282042
2020-12-22	27090	27090	26598	26599	36715	-0.017798456482404634
2020-12-23	26774	26969	26467	26867	6107	0.010075566750629816
2020-12-24	27178	27363	27129	27311	620497	0.01652584955521652
2020-12-28	27606	27606	27226	27398	654256	0.0031855296400717936
2020-12-29	27757	27898	27645	27900	165	0.018322505292357016
2020-12-30	27898	28472	27898	28474	1308	0.020573476702508975
2021-01-04	28550	29183	28307	29184	1823	0.024935028447004237
2021-01-05	29081	29558	28944	29559	672	0.012849506578947345
2021-01-06	29689	29996	29373	29433	29276	-0.004262661118441091
2021-01-07	29573	30288	29573	30050	34589	0.02096286481160603
2021-01-08	30337	31359	30337	31277	22019	0.04083194675540769
2021-01-11	31743	32347	30770	31248	2437	-0.0009271989001502501
2021-01-12	31189	31218	30215	31029	123217	-0.007008448540706591
2021-01-13	31135	31359	30931	31238	1222	0.006735634406523028
2021-01-14	31213	31281	31111	31170	410	-0.0021768359049875174
2021-01-15	31583	31583	30634	30634	578	-0.01719602181584856
2021-01-18	30245	30458	29763	29793	345	-0.027453156623359676
2021-01-19	30020	30819	29976	30697	32998	0.030342697949182762
2021-01-20	30994	30994	30580	30912	247	0.007003941753265686
2021-01-21	31223	31334	30906	31277	4811	0.011807712215320842
2021-01-22	31276	31491	31067	31068	10656	-0.006682226556255388
2021-01-25	31422	31788	31057	31754	11564	0.022080597399253277
2021-01-26	31743	31743	30999	31286	8808	-0.014738300686527706
2021-01-27	31271	31573	30882	30922	6442	-0.01163459694432012
2021-01-28	30073	30629	30073	30357	4555	-0.018271780609274924
2021-01-29	30555	30555	29461	29613	5418	-0.024508350627532316
2021-02-01	29611	30390	29573	30392	5628	0.026306014250498055
2021-02-02	30512	31135	30512	30839	4641	0.014707817846801863
2021-02-03	31052	31169	30824	31170	84	0.010733162553909104
2021-02-04	30979	30979	30565	30761	857	-0.013121591273660527
2021-02-05	30959	31072	30760	31073	469	0.010142713175774531
2021-02-08	30931	31149	30721	30800	114	-0.00878576255913499
2021-02-09	30780	31101	30712	30742	105	-0.001883116883116931
2021-02-10	30662	30994	30570	30902	199	0.005204606076377516
2021-02-15	31223	31354	31203	31355	256	0.014659245356287709
2021-02-16	31334	31558	31256	31506	141806	0.0048158188486684406
2021-02-17	31505	31505	30921	31214	3132	-0.009268075922046592
2021-02-18	31062	31135	30745	30747	161	-0.01496123534311522
2021-02-19	30804	30974	30439	30976	157	0.007447881094090558
2021-02-22	31067	31218	30662	30684	64	-0.009426652892561949
2021-02-23	30434	30707	30157	30591	549	-0.0030308955807587523
2021-02-24	30405	30697	29860	29861	1160	-0.023863227746722893
2021-02-25	30317	30877	30317	30878	3147	0.03405780114530654
2021-02-26	29957	30162	29806	30036	2051	-0.027268605479629504
2021-03-02	30760	30775	30040	30342	7658	0.010187774670395555
2021-03-03	30078	30717	30078	30717	2590	0.012359106189440361
2021-03-04	30478	30487	30088	30318	183	-0.012989549760718866
2021-03-05	29972	30186	29772	30162	39	-0.005145458143677062
2021-03-08	30303	30342	29772	29895	224	-0.008852198130097522
2021-03-09	29772	29772	29139	29666	273	-0.007660143836761946
2021-03-10	30006	30006	29358	29501	78	-0.0055619227398368
2021-03-11	29758	30123	29758	30017	20	0.01749093251076239
2021-03-12	30517	30517	30303	30450	110	0.014425159076523197
2021-03-15	30273	30463	30273	30357	187	-0.0030541871921182517
2021-03-16	30395	30497	30322	30469	98525	0.0036894291267253188
2021-03-17	30507	30507	30132	30372	272	-0.003183563622042085
2021-03-18	30420	30726	30420	30557	253	0.006091136573159517
2021-03-19	30200	30361	30078	30250	1169	-0.01004679778774098
2021-03-22	30483	30483	30118	30240	298	-0.00033057851239670644
2021-03-23	30365	30458	29928	29973	56	-0.008829365079365048
2021-03-24	29704	29967	29704	29836	600	-0.004570780368998717
2021-03-25	29840	30069	29791	30017	108	0.006066496849443714
2021-03-26	30166	30347	30069	30347	379	0.01099377019688852
2021-03-29	30190	30337	30118	30270	102	-0.002537318351072626
2021-03-30	30361	30662	30361	30664	432	0.013016187644532495
2021-03-31	30662	30839	30492	30576	63	-0.0028698147665013884
2021-04-01	30770	30809	30639	30800	3029	0.0073260073260073
2021-04-02	30877	31130	30877	31097	1623	0.009642857142857064
2021-04-05	31149	31149	31009	31146	59	0.0015757146991670634
2021-04-06	31194	31315	30964	31238	646	0.002953830347396158
2021-04-07	31296	31373	31208	31296	461	0.001856712977783559
2021-04-08	31111	31359	31106	31360	99	0.002044989775051187
2021-04-09	31481	31481	31208	31268	71	-0.0029336734693877764
2021-04-12	31296	31369	31130	31291	235	0.0007355763080465483
2021-04-13	31315	31626	31315	31628	582	0.010769869930650877
2021-04-14	31700	31733	31558	31730	20	0.0032249905147336833
2021-04-15	31982	31982	31753	31754	261	0.0007563819728964027
2021-04-16	31836	31880	31709	31813	281	0.001858033633558076
2021-04-19	31811	32050	31806	31905	213	0.0028918995379247914
2021-04-20	31923	32080	31904	31993	94	0.002758188371728476
2021-04-21	31865	31865	31529	31530	95	-0.014471915731566254
2021-04-22	31748	31773	31578	31691	245	0.005106248017760828
2021-04-23	31441	31768	31441	31768	81	0.002429711905588272
2021-04-26	31768	32025	31768	32027	129	0.008152858222110204
2021-04-27	32283	32283	31918	32065	133604	0.0011864988915601948
2021-04-28	32045	32045	31714	31730	32	-0.010447528457820043
2021-04-29	31719	31813	31462	31656	6202	-0.0023321777497635754
2021-04-30	31704	31704	31274	31413	833	-0.007676269901440436
2021-05-03	31388	31650	31101	31205	124026	-0.0066214624518511345
2021-05-04	31121	31417	30987	31418	523	0.006825829194039512
2021-05-06	31363	31640	31363	31641	30	0.007097842001400512
2021-05-07	31794	31987	31754	31918	44053	0.008754464144622442
2021-05-10	32170	32486	32046	32427	22888	0.015947114480857172
2021-05-11	32244	32244	31927	32061	91	-0.011286890554167872
2021-05-12	32001	32001	31343	31581	422	-0.014971460653129931
2021-05-13	30933	31521	30933	31215	154	-0.01158924669896455
2021-05-14	31398	31566	31224	31507	629	0.009354477014255957
2021-05-17	31576	31576	31185	31319	1421	-0.005966927984257464
2021-05-18	31338	31700	31338	31700	192	0.012165139372265932
2021-05-20	31502	31601	31378	31571	61715	-0.004069400630914877
2021-05-21	31779	31828	31497	31566	52	-0.00015837319058631394
2021-05-24	31531	31531	31343	31423	659	-0.004530190711525051
2021-05-25	31422	31690	31422	31690	4673	0.0084969608248735
2021-05-26	31863	31863	31596	31621	182	-0.0021773430104133906
2021-05-27	31591	31630	31383	31611	1712	-0.0003162455330318892
2021-05-28	31749	31868	31670	31809	3678	0.006263642402960956
2021-05-31	31803	31937	31739	31933	78481	0.0038982677858467873
2021-06-01	31853	32180	31823	31992	219	0.001847618451132016
2021-06-02	32189	32224	32006	32136	950	0.004501125281320295
2021-06-03	32303	32437	32170	32388	446	0.007841672890216644
2021-06-04	32184	32323	32135	32150	88	-0.007348400642213204
2021-06-07	32467	32467	32234	32393	1366	0.007558320373250327
2021-06-08	32392	32442	32274	32353	8993	-0.0012348346865063142
2021-06-09	32229	32239	31922	31923	31	-0.01329088492566377
2021-06-10	31927	32180	31927	32106	67	0.005732543933840706
2021-06-11	32279	32368	32234	32368	86	0.008160468448265012
2021-06-14	32189	32377	32165	32378	1619	0.00030894710825513094
2021-06-15	32373	32462	32358	32462	15	0.0025943541911175316
2021-06-16	32541	32645	32516	32620	6523	0.004867229375885573
2021-06-17	32412	32501	32387	32477	23240	-0.004383813611281373
2021-06-18	32476	32561	32412	32507	1534	0.0009237306401452816
2021-06-21	32036	32288	32036	32225	58559	-0.008675054603623833
2021-06-22	32457	32457	32348	32457	1067	0.0071993793638478465
2021-06-23	32531	32531	32397	32457	628	0.0
2021-06-24	32615	32689	32585	32665	150	0.006408478910558513
2021-06-25	32927	32927	32679	32739	9154	0.0022654217051889525
2021-06-28	32808	32833	32669	32833	11041	0.002871193377928405
2021-06-29	32798	32798	32580	32630	5510	-0.006182803886333854
2021-06-30	32734	32843	32684	32809	3450	0.005485749310450538
2021-07-01	32808	32808	32635	32690	108	-0.0036270535523789116
2021-07-02	32694	32754	32541	32655	5421	-0.0010706638115631772
2021-07-05	32759	32793	32684	32794	119	0.0042566222630531225
2021-07-06	32872	32961	32838	32893	17701	0.0030188449106542947
2021-07-07	32754	32754	32541	32635	85	-0.00784361414282675
2021-07-08	32655	32699	32338	32368	57896	-0.008181400337061384
2021-07-09	32031	32066	31744	31962	451	-0.012543252595155763
2021-07-12	32373	32373	32145	32328	1112	0.011451098179087627
2021-07-13	32496	32556	32442	32556	230	0.007052709725315465
2021-07-14	32452	32481	32447	32482	26	-0.002273006511856468
2021-07-15	32551	32704	32521	32705	1357	0.006865340804137698
2021-07-16	32417	32635	32417	32635	31	-0.002140345512918529
2021-07-19	32387	32387	32130	32269	33448	-0.01121495327102806
2021-07-20	31982	32160	31932	32160	286	-0.0033778549071864505
2021-07-21	32283	32283	31937	32007	1270	-0.004757462686567182
2021-07-22	32224	32338	32224	32338	27	0.010341487799543803
2021-07-23	32363	32467	32363	32437	1024	0.0030614138165625526
2021-07-26	32348	32348	32115	32116	3057	-0.009896106298363017
2021-07-27	32358	32358	32209	32230	17	0.0035496325818906715
2021-07-28	32165	32249	32001	32249	64	0.0005895128762023472
2021-07-29	32358	32358	32189	32299	356	0.0015504356724238555
2021-07-30	32358	32358	31823	31858	43919	-0.013653673488343343
2021-08-02	31902	32071	31734	32066	144218	0.00652897231464622
2021-08-03	32175	32175	32006	32175	577	0.003399239069419302
2021-08-04	32333	32655	32279	32616	46600	0.013706293706293726
2021-08-05	32798	32798	32600	32625	3439	0.00027593818984539276
2021-08-06	32709	32709	32457	32576	3577	-0.001501915708812307
2021-08-09	32561	32561	32303	32427	15270	-0.00457391944990182
2021-08-10	32377	32377	32081	32185	721	-0.007462916705214817
2021-08-11	32150	32150	31982	31982	233	-0.006307286002796286
2021-08-12	32011	32011	31818	31878	3648	-0.0032518291538990995
2021-08-13	31789	31789	31205	31502	688	-0.011794968316707455
2021-08-17	31502	31556	31145	31190	151	-0.009904133070916088
2021-08-18	31200	31482	31086	31368	280	0.005706957358127651
2021-08-19	31190	31249	30675	30740	14880	-0.020020402958428996
2021-08-20	30740	30898	30250	30374	5379	-0.011906310995445701
2021-08-23	30591	30848	30591	30725	161	0.011555935997892952
2021-08-24	31031	31185	30957	31072	23360	0.011293734743694106
2021-08-25	31323	31403	30997	31255	1564	0.005889546858908412
2021-08-26	31373	31373	31031	31081	3088	-0.005567109262518022
2021-08-27	31012	31121	30819	31121	97	0.0012869598790257175
2021-08-30	31224	31274	31140	31235	3932	0.0036631213649946925
2021-08-31	31234	31789	31101	31789	1831	0.017736513526492637
2021-09-01	31774	31853	31610	31853	685	0.002013275032243911
2021-09-02	31799	31799	31526	31566	70	-0.009010140332150862
2021-09-03	31670	31813	31615	31814	40	0.007856554520686787
2021-09-06	31873	31873	31690	31848	3239	0.0010687118878480728
2021-09-07	31734	31754	31601	31725	112	-0.003862094951017303
2021-09-08	31601	31606	31343	31448	4056	-0.008731284475965273
2021-09-09	31447	31447	30933	30953	2578	-0.015740269651488226
2021-09-10	31076	31126	30809	31126	84	0.005589118986851105
2021-09-13	31056	31145	30967	31146	51	0.0006425496369595329
2021-09-14	31259	31457	31259	31349	5222	0.0065176908752326845
2021-09-15	31368	31393	31249	31368	123	0.0006060799387539451
2021-09-16	31378	31422	31051	31136	10311	-0.007396072430502443
2021-09-17	30992	31229	30918	31230	5050	0.0030190133607399527
2021-09-23	31150	31155	30997	31116	7609	-0.0036503362151777408
2021-09-24	31056	31175	30982	31077	1054	-0.0012533744697261762
2021-09-27	31061	31304	31061	31175	2988	0.003153457540946647
2021-09-28	31145	31145	30769	30819	7943	-0.011419406575781887
2021-09-29	30433	30472	30190	30473	7302	-0.01122684058535317
2021-09-30	30423	30636	30363	30587	1269	0.0037410166376792287
2021-10-01	30561	30561	29943	30062	1056	-0.01716415470624777
2021-10-05	29641	29804	29309	29533	1166	-0.017596966269709302
2021-10-06	29552	29710	28988	29023	384	-0.01726881793248236
2021-10-07	29364	29502	29250	29503	72	0.016538607311442632
2021-10-08	29502	29582	29413	29488	206	-0.0005084228722502804
2021-10-12	29280	29280	28948	29062	468	-0.014446554530656575
2021-10-13	29057	29394	29057	29335	9229	0.009393709999311772
2021-10-14	29596	29690	29567	29691	17	0.01213567410942562
2021-10-15	29987	30032	29893	30032	1422	0.011484961772927793
2021-10-18	29859	30017	29859	29988	1543	-0.00146510388918486
2021-10-19	30126	30166	29992	30161	241	0.00576897425636913
2021-10-20	30279	30279	30052	30062	39	-0.003282384536321792
2021-10-21	30002	30042	29849	29973	554	-0.0029605482003858263
2021-10-22	29933	29982	29878	29943	43	-0.0010009008107296768
2021-10-25	29809	30136	29735	30136	578	0.006445579935210333
2021-10-26	30284	30408	30240	30408	584	0.009025749933634142
2021-10-27	30349	30349	30091	30176	100	-0.007629571165482796
2021-10-28	30156	30170	30017	30018	91	-0.005235949098621462
2021-10-29	30136	30136	29567	29627	430	-0.013025518022519833
2021-11-01	29636	29725	29636	29711	124	0.002835251628582114
2021-11-02	30012	30151	30007	30022	15	0.01046750361818849
2021-11-03	29933	29933	29601	29602	149	-0.013989740856705124
2021-11-04	29977	29977	29755	29780	14	0.006013107222484937
2021-11-05	29686	29686	29473	29632	47	-0.004969778374748102
2021-11-08	29389	29582	29265	29562	86	-0.0023623110151187454
2021-11-09	29775	29775	29359	29552	30578	-0.0003382721060821714
2021-11-10	29443	29443	29176	29246	374	-0.010354629128316195
2021-11-11	29062	29126	28968	29127	3177	-0.004068932503590195
2021-11-12	29433	29636	29295	29587	5453	0.01579290692484636
2021-11-15	29686	29888	29686	29889	110	0.010207185588265055
2021-11-16	29844	29943	29799	29874	7762	-0.0005018568704205917
2021-11-17	29834	29834	29433	29523	7792	-0.011749347258485643
2021-11-18	29339	29512	29225	29409	3607	-0.0038613961995732637
2021-11-19	29483	29626	29403	29627	65	0.007412696793498652
2021-11-22	29849	30091	29844	30042	2322	0.01400749316501848
2021-11-23	30012	30012	29874	29904	57	-0.004593569003395248
2021-11-24	29958	30002	29735	29869	694	-0.001170411985018771
2021-11-25	29686	29725	29572	29726	391	-0.004787572399477691
2021-11-26	29690	29690	29225	29265	1128	-0.015508309224248173
2021-11-29	29037	29146	28928	28998	171	-0.00912352639671965
2021-11-30	29196	29220	28137	28286	12298	-0.024553417477067407
2021-12-01	28344	28928	28344	28904	13926	0.021848264158947917
2021-12-02	28785	29364	28780	29364	10174	0.015914752283420874
2021-12-03	29280	29656	29225	29612	136	0.008445715842528179
2021-12-06	29309	29745	29285	29646	16450	0.0011481831689854616
2021-12-07	29641	29834	29562	29834	13543	0.006341496323281293
2021-12-08	30151	30185	29809	29933	6174	0.0033183616008580774
2021-12-09	29938	30116	29938	29998	3121	0.002171516386596739
2021-12-10	29923	30007	29923	29993	6083	-0.00016667777851853138
2021-12-13	30086	30294	29859	29859	274	-0.004467709132130793
2021-12-14	29789	29834	29671	29810	424	-0.0016410462507117085
2021-12-15	29730	29814	29621	29815	5854	0.0001677289500168211
2021-12-16	30022	30027	29804	29958	974	0.004796243501593134
2021-12-17	29943	30037	29903	29973	897	0.0005007009813740027
2021-12-20	29864	29864	29478	29478	5868	-0.016514863377039335
2021-12-21	29512	29720	29438	29602	228	0.004206526901417984
2021-12-22	29720	29859	29681	29721	198	0.00401999864873992
2021-12-23	29730	29869	29730	29869	24	0.004979644022744756
2021-12-24	29844	30175	29844	30077	3553	0.0069637416719676715
2021-12-27	29903	30047	29893	29948	2927	-0.004288991588256796
2021-12-28	29819	30081	29819	30077	3098	0.004307466274876548
2021-12-29	30235	30314	30166	30280	61	0.00674934335206312
2021-12-30	30200	30378	30071	30092	126561	-0.006208718626155907
2022-01-03	30121	30418	30091	30176	2971	0.0027914395852717266
2022-01-04	30062	30245	29982	30121	255306	-0.0018226405090138176
2022-01-05	30042	30136	29710	29830	134	-0.009661033830218102
2022-01-06	29379	29784	29379	29542	51371	-0.009654710023466295
2022-01-07	29572	29893	29572	29854	32894	0.010561234852074941
2022-01-10	29656	29656	29473	29607	103	-0.008273598177798602
2022-01-11	29745	29745	29453	29617	48	0.00033775796264401414
2022-01-12	29918	30057	29918	30047	45414	0.014518688591012019
2022-01-13	30047	30071	29943	29988	4594	-0.001963590375079094
2022-01-14	29656	29700	29463	29577	45653	-0.01370548219287715
2022-01-17	29497	29497	29111	29226	15745	-0.01186732934374679
2022-01-18	29275	29275	28928	28993	76	-0.007972353383973174
2022-01-19	28854	29008	28701	28795	190	-0.006829234642844795
2022-01-20	28795	28923	28745	28924	135	0.0044799444347976
2022-01-21	28636	28750	28473	28686	263	-0.00822846079380446
2022-01-24	28404	28547	28166	28251	1129	-0.015164191591717224
2022-01-25	28052	28052	27380	27573	620	-0.023999150472549635
2022-01-26	27691	27770	27449	27469	78294	-0.003771805752003754
2022-01-27	27860	27860	26573	26603	1269	-0.031526447995922635
2022-01-28	26707	27157	26439	27128	857	0.019734616396646976
2022-02-03	27592	27800	27533	27563	5388	0.01603509289295202
2022-02-04	27662	27914	27622	27914	3870	0.012734462866886842
2022-02-07	27810	27949	27667	27949	224	0.0012538511141362285
2022-02-08	28241	28241	27919	27969	96	0.0007155891087338162
2022-02-09	28191	28191	28102	28137	429	0.006006650219886334
2022-02-10	28290	28305	28142	28236	743	0.003518498773856571
2022-02-11	27904	28137	27869	27989	307	-0.008747697974217261
2022-02-14	27706	27706	27409	27538	5410	-0.01611347315016609
2022-02-15	27622	27622	27167	27222	297	-0.011475052654513762
2022-02-16	27840	27840	27622	27801	107	0.021269561384174462
2022-02-17	27785	28196	27691	27860	8925	0.0021222258192150623
2022-02-18	27790	27949	27632	27949	7380	0.0031945441493179683
2022-02-21	27518	27944	27513	27939	1179	-0.0003577945543669081
2022-02-22	27632	27632	27419	27563	363	-0.013457890404094619
2022-02-23	27676	27751	27543	27707	359	0.0052243950223125335
2022-02-24	27429	27429	26929	26989	1455	-0.025914028945753786
2022-02-25	27112	27389	27112	27271	1236	0.010448701322761211
2022-02-28	27196	27478	27196	27479	303	0.007627149719482196
2022-03-02	27478	27568	27434	27558	100	0.002874922668219426
2022-03-03	27810	27983	27810	27984	89192	0.015458306118005583
2022-03-04	27894	27894	27602	27642	79542	-0.012221269296740944
2022-03-07	27221	27221	26944	27019	92283	-0.02253816655813612
2022-03-08	26627	26875	26627	26737	79849	-0.010437099818646156
2022-03-10	27216	27315	27142	27316	107821	0.021655383924898075
2022-03-11	27127	27191	26929	27118	528	-0.007248499048176926
2022-03-14	27201	27201	26840	26969	487	-0.005494505494505475
2022-03-15	26899	26899	26657	26722	118	-0.009158663650858379
2022-03-16	27117	27117	26860	27098	295	0.014070803083601424
2022-03-17	27330	27607	27330	27464	5933	0.01350653184736883
2022-03-18	27478	27577	27394	27578	2095	0.0041508884357703835
2022-03-21	27577	27577	27325	27390	90972	-0.006817028065849606
2022-03-22	27478	27612	27469	27613	49367	0.008141657539247893
2022-03-23	27864	27914	27676	27811	577	0.007170535617281759
2022-03-24	27617	27805	27548	27806	18020	-0.00017978497716730768
2022-03-25	27785	27810	27746	27811	391	0.00017981730561755782
2022-03-28	27577	27840	27577	27801	31581	-0.00035956995433461536
2022-03-29	27909	28008	27770	27895	37892	0.0033811733390884946
2022-03-30	28132	28132	27944	28023	8036	0.004588635956264575
2022-03-31	28023	28166	28023	28127	7040	0.0037112371980159153
2022-04-01	28038	28038	27874	27900	172	-0.008070537206243067
2022-04-04	27860	28107	27835	28107	192	0.007419354838709591
2022-04-05	28122	28122	27988	28058	137	-0.0017433379585156672
2022-04-06	27944	27998	27840	27840	35	-0.00776962007270654
2022-04-07	27642	27662	27454	27514	228	-0.011709770114942564
2022-04-08	27597	27597	27409	27543	291	0.001054008868212497
2022-04-11	27543	27543	27399	27459	25	-0.0030497767127763975
2022-04-12	27290	27290	27048	27182	697078	-0.010087767216577448
2022-04-13	27300	27691	27251	27692	20866	0.018762416304907603
2022-04-14	27647	27706	27568	27622	37580	-0.0025278058645096246
2022-04-15	27414	27493	27330	27474	141803	-0.005358047932807142
2022-04-18	27320	27478	27320	27439	59584	-0.0012739317172599796
2022-04-19	27617	27721	27553	27712	220	0.00994934217719301
2022-04-20	27711	27721	27563	27702	147	-0.0003608545034642363
2022-04-21	27800	27874	27746	27820	169	0.004259620244025708
2022-04-22	27459	27577	27360	27578	20376	-0.008698777857656381
2022-04-25	27251	27251	27078	27078	2004	-0.0181303937921532
2022-04-26	27172	27266	27137	27197	263365	0.0043947115739715326
2022-04-27	26642	26909	26588	26900	943	-0.010920322094348678
2022-04-28	26900	27190	26890	27190	506	0.010780669144981436
2022-04-29	27310	27475	27310	27475	292	0.010481794777491782
2022-05-02	27185	27395	27185	27395	1459	-0.0029117379435851243
2022-05-03	27410	27490	27330	27345	135	-0.001825150574922385
2022-05-04	27425	27450	27180	27225	274	-0.00438837081733412
2022-05-06	26945	26975	26885	26970	301	-0.009366391184573053
2022-05-09	26855	26900	26555	26595	982	-0.013904338153503892
2022-05-10	26320	26450	26050	26430	4670	-0.006204173716864103
2022-05-11	26330	26445	26295	26420	218	-0.0003783579265985715
2022-05-12	26190	26365	25930	25990	509	-0.016275548826646502
2022-05-13	26180	26545	26180	26495	8323	0.01943055021161988
2022-05-16	26735	26735	26435	26490	194	-0.00018871485185889547
2022-05-17	26600	26675	26580	26665	94	0.006606266515666315
2022-05-18	26895	26895	26720	26790	11	0.004687792987061679
2022-05-19	26130	26470	26130	26405	285184	-0.014371033967898517
2022-05-20	26565	26895	26565	26870	765	0.01761030107934114
2022-05-23	26935	26945	26885	26940	40	0.002605135839225836
2022-05-24	26965	26965	26545	26605	409	-0.012435040831477395
2022-05-25	26680	26795	26600	26655	232	0.0018793459875963148
2022-05-26	26790	26870	26520	26555	502273	-0.003751641343087586
2022-05-27	26865	26950	26815	26845	121	0.010920730559216718
2022-05-30	27095	27215	27090	27165	261	0.011920283106723772
2022-05-31	27180	27345	27155	27315	136	0.005521811154058476
2022-06-02	27180	27180	27050	27090	6099	-0.008237232289950547
2022-06-03	27255	27260	27135	27185	46	0.003506829088224528
2022-06-07	27045	27045	26750	26790	133	-0.01453007173073384
2022-06-08	26790	26850	26730	26730	159	-0.002239641657334812
2022-06-09	26700	26700	26590	26665	33	-0.0024317246539469206
2022-06-10	26410	26430	26330	26425	227	-0.009000562535158463
2022-06-13	25930	25970	25540	25540	996	-0.033491012298959344
2022-06-14	25165	25460	25100	25430	1087	-0.004306969459671128
2022-06-15	25310	25310	24840	24965	106332	-0.018285489579237146
2022-06-16	25265	25455	24970	24980	676	0.0006008411776488032
2022-06-17	24500	24905	24465	24905	56046	-0.0030024019215372233
2022-06-20	24905	24905	24155	24395	30235	-0.020477815699658675
2022-06-21	24510	24665	24345	24565	110837	0.006968641114982521
2022-06-22	24565	24595	23875	23875	1425	-0.028088744148178302
2022-06-23	23875	24030	23580	23605	1913	-0.011308900523560261
2022-06-24	23755	24195	23665	24155	393	0.023300148273670773
2022-06-27	24310	24610	24250	24510	360	0.014696750155247296
2022-06-28	24630	24690	24480	24690	458	0.007343941248469932
2022-06-29	24395	24450	24290	24320	1038	-0.014985824220332122
2022-06-30	24150	24170	23885	23885	2315	-0.01788651315789469
2022-07-01	24000	24000	23450	23560	1021	-0.013606866234038062
2022-07-04	23535	23630	23300	23520	20097	-0.001697792869269965
2022-07-05	23585	23970	23585	23970	1428	0.01913265306122458
2022-07-06	23810	23810	23440	23470	505	-0.02085940759282434
2022-07-07	23625	23920	23625	23895	153	0.01810822326374084
2022-07-08	24235	24235	24025	24035	1095	0.005858966310943625
2022-07-11	24075	24110	23890	23915	862	-0.004992718951528974
2022-07-12	23790	23790	23580	23715	99	-0.008362952122099143
2022-07-13	23685	23905	23685	23805	18609	0.00379506641366234
2022-07-14	23680	23880	23680	23755	283	-0.0021003990758243773
