Date	Open	High	Low	Close	Volume	Change
2018-08-14	12195	12358	12180	12339	16122	
2018-08-16	12115	12353	11984	12324	1023	-0.0012156576707998967
2018-08-17	12387	12633	12368	12581	1023	0.02085361895488469
2018-08-20	12638	12713	12460	12473	1016	-0.008584373261267042
2018-08-21	12554	12967	12509	12896	1023	0.03391325262567135
2018-08-22	12948	13007	12790	12793	1963	-0.007986972704714601
2018-08-23	12864	12938	12703	12940	1123	0.011490658954115496
2018-08-24	12864	13155	12815	13117	1016	0.01367851622874805
2018-08-27	13120	13278	13111	13251	1021	0.01021575055271784
2018-08-28	13372	13377	13106	13107	3067	-0.010867104369481573
2018-08-29	13140	13233	13087	13236	1016	0.009842069123369157
2018-08-30	13228	13337	13160	13241	1795	0.0003777576307042452
2018-08-31	13200	13603	13155	13547	1120	0.023110037006268458
2018-09-03	13529	13594	13432	13542	2162	-0.00036908540636304554
2018-09-04	13594	13820	13549	13773	2036	0.01705804164820557
2018-09-05	13751	13800	13524	13527	1115	-0.01786103245480286
2018-09-06	13509	13603	13407	13452	17344	-0.005544466622310895
2018-09-07	13397	13544	13302	13467	1032	0.001115075825156131
2018-09-10	13499	13509	13407	13472	1026	0.00037127793866487124
2018-09-11	13442	13623	13442	13595	958108	0.009130047505938155
2018-09-12	13682	13820	13638	13768	4061	0.012725266642147792
2018-09-13	13834	13864	13706	13807	3435	0.0028326554328879094
2018-09-14	13869	14007	13796	13975	1086	0.012167741000941534
2018-09-17	14026	14036	13830	13925	177127	-0.003577817531305927
2018-09-18	13899	14026	13810	14009	1034	0.006032315978456104
2018-09-19	14046	14056	13874	13989	508	-0.0014276536512242144
2018-09-20	13978	14175	13751	13826	3264	-0.011652012295374936
2018-09-21	13904	13919	13791	13921	507	0.006871112396933388
2018-09-27	13909	14071	13904	14064	624	0.01027225055671277
2018-09-28	14066	14116	13844	13871	559	-0.013722980659840678
2018-10-01	13909	13914	13677	13763	517	-0.007786028404585088
2018-10-02	13781	13791	13258	13275	12289	-0.03545738574438717
2018-10-04	13332	13397	13057	13221	1207	-0.004067796610169538
2018-10-05	13175	13288	12864	12950	1763	-0.020497693064064793
2018-10-08	12904	13160	12800	12803	1430	-0.011351351351351346
2018-10-10	12815	12869	12509	12576	1266	-0.01773021947980946
2018-10-11	12263	12396	12041	12049	10769	-0.04190521628498722
2018-10-12	12080	12534	12080	12537	730	0.040501286413810345
2018-10-15	12534	12534	12155	12187	843	-0.027917364600781647
2018-10-16	12343	12450	12253	12383	538	0.016082711085583012
2018-10-17	12583	12638	12338	12532	514	0.01203262537349592
2018-10-18	12474	12514	12258	12280	9695	-0.02010852218321102
2018-10-19	12200	12569	12100	12571	4637	0.02369706840390884
2018-10-22	12450	12648	12353	12634	574	0.0050115344841301646
2018-10-23	12484	12544	12125	12192	620	-0.034984961215766996
2018-10-24	12348	12396	11810	11865	8531	-0.02682086614173229
2018-10-25	11629	11825	11461	11744	5590	-0.010198061525495183
2018-10-26	11889	11889	11278	11360	8634	-0.032697547683923744
2018-10-29	11426	11659	11011	11015	19726	-0.03036971830985913
2018-10-30	11046	11283	10845	11250	8723	0.02133454380390387
2018-10-31	11288	11288	11016	11045	508	-0.01822222222222225
2018-11-01	11131	11313	11056	11064	574	0.0017202354006338183
2018-11-02	11245	11716	11230	11719	285	0.05920101229211849
2018-11-05	11629	11780	11509	11749	576	0.0025599453878317746
2018-11-06	11716	11760	11496	11704	518	-0.003830113201123475
2018-11-07	11654	11835	11499	11516	579	-0.016062884483937112
2018-11-08	11731	11755	11594	11664	107	0.012851684612712688
2018-11-09	11649	11649	11331	11453	7806	-0.01808984910836764
2018-11-12	11210	11298	11016	11020	152	-0.037806688203964045
2018-11-13	10835	11091	10687	11045	15662	0.002268602540834941
2018-11-14	10982	11283	10899	11050	307	0.00045269352648258376
2018-11-15	11091	11361	11011	11365	103	0.02850678733031664
2018-11-16	11366	11569	11356	11556	121	0.01680598328200622
2018-11-19	11524	11805	11524	11808	772	0.02180685358255441
2018-11-20	11619	11691	11496	11497	9507	-0.02633807588075876
2018-11-21	11303	11644	11220	11644	760	0.012785944159345863
2018-11-22	11589	11691	11524	11619	735	-0.0021470285125386734
2018-11-23	11654	11711	11451	11463	105	-0.013426284533953003
2018-11-26	11544	11795	11529	11759	413	0.025822210590595862
2018-11-27	11765	11869	11673	11818	647	0.0050174334552257616
2018-11-28	11805	11855	11745	11798	108	-0.0016923337282112039
2018-11-29	12028	12028	11624	11624	124	-0.014748262417358826
2018-11-30	11654	11716	11584	11644	121	0.0017205781142464183
2018-12-03	11845	12050	11805	12054	108	0.035211267605633756
2018-12-04	11998	12041	11850	11949	116	-0.008710801393728262
2018-12-05	11721	11855	11716	11803	109	-0.012218595698384793
2018-12-06	11721	11736	11386	11389	108	-0.03507582817927646
2018-12-07	11544	11609	11436	11586	12208	0.0172973922205637
2018-12-10	11396	11514	11298	11345	129	-0.020800966683928834
2018-12-11	11406	11406	11145	11146	127	-0.017540766857646495
2018-12-12	11235	11529	11220	11506	114	0.03229858245110351
2018-12-13	11491	11509	11371	11463	101	-0.0037371806014253606
2018-12-14	11396	11396	11076	11108	159	-0.03096920526912672
2018-12-17	11185	11185	10899	11098	120	-0.0009002520705797545
2018-12-18	10963	11160	10963	11045	115	-0.0047756352495945675
2018-12-19	11140	11406	11051	11365	117	0.028972385694884473
2018-12-20	11190	11461	11185	11265	116	-0.008798944126704789
2018-12-21	11254	11426	11254	11423	110	0.014025743453173645
2018-12-24	11341	11466	11326	11394	101	-0.002538737634596888
2018-12-26	11259	11481	11185	11482	149	0.007723363173600228
2018-12-27	11681	11706	11416	11453	112	-0.002525692388085754
2018-12-28	11456	11504	11346	11492	20606	0.0034052213393871433
2019-01-02	11579	11584	11264	11280	984	-0.01844761573268361
2019-01-03	11326	11336	10982	10985	150	-0.026152482269503508
2019-01-04	10963	11165	10855	11166	2101	0.016477014110150234
2019-01-07	11303	11371	11175	11275	114	0.009761776822496904
2019-01-08	11240	11278	11111	11156	114	-0.010554323725055381
2019-01-09	11205	11366	11190	11310	103	0.013804230907135118
2019-01-10	11313	11446	11259	11379	137	0.006100795755968225
2019-01-11	11386	11421	11321	11374	102	-0.0004394059231918046
2019-01-14	11346	11361	11210	11211	104	-0.014330930191665203
2019-01-15	11240	11386	11240	11345	109	0.011952546606011971
2019-01-16	11331	11331	11215	11310	101	-0.0030850594975759815
2019-01-17	11326	11366	11145	11146	113	-0.014500442086649024
2019-01-18	11205	11326	11205	11325	156	0.016059572940965383
2019-01-21	11326	11331	11215	11240	111	-0.007505518763796903
2019-01-22	11264	11293	11200	11245	435	0.0004448398576513135
2019-01-23	11240	11245	11180	11211	109	-0.0030235660293463917
2019-01-24	11200	11406	11200	11389	151	0.015877263402015895
2019-01-25	11386	11574	11381	11506	332	0.010273070506629178
2019-01-28	11519	11668	11519	11581	1143	0.00651833825830006
2019-01-29	11534	11594	11436	11576	146	-0.0004317416457991774
2019-01-30	11559	11726	11559	11644	176	0.005874222529371087
2019-01-31	11736	11830	11691	11744	210	0.008588114050154694
2019-02-01	11790	11790	11696	11749	239	0.00042574931880112743
2019-02-07	11780	11998	11750	11989	138	0.020427270405992015
2019-02-08	11939	11988	11884	11930	4453	-0.0049211777462674355
2019-02-11	11984	12095	11979	12084	198	0.012908633696563365
2019-02-12	12090	12100	11929	11989	429	-0.00786163522012584
2019-02-13	12041	12170	12041	12167	274	0.014846943031111781
2019-02-14	12170	12205	12075	12192	277	0.00205473822635005
2019-02-15	12268	12268	12018	12108	380	-0.006889763779527547
2019-02-18	12180	12288	12170	12231	550	0.01015857284440047
2019-02-19	12387	12387	12150	12300	1242	0.005641402992396349
2019-02-20	12313	12387	12293	12358	316	0.004715447154471475
2019-02-21	12358	12378	12253	12290	169	-0.005502508496520453
2019-02-22	12258	12278	12140	12221	770	-0.005614320585842103
2019-02-25	12105	12363	12105	12349	14430	0.010473774650192391
2019-02-26	12494	12494	12273	12305	170	-0.003563041541825296
2019-02-27	12313	12421	12293	12423	35657	0.009589597724502186
2019-02-28	12406	12574	12180	12182	3225	-0.019399500925702307
2019-03-04	12392	12559	12378	12522	2940	0.027910031193564278
2019-03-05	12465	12603	12465	12497	111	-0.0019964861843155823
2019-03-06	12509	12514	12278	12353	728	-0.011522765463711337
2019-03-07	12303	12392	12105	12108	4636	-0.019833238889338634
2019-03-08	12060	12165	11984	12108	196	0.0
2019-03-11	12170	12258	11984	12260	138	0.012553683515031278
2019-03-12	12426	12633	12426	12591	11483	0.026998368678629703
2019-03-13	12593	12688	12484	12552	311	-0.00309745055992372
2019-03-14	12613	12683	12426	12428	685	-0.009878903760356939
2019-03-15	12387	12392	12165	12236	26516	-0.015448986160283229
2019-03-18	12278	12421	12210	12295	2218	0.00482183720169993
2019-03-19	12338	12368	12125	12127	109	-0.013664091093940622
2019-03-20	12130	12145	11984	12147	386	0.0016492125010307834
2019-03-21	12150	12180	11979	11994	788	-0.01259570264262777
2019-03-22	12023	12055	11954	12019	153	0.002084375521093973
2019-03-25	11869	11884	11701	11704	446	-0.026208503203261513
2019-03-26	11785	11894	11716	11856	310	0.01298701298701288
2019-03-27	11874	11874	11668	11679	459	-0.014929149797570873
2019-03-28	11726	11726	11529	11541	257	-0.01181608014384794
2019-03-29	11609	11785	11509	11788	322	0.021401958235854668
2019-04-01	11604	11899	11604	11848	170	0.005089921954529952
2019-04-02	11884	11899	11830	11865	367	0.0014348413234301916
2019-04-03	11874	12085	11874	12089	128	0.01887905604719764
2019-04-04	12070	12115	11959	12054	110	-0.0028951939779965352
2019-04-05	12065	12100	11939	11969	2576	-0.007051601128256202
2019-04-08	12013	12055	11894	11920	305	-0.004093909265602824
2019-04-09	11845	12023	11845	11989	111	0.005788590604026922
2019-04-10	11954	12055	11939	12029	201	0.0033363916923847547
2019-04-11	12070	12145	12041	12118	922	0.007398786266522572
2019-04-12	12045	12160	12045	12094	619	-0.001980524839082398
2019-04-15	12140	12140	12032	12079	156	-0.0012402844385646095
2019-04-16	12060	12090	11959	12089	20403	0.0008278831029058242
2019-04-17	12085	12110	12045	12094	204	0.0004135991397138383
2019-04-18	12050	12050	11765	11808	5955	-0.023648089961964658
2019-04-19	11874	11988	11874	11989	378	0.015328590785907759
2019-04-22	11919	12075	11919	11984	2210	-0.00041704896154803883
2019-04-23	12018	12023	11899	11949	26598	-0.0029205607476635587
2019-04-24	12023	12023	11830	11900	12942	-0.004100761570005829
2019-04-25	11859	11874	11785	11798	260	-0.008571428571428563
2019-04-26	11726	11780	11649	11659	1014	-0.011781657908120025
2019-04-29	11697	11836	11664	11838	155	0.015352946221802943
2019-04-30	11751	11885	11727	11871	931	0.0027876330461227283
2019-05-02	11766	11940	11766	11886	294	0.0012635835228709258
2019-05-03	11880	11945	11826	11891	515	0.0004206629648326743
2019-05-07	11732	11836	11674	11729	541	-0.013623749053906287
2019-05-08	11589	11692	11529	11531	5164	-0.016881234546849644
2019-05-09	11574	11579	11219	11234	217	-0.025756655970861186
2019-05-10	11288	11381	11075	11210	130	-0.0021363717286807526
2019-05-13	11194	11204	10933	10933	606	-0.0247100802854594
2019-05-14	10858	11050	10828	10933	112	0.0
2019-05-15	10962	11253	10958	11254	3684	0.029360651239367153
2019-05-16	11244	11273	11020	11043	120	-0.018748889283810244
2019-05-17	11144	11209	10943	10943	168	-0.00905551027800422
2019-05-20	10962	11025	10710	10711	18365	-0.021200767613999805
2019-05-21	10774	10858	10710	10771	749	0.00560171786014374
2019-05-22	10778	10803	10745	10800	177	0.002692414817565769
2019-05-23	10764	10778	10587	10588	138	-0.019629629629629664
2019-05-24	10498	10597	10423	10479	241	-0.01029467321496036
2019-05-27	10483	10577	10399	10479	652	0.0
2019-05-28	10517	10715	10478	10716	119	0.022616661895219048
2019-05-29	10640	10650	10443	10474	107	-0.02258305337812616
2019-05-30	10522	10557	10399	10469	125	-0.00047737254153146225
2019-05-31	10409	10665	10409	10633	7764	0.01566529754513324
2019-06-03	10552	10670	10542	10647	141	0.0013166556945358732
2019-06-04	10660	10720	10630	10696	104	0.00460223537146609
2019-06-05	10888	10888	10695	10731	921	0.00327225130890052
2019-06-07	10730	10823	10730	10781	155	0.004659398005777637
2019-06-10	10843	10873	10783	10870	1768	0.008255263890177167
2019-06-11	10863	11006	10858	10993	124	0.011315547378104807
2019-06-12	10958	10967	10843	10884	116	-0.009915400709542443
2019-06-13	10888	10971	10774	10898	101	0.0012862918044835858
2019-06-14	10878	10898	10725	10726	101	-0.015782712424298073
2019-06-17	10675	10750	10670	10682	162	-0.00410218161476783
2019-06-18	10700	10730	10498	10548	125	-0.01254446732821568
2019-06-19	10685	10700	10582	10642	101	0.008911642017443988
2019-06-20	10670	10823	10665	10805	423	0.015316669798909999
2019-06-21	10803	10803	10670	10687	1483	-0.01092086996760755
2019-06-24	10695	10695	10592	10613	464	-0.006924300552072604
2019-06-25	10620	10620	10448	10538	208	-0.007066804861961762
2019-06-26	10527	10625	10483	10509	258	-0.002751945340671802
2019-06-27	10508	10582	10167	10202	3084	-0.02921305547625841
2019-06-28	10167	10212	9959	9966	1316	-0.023132719074691277
2019-07-01	10092	10260	10092	10252	1176	0.028697571743929284
2019-07-02	10222	10279	10097	10152	103	-0.009754194303550512
2019-07-03	10167	10197	10072	10144	101	-0.0007880220646178104
2019-07-04	10157	10157	9944	10084	683	-0.005914826498422676
2019-07-05	10062	10192	10009	10182	580	0.00971836572788587
2019-07-08	10087	10087	9831	9832	450	-0.03437438617167554
2019-07-09	9919	9919	9613	9635	229	-0.020036615134255475
2019-07-10	9683	9826	9628	9709	649	0.0076803321224701016
2019-07-11	9693	9836	9663	9832	181	0.012668657946235395
2019-07-12	9826	9949	9782	9872	104	0.00406834825061031
2019-07-15	9856	9856	9732	9807	183	-0.00658427876823342
2019-07-16	9757	9885	9747	9812	101	0.000509839910268095
2019-07-17	9929	9929	9688	9724	31	-0.008968609865470878
2019-07-18	9668	9742	9593	9689	223	-0.0035993418346359496
2019-07-19	9767	9895	9752	9897	139	0.021467643719682128
2019-07-22	9757	9885	9757	9887	721	-0.0010104071940991721
2019-07-23	9954	9954	9767	9802	296	-0.008597147769798696
2019-07-24	9777	9851	9673	9674	1256	-0.01305855947765766
2019-07-25	9717	9737	9563	9615	166	-0.006098821583626179
2019-07-26	9658	9658	9416	9496	255	-0.012376495059802428
2019-07-29	9558	9558	9208	9210	188	-0.03011794439764115
2019-07-30	9278	9312	9189	9230	668	0.0021715526601520097
2019-07-31	9203	9317	9001	9289	3251	0.006392199349945837
2019-08-01	9223	9346	9164	9180	2713	-0.011734309398212961
2019-08-02	9095	9095	8862	8875	42638	-0.033224400871459725
2019-08-05	8785	8800	8078	8079	25027	-0.08969014084507043
2019-08-06	7791	8369	7791	7960	23896	-0.014729545735858385
2019-08-07	8231	8275	7934	8114	23594	0.01934673366834172
2019-08-08	8064	8404	8064	8405	2469	0.035863938871087075
2019-08-09	8409	8443	8285	8380	200	-0.002974419988102328
2019-08-12	8379	8419	8295	8390	733	0.0011933174224343368
2019-08-13	8241	8319	8221	8267	756	-0.014660309892729484
2019-08-14	8424	8473	8364	8459	10658	0.02322486996492068
2019-08-16	8231	8394	8231	8365	2791	-0.011112424636481877
2019-08-19	8419	8483	8384	8439	3908	0.00884638374178115
2019-08-20	8349	8660	8349	8663	2374	0.02654342931626963
2019-08-21	8621	8823	8601	8825	665	0.01870021932355992
2019-08-22	8804	8838	8690	8755	487	-0.007932011331444722
2019-08-23	8660	8770	8660	8682	842	-0.008338092518560769
2019-08-26	8561	8561	8196	8232	2177	-0.05183137525915693
2019-08-27	8310	8404	8285	8297	228	0.007896015549076818
2019-08-28	8334	8640	8319	8643	138	0.04170181993491617
2019-08-29	8640	8710	8483	8633	1472	-0.0011570056693277486
2019-08-30	8720	8823	8720	8785	212	0.017606857407622023
2019-09-02	8750	8991	8730	8983	1614	0.022538417757541174
2019-09-03	8957	8996	8912	8924	603	-0.0065679617054436035
2019-09-04	8872	9060	8872	9032	346	0.012102196324518255
2019-09-05	9001	9184	9001	9141	1910	0.012068201948627122
2019-09-06	9070	9164	9036	9067	632	-0.008095394376982812
2019-09-09	9001	9164	9001	9047	189	-0.0022058012573067387
2019-09-10	9050	9065	8917	8963	6782	-0.009284845805239361
2019-09-11	8887	9100	8887	9101	1222	0.015396630592435567
2019-09-16	9021	9278	9021	9279	1245	0.019558290297769565
2019-09-17	9268	9431	9213	9344	2701	0.007005065200991423
2019-09-18	9386	9411	9288	9299	1335	-0.004815924657534221
2019-09-19	9288	9401	9194	9259	643	-0.004301537799763389
2019-09-20	9322	9356	9258	9329	5449	0.007560211685927243
2019-09-23	9293	9293	9189	9250	810	-0.008468217386643828
2019-09-24	8800	9095	8800	8938	3228	-0.03372972972972976
2019-09-25	8917	8996	8730	8790	1446	-0.016558514208995345
2019-09-26	8937	9011	8790	8919	1892	0.014675767918088667
2019-09-27	8828	8852	8740	8840	588	-0.008857495234891766
2019-09-30	8867	8912	8730	8830	122	-0.0011312217194570096
2019-10-01	8833	9100	8823	9101	5804	0.03069082672706691
2019-10-02	8912	9055	8912	8948	125	-0.016811339413251303
2019-10-04	8942	8977	8942	8978	10277	0.003352704514975491
2019-10-07	9050	9322	9050	9314	7654	0.03742481621742044
2019-10-08	9253	9416	9194	9374	12535	0.0064419153961778886
2019-10-10	9361	9381	9248	9354	10997	-0.0021335609131640787
2019-10-11	9436	9456	9297	9299	3610	-0.005879837502672625
2019-10-14	9386	9539	9263	9441	7668	0.015270459189160146
2019-10-15	9486	9623	9476	9596	2478	0.01641775235674192
2019-10-16	9633	9673	9603	9674	929	0.008128386827845002
2019-10-17	9643	9693	9486	9566	11021	-0.01116394459375647
2019-10-18	9603	9603	9461	9481	3767	-0.008885636629730298
2019-10-21	9481	9678	9481	9679	1418	0.020883873009176268
2019-10-22	9722	10033	9712	9916	86153	0.024486000619898807
2019-10-23	9939	10197	9934	10197	703	0.02833803953206937
2019-10-24	10232	10232	9831	10134	51829	-0.0061782877316858276
2019-10-25	10014	10082	9841	9877	14152	-0.025360173672784647
2019-10-28	9905	9959	9826	9842	54788	-0.003543586109142405
2019-10-29	9974	10009	9861	9990	928	0.015037593984962516
2019-10-30	9984	9984	9900	9911	3687	-0.007907907907907963
2019-10-31	9979	10082	9944	9995	51313	0.008475431338916373
2019-11-01	9984	10082	9944	10075	133	0.008004002001000599
2019-11-04	10132	10192	10132	10157	14855	0.00813895781637708
2019-11-05	10157	10294	10137	10297	5487	0.013783597518952417
2019-11-06	10260	10270	10142	10144	1682	-0.014858696707778951
2019-11-07	10062	10097	9994	10065	38522	-0.007787854889589885
2019-11-08	10087	10087	9984	10030	20075	-0.003477396920019915
2019-11-11	10043	10043	9881	9916	4228	-0.011365902293120622
2019-11-12	9816	9999	9816	9990	1194	0.00746268656716409
2019-11-13	9949	9959	9831	9852	916	-0.013813813813813858
2019-11-14	9949	9969	9841	9897	4625	0.00456760048721061
2019-11-15	9900	10082	9851	10084	124	0.01889461452965535
2019-11-18	10028	10092	9959	10060	4721	-0.0023800079333597957
2019-11-19	10028	10028	9856	9857	11547	-0.020178926441351885
2019-11-20	9752	9871	9573	9625	1439	-0.02353657299381151
2019-11-21	9568	9583	9396	9403	106547	-0.02306493506493501
2019-11-22	9530	9535	9317	9398	101314	-0.0005317451877060453
2019-11-25	9535	9668	9535	9664	16053	0.028303894445626643
2019-11-26	9613	9752	9613	9709	2508	0.004656456953642474
2019-11-27	9727	9727	9618	9660	7102	-0.005046863734679219
2019-11-28	9638	9638	9471	9471	516	-0.019565217391304346
2019-11-29	9549	9549	9307	9339	26359	-0.013937282229965153
2019-12-02	9421	9481	9396	9403	7916	0.006852982117999895
2019-12-03	9411	9411	9273	9324	4092	-0.008401573965755582
2019-12-04	9297	9317	9194	9274	1547	-0.0053625053625053765
2019-12-05	9263	9297	9070	9146	1186	-0.013802027172741038
2019-12-06	9179	9327	9174	9329	10758	0.020008746993221083
2019-12-09	9327	9332	9248	9294	538	-0.003751741880158699
2019-12-10	9297	9297	9228	9279	1042	-0.0016139444803098257
2019-12-11	9297	9327	9253	9269	526	-0.0010777023386140394
2019-12-12	9312	9521	9302	9501	1173	0.0250296687884346
2019-12-13	9568	9603	9491	9506	2838	0.0005262603936426746
2019-12-16	9544	9573	9471	9501	518	-0.0005259835893119957
2019-12-17	9535	9638	9496	9630	1655	0.013577518155983626
2019-12-18	9653	9653	9573	9620	513	-0.0010384215991692258
2019-12-19	9668	9698	9530	9611	6275	-0.0009355509355509772
2019-12-20	9678	9688	9583	9679	202831	0.0070752263031943485
2019-12-23	9757	9772	9693	9758	91251	0.008162000206632936
2019-12-24	9613	9702	9544	9591	115337	-0.017114162738266048
2019-12-26	9568	10419	9563	9842	362731	0.026170368053383353
2019-12-27	9841	10048	9841	10010	6419	0.017069701280227667
2019-12-30	9929	10187	9929	10167	3606	0.01568431568431561
2020-01-02	10132	10187	10112	10187	1871	0.0019671486180781184
2020-01-03	10227	10237	10024	10045	795	-0.013939334445862372
2020-01-06	9979	9979	9712	9738	4508	-0.03056246888999503
2020-01-07	9836	9964	9811	9941	5179	0.020846169644690882
2020-01-08	9762	9786	9593	9601	13977	-0.03420179056432959
2020-01-09	9846	9994	9826	9985	11851	0.03999583376731586
2020-01-10	9964	10087	9944	10075	3410	0.009013520280420684
2020-01-13	10117	10202	10077	10192	9230	0.011612903225806548
2020-01-14	10167	10309	10102	10104	3701	-0.008634222919937207
2020-01-15	10062	10177	10048	10119	3536	0.0014845605700712916
2020-01-16	10157	10237	10117	10237	5054	0.011661231346971057
2020-01-17	10270	10294	10167	10187	1070	-0.004884243430692603
2020-01-20	10256	10294	10117	10129	1234	-0.00569353097084524
2020-01-21	10072	10112	9929	9990	780	-0.01372297364004349
2020-01-22	9994	10217	9949	10217	10219	0.022722722722722688
2020-01-23	10107	10167	10062	10099	21996	-0.011549378486835682
2020-01-28	9525	9777	9525	9724	26369	-0.0371323893454798
2020-01-29	9786	9881	9702	9847	7972	0.012649115590292137
2020-01-30	9914	9914	9623	9655	160861	-0.01949832436275012
2020-01-31	9693	9786	9436	9491	1776	-0.016986017607457327
2020-02-03	9371	9663	9371	9640	4423	0.015699083342113562
2020-02-04	9638	9786	9628	9788	2357	0.01535269709543563
2020-02-05	9861	9900	9707	9773	7940	-0.0015324887617490512
2020-02-06	9831	9974	9826	9966	37256	0.01974828609434165
2020-02-07	9924	10014	9914	9985	381	0.001906482038932289
2020-02-10	9876	10043	9856	10045	6373	0.006009013520280382
2020-02-11	10058	10162	10058	10162	2618	0.011647585863613807
2020-02-12	10172	10217	10117	10202	29541	0.003936233024995017
2020-02-13	10246	10246	10167	10167	842	-0.003430699862772002
2020-02-14	10142	10256	10102	10149	208	-0.0017704337562702843
2020-02-17	10232	10232	10187	10192	29	0.004236870627648104
2020-02-18	10251	10251	10038	10060	7258	-0.01295133437990581
2020-02-19	10087	10087	9890	10045	1292	-0.0014910536779324524
2020-02-20	10102	10127	9934	10010	284	-0.0034843205574912606
2020-02-21	9989	9989	9752	9763	58316	-0.024675324675324628
2020-02-24	9568	9618	9312	9364	21577	-0.040868585475775876
2020-02-25	9411	9707	9337	9704	34809	0.036309269542930345
2020-02-26	9539	9757	9451	9729	45652	0.0025762572135201722
2020-02-27	9698	9841	9441	9531	94572	-0.020351526364477346
2020-02-28	9416	9461	9150	9190	24194	-0.03577798761934736
2020-03-02	9356	9481	9140	9481	5325	0.03166485310119693
2020-03-03	9598	9688	9426	9432	13404	-0.005168231199240592
2020-03-04	9366	9613	9366	9601	152	0.01791772688719262
2020-03-05	9693	9727	9553	9729	2093	0.01333194458910536
2020-03-06	9598	9663	9431	9576	263102	-0.015726179463459777
2020-03-09	9496	9496	9223	9230	6060	-0.03613199665831246
2020-03-10	9203	9361	9174	9359	5700	0.01397616468038998
2020-03-11	9496	9496	8977	8978	785	-0.0407094775082808
2020-03-12	8760	8937	8439	8504	4319	-0.0527957228781466
2020-03-13	8265	8478	7747	8469	28322	-0.0041157102539981505
2020-03-16	8502	8502	7909	7912	7261	-0.06576927618372885
2020-03-17	7772	8246	7708	8232	1617	0.04044489383215377
2020-03-18	8146	8369	7688	7689	156	-0.06596209912536444
2020-03-19	7875	7934	6764	6968	44713	-0.09377032123813245
2020-03-20	7066	7688	7046	7689	24088	0.10347301951779553
2020-03-23	7333	7460	7071	7201	965	-0.06346729093510206
2020-03-24	7381	7949	7381	7951	736	0.1041522010831828
2020-03-25	8117	8216	7929	8212	23918	0.032826059615142844
2020-03-26	8409	8630	8176	8217	53663	0.0006088650754991765
2020-03-27	8488	8571	7994	8287	38788	0.00851892418157485
2020-03-30	8092	8606	8083	8573	11409	0.034511886086641796
2020-03-31	8586	8991	8542	8993	2921	0.04899101831330932
2020-04-01	9243	9243	8685	8686	888	-0.03413766262648732
2020-04-02	8483	8957	8483	8933	419	0.028436564586691304
2020-04-03	9125	9135	8902	9042	1915	0.012201947833874405
2020-04-06	8907	9366	8907	9369	6077	0.036164565361645584
2020-04-07	9618	9618	9243	9422	3276	0.00565695378375497
2020-04-08	9258	9496	9258	9354	3409	-0.007217151347909123
2020-04-09	9618	9618	9366	9451	898	0.010369895231986392
2020-04-10	9278	9466	9160	9393	13319	-0.006136916728388564
2020-04-13	9506	9506	9164	9166	7107	-0.024166932822314524
2020-04-14	9120	9456	9120	9398	568	0.025310931704124018
2020-04-16	9421	9668	9169	9669	5742	0.028835922536709857
2020-04-17	9558	9826	9558	9797	58855	0.013238183886647992
2020-04-20	10043	10043	9722	9763	12154	-0.003470450137797232
2020-04-21	9578	9796	9376	9664	7043	-0.010140325719553367
2020-04-22	9356	9786	9356	9748	2561	0.008692052980132425
2020-04-23	9747	9876	9747	9837	2755	0.00913007796471077
2020-04-24	9638	9856	9608	9635	1635	-0.02053471586865918
2020-04-27	9841	9909	9573	9882	494	0.025635703165542312
2020-04-28	9881	9950	9717	9827	1257	-0.005565674964582046
2020-04-29	9940	9940	9777	9812	2702	-0.0015264068383026297
2020-05-04	9484	9836	9484	9698	555	-0.011618426416632688
2020-05-06	9955	10020	9796	10011	5020	0.03227469581356979
2020-05-07	9782	10129	9782	10100	60033	0.008890220757167056
2020-05-08	10317	10402	10139	10374	34018	0.027128712871287153
2020-05-11	10259	10635	10259	10428	10638	0.005205320994794649
2020-05-12	10655	10655	10287	10389	2962	-0.003739930955120818
2020-05-13	10109	10487	10109	10482	4030	0.008951775916835158
2020-05-14	10635	10635	10402	10477	15545	-0.00047700820454110726
2020-05-15	10397	10556	10377	10472	3183	-0.00047723584995706947
2020-05-18	10750	10750	10372	10413	994	-0.005634071810542429
2020-05-19	10297	10477	10297	10477	1507	0.0061461634495343365
2020-05-20	10521	10670	10521	10666	4837	0.018039515128376538
2020-05-21	10914	10914	10680	10771	14734	0.009844365272829503
2020-05-22	10566	10750	10536	10637	386	-0.012440813294958719
2020-05-25	10854	10854	10615	10795	9021	0.01485381216508408
2020-05-26	10601	10954	10601	10949	2314	0.01426586382584527
2020-05-27	11077	11077	10824	10860	2474	-0.008128596218832773
2020-05-28	10675	10864	10457	10577	7014	-0.026058931860036827
2020-05-29	10760	10760	10526	10726	727	0.014087170275125294
2020-06-01	10640	11217	10640	11202	11691	0.044378146559761245
2020-06-02	11430	11430	11207	11396	3236	0.017318336011426627
2020-06-03	11311	11549	11227	11307	12977	-0.007809757809757789
2020-06-04	11430	11480	11182	11411	5707	0.009197842044750937
2020-06-05	11375	11549	11321	11545	5371	0.011743054946981024
2020-06-08	11752	11752	11370	11634	8835	0.007708964919878714
2020-06-09	11777	11777	11470	11615	25264	-0.0016331442324222234
2020-06-10	11772	11772	11629	11704	4285	0.007662505380972906
2020-06-11	11728	11877	11574	11834	72735	0.011107313738892621
2020-06-12	11375	11634	11077	11525	69715	-0.026111205002535054
2020-06-15	11345	11524	10740	10746	110815	-0.06759219088937096
2020-06-16	11276	11544	11172	11500	3106	0.07016564302996464
2020-06-17	11187	11589	11187	11441	46301	-0.005130434782608662
2020-06-18	11742	11742	11405	11446	126	0.0004370247356000334
2020-06-19	11345	11495	11281	11461	2398	0.0013105014852350383
2020-06-22	11569	11752	11475	11699	19825	0.02076607625861615
2020-06-23	11733	11872	11559	11734	38540	0.0029917086930506542
2020-06-24	11757	12095	11683	11779	27067	0.0038350093744674574
2020-06-25	11440	11723	11440	11624	8419	-0.013159011800662146
2020-06-26	11986	11986	11539	11689	22827	0.005591878871300748
2020-06-29	11395	11644	11330	11401	21807	-0.024638549063221826
2020-06-30	11747	11747	11370	11471	17080	0.00613981229716698
2020-07-01	11301	11480	11202	11257	3313	-0.018655740563159218
2020-07-02	11549	11549	11350	11491	1868	0.02078706582570855
2020-07-03	11345	11782	11345	11610	2974	0.010355930728396245
2020-07-06	11937	11937	11624	11744	6924	0.011541774332471944
2020-07-07	11594	11867	11584	11774	7795	0.0025544959128065425
2020-07-08	11807	11872	11733	11849	54958	0.006369967725496917
2020-07-09	11693	11967	11693	11917	19048	0.0057388809182210565
2020-07-10	12234	12234	11807	11957	27242	0.003356549467147696
2020-07-13	11991	12006	11902	12007	3400	0.004181650915781487
2020-07-14	12244	12244	11907	11977	39261	-0.00249854251686521
2020-07-15	12075	12075	11887	11992	1251	0.0012524004341654127
2020-07-16	12289	12289	11777	11897	821	-0.007921947965310205
2020-07-17	11669	12026	11669	12012	201	0.00966630242918387
2020-07-20	12289	12289	11897	12017	7759	0.0004162504162503744
2020-07-21	11887	12249	11887	12186	20762	0.014063410168927426
2020-07-22	12413	12413	12080	12240	2014	0.004431314623338345
2020-07-23	12055	12433	12055	12424	9862	0.015032679738562038
2020-07-24	12512	12512	12190	12290	3434	-0.010785576303927846
2020-07-27	12050	12438	12050	12394	3699	0.008462164361269231
2020-07-28	12780	12780	12468	12583	19012	0.015249314184282659
2020-07-29	12349	12577	12349	12549	4691	-0.002702058332671009
2020-07-30	12815	12815	12344	12524	12212	-0.001992190612797873
2020-07-31	12299	12572	12299	12554	106123	0.0023954008304056806
2020-08-03	12607	12760	12512	12762	7674	0.016568424406563587
2020-08-04	12642	12875	12642	12851	6008	0.0069738285535183575
2020-08-05	13168	13173	12895	13169	31982	0.024745156018986858
2020-08-06	13103	13327	13103	13283	3876	0.00865669375047462
2020-08-07	13153	13397	13153	13397	7344	0.008582398554543458
2020-08-10	13337	13455	13282	13437	47269	0.0029857430768083226
2020-08-11	13427	13455	13412	13432	834	-0.0003721068690928364
2020-08-12	13446	13446	12960	13159	48367	-0.020324597974985092
2020-08-13	13019	13540	13019	13387	32639	0.017326544570256175
2020-08-14	13565	13565	12950	12980	15844	-0.030402629416598215
2020-08-18	12795	12994	12438	12559	32575	-0.03243451463790448
2020-08-19	12740	12860	12597	12861	18621	0.02404650051755719
2020-08-20	12785	12820	12269	12404	20673	-0.03553378430915166
2020-08-21	12552	12607	12230	12469	2802	0.005240245082231532
2020-08-24	12220	12870	12220	12871	13230	0.032239955088619876
2020-08-25	12955	13133	12905	13114	4055	0.01887965193069685
2020-08-26	13084	13168	12920	13129	16262	0.0011438157694068085
2020-08-27	13089	13133	13004	13070	31996	-0.004493868535303536
2020-08-28	13217	13347	13217	13229	10019	0.012165263963274775
2020-08-31	12979	13362	12979	13268	5689	0.0029480686370852993
2020-09-01	12999	13362	12999	13308	2383	0.0030147723846849495
2020-09-02	13377	13580	13377	13527	39380	0.01645626690712354
2020-09-03	13585	13645	13555	13640	22152	0.008353663044281756
2020-09-04	13039	13432	13039	13387	17711	-0.0185483870967742
2020-09-07	13387	13625	13232	13601	15570	0.015985657727646263
2020-09-08	13515	13794	13446	13630	23280	0.002132196162046851
2020-09-09	13545	13625	13437	13437	7628	-0.01415994130594278
2020-09-10	13352	13580	13352	13542	10527	0.007814244250948787
2020-09-11	13570	13580	13267	13581	7301	0.0028799291094372403
2020-09-14	13427	13635	13427	13625	8032	0.0032398203372359102
2020-09-15	13625	13868	13625	13849	12943	0.016440366972477083
2020-09-16	13680	13952	13680	13785	14084	-0.004621272294028422
2020-09-17	13808	13813	13525	13601	6617	-0.013347841857091036
2020-09-18	13446	13774	13446	13725	16019	0.009116976692890244
2020-09-21	13789	13833	13267	13402	36942	-0.02353369763205826
2020-09-22	13118	13397	12840	12930	25169	-0.03521862408595733
2020-09-23	13079	13108	12657	13000	11110	0.005413766434648082
2020-09-24	12448	12736	12289	12359	9612	-0.049307692307692275
2020-09-25	12359	12567	12239	12345	2393	-0.0011327777328262734
2020-09-28	12339	12855	12339	12856	8046	0.04139327663021475
2020-09-29	12974	13044	12740	13010	10110	0.011978842563783454
2020-10-05	13009	13138	12930	13124	571	0.00876249039200605
2020-10-06	13212	13232	12974	13099	4981	-0.0019049070405364743
2020-10-07	13084	13203	12950	13159	1174	0.004580502328421998
2020-10-08	13317	13317	13113	13174	15237	0.001139904248043111
2020-10-12	12999	13212	12999	13214	12442	0.0030362835888873008
2020-10-13	13272	13272	12994	13114	3006	-0.0075677311941879655
2020-10-14	13004	13004	12845	12901	33248	-0.01624218392557575
2020-10-15	12785	12800	12448	12568	22277	-0.025811952561816898
2020-10-16	12577	12647	12264	12484	3990	-0.006683640992998119
2020-10-19	12477	12612	12244	12350	3052	-0.010733739186158275
2020-10-20	12249	12458	12030	12459	1085	0.00882591093117413
2020-10-21	12413	12582	12249	12568	1400	0.008748695721968014
2020-10-22	12463	12463	12160	12181	3874	-0.030792488860598377
2020-10-23	12165	12205	11967	12087	16839	-0.0077169362121336516
2020-10-26	12080	12080	11609	11684	1178	-0.033341606684868075
2020-10-27	11609	11972	11529	11789	5606	0.00898664840807939
2020-10-28	11787	12170	11787	12171	17355	0.032403087624056415
2020-10-29	11952	12398	11917	12384	26247	0.017500616218880882
2020-10-30	12379	12379	11907	11942	1935	-0.03569121447028423
2020-11-02	11882	12229	11847	12107	4600	0.013816781108692
2020-11-03	12220	12458	12220	12374	11614	0.022053357561741205
2020-11-04	12463	12682	12259	12602	35103	0.018425731372232024
2020-11-05	12726	12860	12692	12861	26552	0.020552293286779877
2020-11-06	12825	12870	12517	12568	14314	-0.022782054272607155
2020-11-09	12567	12845	12567	12742	14095	0.013844684914067429
2020-11-10	12662	12717	12433	12509	109595	-0.018285983362109515
2020-11-11	12522	12672	12354	12602	13516	0.007434647054121113
2020-11-12	12612	12717	12428	12534	11305	-0.0053959688938264305
2020-11-13	12512	12597	12309	12597	5478	0.005026328386787959
2020-11-16	12329	12750	12329	12672	10574	0.005953798523457898
2020-11-17	12726	12726	12502	12583	42287	-0.007023358585858563
2020-11-18	12547	12770	12492	12772	9187	0.015020265437495128
2020-11-19	12717	12915	12657	12911	80047	0.010883181960538613
2020-11-20	12925	13089	12925	13089	98344	0.013786693517156001
2020-11-23	13108	13212	13004	13144	25718	0.004202001680800649
2020-11-24	13143	13143	12945	13035	54416	-0.008292757151552088
2020-11-25	13093	13282	12870	12985	27006	-0.003835826620636751
2020-11-26	12964	13208	12840	13209	17954	0.01725067385444734
2020-11-27	13208	13465	13158	13447	78947	0.018018018018018056
2020-11-30	13455	13535	13382	13397	96627	-0.0037183014798839453
2020-12-01	13455	13540	13322	13497	35386	0.0074643576920205845
2020-12-02	13485	13650	13432	13650	15219	0.01133585241164714
2020-12-03	13635	13843	13610	13829	88435	0.013113553113553111
2020-12-04	13918	14161	13868	14132	42002	0.021910477981054388
2020-12-07	14230	14603	14122	14604	63516	0.03339937729974518
2020-12-08	14573	14747	14027	14058	54729	-0.037387017255546384
2020-12-09	14087	14260	13928	14152	10965	0.006686584151372799
2020-12-10	14022	14439	14022	14375	50991	0.015757490107405348
2020-12-11	14255	14538	14255	14415	41572	0.0027826086956521667
2020-12-14	14499	14772	14340	14525	15625	0.007630939993062746
2020-12-15	14489	14588	14275	14554	15566	0.0019965576592082535
2020-12-16	14598	14722	14454	14683	13112	0.008863542668682056
2020-12-17	14553	14876	14553	14768	26468	0.0057890076959750125
2020-12-18	14717	14777	14628	14753	37878	-0.0010157096424702194
2020-12-21	14752	15020	14737	15022	8738	0.01823357961092653
2020-12-22	15015	15015	14518	14520	5523	-0.033417654107309236
2020-12-23	14548	14772	14335	14495	6442	-0.001721763085399397
2020-12-24	14513	14737	14325	14629	18582	0.009244567092100642
2020-12-28	14628	14847	14603	14778	23375	0.010185248479048559
2020-12-29	15050	15303	14906	15265	42261	0.03295439166328329
2020-12-30	15155	15333	15060	15220	105385	-0.0029479200786112214
2021-01-04	15243	15243	14911	15200	33725	-0.0013140604467805073
2021-01-05	15110	15298	14797	15135	44648	-0.004276315789473739
2021-01-06	15233	15233	14985	15045	17227	-0.00594648166501488
2021-01-07	15218	15273	14930	15105	9329	0.003988035892322994
2021-01-08	15115	15273	14945	15275	48382	0.011254551473022234
2021-01-11	15368	15517	14871	15235	34151	-0.002618657937806912
2021-01-12	15030	15313	14842	15140	33225	-0.006235641614703025
2021-01-13	15278	15278	15060	15205	18132	0.004293262879788706
2021-01-14	15160	15189	14960	15002	10086	-0.0133508714238737
2021-01-15	15085	15100	14628	14748	6423	-0.016931075856552513
2021-01-18	14464	14802	14210	14316	7343	-0.029292107404393808
2021-01-19	14410	14673	14200	14554	195	0.016624755518301226
2021-01-20	14508	14975	14508	14783	2042	0.015734505977738067
2021-01-21	15060	15060	14752	14882	337	0.006696881553135414
2021-01-22	14807	14881	14692	14807	6549	-0.005039645208977261
2021-01-25	14847	15293	14847	15265	4171	0.0309313162693321
2021-01-26	15218	15452	15015	15135	10792	-0.008516213560432306
2021-01-27	15218	15233	14896	14947	14912	-0.01242153947803104
2021-01-28	14638	14866	14538	14624	5104	-0.021609687562721636
2021-01-29	14767	14772	14057	14222	3675	-0.027489059080962774
2021-02-01	14235	14802	14220	14802	5804	0.04078188721698783
2021-02-02	14767	14935	14608	14822	2034	0.001351168760978183
2021-02-03	14832	14876	14588	14877	1261	0.0037107003103495906
2021-02-04	14673	14717	14513	14693	1524	-0.012368084963366277
2021-02-05	14697	14807	14598	14738	10314	0.003062682910229375
2021-02-08	14583	14717	14499	14594	421	-0.009770660876645354
2021-02-09	14673	14673	14499	14515	6140	-0.005413183500068475
2021-02-10	14385	14533	14260	14490	4234	-0.0017223561832586665
2021-02-15	14568	14807	14543	14807	77	0.021877156659765307
2021-02-16	14727	14787	14484	14520	8837	-0.019382724387114192
2021-02-17	14528	14528	14340	14465	8133	-0.0037878787878787845
2021-02-18	14459	14484	14260	14287	11558	-0.01230556515727621
2021-02-19	14240	14270	13947	14247	8463	-0.002799748022677906
2021-02-22	14375	14375	14007	14053	5302	-0.013616901803888526
2021-02-23	13843	13898	13675	13720	9531	-0.023696007969828514
2021-02-24	13615	13878	13203	13303	8941	-0.030393586005830864
2021-02-25	13520	13903	13475	13899	591	0.04480192437795982
2021-02-26	13480	13560	13297	13417	16358	-0.034678753867184664
2021-03-02	13818	13992	13545	13815	13479	0.029663859282999194
2021-03-03	13640	13893	13640	13849	135	0.0024610930148389887
2021-03-04	13779	13878	13600	13820	622	-0.002094014008231615
2021-03-05	13545	13798	13455	13770	227	-0.00361794500723589
2021-03-08	13918	13918	13480	13507	319	-0.019099491648511213
2021-03-09	13397	13427	13138	13427	3764	-0.0059228548160212835
2021-03-10	13495	13625	13347	13347	3851	-0.005958144038132107
2021-03-11	13392	13685	13392	13680	46	0.024949426837491462
2021-03-12	13510	13893	13510	13815	5438	0.009868421052631637
2021-03-15	13798	13843	13769	13780	254	-0.002533478103510678
2021-03-16	13938	14107	13938	14102	332	0.02336719883889704
2021-03-17	14077	14127	13923	14127	2235	0.0017727981846547003
2021-03-18	14156	14300	14132	14167	1106	0.0028314574927443825
2021-03-19	13977	14186	13962	14167	193	0.0
2021-03-22	14152	14250	14042	14217	1857	0.003529328721677105
2021-03-23	14112	14340	14097	14147	136	-0.00492368291482026
2021-03-24	14181	14245	14161	14247	68	0.007068636460026756
2021-03-25	14230	14275	14042	14262	151	0.0010528532322593431
2021-03-26	14240	14245	14122	14247	618	-0.0010517458981910144
2021-03-29	14270	14270	14092	14172	117	-0.00526426616129716
2021-03-30	14225	14225	14142	14142	52	-0.0021168501270110163
2021-03-31	14200	14200	14092	14092	1313	-0.0035355678121906653
2021-04-01	14067	14245	13997	14247	913	0.010999148453022967
2021-04-02	14270	14290	14152	14252	490	0.00035095107741978104
2021-04-05	14275	14280	14122	14177	42	-0.0052624193095706095
2021-04-06	14225	14225	14022	14097	3156	-0.005642942794667372
2021-04-07	14022	14097	14022	14097	406	0.0
2021-04-08	14151	14245	14151	14242	1246	0.010285876427608809
2021-04-09	14335	14370	14335	14350	3999	0.007583204606094629
2021-04-12	14365	14474	14335	14475	5896	0.008710801393728262
2021-04-13	14410	14727	14410	14728	21409	0.017478411053540643
2021-04-14	14732	14822	14712	14753	15626	0.0016974470396524666
2021-04-15	14722	14722	14633	14718	4127	-0.002372398834135425
2021-04-16	14702	14827	14697	14827	476	0.0074058975404267535
2021-04-19	14777	15045	14762	15037	18863	0.01416335064409524
2021-04-20	15030	15030	14935	14967	1337	-0.004655183879763269
2021-04-21	14920	14920	14673	14758	1343	-0.013964054252689206
2021-04-22	14827	14861	14707	14807	2216	0.0033202330939152702
2021-04-23	14732	14871	14732	14793	1594	-0.0009454987505909118
2021-04-26	14792	14842	14792	14842	61	0.003312377475833239
2021-04-27	14697	14697	14558	14559	253	-0.019067511117100144
2021-04-28	14548	14548	14152	14152	1494	-0.027955216704444008
2021-04-29	14236	14261	13997	14043	5427	-0.007702091577162284
2021-04-30	14062	14087	13773	13953	919	-0.00640888698995945
2021-05-03	13898	13947	13450	13555	30093	-0.028524331684942283
2021-05-04	13584	13689	13280	13644	4748	0.006565842862412463
2021-05-06	13559	13649	13474	13649	102	0.00036646144825569493
2021-05-07	13629	13888	13629	13828	1199	0.013114513883800916
2021-05-10	13873	14112	13853	14112	2045	0.020538038761932276
2021-05-11	13888	13967	13733	13784	4257	-0.023242630385487573
2021-05-12	13738	13738	13494	13604	2550	-0.013058618688334356
2021-05-13	13420	13539	13375	13375	1931	-0.016833284328138798
2021-05-14	13425	13684	13425	13684	332	0.023102803738317856
2021-05-17	13768	13778	13639	13719	1009	0.002557731657410134
2021-05-18	13708	13908	13684	13853	776	0.009767475763539535
2021-05-20	13818	13878	13788	13878	241	0.0018046632498376347
2021-05-21	13933	14012	13798	13804	2515	-0.005332180429456712
2021-05-24	13733	13753	13539	13555	7440	-0.018038249782671656
2021-05-25	13589	13803	13589	13804	191	0.01836960531169307
2021-05-26	13778	13803	13748	13784	6223	-0.0014488554042306756
2021-05-27	13713	13768	13659	13769	8	-0.001088218224027826
2021-05-28	13893	13972	13873	13943	3508	0.012637083303072227
2021-05-31	14077	14077	13664	13983	14708	0.0028688230653375335
2021-06-01	13853	13972	13843	13973	1168	-0.0007151541157119912
2021-06-02	13893	13952	13738	13754	333	-0.01567308380448007
2021-06-03	13813	13997	13813	13953	567	0.014468518249236562
2021-06-04	13813	13903	13778	13903	86	-0.003583458754389701
2021-06-07	13893	13893	13723	13814	61	-0.006401496079982749
2021-06-08	13843	13858	13843	13853	22	0.0028232228174316365
2021-06-09	13823	13868	13679	13679	169	-0.012560456218869587
2021-06-10	13753	13972	13753	13973	1788	0.021492799181226596
2021-06-11	13883	13977	13883	13943	1377	-0.0021469977814356778
2021-06-14	13977	14092	13977	14048	12586	0.007530660546510859
2021-06-15	13933	14067	13933	13948	50	-0.007118451025056927
2021-06-16	13957	14002	13957	14003	3652	0.0039432176656151174
2021-06-17	14002	14077	14002	14048	4069	0.0032135970863387264
2021-06-18	14102	14391	14102	14381	6196	0.023704441913439567
2021-06-21	14256	14336	14231	14331	214	-0.0034768096794381975
2021-06-22	14291	14291	14276	14277	121	-0.0037680552648104992
2021-06-23	14411	14515	14386	14386	3245	0.007634657140855872
2021-06-24	14386	14386	14331	14341	39	-0.0031280411511191986
2021-06-25	14371	14411	14241	14242	4144	-0.0069032842897984725
2021-06-28	14261	14311	14261	14282	885	0.002808594298553624
2021-06-29	14341	14470	14296	14386	1461	0.007281893292256036
2021-06-30	14386	14560	14386	14496	2305	0.0076463228138468065
2021-07-01	14520	14630	14460	14615	8409	0.008209161147902932
2021-07-02	14560	14630	14520	14610	476	-0.0003421142661649279
2021-07-05	14958	14958	14515	14874	30685	0.01806981519507178
2021-07-06	14859	14859	14675	14715	3067	-0.010689794271883879
2021-07-07	14714	14844	14714	14765	548	0.003397893306150257
2021-07-08	14749	14749	14500	14546	40698	-0.01483237385709446
2021-07-09	14485	14515	14191	14466	6024	-0.005499793757734128
2021-07-12	14545	14585	14470	14511	78	0.0031107424305267806
2021-07-13	14580	14689	14510	14595	146	0.005788712011577379
2021-07-14	14570	14640	14530	14620	80	0.0017129153819801513
2021-07-15	14590	14869	14590	14780	4971	0.010943912448700521
2021-07-16	15043	15043	14640	14790	7574	0.0006765899864682456
2021-07-19	14719	14834	14679	14775	2451	-0.0010141987829614951
2021-07-20	14684	14824	14595	14715	14617	-0.004060913705583702
2021-07-21	14754	14754	14625	14715	758	0.0
2021-07-22	14759	14904	14759	14884	5563	0.011484879374787704
2021-07-23	14889	15033	14864	14874	1293	-0.0006718624025799924
2021-07-26	15227	15227	14764	14819	649	-0.003697727578324539
2021-07-27	14749	14899	14694	14725	14031	-0.006343208043727677
2021-07-28	14640	14699	14460	14546	313	-0.012156196943972852
2021-07-29	14545	14650	14530	14595	442	0.00336862367661217
2021-07-30	14565	14605	14381	14411	8436	-0.012607057211373784
2021-08-02	14411	14630	14396	14546	143	0.009367844008049353
2021-08-03	14585	14684	14475	14555	89	0.0006187267977451061
2021-08-04	14520	14714	14510	14715	72	0.01099278598419784
2021-08-05	14799	14914	14799	14849	8630	0.009106354060482547
2021-08-06	14869	14869	14794	14854	3566	0.00033672301165066365
2021-08-09	14809	14948	14739	14894	222	0.0026928773394372385
2021-08-10	14839	14839	14759	14780	71	-0.00765408889485697
2021-08-11	14729	14884	14640	14829	3409	0.003315290933694204
2021-08-12	14809	14854	14734	14735	538	-0.006338930474071081
2021-08-13	14694	14694	14475	14660	330	-0.005089921954530063
2021-08-17	14530	14585	14316	14346	2255	-0.021418826739426966
2021-08-18	14276	14610	14271	14555	15210	0.014568520842046517
2021-08-19	14251	14560	14196	14197	1876	-0.024596358639642713
2021-08-20	14316	14386	13903	13983	1128	-0.015073607100091535
2021-08-23	14132	14386	14132	14386	129	0.028820710863191046
2021-08-24	14515	14675	14435	14675	23246	0.020088975392742903
2021-08-25	14470	14724	14460	14725	1234	0.0034071550255536653
2021-08-26	14734	14829	14665	14799	32143	0.0050254668930389546
2021-08-27	14500	14854	14500	14695	430	-0.007027501858233642
2021-08-30	14854	14963	14849	14884	22085	0.012861517522966937
2021-08-31	14874	15018	14749	15019	1755	0.009070142434829398
2021-09-01	14958	15093	14884	15093	15801	0.004927092349690465
2021-09-02	14869	15128	14834	15083	5054	-0.000662558802093649
2021-09-03	15033	15118	15033	15083	893	0.0
2021-09-06	15163	15237	14953	15138	5637	0.0036464894251806435
2021-09-07	14919	15182	14919	15183	2268	0.0029726516052319685
2021-09-08	15177	15177	14914	14914	133	-0.017717183692287475
2021-09-09	14640	14909	14640	14804	94	-0.007375620222609625
2021-09-10	14904	14963	14844	14949	75	0.009794650094569146
2021-09-13	14869	14869	14684	14730	826	-0.014649809351796161
2021-09-14	14809	15033	14809	14959	65	0.015546503733876449
2021-09-15	14789	15103	14789	15068	189	0.0072865833277624414
2021-09-16	15187	15187	15013	15108	24167	0.0026546323334217803
2021-09-17	14914	15202	14914	15203	2117	0.006288059306327698
2021-09-23	14919	15237	14919	15153	16296	-0.003288824574097182
2021-09-24	15043	15182	14968	15093	2089	-0.003959611958028075
2021-09-27	15138	15143	14983	15043	2089	-0.0033127940104684672
2021-09-28	14814	14884	14640	14640	869	-0.02678986904207936
2021-09-29	14396	14545	14356	14501	1223	-0.009494535519125713
2021-09-30	14485	14635	14411	14605	1872	0.007171919177987762
2021-10-01	14281	14460	14177	14287	1146	-0.021773365285861046
2021-10-05	14196	14196	13942	13973	4061	-0.02197802197802201
2021-10-06	14067	14127	13260	13614	70944	-0.02569240678451301
2021-10-07	13644	13928	13644	13878	106	0.019391802556192106
2021-10-08	14022	14022	13843	13888	59	0.0007205649228996247
2021-10-12	13629	13748	13559	13634	138	-0.018289170506912478
2021-10-13	13788	13918	13788	13828	142	0.014229133049728615
2021-10-14	13733	14251	13733	14237	30228	0.029577668498698362
2021-10-15	14406	14406	14196	14331	1326	0.006602514574699736
2021-10-18	14276	14381	14276	14336	360	0.0003488940060010215
2021-10-19	14431	14590	14431	14590	1939	0.017717633928571397
2021-10-20	14590	14605	14396	14396	1145	-0.013296778615490057
2021-10-21	14505	14505	14281	14282	116	-0.00791886635176442
2021-10-22	14221	14426	14221	14346	33	0.004481165102926843
2021-10-25	14271	14386	14186	14316	68	-0.002091175240485188
2021-10-26	14505	14670	14505	14670	2367	0.02472757753562438
2021-10-27	14660	14660	14560	14615	53	-0.003749147920927065
2021-10-28	14411	14595	14411	14411	54	-0.013958262059527882
2021-10-29	14510	14510	14281	14282	760	-0.008951495385469466
2021-11-01	14286	14495	14286	14416	102	0.009382439434252987
2021-11-02	14679	14679	14605	14610	3041	0.013457269700333008
2021-11-03	14610	14689	14545	14610	20	0.0
2021-11-04	14744	14814	14505	14625	757	0.0010266940451746365
2021-11-05	14610	14779	14610	14780	693	0.01059829059829065
2021-11-08	14675	14709	14391	14655	154	-0.008457374830852515
2021-11-09	14909	14909	14416	14814	6305	0.01084953940634592
2021-11-10	14505	14699	14386	14416	4886	-0.026866477656271148
2021-11-11	14361	14580	14341	14580	1025	0.011376248612652518
2021-11-12	14490	14799	14490	14615	4867	0.0024005486968450285
2021-11-15	14834	15207	14834	15208	14631	0.0405747519671571
2021-11-16	15207	15287	14919	15218	26903	0.0006575486586006818
2021-11-17	15342	15342	15018	15058	24628	-0.010513865159679336
2021-11-18	14933	15163	14933	15078	3361	0.0013281976358081593
2021-11-19	15128	15292	14923	15283	6278	0.013595967634964845
2021-11-22	15227	15332	15048	15198	5144	-0.005561735261401579
2021-11-23	15003	15018	14779	14809	6674	-0.025595473088564247
2021-11-24	14809	14904	14655	14889	1140	0.005402120332230309
2021-11-25	15177	15177	14764	14804	851	-0.005708912620055129
2021-11-26	14694	14819	14540	14625	4845	-0.012091326668468017
2021-11-29	14655	14739	14525	14580	2449	-0.003076923076923088
2021-11-30	14655	14864	14261	14426	2257	-0.010562414266117925
2021-12-01	14356	14510	14167	14471	4127	0.0031193678081242737
2021-12-02	14371	14371	14206	14356	3593	-0.007946928339437442
2021-12-03	14211	14749	14211	14680	3225	0.02256896071329062
2021-12-06	14650	14650	14426	14526	813	-0.010490463215258816
2021-12-07	14431	14650	14431	14610	358	0.0057827344072696185
2021-12-08	15028	15028	14809	14834	6108	0.015331964407939713
2021-12-09	14759	14983	14759	14984	501	0.010111905082917705
2021-12-10	14894	14894	14809	14819	269	-0.011011745862253064
2021-12-13	15023	15023	14650	14650	57	-0.011404278291382686
2021-12-14	14426	14620	14416	14570	5120	-0.005460750853242269
2021-12-15	14600	14744	14595	14725	111	0.010638297872340496
2021-12-16	14928	14928	14784	14785	2384	0.004074702886247783
2021-12-17	14590	14640	14450	14536	1379	-0.016841393304024344
2021-12-20	14585	14679	14485	14486	454	-0.0034397358282883816
2021-12-21	14555	14625	14386	14620	744	0.009250310644760562
2021-12-22	14675	14704	14570	14620	615	0.0
2021-12-23	14694	14724	14620	14670	11	0.0034199726402188713
2021-12-24	14754	14774	14650	14680	164	0.0006816632583503957
2021-12-27	14734	14909	14655	14879	3143	0.013555858310626778
2021-12-28	14849	15282	14849	15283	3797	0.02715236238994545
2021-12-29	15352	15352	14988	15078	6122	-0.013413596806909678
2021-12-30	15108	15118	14869	15118	23670	0.002652871733651585
2022-01-03	14953	15163	14844	14949	948	-0.011178727344886896
2022-01-04	15073	15078	14670	14745	9708	-0.013646397752357986
2022-01-05	14854	14854	14431	14451	185	-0.019938962360122048
2022-01-06	14097	14291	13967	13988	2851	-0.032039305238391824
2022-01-07	14072	14206	14072	14167	85	0.012796682871032417
2022-01-10	13957	13957	13778	13823	170	-0.02428178160513872
2022-01-11	13913	13942	13708	13779	130	-0.00318310062938576
2022-01-12	13823	14097	13823	14092	5260	0.022715726830684346
2022-01-13	14191	14191	13923	13953	64	-0.009863752483678656
2022-01-14	13689	13728	13609	13664	54	-0.020712391600372637
2022-01-17	13694	13698	13529	13609	438	-0.004025175644028156
2022-01-18	13519	13813	13365	13405	637	-0.014990080094055447
2022-01-19	13255	13370	13161	13281	1407	-0.009250279746363277
2022-01-20	13111	13609	13111	13579	2162	0.022438069422483276
2022-01-21	13494	13524	13290	13331	105	-0.018263495102732175
2022-01-24	13255	13285	13021	13151	822	-0.013502362913509813
2022-01-25	12996	13071	12623	12638	10224	-0.03900844042278151
2022-01-26	12772	12902	12409	12569	14627	-0.0054597246399746835
2022-01-27	12404	12429	12000	12011	255	-0.044394939931577726
2022-01-28	12040	12369	11826	12364	373	0.029389726084422696
2022-02-03	12449	12693	12449	12594	210	0.01860239404723396
2022-02-04	12414	12683	12414	12544	629	-0.003970144513260276
2022-02-07	12782	12782	12399	12564	276	0.0015943877551021224
2022-02-08	12613	12653	12379	12479	222	-0.006765361349888588
2022-02-09	12538	12718	12538	12713	59	0.018751502524240626
2022-02-10	12807	12807	12394	12454	828	-0.020372846692362168
2022-02-11	12274	12284	12085	12086	988	-0.029548739360847898
2022-02-14	11941	12070	11856	11941	10946	-0.01199735230845611
2022-02-15	11841	11981	11766	11787	168	-0.012896742316388932
2022-02-16	12030	12359	12015	12359	169	0.04852803936540262
2022-02-17	12364	12429	12025	12135	4628	-0.018124443725220485
2022-02-18	12015	12339	12015	12340	318	0.016893283889575672
2022-02-21	12130	12324	11936	12320	761	-0.0016207455429497752
2022-02-22	12130	12185	12065	12120	54	-0.016233766233766267
2022-02-23	12165	12259	12095	12250	52	0.010726072607260662
2022-02-24	12120	12120	11871	11891	937	-0.029306122448979566
2022-02-25	11985	12608	11985	12608	197	0.06029770414599267
2022-02-28	12304	12434	12254	12434	116	-0.013800761421319807
2022-03-02	12518	12633	12439	12633	6595	0.0160045037799581
2022-03-03	12777	12857	12718	12857	51	0.017731338557745557
2022-03-04	12847	12847	12444	12648	10390	-0.016255736174846436
2022-03-07	12359	12493	12289	12325	13203	-0.025537634408602128
2022-03-08	12314	12444	12230	12230	503	-0.007707910750507141
2022-03-10	12737	12737	12498	12618	87	0.03172526573998358
2022-03-11	12568	12703	12523	12539	75	-0.006260897131082577
2022-03-14	12538	12558	12249	12260	124	-0.02225057819602838
2022-03-15	12239	12329	12150	12275	83	0.0012234910277324484
2022-03-16	12160	12588	12160	12589	63	0.025580448065173123
2022-03-17	12842	13026	12718	12952	3008	0.028834696957661388
2022-03-18	12882	13066	12842	13057	94	0.008106856084002523
2022-03-21	13101	13121	12887	12887	112	-0.013019836103239646
2022-03-22	12747	12907	12747	12862	52	-0.0019399394738883746
2022-03-23	13071	13071	12957	13042	179	0.013994713108381296
2022-03-24	12832	12996	12772	12982	487	-0.004600521392424506
2022-03-25	13016	13111	12932	12992	14748	0.0007702973347711861
2022-03-28	12942	12942	12742	12763	459	-0.01762623152709364
2022-03-29	12976	13021	12937	13022	36	0.020293034553004796
2022-03-30	13016	13041	13001	13002	10247	-0.0015358623867302024
2022-03-31	13136	13141	13031	13111	16066	0.008383325642208783
2022-04-01	13006	13026	12942	12972	8089	-0.0106017847608878
2022-04-04	13026	13116	12981	13106	142	0.010329941412272614
2022-04-05	13196	13285	13116	13181	6657	0.005722569815351797
2022-04-06	13076	13076	12932	12962	139	-0.01661482436840911
2022-04-07	12857	12857	12742	12803	6156	-0.012266625520752972
2022-04-08	12942	12986	12817	12987	40	0.014371631648832262
2022-04-11	12852	12932	12663	12673	213	-0.02417802417802417
2022-04-12	12454	12568	12394	12504	217	-0.013335437544385709
2022-04-13	12578	12817	12518	12818	147	0.025111964171465218
2022-04-14	12792	12827	12693	12743	52	-0.005851146824777609
2022-04-15	12767	12767	12533	12653	59	-0.007062701090794987
2022-04-18	12588	12588	12469	12549	59	-0.008219394609973896
2022-04-19	12603	12857	12603	12847	190	0.023746912104550155
2022-04-20	12812	12812	12703	12728	90	-0.009262862925196513
2022-04-21	12782	12892	12688	12738	1101	0.0007856693903205425
2022-04-22	12478	12578	12419	12519	135	-0.017192651907677825
2022-04-25	12369	12369	12254	12255	45	-0.021087946321591167
2022-04-26	12349	12503	12349	12459	1156	0.016646266829865253
2022-04-27	11866	12269	11866	12230	109	-0.018380287342483315
2022-04-28	12270	12270	12145	12145	64	-0.006950122649223234
2022-04-29	12160	12185	12125	12185	10	0.0032935364347468354
2022-05-02	12275	12365	12195	12335	85	0.012310217480508756
2022-05-03	12330	12515	12330	12415	12485	0.006485610052695545
2022-05-04	12520	12520	12330	12340	64	-0.006041079339508704
2022-05-06	12040	12195	12030	12080	6709	-0.021069692058346856
2022-05-09	12010	12010	11765	11800	5678	-0.023178807947019875
2022-05-10	11590	11765	11435	11675	1854	-0.010593220338983023
2022-05-11	11655	12020	11655	12015	84	0.0291220556745182
2022-05-12	11765	11800	11450	11450	3828	-0.04702455264253014
2022-05-13	11540	11925	11540	11905	1648	0.03973799126637556
2022-05-16	11850	12070	11825	11855	58	-0.004199916001680015
2022-05-17	12095	12095	11925	12075	118	0.018557570645297394
2022-05-18	12150	12230	12120	12230	111	0.012836438923395477
2022-05-19	11905	12190	11800	12055	5547	-0.01430907604251841
2022-05-20	12110	12405	12110	12395	8188	0.0282040647034425
2022-05-23	12455	12505	12455	12505	5061	0.008874546187979115
2022-05-24	12440	12445	12145	12145	56	-0.02878848460615757
2022-05-25	12190	12425	12090	12285	66	0.011527377521613813
2022-05-26	12495	12515	12180	12255	185	-0.0024420024420024333
2022-05-27	12380	12395	12130	12130	50	-0.010199918400652819
2022-05-30	12430	12430	12385	12405	317	0.022671063478977738
2022-05-31	12495	12545	12385	12535	57	0.010479645304312779
2022-06-02	12405	12495	12400	12405	17493	-0.010370961308336701
2022-06-03	12525	12525	12525	12525	180	0.0096735187424426
2022-06-07	12340	12340	12040	12040	100	-0.038722554890219585
2022-06-08	11940	12150	11940	12030	59	-0.0008305647840531893
2022-06-09	12000	12180	11960	12180	37761	0.012468827930174564
2022-06-10	11975	12095	11970	12045	8402	-0.011083743842364546
2022-06-13	11555	11735	11490	11530	69391	-0.04275633042756333
2022-06-14	11395	11540	11270	11525	42094	-0.00043365134431916363
2022-06-15	11465	11465	11150	11165	14629	-0.031236442516269003
2022-06-16	11475	11485	11295	11330	5919	0.014778325123152802
2022-06-17	11030	11230	11030	11205	161	-0.01103265666372466
2022-06-20	11465	11465	10890	10955	6047	-0.022311468094600606
2022-06-21	10910	11145	10860	11085	179	0.011866727521679499
2022-06-22	11100	11100	10615	10615	4812	-0.042399639152007174
2022-06-23	10635	10700	10230	10250	7028	-0.03438530381535565
2022-06-24	10515	10895	10515	10895	51	0.06292682926829274
2022-06-27	11015	11150	10885	11085	113	0.017439192290041206
2022-06-28	11055	11055	10950	10950	12	-0.012178619756427644
2022-06-29	10760	10780	10610	10695	81	-0.023287671232876672
2022-06-30	10685	10685	10440	10485	81	-0.01963534361851338
2022-07-01	10505	10505	10180	10240	2072	-0.023366714353838858
2022-07-04	10185	10365	10140	10140	1959	-0.009765625
2022-07-05	10525	10690	10525	10690	77	0.05424063116370803
2022-07-06	10675	10790	10510	10525	1949	-0.015434985968194592
2022-07-07	10670	10750	10650	10750	127	0.0213776722090262
2022-07-08	10805	10930	10805	10885	260	0.012558139534883717
2022-07-11	10875	10990	10845	10865	25	-0.0018373909049149706
2022-07-12	10695	10695	10550	10615	128	-0.0230096640589047
2022-07-13	10615	10900	10615	10875	66	0.02449364107395202
2022-07-14	10945	10970	10830	10880	21	0.00045977011494247044
