Date	Open	High	Low	Close	Volume	Change
2019-04-16	12243	12287	12230	12288	83	
2019-04-17	12273	12273	12263	12265	21	-0.0018717447916666297
2019-04-18	12268	12268	12071	12077	31	-0.015328169588259222
2019-04-19	12129	12129	12109	12111	20	0.0028152686925559944
2019-04-22	12109	12124	12062	12125	21	0.0011559739080175824
2019-04-23	12129	12129	12114	12116	18	-0.0007422680412371152
2019-04-24	12162	12162	12004	12005	20	-0.009161439418950201
2019-04-25	11985	11985	11985	11986	10	-0.0015826738858808476
2019-04-26	11917	11917	11917	11919	10	-0.005589854830635788
2019-04-29	11980	12114	11980	12116	83	0.01652823223424793
2019-04-30	12104	12104	12104	12107	10	-0.0007428194123473286
2019-05-02	12023	12114	12023	12116	20	0.0007433716032048121
2019-05-03	12095	12095	12095	12097	10	-0.0015681743149554839
2019-05-07	11903	11903	11898	11900	21	-0.016285029346118862
2019-05-08	11763	11894	11759	11895	23	-0.00042016806722688926
2019-05-09	11840	11840	11529	11530	23	-0.030685161832702867
2019-05-10	11514	11548	11514	11530	21	0.0
2019-05-13	11418	11418	11380	11382	22	-0.01283607979184731
2019-05-14	11241	11385	11241	11386	21	0.00035143208574939244
2019-05-15	11399	11447	11399	11449	20	0.005533110837871114
2019-05-16	11462	11462	11283	11286	20	-0.014237051270853396
2019-05-17	11360	11360	11231	11232	21	-0.004784688995215336
2019-05-20	11293	11293	11231	11232	21	0.0
2019-05-21	11221	11288	11221	11291	21	0.005252849002848947
2019-05-22	11350	11350	11318	11318	20	0.002391285094322848
2019-05-23	11303	11303	11283	11286	20	-0.0028273546562996854
2019-05-24	11216	11216	11174	11175	20	-0.009835194045720308
2019-05-27	11154	11179	11154	11179	20	0.00035794183445192473
2019-05-28	11159	11221	11159	11224	20	0.004025404776813568
2019-05-29	11149	11149	11077	11079	21	-0.01291874554526018
2019-05-30	11102	11174	11102	11175	20	0.008665041971297027
2019-05-31	11144	11164	11077	11165	21	-0.0008948545861297008
2019-06-03	11169	11360	11169	11363	20	0.01773399014778332
2019-06-04	11337	11337	11303	11305	20	-0.005104285840006995
2019-06-05	11432	11432	11318	11318	20	0.0011499336576736852
2019-06-07	11303	11346	11303	11348	20	0.0026506449902810036
2019-06-10	11437	11509	11437	11511	20	0.014363764540006985
2019-06-11	11509	11582	11509	11583	20	0.006254886630179923
2019-06-12	11553	11553	11509	11511	20	-0.006216006216006265
2019-06-13	11495	11495	11481	11482	20	-0.002519329337155818
2019-06-14	11457	11457	11395	11395	20	-0.007577077164257151
2019-06-17	11404	11404	11375	11377	20	-0.0015796401930671111
2019-06-18	11380	11423	11380	11425	20	0.004219038410828935
2019-06-19	11582	11582	11582	11583	20	0.013829321663019645
2019-06-20	11582	11639	11582	11640	20	0.00492100492100489
2019-06-21	11668	11668	11582	11588	22204	-0.0044673539518900185
2019-06-24	11634	11654	11596	11612	113221	0.0020711080428028605
2019-06-25	11596	11596	11582	11583	20	-0.0024974164657250997
2019-06-26	11601	11605	11596	11607	21	0.002072002072001977
2019-06-27	11659	11711	11659	11712	22	0.009046265184802227
2019-06-28	11740	11740	11711	11712	20	0.0
2019-07-01	11803	11803	11711	11722	31	0.0008538251366119187
2019-07-02	11649	11687	11649	11689	20	-0.002815219245862477
2019-07-03	11639	11639	11557	11559	20	-0.011121567285482081
2019-07-04	11562	11659	11562	11659	20	0.008651267410675567
2019-07-05	11668	11668	11664	11664	20	0.00042885324641916966
2019-07-08	11562	11562	11423	11425	29	-0.020490397805212668
2019-07-09	11442	11442	11370	11372	20	-0.004638949671772474
2019-07-10	11437	11437	11432	11434	20	0.005451987337319775
2019-07-11	11500	11605	11500	11607	21	0.015130313101276993
2019-07-12	11596	11596	11567	11569	20	-0.0032738864478332186
2019-07-15	11553	11587	11553	11588	20	0.0016423199930850618
2019-07-16	11610	11664	11610	11627	70	0.003365550569554676
2019-07-17	11605	11605	11548	11549	20	-0.0067085232648146365
2019-07-18	11534	11538	11500	11525	96702	-0.002078102000173221
2019-07-19	11624	11691	11620	11694	24	0.014663774403470775
2019-07-22	11687	11711	11687	11712	20	0.001539250897896416
2019-07-23	11740	11740	11716	11717	20	0.0004269125683060704
2019-07-24	11745	11745	11615	11617	20	-0.008534607834770003
2019-07-25	11664	11664	11615	11617	20	0.0
2019-07-26	11567	11620	11567	11622	20	0.00043040371868818816
2019-07-29	11567	11567	11380	11400	21	-0.019101703665462044
2019-07-30	11432	11495	11432	11482	518	0.007192982456140307
2019-07-31	11452	11452	11380	11382	20	-0.008709284096847236
2019-08-01	11283	11342	11283	11343	20	-0.003426462836056965
2019-08-02	11179	11256	11179	11256	24	-0.007669928590320008
2019-08-05	11184	11184	10996	10997	29	-0.023009950248756184
2019-08-06	10684	10798	10684	10801	20	-0.017823042647994947
2019-08-07	10857	10857	10803	10806	20	0.00046292009999082673
2019-08-08	10870	10924	10870	10897	21	0.00842124745511752
2019-08-09	10967	10996	10943	10997	520	0.009176837661741821
2019-08-12	11015	11049	11001	11050	216	0.004819496226243558
2019-08-13	10952	10962	10952	10964	20	-0.0077828054298642035
2019-08-14	11092	11092	11049	11050	20	0.007843852608536928
2019-08-16	11005	11005	10982	10983	22852	-0.006063348416289638
2019-08-19	11073	11073	11024	11026	96462	0.003915141582445658
2019-08-20	11039	11169	11039	11170	15291	0.0130600399056775
2019-08-21	11140	11179	11140	11179	20	0.0008057296329453401
2019-08-22	11174	11174	11044	11074	427	-0.00939261114589851
2019-08-23	11015	11073	11015	11074	20	0.0
2019-08-26	10866	10890	10866	10892	20	-0.01643489254108721
2019-08-27	10934	10967	10920	10920	425	0.0025706940874035134
2019-08-28	11005	11039	10934	11040	119	0.01098901098901095
2019-08-29	11063	11063	11001	11002	20	-0.0034420289855072728
2019-08-30	11077	11184	11077	11184	117	0.016542446827849444
2019-09-02	11179	11197	11179	11194	21	0.0008941344778254923
2019-09-03	11174	11174	11164	11165	20	-0.002590673575129543
2019-09-04	11174	11303	11174	11305	209	0.012539184952978122
2019-09-05	11375	11452	11365	11453	234	0.013091552410437801
2019-09-06	11505	11505	11467	11468	20	0.0013097005151487817
2019-09-09	11509	11548	11509	11549	371	0.007063132193930954
2019-09-10	11572	11577	11572	11578	20	0.0025110399168759567
2019-09-11	11664	11664	11596	11650	172	0.006218690620141576
2019-09-16	11672	11672	11649	11650	20	0.0
2019-09-17	11664	11668	11664	11669	20	0.001630901287553721
2019-09-18	11696	11731	11696	11731	20	0.005313223069671746
2019-09-19	11740	11793	11740	11794	22249	0.005370386156337892
2019-09-20	11808	11860	11808	11862	16778	0.00576564354756659
2019-09-23	11855	11870	11855	11870	20	0.0006744225257122594
2019-09-24	11860	11932	11822	11934	653	0.005391743892165124
2019-09-25	11860	11860	11759	11761	79	-0.014496396849338011
2019-09-26	11822	11822	11763	11766	24	0.00042513391718390636
2019-09-27	11740	11740	11687	11689	20	-0.006544280129185842
2019-09-30	11659	11773	11659	11775	1518	0.007357344511934372
2019-10-01	11768	11822	11768	11823	148	0.0040764331210190186
2019-10-02	11759	11759	11605	11612	673	-0.01784657024443881
2019-10-04	11562	11601	11557	11559	112	-0.004564243885635588
2019-10-07	11582	11582	11572	11573	20	0.0012111774374945483
2019-10-08	11605	11740	11605	11741	20	0.014516547135574154
2019-10-10	11615	11668	11615	11669	20	-0.006132356698748009
2019-10-11	11754	11754	11749	11751	20	0.007027165995372453
2019-10-14	11865	11865	11778	11818	344	0.005701642413411534
2019-10-15	11822	11822	11817	11818	20	0.0
2019-10-16	11908	11908	11894	11895	20	0.006515484853613085
2019-10-17	11927	11927	11827	11828	20	-0.005632618747372864
2019-10-18	11884	11884	11749	11751	173	-0.006509976327358835
2019-10-21	11773	11773	11768	11771	64	0.001701982809973579
2019-10-22	11827	11937	11827	11938	97	0.014187409735791245
2019-10-23	11903	11903	11845	11866	5369	-0.006031160998492213
2019-10-24	11927	11927	11865	11900	80	0.002865329512893977
2019-10-25	11898	11912	11898	11914	20	0.0011764705882353343
2019-10-28	11966	11985	11946	11972	477	0.0048682222595266555
2019-10-29	12033	12033	11956	11957	146	-0.0012529234881389906
2019-10-30	11975	11975	11894	11929	1295	-0.0023417245128376507
2019-10-31	12009	12090	11980	11981	84	0.0043591248218626255
2019-11-01	11994	12095	11985	12097	64	0.009681996494449452
2019-11-04	12149	12225	12149	12226	226	0.010663800942382506
2019-11-05	12243	12273	12211	12274	61	0.003926059218059885
2019-11-06	12311	12311	12243	12293	63	0.001547987616099089
2019-11-07	12268	12268	12239	12241	20	-0.0042300496217358985
2019-11-08	12315	12315	12196	12197	20	-0.0035944775753614655
2019-11-11	12206	12206	12134	12135	20	-0.005083217184553623
2019-11-12	12152	12196	12152	12197	14455	0.005109188298310752
2019-11-13	12152	12152	12090	12092	20	-0.00860867426416334
2019-11-14	12129	12181	12129	12184	260	0.007608336089976797
2019-11-15	12234	12369	12234	12370	20	0.015265922521339403
2019-11-18	12374	12374	12354	12355	33231	-0.0012126111560226693
2019-11-19	12335	12335	12273	12293	240	-0.005018211250505833
2019-11-20	12253	12253	12129	12130	50767	-0.013259578621980017
2019-11-21	12095	12095	11894	11900	2615	-0.018961253091508645
2019-11-22	11961	11994	11961	11991	21	0.00764705882352934
2019-11-25	12095	12109	12095	12111	20	0.010007505629221924
2019-11-26	12144	12144	12139	12140	33808	0.0023945173808934683
2019-11-27	12149	12149	12134	12135	26	-0.0004118616144975773
2019-11-28	12067	12067	12062	12063	312	-0.0059332509270704215
2019-11-29	12076	12076	11875	11875	20	-0.0155848462239907
2019-12-02	11942	11942	11898	11900	63	0.002105263157894832
2019-12-03	11817	11860	11817	11862	20	-0.003193277310924336
2019-12-04	11754	11754	11745	11746	20	-0.009779126622829204
2019-12-05	11812	11812	11706	11708	20	-0.0032351438787672215
2019-12-06	11754	11875	11754	11875	20	0.014263751281175185
2019-12-09	11917	11942	11908	11910	21	0.0029473684210525875
2019-12-10	11875	11975	11875	11977	20	0.005625524769101498
2019-12-11	11990	12028	11985	12030	188	0.004425148200718043
2019-12-12	12139	12211	12119	12211	129	0.015045719035744032
2019-12-13	12393	12393	12320	12394	22	0.014986487593153797
2019-12-16	12388	12422	12388	12423	21	0.0023398418589639647
2019-12-17	12527	12628	12527	12629	20	0.016582146019479937
2019-12-18	12642	12642	12589	12595	21	-0.002692216327500163
2019-12-19	12661	12661	12599	12600	64	0.0003969829297341132
2019-12-20	12656	12691	12647	12691	209	0.007222222222222241
2019-12-23	12723	12723	12652	12654	20	-0.002915451895043719
2019-12-24	12676	12676	12585	12587	20	-0.00529476845266319
2019-12-26	12589	12614	12580	12615	27	0.002224517359180167
2019-12-27	12777	12935	12777	12865	62	0.019817677368212383
2019-12-30	12892	12892	12854	12855	20	-0.0007773027594247806
2020-01-02	12955	12955	12743	12745	20	-0.008556981719175405
2020-01-03	12859	12859	12671	12711	60	-0.0026677128285602647
2020-01-06	12619	12624	12619	12624	20	-0.0068444654236488045
2020-01-07	12710	12763	12710	12763	20	0.011010773130545104
2020-01-08	12719	12719	12681	12682	20	-0.006346470265611526
2020-01-09	12868	12868	12859	12860	20	0.014035641066077797
2020-01-10	12916	13050	12916	13052	20	0.014930015552099496
2020-01-13	13079	13208	13079	13210	22	0.01210542445602214
2020-01-14	13305	13329	13247	13248	22	0.002876608629825972
2020-01-15	13233	13233	13180	13181	20	-0.005057367149758463
2020-01-16	13195	13319	13195	13320	20	0.010545482133373696
2020-01-17	13430	13430	13343	13344	20	0.0018018018018017834
2020-01-20	13406	13444	13406	13446	21	0.007643884892086339
2020-01-21	13439	13439	13257	13258	20	-0.013981853339283035
2020-01-22	13267	13468	13267	13465	21	0.015613214662845154
2020-01-23	13420	13420	13309	13311	20	-0.011437059041960684
2020-01-28	13032	13032	12930	12932	20	-0.028472691758695823
2020-01-29	12998	12998	12998	12999	20	0.005180946489328875
2020-01-30	13040	13040	12753	12755	20	-0.018770674667282106
2020-01-31	12815	12815	12594	12595	63	-0.012544100352802845
2020-02-03	12374	12565	12374	12567	27	-0.002223104406510523
2020-02-04	12633	12854	12633	12855	20	0.022917164000954893
2020-02-05	13007	13007	12868	12869	20	0.0010890704006223384
2020-02-06	12998	13213	12998	13215	53	0.026886315953065454
2020-02-07	13213	13213	13122	13124	20	-0.006886114264093801
2020-02-10	12993	13079	12993	13080	20	-0.003352636391344088
2020-02-11	13166	13252	13166	13253	20	0.013226299694189647
2020-02-12	13319	13362	13319	13364	21	0.008375462159511127
2020-02-13	13411	13439	13319	13320	10457	-0.003292427416941024
2020-02-14	13305	13463	13305	13465	20	0.010885885885885793
2020-02-17	13439	13492	13439	13493	20	0.0020794652803564073
2020-02-18	13420	13420	13285	13287	21	-0.01526717557251911
2020-02-19	13367	13367	13247	13292	54	0.0003763076691503109
2020-02-20	13401	13401	13257	13258	20	-0.002557929581703311
2020-02-21	13036	13036	13022	13023	20	-0.017725147081007697
2020-02-24	12723	12723	12560	12562	21	-0.03539890962143899
2020-02-25	12522	12671	12522	12673	20	0.008836172583983393
2020-02-26	12407	12556	12407	12505	133	-0.013256529629921854
2020-02-27	12465	12465	12315	12318	82	-0.014954018392642987
2020-02-28	12144	12144	11908	11910	20	-0.03312226010716024
2020-03-02	11961	12080	11961	12082	22	0.01444164567590267
2020-03-03	12364	12364	12109	12111	81	0.0024002648568117735
2020-03-04	12134	12407	12134	12409	21	0.024605730327801112
2020-03-05	12517	12517	12479	12514	24	0.008461600451285411
2020-03-06	12407	12407	12278	12303	30	-0.01686111555058334
2020-03-09	11908	11908	11778	11780	20	-0.042509956921076175
2020-03-10	11740	11894	11740	11895	20	0.009762308998302105
2020-03-11	11860	11860	11519	11521	20	-0.03144178226145444
2020-03-12	11432	11432	11015	11017	20	-0.04374620258658102
2020-03-13	10385	10870	10385	10771	30	-0.022329127711718244
2020-03-16	10938	10938	10440	10440	21	-0.030730665676353186
2020-03-17	10132	10323	10132	10301	83	-0.013314176245210696
2020-03-18	10318	10318	9786	9788	21	-0.04980099019512674
2020-03-19	9642	9671	9072	9072	83	-0.07315079689415616
2020-03-20	9291	9579	9176	9582	81	0.056216931216931165
2020-03-23	8990	9094	8990	9097	25	-0.050615737841786634
2020-03-24	9353	9883	9353	9883	466	0.08640211058590741
2020-03-25	10405	10454	10300	10455	31	0.05787716280481625
2020-03-26	10358	10368	10358	10368	20	-0.008321377331420354
2020-03-27	10746	10746	10511	10512	20	0.01388888888888884
2020-03-30	10256	10559	10256	10560	20	0.004566210045662045
2020-03-31	10674	10781	10674	10781	40	0.020928030303030365
2020-04-01	10731	10731	10400	10403	21	-0.03506168258974118
2020-04-02	10449	10583	10449	10584	20	0.01739882726136699
2020-04-03	10641	10641	10597	10599	20	0.0014172335600906028
2020-04-06	10540	10987	10540	10987	22	0.03660722709689601
2020-04-07	11202	11207	11029	11209	21	0.020205697642668552
2020-04-08	11135	11135	11130	11132	20	-0.006869479882237517
2020-04-09	11269	11269	11231	11271	21	0.012486525332375153
2020-04-10	11231	11342	11231	11343	20	0.006388075592227871
2020-04-13	11269	11269	11130	11132	20	-0.018601780833994552
2020-04-14	11241	11337	11241	11338	20	0.01850521020481488
2020-04-16	11318	11395	11179	11395	21	0.0050273416828365836
2020-04-17	11620	11711	11620	11712	20	0.02781921895568229
2020-04-20	11682	11687	11624	11627	36	-0.007257513661202197
2020-04-21	11543	11572	11495	11497	21	-0.011180872108024431
2020-04-22	11375	11629	11375	11631	20	0.011655214403757608
2020-04-23	11682	11749	11664	11751	53	0.010317255610007736
2020-04-24	11682	11682	11591	11592	20	-0.013530763339290264
2020-04-27	11596	11711	11596	11694	32	0.008799171842650111
2020-04-28	11717	11775	11717	11776	20	0.0070121429793055245
2020-04-29	11800	11838	11800	11840	20	0.005434782608695565
2020-05-04	11595	11595	11527	11528	20	-0.02635135135135136
2020-05-06	11659	11687	11659	11689	20	0.01396599583622482
2020-05-07	11668	11737	11668	11737	20	0.004106424843870249
2020-05-08	11824	11882	11824	11859	1453	0.010394478998040357
2020-05-11	11887	11897	11800	11800	56	-0.00497512437810943
2020-05-12	11775	11775	11755	11757	20	-0.0036440677966101953
2020-05-13	11590	11790	11590	11790	20	0.0028068384792039325
2020-05-14	11717	11717	11712	11712	20	-0.00661577608142494
2020-05-15	11800	11800	11760	11762	21	0.004269125683060038
2020-05-18	11800	11819	11800	11820	20	0.004931134160856887
2020-05-19	12048	12077	12018	12078	33	0.021827411167512745
2020-05-20	12068	12146	12048	12146	21	0.0056300712038417355
2020-05-21	12252	12252	12223	12224	20	0.006421867281409588
2020-05-22	12189	12189	12018	12020	139	-0.01668848167539272
2020-05-25	12072	12209	12072	12209	150	0.015723793677204556
2020-05-26	12262	12418	12262	12419	226	0.01720042591530846
2020-05-27	12364	12432	12364	12419	53	0.0
2020-05-28	12481	12481	12272	12380	22	-0.0031403494645301233
2020-05-29	12354	12403	12354	12404	20	0.0019386106623586752
2020-06-01	12427	12603	12427	12603	1215	0.01604321186713964
2020-06-02	12578	12705	12578	12706	294	0.008172657303816555
2020-06-03	12851	13050	12851	13007	4373	0.02368959546670868
2020-06-04	13245	13250	13070	13072	24	0.004997309141231643
2020-06-05	12997	13284	12997	13285	22	0.016294369645042828
2020-06-08	13426	13426	13275	13276	20	-0.0006774557771923595
2020-06-09	13401	13401	13245	13290	21	0.0010545344983428073
2020-06-10	13284	13353	13284	13353	20	0.004740406320541846
2020-06-11	13216	13289	13055	13149	458	-0.015277465738036344
2020-06-12	12773	12968	12773	12969	62	-0.013689253935660561
2020-06-15	12817	12817	12354	12355	20	-0.04734366566427639
2020-06-16	12646	12939	12646	12939	86	0.047268312424119774
2020-06-17	12968	12987	12968	12989	21	0.003864286266326511
2020-06-18	12982	12982	12919	12920	21	-0.005312187235352983
2020-06-19	13002	13002	12954	12954	20	0.002631578947368318
2020-06-22	12919	12949	12919	12949	21	-0.0003859811641191424
2020-06-23	12982	13027	12958	12994	22	0.0034751718279404376
2020-06-24	12992	13236	12992	13198	26	0.01569955364014164
2020-06-25	12982	12982	12904	12906	20	-0.02212456432792842
2020-06-26	12977	13012	12977	13012	20	0.008213234154656801
2020-06-29	12861	12861	12768	12769	20	-0.018675069166922853
2020-06-30	12968	12968	12914	12916	20	0.01151225624559471
2020-07-01	12977	12977	12841	12842	20	-0.005729327965314335
2020-07-02	12939	13022	12939	13022	20	0.014016508332035604
2020-07-03	13075	13128	13075	13130	21	0.008293656888342715
2020-07-06	13182	13362	13138	13363	2376	0.017745620715917676
2020-07-07	13406	13406	13197	13198	20	-0.01234752675297468
2020-07-08	13236	13236	13114	13154	28	-0.003333838460372829
2020-07-09	13241	13241	13211	13212	20	0.004409305154325693
2020-07-10	13148	13148	13055	13120	3194	-0.006963366636391188
2020-07-13	13221	13367	13221	13368	20	0.01890243902439015
2020-07-14	13299	13377	13241	13378	22	0.0007480550568521593
2020-07-15	13547	13547	13464	13519	21	0.010539692031693804
2020-07-16	13459	13459	13353	13368	97	-0.011169465197129913
2020-07-17	13449	13489	13449	13489	20	0.009051466187911528
2020-07-20	13509	13509	13454	13461	21	-0.002075765438505406
2020-07-21	13582	13596	13582	13597	20	0.010103261273308073
2020-07-22	13532	13591	13532	13587	22	-0.0007354563506656309
2020-07-23	13514	13518	13514	13519	20	-0.005004783984691286
2020-07-24	13459	13459	13431	13431	20	-0.006509357200976451
2020-07-27	13504	13557	13504	13558	20	0.009455736728464004
2020-07-28	13713	13786	13713	13787	22	0.016890396813689312
2020-07-29	13849	13893	13849	13893	20	0.007688402117937088
2020-07-30	14004	14004	13903	13903	21	0.0007197869430648485
2020-07-31	13918	13918	13771	13772	739	-0.009422426814356566
2020-08-03	13693	13766	13688	13767	1538	-0.0003630554748765835
2020-08-04	13908	13961	13908	13962	21	0.014164305949008416
2020-08-05	13995	14151	13995	14152	23	0.01360836556367273
2020-08-06	14253	14390	14253	14390	20	0.016817410966647905
2020-08-07	14516	14516	14335	14478	2183	0.006115357887421791
2020-08-10	14482	14681	14482	14668	89	0.013123359580052396
2020-08-11	14764	14857	14716	14857	23642	0.012885192255249533
2020-08-12	14749	14789	14749	14789	25	-0.004576967086222017
2020-08-13	14964	14964	14711	14711	33	-0.005274190276556845
2020-08-14	14716	14716	14579	14687	21	-0.0016314322615729182
2020-08-18	14681	14681	14331	14332	237	-0.02417103560972289
2020-08-19	14443	14443	14418	14420	20	0.00614010605637727
2020-08-20	14292	14292	13800	13884	688	-0.037170596393897415
2020-08-21	14049	14151	14034	14103	24	0.015773552290406112
2020-08-24	13966	14190	13966	14191	20	0.006239807133234132
2020-08-25	14297	14400	14272	14400	33	0.014727644281586905
2020-08-26	14385	14385	14385	14385	21	-0.0010416666666667185
2020-08-27	14423	14423	14317	14317	21	-0.0047271463329857655
2020-08-28	14365	14365	14312	14327	32	0.0006984703499337552
2020-08-31	14496	14496	14131	14132	34	-0.01361066517763665
2020-09-01	14234	14258	14180	14259	1477	0.008986696858194199
2020-09-02	14258	14322	14258	14288	162	0.002033803212006413
2020-09-03	14453	14526	14453	14526	42	0.01665733482642784
2020-09-04	14239	14385	14239	14385	20	-0.009706732755059844
2020-09-07	14355	14468	14355	14468	88	0.00576989920055615
2020-09-08	14574	14633	14574	14634	20	0.01147359690351113
2020-09-09	14491	14491	14477	14478	20	-0.010660106601065977
2020-09-10	14652	14652	14613	14614	20	0.00939356264677449
2020-09-11	14531	14579	14531	14580	20	-0.0023265361981661403
2020-09-14	14706	14721	14696	14721	21	0.009670781893004188
2020-09-15	14799	14837	14799	14839	20	0.00801575979892677
2020-09-16	14837	14852	14774	14775	48	-0.0043129590942786455
2020-09-17	14667	14744	14565	14566	26	-0.014145516074450137
2020-09-18	14643	14643	14638	14639	20	0.005011671014691688
2020-09-21	14613	14613	14496	14498	27	-0.009631805451192021
2020-09-22	14482	14482	14034	14054	2168	-0.030624913781211238
2020-09-23	14258	14258	14068	14225	21	0.012167354489824866
2020-09-24	13971	13971	13825	13825	20	-0.02811950790861162
2020-09-25	13776	13878	13776	13880	20	0.003978300180831784
2020-09-28	14009	14078	14009	14079	17749	0.014337175792507262
2020-09-29	14180	14185	14141	14186	27	0.007599971588891252
2020-10-05	14204	14335	14204	14337	84	0.010644297194416952
2020-10-06	14380	14380	14360	14362	21	0.0017437399734951953
2020-10-07	14272	14463	14272	14463	23	0.007032446734438036
2020-10-08	14579	14579	14501	14507	21	0.0030422457304846162
2020-10-12	14516	14516	14453	14517	119	0.0006893223960846573
2020-10-13	14574	14574	14375	14517	25	0.0
2020-10-14	14506	14506	14400	14400	20	-0.008059516429014257
2020-10-15	14335	14335	14263	14264	20	-0.009444444444444478
2020-10-16	14243	14243	14151	14152	20	-0.007851934941110472
2020-10-19	14204	14204	14107	14108	21	-0.003109101187111385
2020-10-20	14068	14239	14029	14186	25698	0.005528777998298873
2020-10-21	14234	14234	14214	14215	7099	0.002044268997603238
2020-10-22	14136	14136	14073	14074	20	-0.00991909954273651
2020-10-23	14127	14127	14107	14108	20	0.0024158021884326253
2020-10-26	14219	14219	14029	14030	23	-0.005528777998298873
2020-10-27	13931	14049	13931	13966	21	-0.004561653599429838
2020-10-28	13951	14087	13951	14089	23	0.00880710296434195
2020-10-29	13931	14014	13858	14016	21	-0.005181347150259086
2020-10-30	13908	13908	13630	13665	276	-0.025042808219178037
2020-11-02	13659	13747	13659	13748	20	0.006073911452616265
2020-11-03	13844	14049	13844	14049	20	0.02189409368635431
2020-11-04	14146	14214	14146	14215	25	0.011815787600540917
2020-11-05	14317	14496	14317	14498	21	0.019908547309180458
2020-11-06	14716	14716	14574	14575	25	0.005311077389984931
2020-11-09	14711	14711	14657	14692	42	0.008027444253859262
2020-11-10	14662	14662	14579	14585	21	-0.007282875034032132
2020-11-11	14536	14774	14536	14775	24	0.013027082619129216
2020-11-12	14754	14754	14740	14741	21	-0.002301184433164183
2020-11-13	14726	14877	14652	14877	1963	0.00922596838749068
2020-11-16	15042	15115	15042	15111	394	0.015728977616454864
2020-11-17	15173	15178	15144	15145	21	0.002250016544239397
2020-11-18	15203	15203	15178	15179	21	0.0022449653350939958
2020-11-19	15134	15208	15134	15208	20	0.0019105342907965728
2020-11-20	15183	15226	15173	15228	21	0.0013150973172013636
2020-11-23	15266	15538	15266	15539	93	0.020422905174678263
2020-11-24	15572	15650	15572	15632	39569	0.005984941115901865
2020-11-25	15753	15753	15436	15520	39	-0.007164790174002067
2020-11-26	15543	15660	15543	15661	20	0.009085051546391831
2020-11-27	15685	15728	15607	15730	1451	0.0044058489240790255
2020-11-30	15748	15748	15543	15544	20	-0.011824539097266329
2020-12-01	15630	15743	15592	15743	24	0.012802367472980025
2020-12-02	15816	16035	15816	16036	113	0.018611446357111205
2020-12-03	16084	16147	16040	16147	678	0.006921925667248585
2020-12-04	16288	16453	16288	16430	22	0.017526475506286054
2020-12-07	16531	16561	16493	16561	55	0.007973219720024405
2020-12-08	16531	16531	16205	16250	2950	-0.018779059235553452
2020-12-09	16395	16589	16395	16591	441	0.02098461538461538
2020-12-10	16395	16594	16395	16596	21	0.0003013682116810301
2020-12-11	16702	16702	16619	16684	4189	0.005302482525909813
2020-12-14	16672	16687	16604	16689	635	0.00029968832414284385
2020-12-15	16707	16707	16561	16669	110	-0.0011983941518365349
2020-12-16	16780	16780	16619	16737	1690	0.004079428879956826
2020-12-17	16712	16740	16682	16742	21	0.0002987393200692967
2020-12-18	16794	16848	16794	16839	21	0.0057938119698961454
2020-12-21	16838	16930	16814	16932	52	0.005522893283449237
2020-12-22	16926	16975	16585	16722	672	-0.012402551381998528
2020-12-23	16775	16799	16658	16766	1738	0.0026312642028465394
2020-12-24	16867	16984	16867	16985	21	0.013062149588452865
2020-12-28	17003	17169	16984	16985	31	0.0
2020-12-29	17242	17339	17169	17341	799	0.020959670297321153
2020-12-30	17364	17729	17364	17730	551	0.022432385675566602
2021-01-04	17729	18221	17729	18222	1884	0.027749576988155722
2021-01-05	18153	18479	18017	18479	47	0.014103830534518691
2021-01-06	18698	18698	18333	18333	22	-0.007900860436170776
2021-01-07	18484	18820	18474	18747	390	0.022582228767795698
2021-01-08	19068	19555	19039	19556	781	0.04315357123806485
2021-01-11	19628	19905	19608	19609	23	0.0027101656780528227
2021-01-12	19423	19423	19146	19347	101	-0.013361211688510344
2021-01-13	19433	19569	19345	19507	1103	0.008270016023156135
2021-01-14	19486	19584	19394	19507	655	0.0
2021-01-15	19671	19671	19141	19142	646	-0.01871123186548418
2021-01-18	18795	18805	18474	18529	6444	-0.03202382196217746
2021-01-19	18834	19136	18654	19137	45	0.03281342759997852
2021-01-20	19398	19398	18999	19249	2754	0.005852536970267108
2021-01-21	19433	19550	19380	19551	23709	0.015689126707880918
2021-01-22	19525	19564	19443	19492	180	-0.0030177484527645904
2021-01-25	19496	19910	19496	19911	126	0.02149599835830074
2021-01-26	19866	19866	19292	19468	142	-0.022249008085982624
2021-01-27	19540	19540	19184	19332	101	-0.006985822888843196
2021-01-28	18985	18985	18946	18947	20	-0.01991516656321124
2021-01-29	19112	19112	18586	18587	22	-0.019000369451628196
2021-02-01	18411	18936	18411	18870	11868	0.01522569537849039
2021-02-02	19141	19438	19121	19283	74	0.021886592474827715
2021-02-03	19413	19481	19170	19483	52	0.010371830109422886
2021-02-04	19370	19370	19087	19142	42	-0.017502438022891753
2021-02-05	19330	19394	19116	19395	104	0.013217009716852912
2021-02-08	19252	19252	19199	19200	20	-0.010054137664346485
2021-02-09	19320	19320	19092	19127	77	-0.003802083333333317
2021-02-10	19160	19335	19160	19337	21	0.01097924400062733
2021-02-15	19593	19593	19486	19590	67	0.013083725500336207
2021-02-16	19652	19661	19593	19663	73	0.003726391015824504
2021-02-17	19472	19472	19457	19458	20	-0.01042567258302396
2021-02-18	19472	19472	19229	19229	7365	-0.01176893822592251
2021-02-19	19257	19345	18936	19347	270	0.006136564563939961
2021-02-22	19462	19462	19077	19186	233	-0.008321703623300758
2021-02-23	18985	19131	18985	19132	20	-0.0028145522777024423
2021-02-24	19068	19160	18503	18635	499	-0.02597742002927028
2021-02-25	18916	19272	18916	19274	23	0.034290313925409155
2021-02-26	18838	18838	18571	18787	59	-0.025267199335892943
2021-03-02	19292	19292	18732	18971	609	0.009794006493852203
2021-03-03	18868	19146	18868	19147	20	0.009277318011702063
2021-03-04	18888	18926	18888	18928	20	-0.011437823157674831
2021-03-05	18620	18770	18620	18772	20	-0.008241758241758212
2021-03-08	18830	18830	18479	18479	20	-0.01560835286597062
2021-03-09	18352	18381	18328	18328	86	-0.00817143784836838
2021-03-10	18557	18557	18235	18236	21	-0.005019642077695341
2021-03-11	18376	18590	18376	18592	389	0.019521824961614476
2021-03-12	18843	18843	18815	18815	21	0.011994406196213392
2021-03-15	18756	18756	18747	18747	20	-0.0036141376561253935
2021-03-16	18810	18907	18727	18908	303	0.008588040753187087
2021-03-17	18858	18858	18756	18757	20	-0.007986037656018574
2021-03-18	19004	19004	18911	18913	24649	0.008316895025856974
2021-03-19	18620	18722	18576	18723	915	-0.01004600010574741
2021-03-22	18712	18712	18595	18699	519	-0.0012818458580355907
2021-03-23	18810	18810	18508	18509	21	-0.01016097117492909
2021-03-24	18348	18439	18274	18441	699	-0.0036738883786265886
2021-03-25	18421	18454	18421	18456	20	0.0008134049129657761
2021-03-26	18537	18557	18416	18557	46	0.005472475075856131
2021-03-29	18522	18537	18522	18538	23	-0.0010238723931670357
2021-03-30	18605	18810	18605	18810	23	0.014672564462185678
2021-03-31	18795	18795	18717	18718	23	-0.004891015417331168
2021-04-01	18868	18936	18843	18938	70	0.011753392456459011
2021-04-02	18975	19151	18975	19147	25	0.011036012250501548
2021-04-05	19180	19180	19019	19171	2491	0.001253460072073942
2021-04-06	19297	19297	19121	19200	42	0.0015127014761879831
2021-04-07	19219	19219	19219	19219	20	0.0009895833333333215
2021-04-08	19267	19267	19267	19269	10	0.002601592174410694
2021-04-09	19325	19325	19170	19171	52	-0.0050858892521666865
2021-04-12	19121	19170	19121	19171	36	0.0
2021-04-13	19252	19403	19252	19405	20	0.012205936049241028
2021-04-14	19486	19535	19457	19536	11192	0.006750837413037836
2021-04-15	19613	19613	19467	19570	72	0.0017403767403767478
2021-04-16	19579	19579	19457	19580	51	0.0005109862033725321
2021-04-19	19530	19584	19506	19556	31	-0.0012257405515831987
2021-04-20	19545	19633	19496	19633	130	0.003937410513397355
2021-04-21	19467	19467	19307	19307	20	-0.016604696174807754
2021-04-22	19325	19325	19184	19234	213	-0.0037810120681618375
2021-04-23	19063	19262	19063	19264	99	0.0015597379640219788
2021-04-26	19320	19360	19233	19360	728	0.004983388704318914
2021-04-27	19389	19389	19370	19370	23	0.0005165289256199301
2021-04-28	19312	19312	19112	19113	20	-0.013267940113577681
2021-04-29	19196	19196	19028	19029	441	-0.004394914456129384
2021-04-30	18979	18979	18835	18861	21	-0.008828629985811132
2021-05-03	18756	18880	18737	18742	25	-0.006309315518795433
2021-05-04	18766	18900	18732	18900	22	0.008430263579127129
2021-05-06	18791	18870	18776	18871	25	-0.0015343915343914993
2021-05-07	18890	19023	18890	19024	20	0.00810767844841287
2021-05-10	19127	19310	19127	19310	20	0.01503364171572752
2021-05-11	19147	19147	18845	18856	6643	-0.02351113412739514
2021-05-12	18929	18929	18638	18638	21	-0.01156130674586342
2021-05-13	18396	18396	18376	18377	20	-0.014003648460135243
2021-05-14	18549	18633	18529	18633	71	0.01393045654894709
2021-05-17	18682	18682	18445	18510	21	-0.006601191434551623
2021-05-18	18589	18751	18589	18752	89	0.013074014046461357
2021-05-20	18643	18702	18643	18703	20	-0.0026130546075084915
2021-05-21	18984	19023	18756	18836	20442	0.007111158637651771
2021-05-24	18875	18875	18589	18653	561	-0.009715438521979203
2021-05-25	18737	18830	18737	18831	21	0.009542700906020496
2021-05-26	18959	18959	18796	18796	35	-0.0018586373533003853
2021-05-27	18722	18756	18722	18757	20	-0.002074909555224491
2021-05-28	18756	18865	18756	18866	20	0.005811163832169397
2021-05-31	18979	18979	18756	18920	228	0.0028622919537792946
2021-06-01	18934	19003	18934	19004	24	0.004439746300211489
2021-06-02	19033	19033	18905	18959	205	-0.002367922542622636
2021-06-03	19008	19181	19008	19182	5082	0.01176222374597824
2021-06-04	19018	19092	19018	19078	22	-0.005421749556876243
2021-06-07	19201	19201	19166	19167	20	0.004665059230527291
2021-06-08	19156	19171	19132	19132	29	-0.0018260551990399998
2021-06-09	19092	19092	18954	18954	142	-0.009303784235835222
2021-06-10	18959	19087	18959	19088	20	0.007069747810488636
2021-06-11	19171	19191	19171	19192	20	0.005448449287510426
2021-06-14	19186	19260	19171	19261	98830	0.0035952480200083237
2021-06-15	19270	19295	19270	19295	21	0.001765225066195919
2021-06-16	19314	19398	19314	19399	75752	0.0053899974086550895
2021-06-17	19245	19300	19245	19300	20	-0.005103355843084745
2021-06-18	19344	19389	19290	19389	40	0.00461139896373064
2021-06-21	19235	19235	19216	19216	20	-0.008922584970859737
2021-06-22	19310	19310	19231	19310	22	0.004891756869275676
2021-06-23	19364	19463	19364	19463	816	0.007923355774210217
2021-06-24	19542	19547	19482	19517	177	0.002774495196012916
2021-06-25	19571	19571	19547	19547	20	0.0015371214838346692
2021-06-28	19542	19547	19482	19513	22	-0.0017393973499769677
2021-06-29	19556	19556	19463	19513	21	0.0
2021-06-30	19571	19635	19571	19611	31	0.0050222928304206604
2021-07-01	19561	19561	19532	19542	48	-0.0035184335322012705
2021-07-02	19532	19532	19497	19498	22	-0.002251560740968217
2021-07-05	19547	19611	19547	19611	23	0.005795466201661714
2021-07-06	19611	19631	19606	19631	20	0.0010198358064350543
2021-07-07	19552	19552	19542	19542	20	-0.004533645764352334
2021-07-08	19542	19542	19310	19394	75	-0.007573431583256629
2021-07-09	19231	19231	18939	19167	24	-0.011704650922965909
2021-07-12	19339	19339	19265	19290	30	0.006417279699483469
2021-07-13	19389	19482	19389	19483	20	0.01000518403317785
2021-07-14	19398	19458	19369	19438	28	-0.0023097058974490547
2021-07-15	19581	19616	19438	19616	734	0.009157320712007477
2021-07-16	19438	19532	19438	19453	26	-0.008309543230016314
2021-07-19	19384	19384	19369	19369	21	-0.004318100035984207
2021-07-20	19260	19290	19260	19290	20	-0.0040786824306882075
2021-07-21	19344	19344	19196	19196	20	-0.004872991187143572
2021-07-22	19314	19384	19314	19384	7945	0.009793707022296205
2021-07-23	19413	19418	19374	19409	13175	0.0012897234832851545
2021-07-26	19418	19418	19250	19251	20	-0.00814055335153796
2021-07-27	19369	19369	19265	19266	20	0.0007791803023220467
2021-07-28	19216	19216	19137	19162	371	-0.005398110661268607
2021-07-29	19290	19290	19201	19275	978	0.005897087986640237
2021-07-30	19181	19181	19068	19068	20	-0.010739299610894926
2021-08-02	19102	19132	19102	19117	1276	0.0025697503671071598
2021-08-03	19260	19354	19260	19354	20	0.012397342679290713
2021-08-04	19428	19581	19428	19582	20	0.01178051048878781
2021-08-05	19715	19715	19601	19601	25	0.000970278827494564
2021-08-06	19596	19596	19438	19443	24	-0.008060813223815133
2021-08-09	19374	19423	19374	19424	30	-0.0009772154502906139
2021-08-10	19413	19413	19290	19290	20	-0.006898682042833615
2021-08-11	19226	19226	19028	19098	17762	-0.009953343701399664
2021-08-12	19092	19092	19028	19029	30	-0.0036129437637448802
2021-08-13	18974	18993	18658	18762	46	-0.014031215513164108
2021-08-17	18786	18786	18509	18510	123	-0.013431403901502992
2021-08-18	18564	18653	18564	18653	728	0.007725553754727166
2021-08-19	18579	18579	18218	18303	8337	-0.01876373773655715
2021-08-20	18386	18386	18100	18100	68742	-0.011091077965360907
2021-08-23	18243	18272	18218	18273	21	0.009558011049723758
2021-08-24	18445	18574	18440	18574	245	0.016472390959338945
2021-08-25	18682	18682	18579	18619	98	0.0024227414665660696
2021-08-26	18638	18638	18381	18436	353	-0.009828669638541232
2021-08-27	18332	18435	18272	18436	4591	0.0
2021-08-30	18500	18589	18430	18490	1277	0.0029290518550662004
2021-08-31	18465	18826	18411	18826	348	0.018171984856679257
2021-09-01	18845	18850	18771	18851	22726	0.0013279507064698493
2021-09-02	18850	18850	18702	18703	226	-0.007851042385019324
2021-09-03	18756	18865	18756	18866	40	0.008715179382986715
2021-09-06	18865	18905	18850	18895	540	0.0015371567899926664
2021-09-07	18855	18855	18796	18796	20	-0.005239481344270991
2021-09-08	18687	18687	18509	18589	87	-0.011012981485422402
2021-09-09	18495	18495	18307	18308	121	-0.01511646672763467
2021-09-10	18351	18381	18351	18382	20	0.004041948874808909
2021-09-13	18322	18386	18282	18387	238	0.00027200522250026005
2021-09-14	18470	18554	18435	18470	3807	0.0045140588459238185
2021-09-15	18485	18519	18485	18520	63447	0.002707092582566295
2021-09-16	18529	18529	18361	18362	20	-0.008531317494600454
2021-09-17	18297	18401	18297	18401	20	0.0021239516392550506
2021-09-23	18381	18381	18371	18372	20	-0.0015760013042769305
2021-09-24	18554	18554	18351	18352	21	-0.0010886131069017813
2021-09-27	18342	18411	18342	18411	20	0.0032149084568440234
2021-09-28	18342	18342	18144	18145	20	-0.014447884416924683
2021-09-29	17863	17863	17798	17819	730	-0.017966381923394836
2021-09-30	17843	17956	17843	17957	23	0.007744542342443372
2021-10-01	17848	17848	17611	17611	26	-0.01926825193517845
2021-10-05	17413	17413	17221	17246	4430	-0.02072568281187892
2021-10-06	17260	17403	16998	17023	4832	-0.012930534616722666
2021-10-07	17151	17300	17132	17300	1495	0.01627210244962707
2021-10-08	17300	17393	17300	17354	23	0.003121387283236965
2021-10-12	17221	17221	17003	17004	81	-0.02016826091967272
2021-10-13	17053	17216	17053	17216	188	0.012467654669489514
2021-10-14	17324	17462	17324	17463	423	0.014347118959107785
2021-10-15	17685	17695	17596	17695	39	0.013285231632594652
2021-10-18	17611	17640	17601	17601	21	-0.005312235094659501
2021-10-19	17769	17793	17690	17789	28560	0.010681211294812698
2021-10-20	17922	17922	17690	17725	119	-0.0035977289336106555
2021-10-21	17739	17739	17586	17631	25	-0.00530324400564175
2021-10-22	17571	17625	17571	17626	20	-0.0002835914015086871
2021-10-25	17675	17675	17640	17656	126	0.0017020310904345415
2021-10-26	17798	17872	17798	17873	24	0.01229043951064801
2021-10-27	17813	17813	17625	17710	30	-0.009119901527443575
2021-10-28	17774	17774	17621	17665	30	-0.0025409373235459887
2021-10-29	17709	17709	17379	17379	20	-0.016190206623266312
2021-11-01	17458	17458	17443	17443	123	0.0036826054433511946
2021-11-02	17625	17685	17625	17685	20	0.013873760247663736
2021-11-03	17808	17808	17477	17478	21	-0.011704834605598013
2021-11-04	17680	17680	17556	17557	20	0.004519967959720761
2021-11-05	17784	17784	17512	17512	20	-0.002563080252890537
2021-11-08	17423	17467	17255	17468	21	-0.002512562814070307
2021-11-09	17556	17556	17467	17503	22	0.0020036638424547615
2021-11-10	17487	17487	17250	17335	481	-0.009598354567788348
2021-11-11	17186	17295	17186	17290	618	-0.0025959042399769094
2021-11-12	17467	17537	17467	17522	64	0.013418160786581756
2021-11-15	17685	17764	17685	17764	12462	0.013811208766122629
2021-11-16	17724	17749	17724	17749	20	-0.0008444044134203743
2021-11-17	17848	17848	17502	17552	22	-0.011099216857287764
2021-11-18	17611	17611	17477	17552	390	0.0
2021-11-19	17591	17670	17591	17670	20	0.0067228805834091965
2021-11-22	17848	18095	17848	18095	97	0.024052065647991006
2021-11-23	18001	18001	17877	17878	20	-0.0119922630560928
2021-11-24	17946	17946	17739	17814	526	-0.003579818771674681
2021-11-25	17788	17788	17690	17690	4320	-0.006960817334680569
2021-11-26	17675	17704	17324	17384	1481	-0.017297908422837738
2021-11-29	17255	17329	17191	17191	380	-0.011102162908421587
2021-11-30	17428	17428	16880	16880	26	-0.018090861497295108
2021-12-01	17038	17349	17038	17349	57	0.02778436018957353
2021-12-02	17319	17576	17319	17577	20	0.013141967836763024
2021-12-03	17487	17714	17487	17710	66	0.007566706491437758
2021-12-06	17581	17734	17527	17735	82	0.0014116318464143518
2021-12-07	17660	17779	17660	17779	21	0.0024809698336623054
2021-12-08	18030	18030	17872	17873	21	0.005287136509364965
2021-12-09	17907	17976	17907	17977	20	0.005818832876405722
2021-12-10	17867	17927	17867	17927	20	-0.002781331701618761
2021-12-13	18001	18001	17858	17858	20	-0.0038489429352372984
2021-12-14	17764	17764	17630	17745	7246	-0.006327696270579053
2021-12-15	17695	17744	17695	17745	20	0.0
2021-12-16	17863	17902	17823	17824	182	0.00445195829811218
2021-12-17	17724	17833	17724	17833	20	0.0005049371633751853
2021-12-20	17714	17714	17517	17517	20	-0.01771995738238097
2021-12-21	17566	17611	17566	17611	25	0.0053662156762002144
2021-12-22	17704	17704	17606	17680	58	0.003918005791834656
2021-12-23	17744	17784	17744	17784	20	0.00588235294117645
2021-12-24	17907	17912	17907	17912	21	0.007197480881691476
2021-12-27	17907	17907	17803	17863	26	-0.0027355962483252005
2021-12-28	17823	17976	17823	17977	344	0.006381906734591158
2021-12-29	18040	18139	18040	18041	29	0.0035601045780719875
2021-12-30	18075	18075	17917	17942	633	-0.005487500692866298
2022-01-03	18124	18124	17951	17977	21	0.0019507301304202418
2022-01-04	17976	17976	17833	17917	84	-0.0033375980419424467
2022-01-05	17823	17823	17522	17591	47	-0.018195010325389283
2022-01-06	17472	17472	17329	17330	20	-0.014837132624637595
2022-01-07	17522	17561	17522	17562	20	0.013387189844200842
2022-01-10	17418	17418	17290	17340	21	-0.012640929279125412
2022-01-11	17477	17477	17359	17359	21	0.0010957324106113386
2022-01-12	17542	17621	17542	17621	20	0.015093035313094028
2022-01-13	17630	17630	17581	17582	20	-0.002213268259463108
2022-01-14	17309	17309	17245	17246	19	-0.019110453873279476
2022-01-17	17260	17260	17038	17083	51	-0.009451467006842185
2022-01-18	17117	17117	16954	16954	46	-0.007551366855938602
2022-01-19	16801	16801	16791	16791	73	-0.009614250324407214
2022-01-20	16845	16954	16830	16954	21	0.009707581442439439
2022-01-21	16791	16791	16608	16737	10863	-0.012799339388934738
2022-01-24	16658	16658	16549	16549	20	-0.011232598434606
2022-01-25	16411	16411	16030	16100	229	-0.027131548734062427
2022-01-26	16149	16149	16001	16016	40	-0.00521739130434784
2022-01-27	15932	15932	15462	15463	26	-0.034527972027971976
2022-01-28	15497	15843	15497	15843	55	0.02457479143762531
2022-02-03	16164	16164	16001	16051	276	0.01312882661112158
2022-02-04	16109	16188	16085	16189	54	0.008597595165410254
2022-02-07	16006	16030	16006	16031	20	-0.009759713385632196
2022-02-08	16233	16233	16060	16060	22	0.001808995072047903
2022-02-09	16223	16223	16193	16194	20	0.008343711083437011
2022-02-10	16376	16386	16317	16386	43	0.011856243052982496
2022-02-11	16164	16218	16134	16194	25	-0.011717319663127057
2022-02-14	16055	16055	15922	15922	61	-0.01679634432505861
2022-02-15	15932	15932	15803	15804	21	-0.007411129255118665
2022-02-16	16070	16139	16070	16139	4157	0.021197165274614127
2022-02-17	16159	16317	16159	16238	30	0.006134209058801687
2022-02-18	16094	16218	16030	16218	51	-0.0012316787781746497
2022-02-21	16020	16203	15927	16204	22	-0.0008632383771118857
2022-02-22	15971	16025	15927	16001	91	-0.012527770920760295
2022-02-23	16104	16104	16011	16060	127	0.003687269545653349
2022-02-24	15862	15862	15591	15606	48	-0.028268991282689893
2022-02-25	15773	15818	15739	15818	30	0.013584518774830245
2022-02-28	15759	15951	15759	15952	30	0.008471361739790018
2022-03-02	15996	15996	15961	15962	20	0.0006268806419258421
2022-03-03	16159	16233	16139	16233	51	0.016977822328029024
2022-03-04	16094	16094	15961	16001	22	-0.014291874576479957
2022-03-07	15714	15714	15576	15611	21	-0.024373476657708948
2022-03-08	15413	15512	15413	15512	20	-0.006341682147203875
2022-03-10	15818	15818	15764	15764	22	0.016245487364620947
2022-03-11	15818	15818	15729	15730	20	-0.002156812991626511
2022-03-14	15680	15680	15615	15616	23	-0.007247298156389026
2022-03-15	15536	15536	15467	15468	14414	-0.009477459016393408
2022-03-16	15615	15709	15615	15710	20	0.01564520299974137
2022-03-17	16050	16050	16020	16021	20	0.019796308084022884
2022-03-18	16006	16065	15971	16065	35	0.0027463953560951104
2022-03-21	16011	16011	15892	15893	35	-0.010706504824151919
2022-03-22	15867	15971	15867	15972	51	0.004970741836028525
2022-03-23	16075	16114	16075	16080	81	0.0067618332081142984
2022-03-24	15971	16006	15907	16006	23	-0.004601990049751259
2022-03-25	15981	15981	15941	15942	20	-0.00399850056228912
2022-03-28	15932	15932	15798	15873	21	-0.004328189687617612
2022-03-29	16030	16030	15882	15976	35	0.00648900648900641
2022-03-30	16134	16134	16070	16075	236	0.006196795192789262
2022-03-31	16094	16119	16094	16120	20	0.002799377916018697
2022-04-01	16020	16025	15971	16026	30	-0.005831265508684846
2022-04-04	15922	16109	15922	16110	22	0.0052414825907900475
2022-04-05	16144	16174	16094	16164	164	0.003351955307262511
2022-04-06	16025	16025	15941	15976	24	-0.01163078445929222
2022-04-07	15813	15813	15685	15794	25	-0.011392088132198275
2022-04-08	15793	15793	15685	15784	31	-0.0006331518298088312
2022-04-11	15675	15694	15675	15695	20	-0.005638621388748044
2022-04-12	15625	15625	15546	15547	25	-0.009429754698948689
2022-04-13	15635	15843	15635	15843	20	0.019039042902167624
2022-04-14	15813	15813	15759	15769	6395	-0.004670832544341308
2022-04-15	15611	15630	15586	15596	51	-0.010970892256959908
2022-04-18	15517	15591	15517	15591	21	-0.00032059502436521115
2022-04-19	15739	15759	15699	15759	40	0.010775447373484681
2022-04-20	15665	15759	15665	15759	20	0.0
2022-04-21	15823	15867	15783	15848	304	0.005647566469953569
2022-04-22	15665	15665	15635	15651	121	-0.01243059061080265
2022-04-25	15438	15438	15373	15374	21	-0.017698549613443193
2022-04-26	15448	15457	15448	15458	20	0.005463770001300938
2022-04-27	15186	15290	15176	15290	121	-0.010868158882132217
2022-04-28	15395	15470	15325	15470	3434	0.011772400261608862
2022-04-29	15565	15730	15565	15730	20	0.01680672268907557
2022-05-02	15635	15705	15635	15705	20	-0.0015893197711379647
2022-05-03	15720	15720	15675	15675	20	-0.0019102196752626144
2022-05-04	15755	15755	15615	15615	20	-0.003827751196172291
2022-05-06	15385	15395	15360	15395	40	-0.014089016970861401
2022-05-09	15320	15320	15180	15180	20	-0.013965573238064355
2022-05-10	15075	15160	15075	15160	20	-0.0013175230566534468
2022-05-11	15115	15195	15115	15195	20	0.002308707124010656
2022-05-12	15010	15070	14885	14900	42	-0.019414281013491297
2022-05-13	15035	15205	15035	15205	20	0.02046979865771803
2022-05-16	15375	15375	15130	15180	21	-0.0016441959881617896
2022-05-17	15235	15325	15235	15325	249	0.009552042160737795
2022-05-18	15465	15465	15335	15400	13287	0.004893964110929794
2022-05-19	15120	15210	15120	15210	20	-0.012337662337662314
2022-05-20	15310	15450	15300	15450	27	0.015779092702169706
2022-05-23	15510	15510	15400	15450	1700	0.0
2022-05-24	15415	15415	15205	15215	30	-0.015210355987055002
2022-05-25	15265	15265	15250	15250	20	0.0023003614853762677
2022-05-26	15315	15315	15125	15125	20	-0.008196721311475419
2022-05-27	15370	15370	15280	15290	22	0.01090909090909098
2022-05-30	15440	15520	15440	15520	25	0.01504251144538915
2022-05-31	15510	15600	15510	15590	26	0.0045103092783504994
2022-06-02	15635	15635	15485	15485	21	-0.006735086593970485
2022-06-03	15615	15615	15540	15555	32	0.004520503713270951
2022-06-07	15400	15400	15250	15260	25	-0.0189649630343941
2022-06-08	15310	15310	15295	15295	20	0.002293577981651307
2022-06-09	15245	15245	15240	15240	20	-0.0035959463877084374
2022-06-10	15150	15150	15105	15105	20	-0.008858267716535417
2022-06-13	14800	14800	14580	14580	25	-0.0347567030784508
2022-06-14	14355	14485	14355	14470	10372	-0.007544581618655677
2022-06-15	14435	14435	14170	14170	20	-0.020732550103662706
2022-06-16	14410	14410	14175	14175	20	0.0003528581510232609
2022-06-17	13895	14055	13895	14055	21	-0.00846560846560851
2022-06-20	14235	14235	13845	13845	24	-0.014941302027748127
2022-06-21	13935	13980	13855	13925	255	0.005778259299386024
2022-06-22	13945	13945	13605	13605	20	-0.02298025134649906
2022-06-23	13620	13620	13465	13465	20	-0.01029033443586913
2022-06-24	13565	13800	13565	13800	20	0.024879316747122182
2022-06-27	13865	14030	13865	14030	20	0.016666666666666607
2022-06-28	14070	14100	14070	14100	20	0.0049893086243764095
2022-06-29	13975	13975	13900	13900	21	-0.014184397163120588
2022-06-30	13790	13790	13590	13590	151	-0.022302158273381334
2022-07-01	13750	13750	13385	13415	24	-0.01287711552612214
2022-07-04	13365	13455	13365	13455	60	0.002981736861721984
2022-07-05	13530	13715	13530	13715	20	0.019323671497584627
2022-07-06	13615	13615	13505	13505	22	-0.015311702515493963
2022-07-07	13605	13790	13605	13790	21	0.02110329507589781
2022-07-08	13960	13960	13855	13880	23	0.006526468455402501
2022-07-11	13875	13875	13795	13795	23	-0.006123919308357317
2022-07-12	13725	13725	13550	13645	222	-0.010873504893077257
2022-07-13	13720	13740	13720	13740	20	0.006962257237083103
2022-07-14	13675	13745	13625	13745	24	0.0003639010189229186
