Date	Open	High	Low	Close	Volume	Change
2019-04-16	9729	9758	9729	9759	21	
2019-04-17	9748	9748	9701	9731	355	-0.00286914642893743
2019-04-18	9744	9744	9566	9567	31	-0.016853355256397085
2019-04-19	9609	9609	9599	9601	20	0.00355388313996019
2019-04-22	9609	9609	9609	9611	10	0.0010415581710239152
2019-04-23	9599	9599	9585	9587	21	-0.002497138695245038
2019-04-24	9624	9624	9455	9458	20	-0.013455721289245881
2019-04-25	9446	9446	9446	9448	10	-0.0010573059843518307
2019-04-26	9379	9379	9379	9381	10	-0.007091447925486882
2019-04-29	9422	9537	9422	9539	20	0.01684255409871005
2019-04-30	9542	9542	9450	9525	23	-0.0014676590837614523
2019-05-02	9465	9542	9465	9544	20	0.001994750656167943
2019-05-03	9522	9522	9522	9525	10	-0.0019907795473596
2019-05-07	9365	9365	9355	9356	21	-0.017742782152231018
2019-05-08	9245	9341	9245	9342	21	-0.0014963659683625563
2019-05-09	9288	9288	9044	9044	23	-0.03189895097409545
2019-05-10	9029	9049	9029	9035	21	-0.0009951348960637318
2019-05-13	8947	8947	8890	8891	21	-0.01593801881571666
2019-05-14	8775	8915	8770	8915	21	0.0026993589022608067
2019-05-15	8928	8977	8928	8977	20	0.006954570947840688
2019-05-16	8986	8986	8842	8843	20	-0.014927035758048324
2019-05-17	8900	8932	8803	8805	21	-0.004297184213502225
2019-05-20	8847	8847	8785	8786	20	-0.002157864849517299
2019-05-21	8789	8847	8789	8848	20	0.00705668108354196
2019-05-22	8900	8900	8770	8878	21	0.0033905967450271746
2019-05-23	8856	8856	8770	8843	21	-0.003942329353457952
2019-05-24	8780	8780	8746	8761	21	-0.009272871197557375
2019-05-27	8751	8761	8751	8761	20	0.0
2019-05-28	8746	8798	8746	8801	20	0.004565688848304994
2019-05-29	8746	8746	8684	8685	20	-0.013180320418134328
2019-05-30	8693	8761	8693	8761	20	0.008750719631548609
2019-05-31	8741	8746	8741	8748	20	-0.0014838488756990786
2019-06-03	8751	8905	8751	8905	20	0.01794695930498391
2019-06-04	8880	8880	8880	8882	20	-0.002582818641212792
2019-06-05	8982	8982	8875	8878	20	-0.0004503490204909033
2019-06-07	8875	8905	8875	8905	20	0.0030412255012390865
2019-06-10	8967	9009	8967	9012	20	0.012015721504772703
2019-06-11	9019	9076	9019	9079	20	0.007434531735463823
2019-06-12	9063	9063	9049	9049	20	-0.0033043286705584096
2019-06-13	9039	9039	9024	9026	20	-0.002541717316830616
2019-06-14	9009	9009	8962	8963	20	-0.006979836029248787
2019-06-17	8967	8967	8947	8950	20	-0.0014504072297222281
2019-06-18	8957	8986	8957	8987	20	0.004134078212290504
2019-06-19	9125	9140	9125	9141	20	0.017135862913096656
2019-06-20	9135	9178	9135	9179	20	0.0041570944098019424
2019-06-21	9207	9207	9116	9121	19173	-0.006318771107963861
2019-06-24	9148	9182	9140	9155	123419	0.0037276614406314135
2019-06-25	9143	9143	9125	9126	20	-0.0031676679410158615
2019-06-26	9135	9135	9120	9136	22	0.0010957703265395136
2019-06-27	9163	9240	9163	9242	23	0.011602451838879091
2019-06-28	9264	9264	9235	9237	20	-0.000541008439731705
2019-07-01	9316	9316	9293	9294	32	0.006170834686586524
2019-07-02	9235	9245	9235	9247	20	-0.005057026038304269
2019-07-03	9211	9211	9111	9111	20	-0.014707472693846646
2019-07-04	9111	9187	9111	9188	20	0.00845132257710457
2019-07-05	9197	9197	9178	9179	20	-0.0009795385285154001
2019-07-08	9096	9096	8972	8972	20	-0.022551476195664
2019-07-09	8982	8982	8923	8925	20	-0.005238519839500633
2019-07-10	8967	8977	8967	8977	20	0.00582633053221282
2019-07-11	9034	9111	9034	9111	20	0.014927035758048435
2019-07-12	9116	9116	9091	9093	20	-0.0019756338491933034
2019-07-15	9091	9116	9091	9116	31	0.0025294182338062576
2019-07-16	9135	9183	9135	9151	52	0.003839403247038131
2019-07-17	9130	9130	9081	9084	20	-0.00732160419626271
2019-07-18	9076	9076	9029	9030	20	-0.005944517833553542
2019-07-19	9111	9183	9111	9175	3725	0.016057585825027587
2019-07-22	9173	9192	9173	9193	20	0.0019618528610354513
2019-07-23	9207	9207	9207	9208	27	0.0016316762754269298
2019-07-24	9225	9225	9120	9121	20	-0.009448305821025182
2019-07-25	9143	9143	9058	9059	20	-0.00679750027409276
2019-07-26	9024	9029	9024	9030	20	-0.0032012363395518273
2019-07-29	8991	8991	8833	8848	22	-0.020155038759689936
2019-07-30	8847	8905	8847	8900	33	0.005877034358046984
2019-07-31	8847	8847	8828	8828	20	-0.008089887640449489
2019-08-01	8746	8775	8746	8776	20	-0.005890348889895813
2019-08-02	8646	8679	8646	8681	20	-0.010824977210574294
2019-08-05	8621	8621	8449	8450	20	-0.026609837576316075
2019-08-06	8199	8300	8199	8296	32	-0.01822485207100588
2019-08-07	8343	8343	8286	8287	20	-0.001084860173577673
2019-08-08	8333	8382	8333	8363	55	0.009170990708338378
2019-08-09	8420	8439	8405	8440	44	0.00920722228865234
2019-08-12	8458	8462	8430	8465	199	0.002962085308056972
2019-08-13	8395	8395	8377	8378	20	-0.0102776137034849
2019-08-14	8492	8492	8454	8455	20	0.009190737646216363
2019-08-16	8420	8420	8390	8393	20	-0.00733293908929622
2019-08-19	8462	8477	8462	8479	108942	0.010246634099845053
2019-08-20	8497	8587	8477	8584	41	0.012383535794315392
2019-08-21	8559	8602	8559	8604	20	0.002329916123019471
2019-08-22	8602	8602	8507	8532	41	-0.008368200836820106
2019-08-23	8467	8530	8467	8532	20	0.0
2019-08-26	8358	8372	8358	8373	20	-0.01863572433192684
2019-08-27	8415	8435	8390	8393	52	0.0023886301206257343
2019-08-28	8449	8487	8449	8489	20	0.011438103181222514
2019-08-29	8507	8507	8444	8445	20	-0.005183178230651397
2019-08-30	8511	8616	8511	8618	45	0.02048549437537006
2019-09-02	8602	8612	8602	8614	20	-0.0004641448131816883
2019-09-03	8597	8597	8592	8594	20	-0.0023218017181332318
2019-09-04	8588	8689	8588	8689	23	0.011054223877123626
2019-09-05	8756	8828	8756	8828	31	0.015997237886983484
2019-09-06	8880	8880	8852	8853	20	0.002831898504757513
2019-09-09	8880	8915	8880	8915	20	0.007003275725742775
2019-09-10	8942	8962	8942	8963	20	0.005384183959618705
2019-09-11	9044	9044	9004	9039	30	0.008479303804529659
2019-09-16	9071	9091	9071	9093	20	0.0059741121805509945
2019-09-17	9106	9106	9096	9098	20	0.0005498735290883072
2019-09-18	9106	9125	9106	9126	20	0.0030775994724114852
2019-09-19	9135	9178	9135	9179	18965	0.005807582730659622
2019-09-20	9192	9240	9192	9242	14494	0.006863492755202039
2019-09-23	9230	9230	9225	9227	20	-0.001623025319195004
2019-09-24	9211	9264	9182	9265	47	0.0041183483255662345
2019-09-25	9202	9202	9106	9106	20	-0.01716135995682677
2019-09-26	9163	9163	9125	9126	24	0.0021963540522731417
2019-09-27	9096	9096	9058	9059	20	-0.007341661187814985
2019-09-30	9029	9120	9029	9121	30	0.006844022519041815
2019-10-01	9111	9143	9111	9146	45	0.0027409275298762026
2019-10-02	9091	9091	8982	8982	20	-0.017931336103214512
2019-10-04	8937	8962	8928	8930	44	-0.00578935649075929
2019-10-07	8942	8942	8915	8915	20	-0.0016797312430011369
2019-10-08	8942	9058	8942	9059	20	0.016152551878855892
2019-10-10	8962	9000	8962	9002	20	-0.006292085219119059
2019-10-11	9067	9067	9063	9064	20	0.006887358364807916
2019-10-14	9163	9163	9125	9151	61	0.009598411297440324
2019-10-15	9153	9153	9143	9146	20	-0.0005463883728554775
2019-10-16	9220	9220	9207	9208	20	0.006778919746337264
2019-10-17	9225	9225	9143	9146	20	-0.006733275412684647
2019-10-18	9182	9182	9081	9084	20	-0.006778919746337153
2019-10-21	9106	9106	9096	9098	20	0.0015411712901804986
2019-10-22	9153	9235	9153	9237	41	0.015278083095185746
2019-10-23	9216	9216	9187	9188	20	-0.005304752625311271
2019-10-24	9240	9240	9197	9198	20	0.001088376142794889
2019-10-25	9202	9202	9202	9203	20	0.0005435964340074761
2019-10-28	9230	9240	9216	9232	60	0.003151146365315549
2019-10-29	9279	9279	9230	9232	20	0.0
2019-10-30	9240	9240	9182	9183	25	-0.005307625649913383
2019-10-31	9245	9245	9216	9217	20	0.0037024937384297907
2019-11-01	9220	9274	9207	9275	21	0.006292719973961081
2019-11-04	9326	9427	9326	9428	29	0.0164959568733154
2019-11-05	9446	9499	9446	9500	20	0.007636826474331837
2019-11-06	9532	9532	9490	9510	28	0.001052631578947416
2019-11-07	9485	9485	9475	9477	20	-0.0034700315457413256
2019-11-08	9547	9547	9465	9467	20	-0.0010551862403713752
2019-11-11	9465	9465	9369	9395	26	-0.007605366008239134
2019-11-12	9403	9450	9403	9453	3476	0.006173496540713197
2019-11-13	9427	9427	9383	9386	20	-0.007087697027398754
2019-11-14	9398	9422	9398	9423	20	0.003942041338163227
2019-11-15	9460	9562	9460	9562	32	0.01475114082563933
2019-11-18	9571	9571	9557	9558	20	-0.000418322526668069
2019-11-19	9542	9542	9518	9520	20	-0.003975727139568952
2019-11-20	9490	9490	9393	9395	20	-0.01313025210084029
2019-11-21	9360	9360	9207	9208	2721	-0.019904204364023403
2019-11-22	9259	9288	9259	9289	20	0.00879669852302345
2019-11-25	9379	9388	9379	9390	20	0.010873075680913002
2019-11-26	9422	9437	9422	9438	20	0.005111821086261958
2019-11-27	9450	9450	9442	9443	27	0.0005297732570459512
2019-11-28	9383	9403	9383	9405	20	-0.004024144869215318
2019-11-29	9413	9413	9269	9270	20	-0.014354066985645897
2019-12-02	9316	9316	9283	9284	20	0.0015102481121898048
2019-12-03	9202	9254	9202	9256	20	-0.0030159414045669575
2019-12-04	9173	9173	9148	9151	21	-0.011343993085566106
2019-12-05	9207	9207	9135	9136	20	-0.0016391651185663214
2019-12-06	9178	9245	9178	9247	20	0.012149737302977304
2019-12-09	9297	9297	9259	9280	22	0.003568724991889205
2019-12-10	9259	9341	9259	9342	20	0.0066810344827585855
2019-12-11	9341	9374	9341	9376	20	0.0036394776279169427
2019-12-12	9460	9518	9432	9520	336	0.015358361774743923
2019-12-13	9667	9691	9647	9692	22	0.01806722689075624
2019-12-16	9686	9691	9686	9692	20	0.0
2019-12-17	9768	9835	9768	9836	20	0.014857614527445273
2019-12-18	9843	9843	9811	9821	21	-0.0015250101667344529
2019-12-19	9868	9868	9821	9821	22	0.0
2019-12-20	9853	9883	9853	9883	20	0.006313002749210872
2019-12-23	9898	9898	9825	9860	22	-0.002327228574319551
2019-12-24	9873	9873	9791	9793	20	-0.006795131845841795
2019-12-26	9786	9816	9786	9816	28	0.00234861635862349
2019-12-27	9940	10007	9915	10010	22	0.019763651181744057
2019-12-30	10027	10027	10002	10005	20	-0.0004995004995005381
2020-01-02	10054	10054	9920	9923	20	-0.008195902048975467
2020-01-03	10007	10007	9902	9903	20	-0.0020155195001512194
2020-01-06	9825	9825	9791	9808	242	-0.009593052610320063
2020-01-07	9844	9893	9844	9893	20	0.008666394779771602
2020-01-08	9863	9863	9786	9788	20	-0.010613565147073678
2020-01-09	9945	9945	9945	9946	20	0.01614221495709023
2020-01-10	9997	10108	9997	10109	20	0.01638849788859842
2020-01-13	10123	10213	10123	10215	22	0.010485705806706935
2020-01-14	10285	10305	10262	10263	22	0.004698972099853149
2020-01-15	10242	10242	10213	10215	126	-0.004676995030692743
2020-01-16	10228	10305	10228	10306	33	0.008908467939304998
2020-01-17	10381	10381	10329	10330	20	0.002328740539491614
2020-01-20	10376	10401	10376	10402	21	0.006969990319457997
2020-01-21	10391	10391	10271	10273	20	-0.012401461257450452
2020-01-22	10257	10406	10257	10402	22	0.012557188747201353
2020-01-23	10357	10357	10262	10268	21	-0.01288213805037497
2020-01-28	10002	10002	9868	9913	242	-0.0345734320218154
2020-01-29	9960	9960	9955	9955	20	0.004236860687985455
2020-01-30	9987	9987	9744	9745	20	-0.021094927172275235
2020-01-31	9781	9781	9619	9620	20	-0.012827090815803022
2020-02-03	9432	9580	9432	9582	29	-0.003950103950103978
2020-02-04	9619	9796	9619	9798	20	0.02254226675015647
2020-02-05	9915	9915	9806	9808	20	0.0010206164523371974
2020-02-06	9911	10123	9911	10124	20	0.03221859706362151
2020-02-07	10126	10126	10037	10037	20	-0.008593441327538476
2020-02-10	9920	9992	9920	9995	20	-0.0041845172860416335
2020-02-11	10054	10104	10054	10104	20	0.01090545272636323
2020-02-12	10156	10203	10156	10206	20	0.01009501187648465
2020-02-13	10238	10238	10166	10166	20	-0.003919263178522425
2020-02-14	10126	10228	10126	10230	20	0.006295494786543454
2020-02-17	10203	10228	10203	10230	20	0.0
2020-02-18	10171	10171	10050	10067	21	-0.015933528836754696
2020-02-19	10123	10123	9997	10037	45	-0.0029800337737161398
2020-02-20	10126	10126	9940	10005	21	-0.003188203646507959
2020-02-21	9844	9844	9816	9816	20	-0.018890554722638675
2020-02-24	9566	9566	9422	9423	22	-0.04003667481662587
2020-02-25	9393	9537	9393	9539	20	0.012310304573914799
2020-02-26	9341	9465	9341	9409	29	-0.013628262920641565
2020-02-27	9383	9383	9283	9284	20	-0.01328515251355089
2020-02-28	9125	9125	8952	8954	20	-0.03554502369668244
2020-03-02	8995	9058	8995	9059	21	0.011726602635693473
2020-03-03	9283	9283	9081	9084	22	0.002759686499613556
2020-03-04	9111	9316	9111	9318	22	0.025759577278731793
2020-03-05	9383	9427	9365	9428	23	0.011805108392358932
2020-03-06	9331	9331	9240	9242	20	-0.0197284683920238
2020-03-09	8928	8928	8818	8820	20	-0.045661112313352126
2020-03-10	8775	8875	8775	8878	20	0.006575963718820965
2020-03-11	8847	8847	8602	8604	21	-0.030862806938499632
2020-03-12	8516	8516	8199	8200	20	-0.04695490469549046
2020-03-13	7691	7984	7691	7917	30	-0.03451219512195125
2020-03-16	8056	8056	7696	7698	21	-0.027661993179234567
2020-03-17	7437	7591	7437	7567	22	-0.01701740711873212
2020-03-18	7586	7586	7201	7204	22	-0.0479714550019823
2020-03-19	7092	7092	6573	6575	90	-0.08731260410882846
2020-03-20	6760	6981	6760	6983	21	0.06205323193916357
2020-03-23	6536	6583	6536	6584	20	-0.0571387655735357
2020-03-24	6746	7139	6746	7140	21	0.08444714459295266
2020-03-25	7552	7653	7552	7654	20	0.07198879551820725
2020-03-26	7599	7629	7599	7630	20	-0.003135615364515232
2020-03-27	7949	7949	7734	7736	20	0.013892529488859662
2020-03-30	7489	7748	7489	7750	20	0.0018097207859357756
2020-03-31	7845	7859	7845	7860	20	0.014193548387096744
2020-04-01	7820	7820	7504	7592	237	-0.034096692111959315
2020-04-02	7633	7710	7523	7711	24	0.01567439409905158
2020-04-03	7773	7773	7591	7721	229	0.0012968486577615845
2020-04-06	7835	8016	7835	8019	20	0.038596036782800214
2020-04-07	8219	8219	8046	8192	21	0.021573762314503142
2020-04-08	8103	8127	8103	8128	20	-0.0078125
2020-04-09	8242	8242	8199	8234	21	0.013041338582677087
2020-04-10	8219	8363	8219	8363	20	0.015666747631770672
2020-04-13	8314	8314	8209	8210	20	-0.018294870261867713
2020-04-14	8291	8333	8291	8335	20	0.015225334957368997
2020-04-16	8291	8323	8291	8326	20	-0.001079784043191312
2020-04-17	8511	8592	8511	8594	20	0.032188325726639544
2020-04-20	8574	8578	8530	8532	33	-0.007214335582964804
2020-04-21	8458	8458	8415	8417	21	-0.01347866854195967
2020-04-22	8328	8497	8328	8498	22	0.009623381252227725
2020-04-23	8530	8554	8530	8556	20	0.006825135325958964
2020-04-24	8502	8502	8430	8430	20	-0.014726507713884951
2020-04-27	8449	8592	8449	8589	22	0.018861209964412762
2020-04-28	8632	8661	8632	8662	20	0.008499243218069719
2020-04-29	8695	8764	8695	8764	20	0.011775571461556167
2020-05-04	8569	8613	8515	8516	82	-0.028297581013235984
2020-05-06	8613	8622	8588	8623	21	0.012564584311883564
2020-05-07	8603	8642	8583	8643	21	0.002319378406587136
2020-05-08	8715	8729	8715	8716	21	0.008446141386092787
2020-05-11	8739	8739	8637	8638	20	-0.008949059201468601
2020-05-12	8603	8603	8544	8545	20	-0.010766381106737666
2020-05-13	8398	8564	8398	8565	20	0.002340550029256816
2020-05-14	8501	8501	8491	8492	20	-0.008523058960887342
2020-05-15	8564	8564	8535	8536	22	0.005181347150259086
2020-05-18	8535	8588	8535	8589	20	0.006208997188378529
2020-05-19	8807	8846	8807	8847	22	0.030038421236465274
2020-05-20	8817	8870	8802	8872	22	0.0028258166610151125
2020-05-21	8943	8943	8933	8935	20	0.0071009918845807984
2020-05-22	8910	8910	8734	8735	20	-0.022383883603805277
2020-05-25	8768	8851	8768	8852	35	0.013394390383514532
2020-05-26	8885	9021	8885	9023	20	0.019317668323542758
2020-05-27	9031	9070	9031	9071	20	0.005319738446193156
2020-05-28	9167	9167	9061	9061	20	-0.0011024142872891884
2020-05-29	9006	9074	8938	9076	21	0.00165544641871751
2020-06-01	9089	9192	9089	9192	83	0.012780960775672146
2020-06-02	9220	9313	9220	9315	26	0.013381201044386337
2020-06-03	9449	9669	9449	9655	27	0.036500268384326295
2020-06-04	9873	9893	9649	9650	24	-0.0005178663904712444
2020-06-05	9649	9810	9649	9810	21	0.01658031088082912
2020-06-08	9916	9916	9815	9815	24	0.0005096839959224386
2020-06-09	9936	9936	9766	9801	21	-0.0014263881813550983
2020-06-10	9775	9824	9775	9815	22	0.0014284256708498866
2020-06-11	9693	9727	9610	9611	26	-0.020784513499745305
2020-06-12	9284	9425	9284	9426	20	-0.019248777442513743
2020-06-15	9308	9308	8948	8950	20	-0.05049862083598555
2020-06-16	9207	9421	9207	9421	23	0.05262569832402231
2020-06-17	9421	9425	9376	9426	22	0.0005307292219509652
2020-06-18	9386	9391	9386	9392	20	-0.003607044345427579
2020-06-19	9464	9464	9421	9421	22	0.0030877342419080023
2020-06-22	9401	9401	9381	9383	20	-0.004033542086827269
2020-06-23	9401	9444	9367	9368	21	-0.0015986358307576998
2020-06-24	9367	9508	9367	9509	21	0.015051238257899335
2020-06-25	9338	9338	9284	9285	20	-0.023556630560521596
2020-06-26	9348	9381	9348	9383	20	0.010554658050619281
2020-06-29	9250	9250	9197	9197	226	-0.01982308430139612
2020-06-30	9343	9343	9318	9319	21	0.013265195172338817
2020-07-01	9367	9367	9270	9270	20	-0.005258074900740373
2020-07-02	9357	9362	9357	9363	20	0.010032362459546862
2020-07-03	9416	9430	9416	9431	20	0.007262629499092066
2020-07-06	9454	9591	9454	9592	20	0.017071360407167946
2020-07-07	9659	9664	9459	9460	185	-0.013761467889908285
2020-07-08	9493	9493	9416	9416	20	-0.0046511627906976605
2020-07-09	9479	9479	9459	9460	20	0.004672897196261738
2020-07-10	9386	9386	9289	9329	3103	-0.01384778012684984
2020-07-13	9396	9537	9396	9538	124	0.022403258655804503
2020-07-14	9479	9493	9479	9494	20	-0.004613126441602056
2020-07-15	9639	9673	9620	9674	21	0.01895934274278499
2020-07-16	9669	9669	9610	9611	20	-0.0065123010130245795
2020-07-17	9669	9678	9669	9679	21	0.0070752263031943485
2020-07-20	9698	9698	9698	9699	20	0.0020663291662361694
2020-07-21	9766	9873	9766	9874	20	0.0180430972265182
2020-07-22	9839	9848	9839	9850	20	-0.002430625886165716
2020-07-23	9800	9800	9771	9772	20	-0.007918781725888335
2020-07-24	9707	9707	9654	9694	27	-0.007981989357347508
2020-07-27	9742	9775	9742	9777	20	0.008561997111615538
2020-07-28	9888	9961	9888	9961	21	0.018819678838089438
2020-07-29	9999	10034	9999	10034	20	0.007328581467724193
2020-07-30	10140	10140	10067	10069	20	0.0034881403229021224
2020-07-31	10067	10067	9956	9956	20	-0.011222564306286653
2020-08-03	9907	9921	9888	9923	9774	-0.003314584170349577
2020-08-04	10034	10057	10019	10059	44	0.013705532601028025
2020-08-05	10067	10165	10067	10165	20	0.01053782682175175
2020-08-06	10258	10331	10258	10331	20	0.016330545991146028
2020-08-07	10437	10437	10291	10399	641	0.006582131449036854
2020-08-10	10447	10613	10447	10614	21	0.020675064910087526
2020-08-11	10729	10812	10729	10813	20	0.0187488223101564
2020-08-12	10807	10827	10807	10828	20	0.0013872190881345503
2020-08-13	10949	10949	10793	10794	167	-0.003140007388252708
2020-08-14	10788	10788	10749	10750	20	-0.004076338706688887
2020-08-18	10690	10690	10394	10394	193	-0.03311627906976744
2020-08-19	10501	10501	10462	10463	20	0.006638445256879066
2020-08-20	10379	10379	10044	10044	20	-0.040045875943801934
2020-08-21	10175	10190	10175	10190	21	0.01453604141776177
2020-08-24	10057	10272	10057	10273	20	0.008145240431795875
2020-08-25	10404	10486	10404	10453	123	0.017521658717025268
2020-08-26	10477	10477	10462	10463	21	0.0009566631589017494
2020-08-27	10472	10472	10345	10346	21	-0.011182261301729945
2020-08-28	10399	10462	10399	10414	25	0.0065725884399767676
2020-08-31	10530	10530	10253	10253	31	-0.01545995774918374
2020-09-01	10306	10379	10306	10380	20	0.012386618550668027
2020-09-02	10418	10418	10408	10409	20	0.002793834296724418
2020-09-03	10525	10569	10525	10570	20	0.015467383994619999
2020-09-04	10350	10481	10350	10482	20	-0.008325449385052086
2020-09-07	10467	10578	10467	10580	266	0.009349360809005836
2020-09-08	10681	10681	10637	10638	20	0.005482041587901776
2020-09-09	10559	10559	10545	10545	20	-0.008742244782853903
2020-09-10	10676	10676	10666	10667	20	0.0115694642010431
2020-09-11	10617	10647	10617	10648	20	-0.0017811943376769834
2020-09-14	10749	10788	10729	10789	192	0.013241923365890251
2020-09-15	10841	10866	10841	10866	20	0.007136898693113292
2020-09-16	10871	10871	10822	10823	20	-0.003957297993741893
2020-09-17	10817	10817	10686	10687	22	-0.012565832024392543
2020-09-18	10734	10734	10729	10730	20	0.004023580050528608
2020-09-21	10705	10705	10622	10623	26	-0.009972041006523713
2020-09-22	10583	10583	10340	10341	20	-0.02654617339734533
2020-09-23	10442	10442	10291	10389	21	0.004641717435451165
2020-09-24	10203	10203	10092	10092	20	-0.028587929540860535
2020-09-25	10062	10117	10062	10117	114	0.0024772096710266034
2020-09-28	10248	10301	10248	10302	8816	0.018286053177819506
2020-09-29	10399	10408	10374	10409	21	0.010386332750922156
2020-10-05	10427	10578	10427	10580	20	0.01642809107503118
2020-10-06	10617	10627	10578	10580	30	0.0
2020-10-07	10515	10676	10515	10677	20	0.009168241965973545
2020-10-08	10773	10773	10695	10735	26	0.005432237519902516
2020-10-12	10739	10754	10739	10755	20	0.0018630647414996648
2020-10-13	10807	10807	10715	10755	112	0.0
2020-10-14	10758	10758	10637	10638	26	-0.01087866108786606
2020-10-15	10603	10603	10564	10565	20	-0.0068621921413799525
2020-10-16	10559	10559	10481	10482	124	-0.007856128726928535
2020-10-19	10515	10515	10472	10472	20	-0.0009540164090822145
2020-10-20	10432	10535	10418	10531	25708	0.005634071810542318
2020-10-21	10564	10583	10564	10584	21	0.005032760421612492
2020-10-22	10520	10520	10457	10502	21	-0.007747543461829154
2020-10-23	10554	10554	10549	10550	20	0.00457055798895456
2020-10-26	10617	10617	10505	10507	20	-0.004075829383886287
2020-10-27	10413	10520	10413	10453	21	-0.005139430855620075
2020-10-28	10432	10530	10432	10531	20	0.0074619726394336006
2020-10-29	10399	10432	10399	10434	20	-0.009210901148988704
2020-10-30	10359	10359	10195	10195	20	-0.02290588460801224
2020-11-02	10199	10301	10199	10302	20	0.010495340853359458
2020-11-03	10379	10496	10379	10497	20	0.01892836342457782
2020-11-04	10569	10569	10530	10531	20	0.0032390206725732007
2020-11-05	10627	10758	10627	10760	20	0.02174532333111756
2020-11-06	10817	10836	10803	10803	21	0.003996282527880979
2020-11-09	10924	10968	10924	10969	20	0.015366102008701255
2020-11-10	11022	11022	10954	11012	114	0.003920138572340193
2020-11-11	11070	11158	11070	11158	20	0.013258263712313756
2020-11-12	11123	11128	11118	11130	21	-0.0025094102885822034
2020-11-13	11118	11226	11118	11226	20	0.008625336927223781
2020-11-16	11382	11460	11382	11460	97	0.02084446819882424
2020-11-17	11576	11576	11523	11523	21	0.005497382198952794
2020-11-18	11552	11552	11498	11519	22	-0.00034713182330992076
2020-11-19	11469	11493	11415	11495	22	-0.0020835141939404833
2020-11-20	11469	11513	11469	11514	20	0.0016528925619834212
2020-11-23	11518	11810	11518	11811	20	0.025794684731631046
2020-11-24	11854	11902	11854	11899	31	0.007450681568029749
2020-11-25	12028	12038	11771	11854	65	-0.0037818304059165087
2020-11-26	11863	11960	11849	11962	57	0.009110848658680615
2020-11-27	11960	12023	11917	12025	583	0.0052666778130747716
2020-11-30	12043	12043	11805	11806	21	-0.01821205821205818
2020-12-01	11951	12038	11951	12040	77	0.019820430289683166
2020-12-02	12106	12242	12106	12244	21	0.016943521594684485
2020-12-03	12247	12350	12247	12351	20	0.008738974191440763
2020-12-04	12447	12598	12447	12555	134	0.01651688122419248
2020-12-07	12598	12603	12544	12604	143	0.003902827558741606
2020-12-08	12569	12569	12340	12341	287	-0.020866391621707447
2020-12-09	12491	12671	12491	12672	242	0.026821165221619037
2020-12-10	12506	12695	12506	12696	22	0.0018939393939394478
2020-12-11	12812	12812	12802	12804	20	0.008506616257088817
2020-12-14	12754	12812	12744	12750	47	-0.004217432052483594
2020-12-15	12759	12759	12729	12731	20	-0.0014901960784313717
2020-12-16	12827	12827	12754	12813	102	0.006440970858534234
2020-12-17	12793	12807	12720	12808	21	-0.000390228674002957
2020-12-18	12842	12842	12778	12813	33	0.0003903810118675022
2020-12-21	12797	12807	12729	12808	22	-0.000390228674002957
2020-12-22	12759	12807	12603	12623	32	-0.014444097439100578
2020-12-23	12676	12739	12676	12740	20	0.009268795056642576
2020-12-24	12846	12943	12846	12945	21	0.01609105180533743
2020-12-28	13079	13079	12934	12935	33	-0.0007724990343762617
2020-12-29	13129	13217	13109	13217	29	0.02180131426362575
2020-12-30	13212	13518	13212	13519	23	0.02284936067186205
2021-01-04	13518	13917	13518	13918	47	0.029514017308972518
2021-01-05	13863	14150	13844	14152	51	0.016812760454088194
2021-01-06	14394	14394	14087	14098	72	-0.0038157150932730532
2021-01-07	14281	14482	14281	14439	28	0.02418782806071773
2021-01-08	14725	15095	14720	15095	53	0.04543250917653574
2021-01-11	15201	15420	15114	15218	67	0.008148393507783958
2021-01-12	15060	15138	14827	15017	92	-0.0132080431068472
2021-01-13	15100	15168	14949	15163	228	0.009722314709995405
2021-01-14	15110	15183	15090	15105	41	-0.003825100573765061
2021-01-15	15304	15304	14827	14838	106	-0.017676266137040764
2021-01-18	14530	14550	14369	14371	3210	-0.03147324437255694
2021-01-19	14647	14944	14647	14944	21	0.039871964372695023
2021-01-20	15196	15196	14924	15037	104	0.006223233404710982
2021-01-21	15183	15279	15148	15281	1563	0.016226640952317517
2021-01-22	15279	15279	15196	15213	31	-0.004449970551665516
2021-01-25	15241	15533	15241	15533	27	0.021034641425097034
2021-01-26	15484	15484	15143	15213	63	-0.02060130045709141
2021-01-27	15274	15274	15050	15052	32	-0.010583053967001876
2021-01-28	14759	14759	14705	14706	20	-0.022986978474621278
2021-01-29	14861	14861	14316	14351	178	-0.024139806881544934
2021-02-01	14160	14700	14160	14701	2299	0.02438854435230997
2021-02-02	14876	14954	14876	14954	20	0.017209713624923406
2021-02-03	15070	15095	14871	15095	265	0.009428915340377264
2021-02-04	15022	15027	14739	14852	50	-0.01609804571050022
2021-02-05	14973	15012	14973	15013	27	0.010840290869916558
2021-02-08	14900	14939	14861	14862	23	-0.010057949776860031
2021-02-09	14977	14977	14822	14823	20	-0.002624142107387928
2021-02-10	14836	14939	14720	14940	24	0.007893139040680008
2021-02-15	15110	15138	15110	15140	20	0.01338688085676032
2021-02-16	15196	15196	15158	15158	20	0.0011889035667107528
2021-02-17	15046	15046	15027	15027	20	-0.00864230109513131
2021-02-18	15032	15032	14764	14833	33	-0.012910095162041668
2021-02-19	14856	14890	14618	14891	1415	0.003910200229218619
2021-02-22	14959	14959	14764	14765	21	-0.008461486804109852
2021-02-23	14618	14705	14618	14706	801	-0.00399593633592954
2021-02-24	14666	14666	14277	14321	3269	-0.02617979056167552
2021-02-25	14574	14836	14574	14779	907	0.03198100691292516
2021-02-26	14496	14496	14341	14419	66	-0.024358887610799074
2021-03-02	14808	14808	14579	14580	63	0.011165822872598596
2021-03-03	14506	14710	14506	14711	20	0.008984910836762783
2021-03-04	14525	14540	14525	14541	1051	-0.011555978519475207
2021-03-05	14326	14457	14238	14458	21	-0.005707998074410248
2021-03-08	14510	14510	14291	14293	20	-0.011412366855720002
2021-03-09	14228	14243	13922	14243	57	-0.003498215909885971
2021-03-10	14389	14389	14127	14127	26	-0.00814435161131788
2021-03-11	14273	14404	14273	14404	20	0.019607843137254832
2021-03-12	14608	14623	14608	14623	21	0.015204109969452873
2021-03-15	14588	14603	14588	14604	20	-0.001299322984339768
2021-03-16	14637	14696	14623	14696	355	0.0062996439331690635
2021-03-17	14652	14652	14593	14594	20	-0.006940664126292906
2021-03-18	14768	14768	14691	14692	21	0.006715088392490021
2021-03-19	14491	14559	14491	14560	226	-0.008984481350394757
2021-03-22	14545	14545	14423	14536	683	-0.0016483516483516425
2021-03-23	14642	14642	14359	14361	21	-0.012039075399009391
2021-03-24	14238	14316	14238	14317	20	-0.003063853492096702
2021-03-25	14316	14384	14316	14385	31	0.004749598379548692
2021-03-26	14457	14555	14457	14555	20	0.011817865832464358
2021-03-29	14540	14593	14540	14594	30	0.00267949158364833
2021-03-30	14657	14783	14652	14711	114	0.008016993284911678
2021-03-31	14759	14788	14739	14740	85	0.00197131398273398
2021-04-01	14836	14876	14832	14876	49	0.00922659430122108
2021-04-02	14895	15041	14895	15032	44	0.010486689970422125
2021-04-05	15050	15090	15050	15090	20	0.0038584353379456093
2021-04-06	15173	15173	15036	15125	54	0.0023194168323392717
2021-04-07	15153	15183	15153	15183	25	0.003834710743801706
2021-04-08	15264	15264	15264	15266	10	0.005466640321412086
2021-04-09	15304	15304	15114	15178	55	-0.0057644438621773375
2021-04-12	15118	15206	15090	15188	266	0.000658848333113804
2021-04-13	15251	15347	15187	15349	23	0.010600474058467313
2021-04-14	15415	15450	15372	15451	22	0.006645384064108306
2021-04-15	15493	15493	15420	15485	35	0.0022005048216944267
2021-04-16	15493	15493	15392	15495	33	0.0006457862447530882
2021-04-19	15450	15508	15440	15441	121	-0.0034849951597289985
2021-04-20	15503	15581	15503	15582	21	0.009131532931804909
2021-04-21	15465	15465	15372	15373	21	-0.013412912334745175
2021-04-22	15415	15425	15415	15427	20	0.0035126520522994475
2021-04-23	15260	15455	15260	15455	21	0.0018149996758929365
2021-04-26	15503	15562	15503	15563	20	0.0069880297638305056
2021-04-27	15717	15717	15538	15641	110	0.005011887168283824
2021-04-28	15625	15625	15430	15470	21	-0.010932804807876728
2021-04-29	15549	15549	15346	15347	66	-0.007950872656754981
2021-04-30	15346	15386	15213	15253	29	-0.00612497556525704
2021-05-03	15164	15164	15085	15085	20	-0.011014226709499808
2021-05-04	15080	15203	15050	15204	122	0.00788863109048732
2021-05-06	15149	15322	15149	15263	22	0.003880557747961033
2021-05-07	15366	15480	15366	15480	24	0.014217388455742608
2021-05-10	15568	15756	15539	15752	28	0.017571059431524594
2021-05-11	15633	15633	15435	15465	6598	-0.018219908583037125
2021-05-12	15519	15519	15248	15248	30	-0.014031684448755244
2021-05-13	15060	15090	14991	14992	42	-0.016789087093389332
2021-05-14	15114	15124	15105	15125	21	0.008871398078975412
2021-05-17	15198	15198	14981	15026	280	-0.006545454545454521
2021-05-18	15090	15267	15090	15268	20	0.016105417276720324
2021-05-20	15154	15193	15154	15194	20	-0.0048467382761331335
2021-05-21	15351	15351	15169	15243	224	0.0032249572199551935
2021-05-24	15169	15169	15119	15120	20	-0.008069277701239885
2021-05-25	15198	15248	15198	15248	20	0.00846560846560851
2021-05-26	15282	15282	15193	15194	20	-0.003541448058761776
2021-05-27	15179	15213	15179	15214	20	0.0013163090693695256
2021-05-28	15233	15332	15233	15332	54	0.0077560141974497565
2021-05-31	15312	15312	15312	15312	20	-0.001304461257500611
2021-06-01	15366	15450	15366	15451	324	0.009077847439916464
2021-06-02	15514	15514	15445	15495	23	0.0028477121221928137
2021-06-03	15524	15642	15524	15643	21	0.009551468215553305
2021-06-04	15544	15578	15544	15579	20	-0.004091286837563102
2021-06-07	15672	15672	15588	15633	5087	0.0034662045060658286
2021-06-08	15588	15598	15544	15599	23	-0.0021748864581334626
2021-06-09	15568	15568	15420	15421	20	-0.011410987883838652
2021-06-10	15406	15470	15406	15470	20	0.003177485247390033
2021-06-11	15583	15633	15583	15633	20	0.010536522301228146
2021-06-14	15593	15662	15564	15663	21	0.001919017463059003
2021-06-15	15638	15657	15638	15658	20	-0.00031922364808789627
2021-06-16	15712	15751	15672	15752	277	0.006003320986077476
2021-06-17	15642	15672	15583	15673	24	-0.005015236160487602
2021-06-18	15692	15736	15692	15737	20	0.004083455624322108
2021-06-21	15633	15633	15573	15574	21	-0.010357755607803276
2021-06-22	15707	15761	15677	15761	22	0.012007191472967804
2021-06-23	15800	15815	15761	15816	33	0.0034896262927479604
2021-06-24	15874	15874	15800	15860	22	0.002781992918563514
2021-06-25	15948	15948	15884	15944	23	0.005296343001261139
2021-06-28	15929	15929	15899	15919	21	-0.0015679879578525124
2021-06-29	16047	16047	15786	15875	533	-0.0027639927131101194
2021-06-30	15874	15953	15874	15954	23	0.0049763779527558505
2021-07-01	15953	15953	15860	15880	500	-0.004638335213739464
2021-07-02	15919	15919	15810	15880	225	0.0
2021-07-05	15909	15929	15865	15929	441	0.0030856423173803993
2021-07-06	15978	16008	15934	15998	37	0.0043317220164480474
2021-07-07	15924	15924	15874	15895	82	-0.006438304788098481
2021-07-08	15929	15929	15697	15742	23	-0.009625668449197877
2021-07-09	15588	15588	15485	15485	22	-0.016325752763308388
2021-07-12	15529	15672	15529	15673	32	0.012140781401356104
2021-07-13	15766	15825	15766	15826	21	0.009762011101895007
2021-07-14	15751	15776	15712	15771	25	-0.003475293820295766
2021-07-15	15815	15904	15761	15840	26	0.004375118889100138
2021-07-16	15840	15840	15810	15811	22	-0.001830808080808044
2021-07-19	15667	15667	15618	15648	21	-0.010309278350515427
2021-07-20	15529	15578	15460	15579	325	-0.004409509202453976
2021-07-21	15662	15662	15524	15525	21	-0.0034662045060658286
2021-07-22	15642	15697	15642	15697	21	0.011078904991948413
2021-07-23	15726	15746	15726	15747	21	0.003185322036057814
2021-07-26	15726	15726	15568	15569	20	-0.01130374039499582
2021-07-27	15667	15667	15608	15608	324	0.002504977840580569
2021-07-28	15578	15608	15578	15608	21	0.0
2021-07-29	15677	15677	15642	15673	22	0.004164531009738681
2021-07-30	15583	15583	15420	15421	21	-0.0160786065207682
2021-08-02	15504	15504	15460	15470	1275	0.003177485247390033
2021-08-03	15564	15603	15544	15603	25	0.008597285067873273
2021-08-04	15657	15825	15657	15826	22	0.014292123309620042
2021-08-05	15815	15815	15795	15796	20	-0.0018956148110703674
2021-08-06	15800	15800	15662	15663	25	-0.008419853127374033
2021-08-09	15647	15697	15647	15697	20	0.002170720806997428
2021-08-10	15657	15657	15529	15529	21	-0.010702682041154321
2021-08-11	15539	15539	15420	15421	47	-0.006954729860261466
2021-08-12	15425	15425	15386	15386	20	-0.00226963231956423
2021-08-13	15361	15361	15085	15085	450	-0.019563239308462266
2021-08-17	15149	15149	14863	14873	21	-0.01405369572422932
2021-08-18	14942	15011	14942	15011	101	0.00927855846164194
2021-08-19	14917	14917	14656	14656	25	-0.023649323829191937
2021-08-20	14720	14720	14453	14473	4610	-0.01248635371179041
2021-08-23	14463	14680	14443	14602	1381	0.00891314862157122
2021-08-24	14779	14848	14779	14848	187	0.016847007259279456
2021-08-25	15006	15006	14986	14987	20	0.009361530172413701
2021-08-26	15060	15060	14912	14913	34	-0.0049376125975846286
2021-08-27	14813	14927	14813	14908	81	-0.0003352779454167676
2021-08-30	15060	15060	14971	14982	21	0.004963777837402761
2021-08-31	14971	15238	14897	15238	210	0.01708717127219339
2021-09-01	15302	15302	15248	15268	60	0.001968762304764393
2021-09-02	15124	15124	15090	15125	366	-0.009365994236311237
2021-09-03	15154	15243	15149	15243	56	0.007801652892561961
2021-09-06	15238	15312	15238	15312	544	0.0045266679787443476
2021-09-07	15297	15297	15267	15268	20	-0.002873563218390829
2021-09-08	15282	15282	15154	15154	22	-0.007466596803772596
2021-09-09	15075	15075	14927	14927	30	-0.014979543354889824
2021-09-10	14966	14986	14892	14987	22	0.004019561867756316
2021-09-13	14937	14986	14907	14908	23	-0.005271235070394287
2021-09-14	15065	15085	15065	15085	22	0.011872819962436276
2021-09-15	15055	15080	15001	15080	23	-0.0003314550878356082
2021-09-16	15114	15114	14947	14947	20	-0.008819628647214861
2021-09-17	14883	14991	14883	14992	20	0.003010637586137621
2021-09-23	14952	14952	14922	14923	20	-0.004602454642475995
2021-09-24	15070	15070	14897	14923	23	0.0
2021-09-27	14902	14952	14902	14952	20	0.0019433089861287112
2021-09-28	14922	14922	14784	14784	20	-0.011235955056179803
2021-09-29	14557	14557	14512	14523	721	-0.01765422077922074
2021-09-30	14547	14631	14547	14631	358	0.00743648006610198
2021-10-01	14527	14527	14246	14301	92	-0.02255484929259788
2021-10-05	14142	14142	14009	14010	71	-0.020348227396685514
2021-10-06	14137	14137	13817	13817	21	-0.01377587437544614
2021-10-07	13940	14034	13861	14034	6906	0.015705290584063114
2021-10-08	14231	14231	13989	14044	2363	0.0007125552230298204
2021-10-12	13910	13945	13752	13812	104	-0.01651951011107944
2021-10-13	13861	13994	13861	13995	120	0.013249348392702087
2021-10-14	14113	14162	14113	14163	30	0.012004287245444889
2021-10-15	14216	14364	14216	14330	126	0.011791287156675878
2021-10-18	14295	14295	14290	14291	20	-0.0027215631542218954
2021-10-19	14419	14419	14330	14419	26	0.00895668602617028
2021-10-20	14458	14517	14340	14340	48	-0.005478882030654053
2021-10-21	14384	14384	14295	14296	41	-0.0030683403068340054
2021-10-22	14246	14305	14241	14286	104	-0.000699496362618901
2021-10-25	14330	14399	14305	14399	122	0.007909841803164008
2021-10-26	14478	14552	14473	14552	74	0.010625737898465104
2021-10-27	14512	14512	14355	14424	24	-0.008796041781198416
2021-10-28	14483	14483	14345	14394	102	-0.002079866888519133
2021-10-29	14443	14443	14177	14177	21	-0.015075725996943179
2021-11-01	14206	14206	14187	14187	20	0.0007053678493333937
2021-11-02	14325	14374	14325	14375	20	0.013251568337210085
2021-11-03	14498	14498	14177	14177	21	-0.013773913043478303
2021-11-04	14364	14364	14251	14251	21	0.00521972208506738
2021-11-05	14443	14443	14192	14202	21	-0.003438355203143617
2021-11-08	14142	14206	14093	14207	22	0.00035206308970558986
2021-11-09	14285	14285	14118	14212	22	0.0003519391849089448
2021-11-10	14172	14172	14024	14029	30	-0.012876442443005898
2021-11-11	13915	13920	13910	13916	618	-0.008054743745099402
2021-11-12	14103	14187	14103	14187	20	0.01947398677780976
2021-11-15	14305	14384	14305	14385	20	0.013956438993444786
2021-11-16	14340	14340	14330	14330	20	-0.00382342718109141
2021-11-17	14424	14424	14162	14163	20	-0.01165387299371945
2021-11-18	14132	14157	14132	14158	20	-0.00035303254960106223
2021-11-19	14251	14251	14246	14246	20	0.006215567170504199
2021-11-22	14389	14601	14389	14602	71	0.024989470728625562
2021-11-23	14572	14572	14409	14459	24	-0.009793179016573061
2021-11-24	14517	14517	14355	14419	28	-0.002766443045853828
2021-11-25	14379	14379	14315	14316	20	-0.007143352520979307
2021-11-26	14315	14315	14019	14019	1737	-0.02074601844090529
2021-11-29	13920	13920	13822	13822	243	-0.014052357514801384
2021-11-30	14024	14024	13550	13551	22	-0.019606424540587475
2021-12-01	13659	13955	13659	13945	3738	0.02907534499298947
2021-12-02	13777	14162	13777	14163	4087	0.01563284331301551
2021-12-03	14034	14290	14034	14281	26	0.008331568170585335
2021-12-06	14177	14345	14147	14345	27	0.004481478888032964
2021-12-07	14300	14419	14300	14419	21	0.005158591843847926
2021-12-08	14621	14621	14468	14469	60	0.003467646854844242
2021-12-09	14488	14527	14488	14528	24	0.004077683322966319
2021-12-10	14443	14498	14443	14498	93	-0.002064977973568305
2021-12-13	14586	14586	14507	14508	20	0.000689750310387538
2021-12-14	14404	14424	14310	14424	21	-0.005789909015715522
2021-12-15	14359	14394	14359	14394	20	-0.002079866888519133
2021-12-16	14532	14532	14483	14483	20	0.0061831318604974594
2021-12-17	14404	14522	14404	14523	20	0.002761858730925937
2021-12-20	14419	14419	14241	14242	20	-0.019348619431246994
2021-12-21	14290	14315	14290	14316	20	0.005195899452324015
2021-12-22	14389	14389	14355	14360	21	0.0030734842134674256
2021-12-23	14424	14443	14424	14444	20	0.005849582172702039
2021-12-24	14547	14577	14527	14577	122	0.009207975630019405
2021-12-27	14572	14572	14503	14503	21	-0.005076490361528463
2021-12-28	14458	14547	14458	14547	20	0.003033855064469515
2021-12-29	14690	14690	14660	14661	20	0.007836667354093718
2021-12-30	14675	14675	14577	14577	21	-0.00572948639246984
2022-01-03	14730	14730	14616	14617	33	0.0027440488440695354
2022-01-04	14656	14675	14646	14676	21	0.0040363959772866664
2022-01-05	14675	14675	14498	14498	55	-0.012128645407467942
2022-01-06	14429	14429	14335	14335	20	-0.011242930059318534
2022-01-07	14463	14527	14463	14528	20	0.01346355074991279
2022-01-10	14463	14463	14350	14385	21	-0.009843061674008835
2022-01-11	14468	14468	14379	14380	21	-0.0003475842891901282
2022-01-12	14537	14616	14537	14617	30	0.016481223922114152
2022-01-13	14660	14660	14611	14612	20	-0.0003420674557023107
2022-01-14	14419	14419	14350	14355	540	-0.017588283602518517
2022-01-17	14369	14369	14202	14202	20	-0.01065830721003136
2022-01-18	14206	14206	14068	14089	41	-0.00795662582734824
2022-01-19	13975	13975	13965	13965	20	-0.008801192419618187
2022-01-20	13999	14073	13999	14074	21	0.007805227354099609
2022-01-21	13925	13925	13728	13857	740	-0.01541850220264318
2022-01-24	13777	13777	13644	13644	20	-0.015371292487551425
2022-01-25	13525	13525	13205	13269	147	-0.027484608619173234
2022-01-26	13313	13313	13234	13235	20	-0.0025623634034215304
2022-01-27	13180	13180	12805	12806	33	-0.03241405364563654
2022-01-28	12830	13141	12830	13141	20	0.026159612681555533
2022-02-03	13422	13422	13303	13304	20	0.012403926641808116
2022-02-04	13353	13432	13338	13432	55	0.009621166566446071
2022-02-07	13274	13274	13274	13274	20	-0.011762954139368675
2022-02-08	13437	13437	13274	13279	25	0.00037667620913062194
2022-02-09	13427	13437	13427	13437	20	0.011898486331802127
2022-02-10	13595	13595	13545	13551	21	0.008484036615315826
2022-02-11	13368	13392	13368	13393	20	-0.011659656113939931
2022-02-14	13279	13279	13136	13136	20	-0.01918912864929445
2022-02-15	13131	13136	13027	13028	21	-0.008221680876979276
2022-02-16	13274	13308	13229	13309	233	0.021568928461774606
2022-02-17	13348	13451	13269	13412	5135	0.007739123901119527
2022-02-18	13289	13402	13289	13403	20	-0.0006710408589323258
2022-02-21	13269	13392	13165	13393	21	-0.0007461016190405401
2022-02-22	13200	13200	13126	13195	31	-0.014783842305682082
2022-02-23	13303	13338	13303	13338	20	0.010837438423645374
2022-02-24	13185	13185	12948	12949	31	-0.029164792322687094
2022-02-25	13106	13136	13106	13136	20	0.014441269596107809
2022-02-28	13096	13220	13096	13220	20	0.006394640682094943
2022-03-02	13269	13269	13259	13260	20	0.00302571860816947
2022-03-03	13437	13506	13437	13506	20	0.018552036199094957
2022-03-04	13397	13397	13358	13358	20	-0.010958092699540956
2022-03-07	13067	13155	12988	13047	279	-0.023281928432400067
2022-03-08	12869	12899	12869	12899	20	-0.01134360389361544
2022-03-10	13131	13136	13071	13072	22	0.013411892394759262
2022-03-11	13111	13111	13081	13082	20	0.0007649938800489142
2022-03-14	13071	13071	13042	13042	20	-0.0030576364470265016
2022-03-15	12988	12988	12884	12884	20	-0.012114706333384406
2022-03-16	13002	13076	13002	13077	20	0.014979819931698168
2022-03-17	13368	13368	13303	13304	20	0.01735872141928585
2022-03-18	13303	13328	13303	13329	20	0.0018791340950090607
2022-03-21	13284	13284	13205	13205	21	-0.0093030234826319
2022-03-22	13224	13313	13224	13314	20	0.00825444907232109
2022-03-23	13447	13447	13402	13408	20	0.007060237344149067
2022-03-24	13328	13358	13328	13358	20	-0.003729116945107358
2022-03-25	13343	13343	13284	13284	20	-0.005539751459799347
2022-03-28	13224	13249	13180	13250	22	-0.0025594700391448066
2022-03-29	13377	13377	13279	13309	21	0.004452830188679258
2022-03-30	13437	13437	13373	13373	20	0.004808776016229643
2022-03-31	13402	13456	13402	13457	21	0.0062813130935466255
2022-04-01	13382	13382	13353	13353	20	-0.0077283198335438286
2022-04-04	13274	13402	13274	13403	20	0.003744476896577531
2022-04-05	13447	13447	13363	13417	22	0.0010445422666567339
2022-04-06	13298	13298	13234	13279	28	-0.01028545874636655
2022-04-07	13146	13146	13096	13097	20	-0.013705851344227749
2022-04-08	13106	13106	13007	13097	35	0.0
2022-04-11	13047	13086	13022	13087	27	-0.0007635336336565546
2022-04-12	13027	13027	12968	12968	20	-0.00909299304653477
2022-04-13	13047	13224	13047	13225	20	0.019818013571869297
2022-04-14	13210	13210	13180	13181	20	-0.0033270321361058564
2022-04-15	13062	13101	13062	13102	20	-0.005993475457097386
2022-04-18	13042	13071	13042	13072	20	-0.002289726759273414
2022-04-19	13185	13224	13185	13225	20	0.01170440636474912
2022-04-20	13150	13229	13150	13230	20	0.0003780718336483524
2022-04-21	13279	13328	13279	13329	20	0.007482993197278853
2022-04-22	13175	13180	13175	13181	20	-0.011103608672818677
2022-04-25	13017	13017	12938	12939	20	-0.01835976026098174
2022-04-26	13002	13002	12993	12993	20	0.004173429167632747
2022-04-27	12756	12845	12736	12845	24	-0.011390748864773315
2022-04-28	12890	12980	12840	12980	22	0.010509926041261108
2022-04-29	13025	13135	13025	13135	20	0.011941448382126296
2022-05-02	13050	13100	13040	13100	21	-0.0026646364674534073
2022-05-03	13130	13160	13100	13100	123	0.0
2022-05-04	13165	13165	13035	13085	22	-0.0011450381679389832
2022-05-06	12930	12960	12930	12960	20	-0.00955292319449752
2022-05-09	12905	12905	12750	12765	35	-0.01504629629629628
2022-05-10	12650	12685	12650	12685	20	-0.0062671367019193625
2022-05-11	12635	12675	12635	12675	20	-0.0007883326763894472
2022-05-12	12530	12600	12450	12450	21	-0.017751479289940808
2022-05-13	12555	12705	12555	12705	20	0.02048192771084345
2022-05-16	12830	12830	12640	12685	21	-0.0015741833923652582
2022-05-17	12735	12795	12735	12795	20	0.008671659440283808
2022-05-18	12905	12905	12815	12815	20	0.0015631105900741904
2022-05-19	12565	12625	12565	12625	20	-0.014826375341396747
2022-05-20	12720	12870	12720	12870	21	0.019405940594059423
2022-05-23	12890	12890	12835	12845	1630	-0.0019425019425018952
2022-05-24	12840	12840	12680	12680	30	-0.012845465161541503
2022-05-25	12725	12725	12725	12725	20	0.0035488958990537167
2022-05-26	12770	12770	12650	12650	20	-0.005893909626719096
2022-05-27	12845	12845	12810	12810	22	0.012648221343873445
2022-05-30	12940	13000	12940	13000	20	0.014832162373145996
2022-05-31	13010	13085	13010	13075	21	0.005769230769230749
2022-06-02	12980	12980	12960	12960	30	-0.008795411089866145
2022-06-03	13070	13070	13035	13045	30	0.006558641975308532
2022-06-07	12935	12935	12820	12820	20	-0.017247987734764325
2022-06-08	12850	12850	12830	12830	20	0.0007800312012480326
2022-06-09	12785	12785	12785	12785	20	-0.0035074045206546778
2022-06-10	12710	12710	12690	12690	20	-0.007430582714118117
2022-06-13	12430	12430	12210	12210	32	-0.0378250591016549
2022-06-14	12015	12135	12015	12135	20	-0.00614250614250611
2022-06-15	12090	12090	11860	11860	20	-0.022661722290894137
2022-06-16	12055	12055	11855	11855	20	-0.000421585160202409
2022-06-17	11600	11735	11600	11735	21	-0.010122311261071326
2022-06-20	11860	11860	11480	11530	31	-0.017469109501491276
2022-06-21	11605	11605	11605	11605	20	0.0065047701647875655
2022-06-22	11630	11630	11310	11310	25	-0.025420077552778975
2022-06-23	11335	11335	11165	11170	21	-0.012378426171529622
2022-06-24	11235	11425	11225	11425	21	0.022829006266785967
2022-06-27	11500	11650	11500	11650	20	0.01969365426695835
2022-06-28	11705	11735	11705	11735	20	0.007296137339055875
2022-06-29	11635	11635	11590	11590	21	-0.012356199403493862
2022-06-30	11515	11515	11420	11420	20	-0.014667817083692802
2022-07-01	11520	11520	11230	11230	123	-0.016637478108581405
2022-07-04	11200	11205	11200	11205	20	-0.0022261798753339113
2022-07-05	11245	11390	11245	11390	20	0.01651048639000452
2022-07-06	11260	11260	11125	11125	20	-0.023266022827041266
2022-07-07	11235	11350	11235	11350	20	0.020224719101123556
2022-07-08	11500	11500	11445	11445	20	0.008370044052863346
2022-07-11	11430	11430	11345	11345	20	-0.008737439930100455
2022-07-12	11280	11280	11205	11205	20	-0.012340237990304148
2022-07-13	11250	11250	11250	11250	20	0.004016064257028162
2022-07-14	11180	11245	11180	11245	21	-0.0004444444444444695
