Date	Open	High	Low	Close	Volume	Change
2019-04-23	9657	9686	9594	9651	11641	
2019-04-24	9671	9671	9540	9565	5208	-0.008910993679411505
2019-04-25	9579	9589	9526	9555	2729	-0.001045478306325176
2019-04-26	9526	9530	9409	9457	854	-0.01025641025641022
2019-04-29	9498	9639	9488	9641	1642	0.019456487258115773
2019-04-30	9657	9726	9569	9700	5176	0.006119697126854007
2019-05-02	9711	9765	9667	9710	1766	0.0010309278350515427
2019-05-03	9721	9775	9691	9758	1451	0.0049433573635426775
2019-05-07	9624	9726	9589	9700	3664	-0.005943840951014523
2019-05-08	9535	9701	9535	9681	1389	-0.001958762886597909
2019-05-09	9691	9691	9357	9359	1627	-0.033261026753434564
2019-05-10	9459	9498	9357	9486	42424	0.013569825836093674
2019-05-13	9414	9493	9293	9331	1413	-0.016339869281045805
2019-05-14	9250	9395	9240	9374	629	0.004608294930875667
2019-05-15	9240	9376	9230	9262	6452	-0.011947941113718774
2019-05-16	9260	9260	9177	9184	847	-0.008421507233858816
2019-05-17	9182	9182	9046	9048	1063	-0.014808362369338024
2019-05-20	9138	9162	9075	9076	1036	0.0030946065428822944
2019-05-21	9065	9095	8988	8998	620	-0.00859409431467606
2019-05-22	8988	8998	8885	8970	829	-0.003111802622805082
2019-05-23	8914	8914	8797	8848	2087	-0.013600891861761388
2019-05-24	8787	8851	8772	8830	543	-0.002034358047016238
2019-05-27	8851	8861	8750	8772	545	-0.006568516421291082
2019-05-28	8846	8881	8837	8877	1029	0.01196990424076616
2019-05-29	8745	8797	8725	8772	257	-0.01182832037850623
2019-05-30	8792	8851	8753	8801	514	0.0033059735522116274
2019-05-31	8895	8910	8881	8906	10380	0.01193046244744922
2019-06-03	8871	8953	8871	8926	11182	0.002245677071637031
2019-06-04	8910	8910	8772	8811	20690	-0.012883710508626467
2019-06-05	8842	8881	8807	8820	142	0.0010214504596526286
2019-06-07	8827	8881	8797	8835	104	0.001700680272108901
2019-06-10	8973	9003	8973	8975	806	0.015846066779852785
2019-06-11	8978	9026	8953	9028	205	0.005905292479108537
2019-06-12	9046	9065	8993	9048	109	0.0022153300841825097
2019-06-13	9051	9061	8943	9028	951	-0.002210433244915988
2019-06-14	8978	9012	8914	8955	748	-0.00808595480726626
2019-06-17	8895	8963	8890	8891	776	-0.0071468453378000785
2019-06-18	8900	8900	8900	8901	0	0.0011247328759420583
2019-06-19	8963	9003	8953	8993	138	0.010335917312661591
2019-06-20	8998	9075	8998	9033	1035	0.004447903925275165
2019-06-21	9056	9065	9008	9018	518	-0.0016605778811026317
2019-06-24	9075	9075	8963	8998	502	-0.002217786648924358
2019-06-25	9075	9110	8998	9028	515	0.0033340742387197864
2019-06-26	9036	9041	8973	8979	618	-0.005427558706247226
2019-06-27	9061	9147	9012	9072	2116	0.010357500835282307
2019-06-28	9070	9070	8983	8993	117	-0.008708112874779572
2019-07-01	9017	9046	8978	9013	515	0.0022239519626376936
2019-07-02	8958	8963	8876	8950	108	-0.006989903472761516
2019-07-03	8929	8958	8919	8946	1030	-0.0004469273743016311
2019-07-04	8933	8938	8856	8926	1029	-0.002235636038452893
2019-07-05	8943	9056	8943	9033	5667	0.01198745238628729
2019-07-08	8983	8988	8842	8844	372	-0.020923281301893026
2019-07-09	8861	8924	8777	8787	1055	-0.006445047489823663
2019-07-10	8782	8812	8758	8801	1140	0.0015932627745534056
2019-07-11	8837	8910	8837	8882	1401	0.00920349960231781
2019-07-12	8943	8968	8866	8867	103	-0.0016888088268407486
2019-07-15	8900	8963	8900	8921	104	0.006089996616668536
2019-07-16	8905	8958	8871	8921	115	0.0
2019-07-17	8876	8900	8812	8896	312	-0.002802376415200092
2019-07-18	8876	8933	8866	8877	10592	-0.0021357913669064477
2019-07-19	8881	8988	8881	8970	408	0.010476512335248378
2019-07-22	8953	8978	8919	8936	721	-0.0037904124860647093
2019-07-23	8929	8988	8919	8965	307	0.0032452999104743974
2019-07-24	8983	9041	8948	8950	318	-0.001673173452314547
2019-07-25	9008	9061	8929	9053	643	0.01150837988826825
2019-07-26	9090	9152	9036	9141	397	0.009720534629404698
2019-07-29	9090	9090	8943	8960	104	-0.019800897057214772
2019-07-30	8948	8973	8905	8916	104	-0.004910714285714324
2019-07-31	8919	9008	8866	8955	230	0.004374158815612317
2019-08-01	8958	9080	8929	9028	742	0.008151870463428246
2019-08-02	9017	9075	9012	9067	44531	0.0043198936641559715
2019-08-05	9021	9021	8715	8737	164	-0.036395720745560856
2019-08-06	8457	8802	8427	8645	15526	-0.01052993018198467
2019-08-07	8641	8656	8549	8612	5209	-0.0038172353961827277
2019-08-08	8720	8861	8651	8820	522	0.02415234556432888
2019-08-09	8910	8998	8910	8931	373	0.012585034013605334
2019-08-12	8933	8953	8885	8906	11078	-0.002799238607098853
2019-08-13	8910	8993	8905	8950	206	0.004940489557601513
2019-08-14	8929	8929	8827	8830	114	-0.013407821229050265
2019-08-16	8715	8725	8656	8722	20938	-0.012231030577576463
2019-08-19	8762	8807	8750	8797	9898	0.008598945196055974
2019-08-20	8797	8973	8767	8960	21341	0.018529043992270067
2019-08-21	8924	9031	8900	9023	161	0.007031250000000044
2019-08-22	9041	9138	9026	9053	112	0.0033248365288707227
2019-08-23	8988	9046	8938	9048	5450	-0.0005523031039434967
2019-08-26	8842	8890	8807	8844	748	-0.022546419098143256
2019-08-27	8885	8958	8871	8896	112	0.00587969244685671
2019-08-28	8914	8943	8856	8931	107	0.003934352517985573
2019-08-29	8910	8963	8876	8950	105	0.002127421341395097
2019-08-30	9046	9090	9012	9038	244	0.009832402234636772
2019-09-02	9090	9157	9065	9145	104	0.011838902412038
2019-09-03	9182	9250	9162	9199	512	0.00590486604702023
2019-09-04	9197	9265	9187	9262	108	0.006848570496793105
2019-09-05	9260	9274	9090	9136	407	-0.013603973223925703
2019-09-06	9100	9157	9100	9111	105	-0.0027364273204903977
2019-09-09	9124	9220	9124	9199	106	0.00965865437383373
2019-09-10	9192	9211	9147	9179	520	-0.0021741493640613507
2019-09-11	9206	9245	9187	9218	112	0.004248828848458341
2019-09-16	9289	9289	9197	9204	566	-0.0015187676285528529
2019-09-17	9245	9274	9230	9252	508	0.0052151238591917615
2019-09-18	9313	9429	9308	9394	486	0.01534803285776043
2019-09-19	9367	9399	9298	9339	21694	-0.005854800936768156
2019-09-20	9332	9367	9293	9369	14824	0.0032123353678124023
2019-09-23	9342	9395	9327	9379	49822	0.0010673497705198098
2019-09-24	9357	9444	9352	9414	565	0.003731741123787158
2019-09-25	9409	9444	9362	9379	21353	-0.00371786700658594
2019-09-26	9399	9468	9352	9404	160	0.0026655293741337793
2019-09-27	9399	9399	9313	9384	278	-0.002126754572522316
2019-09-30	9357	9409	9342	9404	1007	0.002131287297527651
2019-10-01	9424	9498	9424	9452	5035	0.005104210974053558
2019-10-02	9352	9371	9318	9321	3027	-0.013859500634786248
2019-10-04	9318	9342	9095	9096	10622	-0.024139040875442497
2019-10-07	9142	9157	9065	9111	201	0.0016490765171504052
2019-10-08	9100	9133	9065	9106	137	-0.000548787180331467
2019-10-10	9012	9172	9008	9126	104	0.0021963540522731417
2019-10-11	9376	9376	9177	9189	56627	0.006903353057199135
2019-10-14	9250	9250	9167	9189	110	0.0
2019-10-15	9211	9211	9138	9141	1083	-0.005223636957231492
2019-10-16	9152	9206	9152	9189	5245	0.005251066622907752
2019-10-17	9245	9308	9172	9179	5304	-0.001088257699423223
2019-10-18	9269	9274	9177	9179	169	0.0
2019-10-21	9293	9293	9142	9257	10456	0.008497657696916905
2019-10-22	9255	9327	9255	9331	254	0.007993950523927928
2019-10-23	9371	9371	9371	9374	1	0.004608294930875667
2019-10-24	9303	9342	9260	9344	112	-0.003200341369746118
2019-10-25	9347	9399	9342	9394	103	0.005351027397260344
2019-10-28	9429	9434	9327	9394	1146	0.0
2019-10-29	9399	9409	9313	9326	107	-0.007238662976367882
2019-10-30	9308	9358	9289	9334	10994	0.0008578168561013122
2019-10-31	9445	9658	9396	9570	10297	0.0252839082922649
2019-11-01	9712	9712	9590	9695	400	0.013061650992685525
2019-11-04	9697	9785	9697	9778	10587	0.008561113976276458
2019-11-05	9717	9795	9707	9753	10505	-0.0025567600736347007
2019-11-06	9766	9903	9766	9885	18963	0.013534297139341733
2019-11-07	9961	9961	9824	9939	26217	0.005462822458270011
2019-11-08	9931	9931	9838	9875	17965	-0.006439279605594095
2019-11-11	9863	9916	9843	9885	41982	0.0010126582278480178
2019-11-12	9863	9903	9790	9904	22977	0.0019221041982802056
2019-11-13	9833	9833	9736	9778	104	-0.012722132471728598
2019-11-14	9898	10170	9898	10173	7367	0.04039680916342814
2019-11-15	10228	10228	10068	10124	245	-0.004816671581637677
2019-11-18	10193	10253	10112	10221	11773	0.009581193204267091
2019-11-19	10093	10141	10014	10047	64	-0.017023774581743423
2019-11-20	10088	10122	9956	9973	12692	-0.007365382701303824
2019-11-21	9951	9951	9820	9949	30533	-0.002406497543367081
2019-11-22	9888	9971	9833	9890	751	-0.005930244245652805
2019-11-25	9966	10122	9966	10105	317	0.021739130434782705
2019-11-26	10141	10155	10068	10105	9163	0.0
2019-11-27	10248	10248	10039	10075	1442	-0.002968827313211242
2019-11-28	10019	10107	10019	10105	1074	0.0029776674937964653
2019-11-29	10183	10183	9921	10012	5063	-0.00920336467095495
2019-12-02	10068	10073	9985	10022	256	0.0009988014382740218
2019-12-03	9916	10034	9908	10012	279	-0.0009978048293753927
2019-12-04	10000	10048	9971	10027	2160	0.0014982021574110327
2019-12-05	9985	9985	9815	9856	375	-0.017053954323327014
2019-12-06	9961	10004	9898	10007	1505	0.015320616883116811
2019-12-09	10000	10000	9912	9939	89	-0.006795243329669187
2019-12-10	9853	9975	9853	9954	136	0.001509206157561227
2019-12-11	9926	9971	9863	9973	3487	0.00190878038979303
2019-12-12	9975	10043	9966	10007	50344	0.0034092048531033647
2019-12-13	10063	10063	9966	10042	5198	0.0034975517138002843
2019-12-16	10068	10117	10068	10109	15768	0.006671977693686548
2019-12-17	10097	10145	10053	10129	8140	0.001978435057869321
2019-12-18	10088	10131	10083	10119	7052	-0.000987264290650658
2019-12-19	10112	10141	10053	10143	1979	0.0023717758671806255
2019-12-20	10188	10238	10122	10173	9415	0.0029577048210589485
2019-12-23	10198	10208	10141	10206	63	0.0032438808611028325
2019-12-24	10174	10174	10029	10055	8327	-0.01479521849892218
2019-12-26	10043	10093	10029	10075	538	0.0019890601690701892
2019-12-27	10117	10305	10102	10274	94	0.019751861042183627
2019-12-30	10310	10409	10310	10376	628	0.009927973525403866
2020-01-02	10330	10335	10208	10234	1177	-0.01368542791056282
2020-01-03	10320	10320	10145	10193	356	-0.004006253664256443
2020-01-06	10078	10126	10068	10119	12465	-0.00725988423427848
2020-01-07	10228	10364	10193	10366	269790	0.024409526633066614
2020-01-08	10296	10296	10117	10211	31041	-0.014952730079104803
2020-01-09	10350	10364	10300	10366	975	0.015179708157869065
2020-01-10	10374	10427	10374	10420	1749	0.0052093382211073624
2020-01-13	10486	10583	10486	10567	9010	0.014107485604606618
2020-01-14	10686	10696	10608	10673	5643	0.010031229298760325
2020-01-15	10667	10711	10608	10707	22202	0.0031856085449264437
2020-01-16	10583	10744	10583	10737	115974	0.0028019052956009816
2020-01-17	10729	10784	10657	10687	15225	-0.0046567942628295
2020-01-20	10729	10729	10526	10542	2581	-0.013567886216899083
2020-01-21	10536	10536	10379	10381	8832	-0.015272244355909681
2020-01-22	10466	10559	10466	10527	785	0.014064155669010647
2020-01-23	10394	10496	10374	10401	30325	-0.011969222000569935
2020-01-28	10102	10174	10034	10050	2712	-0.033746755119700045
2020-01-29	10122	10170	10117	10143	23702	0.009253731343283667
2020-01-30	10156	10184	10019	10075	52	-0.006704130927733365
2020-01-31	10146	10146	9975	9977	18606	-0.009727047146401935
2020-02-03	9951	9995	9931	9973	52102	-0.00040092212087805557
2020-02-04	10078	10170	9951	10134	74548	0.01614358768675417
2020-02-05	10151	10156	10024	10100	19926	-0.003355042431418931
2020-02-06	10204	10306	10199	10304	25842	0.020198019801980216
2020-02-07	10385	10385	10273	10309	73	0.0004852484472048779
2020-02-10	10161	10277	10161	10269	666	-0.003880104762828629
2020-02-11	10351	10395	10341	10381	43941	0.010906612133606108
2020-02-12	10390	10502	10311	10502	72186	0.01165590983527598
2020-02-13	10589	10619	10487	10562	7689	0.0057131974861930335
2020-02-14	10624	10624	10502	10537	109872	-0.0023669759515243527
2020-02-17	10428	10428	10287	10357	223025	-0.017082661098984486
2020-02-18	10415	10415	10244	10289	122731	-0.006565607801486961
2020-02-19	10361	10385	10219	10386	109634	0.009427543979006803
2020-02-20	10395	10425	10249	10279	11590	-0.010302330059695719
2020-02-21	10273	10292	10151	10173	11580	-0.010312287187469571
2020-02-24	10014	10014	9805	9812	22364	-0.035486090632065315
2020-02-25	9790	10009	9781	10002	5954	0.019364044027721183
2020-02-26	9966	9995	9858	9934	21447	-0.006798640271945655
2020-02-27	9980	9980	9702	9753	17004	-0.018220253674250064
2020-02-28	9640	9640	9338	9403	4912	-0.03588639393007276
2020-03-02	9440	9580	9313	9519	380	0.012336488354780295
2020-03-03	9722	9722	9489	9505	193	-0.0014707427250761906
2020-03-04	9610	9795	9610	9773	579	0.02819568648079951
2020-03-05	9926	9926	9800	9904	8470	0.01340427708994163
2020-03-06	9800	9810	9658	9710	103924	-0.01958804523424884
2020-03-09	9445	9455	9303	9325	22851	-0.03964984552008244
2020-03-10	9240	9546	9240	9470	4449	0.015549597855227804
2020-03-11	9455	9499	9201	9256	5353	-0.02259767687434
2020-03-12	9182	9265	8845	8959	17302	-0.03208729472774419
2020-03-13	8602	8749	8125	8623	836	-0.037504185735015017
2020-03-16	8816	8816	8285	8287	1646	-0.038965557230662196
2020-03-17	8134	8348	7993	8248	615	-0.004706166284542013
2020-03-18	8338	8348	7852	7853	336	-0.047890397672162965
2020-03-19	7915	7983	7057	7357	190005	-0.06316057557621291
2020-03-20	7584	7945	7251	7945	184932	0.07992388201712664
2020-03-23	7301	7642	7291	7396	2782	-0.06910006293266202
2020-03-24	7662	7890	7574	7893	567	0.06719848566792863
2020-03-25	8290	8290	7969	8184	24439	0.03686811098441667
2020-03-26	8217	8372	8144	8146	1434	-0.004643206256109478
2020-03-27	8523	8523	8066	8287	51149	0.017309108765038106
2020-03-30	8192	8372	8022	8326	1588	0.004706166284542013
2020-03-31	8441	8523	8348	8527	1421	0.024141244294979547
2020-04-01	8367	8543	8226	8229	1294	-0.03494781282983461
2020-04-02	8353	8558	8182	8560	2896	0.04022359946530574
2020-04-03	8558	8558	8363	8527	6552	-0.0038551401869159063
2020-04-06	8645	8831	8592	8833	1785	0.03588600914741402
2020-04-07	9045	9045	8734	8881	1742	0.005434167327069028
2020-04-08	8909	8937	8766	8818	1147	-0.007093795743722597
2020-04-09	8957	8957	8841	8935	221	0.013268314810614745
2020-04-10	8855	8972	8776	8974	3456	0.004364857302741942
2020-04-13	8923	8923	8766	8780	357	-0.02161800757744592
2020-04-14	8884	8932	8816	8886	1151	0.01207289293849656
2020-04-16	8826	9084	8826	9022	7022	0.015304974116587822
2020-04-17	9225	9415	9157	9295	3548	0.030259365994236287
2020-04-20	9303	9536	9303	9310	13857	0.0016137708445400634
2020-04-21	9308	9372	9050	9266	1098	-0.004726100966702451
2020-04-22	9084	9333	9064	9330	6816	0.006906971724584432
2020-04-23	9469	9682	9469	9631	9973	0.032261521972132945
2020-04-24	9610	9732	9504	9569	9536	-0.006437545426227764
2020-04-27	9658	9843	9645	9822	8190	0.026439544362002243
2020-04-28	9839	9889	9727	9890	2987	0.006923233557320385
2020-04-29	9904	9992	9879	9940	32285	0.005055611729019249
2020-05-04	9697	10045	9697	9900	7119	-0.004024144869215318
2020-05-06	9927	10242	9927	10224	15112	0.032727272727272716
2020-05-07	10300	10394	10182	10321	61682	0.009487480438184592
2020-05-08	10443	10477	10276	10336	296009	0.0014533475438427423
2020-05-11	10345	10541	10345	10375	6927	0.003773219814241502
2020-05-12	10399	10541	10267	10454	10583	0.007614457831325305
2020-05-13	10340	10502	10340	10502	8287	0.004591543906638629
2020-05-14	10394	10722	10394	10699	5516	0.01875833174633401
2020-05-15	10625	10742	10443	10552	8225	-0.01373960183194689
2020-05-18	10560	10629	10502	10557	5712	0.0004738438210765139
2020-05-19	10527	10659	10517	10625	3428	0.006441223832528209
2020-05-20	10708	10942	10679	10900	31375	0.025882352941176467
2020-05-21	10952	11109	10952	11067	9921	0.015321100917431218
2020-05-22	11051	11247	11021	11165	202482	0.008855154965211831
2020-05-25	11276	11600	11232	11596	55627	0.038602776533811056
2020-05-26	11713	11782	11409	11714	71107	0.01017592273197665
2020-05-27	11644	11649	11404	11499	31051	-0.01835410619771216
2020-05-28	11448	11624	11296	11616	27719	0.010174797808505165
2020-05-29	11556	11586	11404	11455	47371	-0.013860192837465535
2020-06-01	11477	11659	11477	11659	24714	0.01780881711043203
2020-06-02	11581	11624	11551	11626	106108	-0.0028304314263658537
2020-06-03	11669	11689	11404	11460	76819	-0.014278341648030324
2020-06-04	11556	11694	11536	11616	4624	0.013612565445026092
2020-06-05	11502	11619	11472	11621	6831	0.00043044077134979375
2020-06-08	11679	11796	11541	11714	34831	0.008002753635659499
2020-06-09	11654	11826	11581	11679	11055	-0.0029878777531159306
2020-06-10	11679	11894	11679	11886	30085	0.017724120215771855
2020-06-11	11777	11959	11679	11797	27712	-0.007487800774019893
2020-06-12	11344	11713	11261	11679	8563	-0.010002543019411725
2020-06-15	11600	11679	11051	11067	52187	-0.05240174672489084
2020-06-16	11212	11586	11212	11586	9832	0.04689617782596911
2020-06-17	11590	11713	11457	11636	8047	0.004315553253927185
2020-06-18	11586	11669	11522	11601	5521	-0.00300790649707805
2020-06-19	11713	11713	11551	11641	52556	0.0034479786225325437
2020-06-22	11639	11944	11556	11929	27887	0.024740142599433135
2020-06-23	11929	12242	11929	12023	76977	0.00787995640875172
2020-06-24	12022	12076	11934	12077	8663	0.00449139149962563
2020-06-25	11987	11987	11772	11773	13319	-0.02517181419226633
2020-06-26	11899	11899	11713	11871	10565	0.00832413148730149
2020-06-29	11762	11782	11576	11616	23274	-0.021480919888804628
2020-06-30	11757	11855	11634	11768	1912	0.013085399449035862
2020-07-01	11870	11964	11816	11871	3498	0.008752549286199951
2020-07-02	11964	12169	11964	12170	43794	0.025187431555892426
2020-07-03	12189	12296	12145	12279	102427	0.00895645028759251
2020-07-06	12276	12497	12276	12460	33894	0.014740614056519163
2020-07-07	12674	12679	12438	12489	27936	0.00232744783306571
2020-07-08	12492	12703	12389	12700	25020	0.016894867483385312
2020-07-09	12733	13027	12733	13003	46586	0.02385826771653554
2020-07-10	12958	13253	12929	13023	54843	0.0015381065907866809
2020-07-13	13037	13066	12884	13028	50160	0.0003839361130308916
2020-07-14	12816	12884	12752	12847	114587	-0.013893153208474063
2020-07-15	13022	13032	12698	12804	109847	-0.003347084922549981
2020-07-16	12679	12718	12443	12524	122829	-0.021868166198063088
2020-07-17	12438	12624	12438	12572	40552	0.0038326413286489114
2020-07-20	12566	12566	12242	12332	197176	-0.019090041361756294
2020-07-21	12516	12586	12423	12474	212373	0.01151475835225435
2020-07-22	12443	12473	12261	12411	184968	-0.005050505050505083
2020-07-23	12478	12581	12379	12582	88644	0.013778100072516342
2020-07-24	12423	12541	12364	12435	346872	-0.011683357176919373
2020-07-27	12423	12566	12355	12479	31162	0.003538399678327364
2020-07-28	12664	12683	12526	12587	68363	0.0086545396265727
2020-07-29	12536	12688	12458	12690	134932	0.008183045999841099
2020-07-30	12728	12806	12683	12769	395881	0.006225374310480758
2020-07-31	12713	12949	12713	12921	746274	0.011903829587281756
2020-08-03	12988	13204	12909	13204	427307	0.021902329541057197
2020-08-04	13243	13424	12856	13327	419289	0.009315358982126654
2020-08-05	13390	13390	13199	13391	249690	0.004802281083514659
2020-08-06	13361	13552	13336	13416	196991	0.0018669255470091795
2020-08-07	13586	13586	13223	13318	113205	-0.007304710793082925
2020-08-10	13116	13532	13116	13519	100964	0.015092356209641
2020-08-11	13517	13542	13414	13509	73295	-0.0007396996819291068
2020-08-12	13488	13552	13277	13533	51751	0.0017765933821896063
2020-08-13	13728	13748	13522	13636	266578	0.00761102490209109
2020-08-14	13635	13757	13464	13666	51241	0.002200058668231142
2020-08-18	13757	13811	13336	13464	181553	-0.01478120883945555
2020-08-19	13659	13708	13469	13666	85124	0.015002970885323874
2020-08-20	13659	13703	13121	13224	67726	-0.03234304112395725
2020-08-21	13429	13503	13238	13436	98862	0.016031457955232975
2020-08-24	13464	13668	13371	13671	73134	0.017490324501339582
2020-08-25	13757	13890	13698	13891	145006	0.016092458488771832
2020-08-26	13934	14091	13801	14068	358259	0.012742063206392595
2020-08-27	14208	14326	14081	14157	249506	0.00632641455786187
2020-08-28	14203	14296	14018	14211	219439	0.00381436745073116
2020-08-31	14213	14483	14101	14211	260153	0.0
2020-09-01	14326	14356	14140	14191	209221	-0.0014073604953909191
2020-09-02	14223	14405	14218	14376	163883	0.013036431541117555
2020-09-03	14488	14488	14291	14450	205719	0.0051474680022258745
2020-09-04	13978	14253	13968	14191	247192	-0.017923875432525938
2020-09-07	14278	14278	13963	14068	139869	-0.008667465294905252
2020-09-08	13998	14184	13860	13989	175196	-0.005615581461472896
2020-09-09	13762	13875	13698	13833	164238	-0.011151619129315837
2020-09-10	13904	14041	13841	13946	123239	0.008168871539073308
2020-09-11	13855	13968	13836	13966	91530	0.0014341029685931428
2020-09-14	14081	14081	13914	14029	61121	0.004510955176858067
2020-09-15	14031	14184	13978	14147	141515	0.008411148335590646
2020-09-16	14150	14213	14051	14102	109466	-0.0031808864070120846
2020-09-17	14051	14051	13870	13956	77327	-0.01035314139838317
2020-09-18	13978	14027	13845	13984	155081	0.0020063055316710265
2020-09-21	13998	14023	13664	13734	59218	-0.01787757437070936
2020-09-22	13693	13733	13316	13366	225062	-0.026794815785641468
2020-09-23	13366	13601	13243	13538	51842	0.01286847224300458
2020-09-24	13336	13454	13219	13303	28562	-0.01735854631407885
2020-09-25	13262	13386	13189	13327	59891	0.0018041043373675514
2020-09-28	13302	13664	13302	13646	35968	0.023936369775643396
2020-09-29	13757	13757	13586	13676	59077	0.0021984464311886054
2020-10-05	13748	13836	13635	13838	96428	0.011845568879789381
2020-10-06	13875	14023	13836	13975	148997	0.009900274606156945
2020-10-07	13919	14036	13850	14009	108346	0.002432915921287915
2020-10-08	14008	14213	13963	13999	111062	-0.0007138268256120517
2020-10-12	14031	14120	13895	13956	33624	-0.0030716479748553738
2020-10-13	13900	14031	13900	14014	22343	0.004155918601318476
2020-10-14	13953	14023	13850	13911	63211	-0.007349793064078791
2020-10-15	13924	13924	13757	13847	19199	-0.00460067572424705
2020-10-16	13875	13919	13693	13818	38351	-0.0020943164584386054
2020-10-19	13919	13924	13664	13681	32397	-0.00991460413952816
2020-10-20	13630	13826	13527	13828	18600	0.010744828594400957
2020-10-21	13924	14013	13826	13999	36745	0.01236621347989586
2020-10-22	13998	13998	13713	13823	12691	-0.012572326594756822
2020-10-23	13919	13919	13601	13641	75778	-0.013166461694277598
2020-10-26	13678	13678	13272	13371	24935	-0.01979327028810207
2020-10-27	13262	13479	13238	13298	8672	-0.005459576695834301
2020-10-28	13336	13606	13302	13607	25229	0.023236576928861385
2020-10-29	13424	13527	13316	13469	16674	-0.010141838759462063
2020-10-30	13537	13537	13046	13048	15416	-0.031256960427648695
2020-11-02	12973	13204	12973	13161	16507	0.008660331085223794
2020-11-03	13121	13243	13121	13219	7882	0.004406959957450107
2020-11-04	13262	13577	13258	13558	15236	0.025644905060897116
2020-11-05	13488	13694	13488	13681	157773	0.00907213453311706
2020-11-06	13787	13964	13689	13789	81596	0.007894159783641497
2020-11-09	13920	13934	13817	13891	36562	0.007397200667198511
2020-11-10	13777	13777	13591	13686	21505	-0.014757756820963253
2020-11-11	13621	13782	13522	13779	12975	0.0067952652345462106
2020-11-12	13861	13930	13758	13842	50433	0.004572175048987548
2020-11-13	13832	13939	13724	13901	29589	0.004262389828059598
2020-11-16	13861	13974	13792	13867	20312	-0.0024458672037982465
2020-11-17	13920	13920	13744	13808	9819	-0.004254705415735249
2020-11-18	13714	13934	13714	13852	28846	0.0031865585168018296
2020-11-19	13866	13886	13754	13794	37119	-0.004187120993358384
2020-11-20	13842	13881	13787	13847	6978	0.0038422502537334147
2020-11-23	13964	13964	13822	13931	37047	0.00606629594858088
2020-11-24	13930	14037	13896	14019	55765	0.006316847318929009
2020-11-25	14131	14131	13739	13823	105268	-0.013981025750766762
2020-11-26	13861	13979	13851	13979	92853	0.01128553859509518
2020-11-27	13944	14019	13910	13970	92611	-0.000643822877172906
2020-11-30	14112	14112	13827	13857	21494	-0.00808876163206873
2020-12-01	13984	14042	13866	14024	85686	0.012051670635779832
2020-12-02	14032	14042	13934	14019	71420	-0.00035653166001137215
2020-12-03	14019	14107	13954	14107	79767	0.006277195235038224
2020-12-04	14077	14279	14052	14279	280450	0.012192528531934421
2020-12-07	14307	14307	13999	14161	56943	-0.008263884025491941
2020-12-08	14160	14160	13999	14054	44687	-0.0075559635618953624
2020-12-09	14042	14156	14037	14157	25118	0.007328874341824498
2020-12-10	14112	14185	13984	14088	21611	-0.004873913964823062
2020-12-11	14126	14332	14126	14274	184877	0.01320272572402037
2020-12-14	14274	14342	14156	14226	70398	-0.0033627574611181377
2020-12-15	14112	14214	14032	14112	18100	-0.00801349641501481
2020-12-16	14146	14214	14087	14196	19369	0.005952380952380931
2020-12-17	14195	14195	14019	14117	13439	-0.005564947872640169
2020-12-18	14102	14102	13984	14078	14996	-0.0027626266203867322
2020-12-21	14121	14204	13994	14171	30933	0.006606051996022266
2020-12-22	14165	14292	14028	14049	39266	-0.008609131324536001
2020-12-23	14244	14244	13994	14093	13041	0.003131895508577065
2020-12-24	14141	14141	14032	14127	32289	0.0024125452352230514
2020-12-28	14229	14229	13994	14097	24010	-0.0021235931195583424
2020-12-29	14357	14357	14165	14289	147195	0.013619919131730107
2020-12-30	14337	14460	14312	14431	380688	0.009937714325705116
2021-01-04	14430	14544	14332	14544	279884	0.007830365186057842
2021-01-05	14503	14738	14473	14740	535988	0.013476347634763464
2021-01-06	14744	14970	14666	14726	377232	-0.0009497964721845165
2021-01-07	14912	15102	14794	15094	158755	0.024989813934537475
2021-01-08	15299	15642	15107	15599	244183	0.033457002782562695
2021-01-11	15735	15902	15205	15604	158689	0.00032053336752357886
2021-01-12	15387	15642	15177	15629	48827	0.001602153294027131
2021-01-13	15740	15853	15628	15825	49458	0.012540789557873078
2021-01-14	15829	15932	15730	15810	46216	-0.0009478672985782088
2021-01-15	15932	15932	15432	15432	35558	-0.02390891840607212
2021-01-18	15338	15392	15073	15089	26518	-0.022226542249870418
2021-01-19	15225	15505	15142	15388	37522	0.019815759825038137
2021-01-20	15505	15559	15260	15497	90440	0.007083441642838473
2021-01-21	15628	15962	15628	15957	65885	0.02968316448344832
2021-01-22	16050	16447	15907	16208	92055	0.0157297737669988
2021-01-25	16418	16638	16246	16556	66020	0.021470878578479846
2021-01-26	16688	16688	16128	16203	89874	-0.021321575259724557
2021-01-27	16353	16398	16025	16129	44555	-0.004567055483552407
2021-01-28	15868	16192	15785	16031	72928	-0.006076012152024357
2021-01-29	16246	16246	15358	15515	78267	-0.03218763645436962
2021-02-01	15348	15682	15294	15682	25594	0.010763776990009744
2021-02-02	15883	16192	15814	15952	28679	0.017217191684734123
2021-02-03	15995	16231	15981	16232	36226	0.017552657973921804
2021-02-04	16231	16231	15937	16055	29642	-0.010904386397240007
2021-02-05	16079	16226	15976	16203	29951	0.009218312052320154
2021-02-08	16187	16226	15990	16115	27522	-0.005431093007467802
2021-02-09	16177	16207	16025	16070	45260	-0.0027924294135898142
2021-02-10	16202	16378	16075	16370	105197	0.01866832607342883
2021-02-15	16570	16712	16383	16683	147976	0.019120342089187448
2021-02-16	16732	17051	16722	17017	229036	0.020020380027572893
2021-02-17	17070	17070	16805	16988	172415	-0.0017041781747664242
2021-02-18	17060	17124	16815	16850	256354	-0.008123381210266123
2021-02-19	16815	16968	16525	16968	231608	0.007002967359050372
2021-02-22	16968	17041	16663	16708	105300	-0.015322960867515278
2021-02-23	16481	16776	16378	16669	90434	-0.0023342111563322554
2021-02-24	16717	16727	16143	16144	50641	-0.03149559061731355
2021-02-25	16295	16501	16226	16502	41366	0.022175421209117863
2021-02-26	16330	16330	16079	16296	33747	-0.012483335353290492
2021-03-02	16575	16628	16290	16370	39403	0.0045409916543937
2021-03-03	16373	16776	16368	16777	43746	0.02486255345143551
2021-03-04	16609	16776	16496	16610	49717	-0.009954103832627959
2021-03-05	16462	16462	16113	16345	92684	-0.015954244431065634
2021-03-08	16358	16486	16075	16095	25966	-0.015295197308045294
2021-03-09	16084	16084	15593	15894	25029	-0.012488350419384897
2021-03-10	16093	16202	16045	16178	32572	0.017868378004278318
2021-03-11	16172	16486	16118	16399	37551	0.01366052664111761
2021-03-12	16648	16707	16511	16585	50628	0.011342155009451904
2021-03-15	16585	16638	16437	16640	102630	0.0033162496231533556
2021-03-16	16693	16746	16638	16738	39585	0.005889423076923084
2021-03-17	16741	16850	16609	16718	93131	-0.0011948858883976676
2021-03-18	16845	17139	16781	17032	218564	0.018782150974997025
2021-03-19	16810	16977	16703	16915	66251	-0.00686942226397369
2021-03-22	16913	16953	16781	16948	56501	0.0019509311262193574
2021-03-23	17051	17060	16653	16738	78372	-0.01239084257729528
2021-03-24	16623	16717	16486	16718	78270	-0.0011948858883976676
2021-03-25	16678	16707	16525	16645	38730	-0.004366551022849663
2021-03-26	16727	16977	16727	16978	47347	0.02000600781015316
2021-03-29	16982	16982	16693	16698	45338	-0.01649193073389088
2021-03-30	16722	16903	16722	16757	24864	0.003533357288298067
2021-03-31	16860	16977	16800	16850	20805	0.005549919436653283
2021-04-01	16879	16938	16766	16840	12655	-0.0005934718100890635
2021-04-02	16903	16923	16830	16900	33354	0.0035629453681709222
2021-04-05	16928	16928	16791	16885	14921	-0.0008875739644970126
2021-04-06	16893	17311	16893	17292	379174	0.024104234527687396
2021-04-07	17306	17316	17124	17268	99963	-0.001387925052047212
2021-04-08	17266	17365	17139	17238	200177	-0.0017373175816539632
2021-04-09	17276	17375	17276	17361	130136	0.007135398538113513
2021-04-12	17370	17404	17286	17390	142371	0.0016704106906284544
2021-04-13	17394	17571	17394	17572	270143	0.01046578493387007
2021-04-14	17571	17610	17507	17581	254872	0.0005121784657409201
2021-04-15	17639	18316	17591	17950	560827	0.020988567203230835
2021-04-16	17958	18042	17831	18023	263332	0.004066852367688112
2021-04-19	18150	18150	17899	17984	123489	-0.0021639016811851874
2021-04-20	17958	18116	17909	18111	179575	0.007061832740213436
2021-04-21	18106	18106	17753	17841	247810	-0.014908066920655938
2021-04-22	17851	17988	17851	17935	196943	0.00526876296171741
2021-04-23	17851	17983	17698	17940	106744	0.00027878449958174123
2021-04-26	17978	17993	17899	17994	60182	0.003010033444815985
2021-04-27	18106	18238	18046	18210	108690	0.01200400133377788
2021-04-28	18233	18233	17924	18023	122471	-0.010269082921471773
2021-04-29	18102	18102	17657	17731	128021	-0.016201520279642723
2021-04-30	17662	17741	17419	17544	145430	-0.010546500479386434
2021-05-03	17543	17855	17469	17633	62617	0.005072959416324574
2021-05-04	17850	17869	17489	17702	67892	0.0039131174502353705
2021-05-06	17597	17815	17597	17741	32127	0.0022031408880351933
2021-05-07	17874	17904	17780	17781	90174	0.0022546643368468455
2021-05-10	17929	18072	17825	18053	101875	0.015297227377537803
2021-05-11	17988	18018	17795	17929	108856	-0.006868664487896803
2021-05-12	17929	17939	17513	17677	122704	-0.014055440905795136
2021-05-13	17370	17622	17291	17440	55809	-0.01340725236182605
2021-05-14	17528	17607	17439	17484	121608	0.0025229357798164376
2021-05-17	17573	17652	17375	17514	33816	0.0017158544955386823
2021-05-18	17607	17696	17573	17623	31794	0.006223592554527757
2021-05-20	17607	17726	17543	17687	52532	0.003631617772229534
2021-05-21	17766	17934	17726	17835	102824	0.008367727709617245
2021-05-24	17731	17869	17691	17781	13508	-0.0030277544154752034
2021-05-25	17800	17998	17800	17999	43328	0.012260277824644339
2021-05-26	18018	18300	18018	18211	329423	0.011778432135118644
2021-05-27	18275	18428	18082	18429	230838	0.011970786887046225
2021-05-28	18379	18428	18216	18315	88669	-0.006185902653426667
2021-05-31	18310	18497	18280	18483	322442	0.00917280917280916
2021-06-01	18497	18774	18497	18775	572628	0.015798301141589643
2021-06-02	18784	18853	18720	18804	382923	0.0015446071904128278
2021-06-03	18804	18863	18710	18780	61785	-0.0012763241863433805
2021-06-04	18685	18685	18374	18478	218509	-0.01608093716719916
2021-06-07	18517	18690	18443	18646	125699	0.00909189306201963
2021-06-08	18646	18829	18636	18785	260681	0.007454681969323085
2021-06-09	18784	18839	18661	18740	112366	-0.0023955283470854516
2021-06-10	18735	19180	18735	19111	631208	0.019797225186766187
2021-06-11	19180	19224	19012	19136	250470	0.0013081471403904033
2021-06-14	19190	19526	19190	19492	335690	0.018603678929765888
2021-06-15	19531	19625	19378	19625	244548	0.006823312128052539
2021-06-16	19570	19773	19496	19749	257659	0.006318471337579679
2021-06-17	19664	19902	19595	19858	227532	0.005519266798318823
2021-06-18	19857	20174	19857	20125	388275	0.013445462785778961
2021-06-21	20065	20099	19753	19942	293834	-0.009093167701863303
2021-06-22	20124	20144	19931	20055	190113	0.005666432654698683
2021-06-23	20134	20723	20129	20674	676649	0.03086512091747684
2021-06-24	20747	20797	20213	20322	465914	-0.01702621650382119
2021-06-25	20282	20465	20124	20327	279388	0.0002460387757110549
2021-06-28	20282	20396	20188	20397	343522	0.0034436955773109457
2021-06-29	20460	20460	20307	20461	329496	0.0031377163308330402
2021-06-30	20460	20727	20391	20585	201797	0.006060309857778279
2021-07-01	20693	20742	20431	20500	184290	-0.00412922030604812
2021-07-02	20500	20564	20347	20466	94323	-0.0016585365853658551
2021-07-05	20505	20564	20332	20382	76204	-0.004104368220463228
2021-07-06	20371	20480	20287	20337	131153	-0.0022078304386222714
2021-07-07	20342	20490	20317	20436	104815	0.004867974627526195
2021-07-08	20441	20673	20376	20466	103068	0.0014679976512037562
2021-07-09	20292	20322	19976	20258	202928	-0.010163197498289867
2021-07-12	20337	20480	20248	20441	133869	0.009033468259453059
2021-07-13	20475	20718	20460	20674	204216	0.011398659556773216
2021-07-14	20633	20732	20579	20698	148445	0.0011608783979877302
2021-07-15	20732	20742	20604	20678	147267	-0.0009662769349695344
2021-07-16	20658	20747	20559	20664	98460	-0.0006770480704130222
2021-07-19	20530	20530	20347	20486	178935	-0.008614014711575635
2021-07-20	20213	20327	20134	20308	240191	-0.008688860685346134
2021-07-21	20386	20480	19867	19907	199130	-0.01974591294071304
2021-07-22	19996	20188	19936	20164	142067	0.012910031647159315
2021-07-23	20258	20436	20159	20342	123198	0.008827613568736403
2021-07-26	20490	20564	20282	20337	71803	-0.0002457968734638216
2021-07-27	20401	20535	20273	20332	84476	-0.0002458573044205048
2021-07-28	20287	20327	20124	20243	145704	-0.004377336218768457
2021-07-29	20258	20337	20213	20278	52818	0.0017289927382304615
2021-07-30	20218	20218	19971	19971	73220	-0.015139560114409756
2021-08-02	19926	20065	19828	19947	56166	-0.0012017425266636073
2021-08-03	19931	19931	19684	19877	154576	-0.0035092996440567736
2021-08-04	19902	20233	19832	20174	61550	0.014941892639734444
2021-08-05	20243	20401	20223	20318	82510	0.007137900267671249
2021-08-06	20307	20317	20109	20199	38553	-0.00585687567673987
2021-08-09	20060	20134	19981	20120	46359	-0.003911084707163726
2021-08-10	20193	20193	19902	20011	49667	-0.005417495029821029
2021-08-11	20030	20070	19803	19853	80587	-0.007895657388436339
2021-08-12	20050	20050	19872	20011	85320	0.007958494937792882
2021-08-13	20085	20085	19664	19808	94240	-0.010144420568687251
2021-08-17	19783	19783	19096	19259	96995	-0.027716074313408723
2021-08-18	19254	19491	19195	19457	53739	0.010280907627602698
2021-08-19	19392	19427	19056	19057	72981	-0.020558153877781815
2021-08-20	19086	19229	18789	18859	34159	-0.010389882982631105
2021-08-23	19081	19358	19012	19289	39476	0.022800784771196847
2021-08-24	19432	19600	19397	19601	29759	0.01617502203328325
2021-08-25	19605	19704	19447	19556	91575	-0.002295801234630912
2021-08-26	19580	19654	19264	19413	32248	-0.007312333810595262
2021-08-27	19363	19422	19224	19393	32217	-0.001030237469736739
2021-08-30	19580	19630	19481	19615	30681	0.011447429484865657
2021-08-31	19615	19951	19526	19947	102745	0.016925822074942642
2021-09-01	19882	20090	19823	20060	53245	0.005665012282548787
2021-09-02	20060	20070	19897	20021	30763	-0.0019441674975074763
2021-09-03	20055	20174	20020	20154	120631	0.006643024823934862
2021-09-06	20184	20184	19926	20144	26309	-0.0004961794184776824
2021-09-07	20104	20119	19887	19957	84446	-0.009283161239078686
2021-09-08	19813	19813	19071	19111	194399	-0.04239114095304908
2021-09-09	18883	18933	18581	18636	109844	-0.024854795667416663
2021-09-10	18636	18947	18631	18839	270553	0.010892895471131148
2021-09-13	18611	18819	18433	18567	109847	-0.014438133658899122
2021-09-14	18463	18715	18369	18612	111781	0.002423654871546388
2021-09-15	18611	18735	18488	18518	120355	-0.005050505050505083
2021-09-16	18601	18666	18433	18483	96244	-0.0018900529214818107
2021-09-17	18463	18483	18280	18444	76189	-0.0021100470702808405
2021-09-23	18171	18329	18132	18320	35803	-0.00672305356755587
2021-09-24	18300	18552	18300	18444	60345	0.006768558951965042
2021-09-27	18344	18661	18344	18493	48472	0.002656690522663263
2021-09-28	18473	18473	18127	18157	36804	-0.018169036932893512
2021-09-29	17879	18077	17805	17984	41447	-0.009528005727818423
2021-09-30	17899	18225	17894	18137	35646	0.008507562277580094
2021-10-01	18013	18136	17855	17924	29807	-0.011743948833875528
2021-10-05	17775	17810	17499	17608	37402	-0.017629993305065872
2021-10-06	17726	17909	17508	17509	21709	-0.0056224443434802485
2021-10-07	17652	18077	17652	18073	19820	0.03221200525444057
2021-10-08	18077	18077	17815	17855	9709	-0.01206219222043936
2021-10-12	17840	17840	17429	17445	16178	-0.022962755530663626
2021-10-13	17513	17830	17513	17816	14562	0.021266838635712215
2021-10-14	17914	18191	17914	18177	33478	0.020262685226762445
2021-10-15	18275	18384	18186	18305	39616	0.00704186609451507
2021-10-18	18310	18349	18127	18275	19961	-0.0016388964763726088
2021-10-19	18344	18542	18319	18542	28699	0.014610123119014995
2021-10-20	18611	18710	18547	18582	57361	0.0021572645885017394
2021-10-21	18581	18705	18522	18587	30982	0.0002690776019804719
2021-10-22	18591	18700	18488	18666	21702	0.004250282455479537
2021-10-25	18705	18720	18547	18646	32306	-0.0010714668381013315
2021-10-26	18690	18759	18636	18760	45756	0.006113911830955665
2021-10-27	18750	18774	18661	18701	58156	-0.0031449893390191885
2021-10-28	18779	18829	18522	18523	15963	-0.00951820758248223
2021-10-29	18522	18572	18413	18498	16929	-0.0013496733790422377
2021-11-01	18497	18577	18473	18523	8957	0.001351497459184836
2021-11-02	18586	18680	18577	18646	13154	0.006640393024887947
2021-11-03	18705	18705	18290	18330	41724	-0.01694733454896491
2021-11-04	18468	18651	18468	18533	25060	0.011074740861974908
2021-11-05	18675	18675	18329	18429	54541	-0.005611611719635201
2021-11-08	18601	18601	18329	18468	60064	0.0021162298551196113
2021-11-09	18507	18651	18463	18597	54654	0.006985055230669168
2021-11-10	18601	18606	18334	18335	14341	-0.014088293810829655
2021-11-11	18191	18339	18136	18340	16403	0.00027270248159250166
2021-11-12	18379	18497	18290	18419	31811	0.00430752453653227
2021-11-15	18492	18586	18443	18572	24188	0.008306639882729838
2021-11-16	18547	18591	18458	18528	16407	-0.002369157872065486
2021-11-17	18488	18492	18300	18369	34709	-0.00858160621761661
2021-11-18	18319	18502	18260	18404	16762	0.001905384070989058
2021-11-19	18359	18468	18359	18414	2124	0.0005433601391002796
2021-11-22	18448	18522	18250	18523	10666	0.005919409145215493
2021-11-23	18334	18364	18171	18226	3064	-0.016034119743022157
2021-11-24	18186	18211	18038	18107	157347	-0.006529134203884568
2021-11-25	18235	18235	18107	18152	50927	0.0024852267079029655
2021-11-26	18062	18067	17800	17860	10176	-0.016086381665932126
2021-11-29	17726	17800	17553	17667	7670	-0.010806270996640555
2021-11-30	17721	17731	17083	17113	10836	-0.031357898907567794
2021-12-01	17143	17266	16979	17237	13840	0.007245953368783864
2021-12-02	17014	17558	17014	17558	2960	0.018622730173464053
2021-12-03	17558	17825	17538	17816	8050	0.014694156509853062
2021-12-06	17642	17647	17454	17623	2221	-0.010832959137853648
2021-12-07	17602	17701	17578	17682	2960	0.0033478976337739663
2021-12-08	17835	17899	17682	17707	7622	0.0014138672095915794
2021-12-09	17706	17869	17706	17870	6725	0.009205398994747815
2021-12-10	17756	17850	17746	17850	2605	-0.0011191941801902416
2021-12-13	17909	17929	17672	17722	37686	-0.007170868347338932
2021-12-14	17602	17627	17523	17603	4234	-0.006714817740661294
2021-12-15	17504	17607	17405	17425	61788	-0.010111912742146179
2021-12-16	17622	17677	17469	17618	33554	0.011076040172166346
2021-12-17	17568	17672	17528	17563	2819	-0.003121807242592811
2021-12-20	17528	17528	17187	17232	12668	-0.018846438535557675
2021-12-21	17355	17424	17256	17366	4241	0.007776230269266549
2021-12-22	17444	17489	17345	17455	2614	0.00512495681216163
2021-12-23	17518	17518	17375	17450	3378	-0.0002864508736751814
2021-12-24	17597	17597	17489	17529	922	0.004527220630372586
2021-12-27	17489	17489	17375	17445	5104	-0.004792058873866134
2021-12-28	17385	17523	17385	17524	3542	0.0045285182000573965
2021-12-29	17647	17696	17543	17558	4402	0.0019401963022140922
2021-12-30	17508	17508	17355	17395	1239	-0.009283517484907189
2022-01-03	17365	17523	17326	17405	1522	0.0005748778384593312
2022-01-04	17355	17355	17059	17143	3908	-0.015053145647802357
2022-01-05	16940	17009	16727	16782	230712	-0.02105815784868459
2022-01-06	16534	16623	16317	16357	15241	-0.02532475271123824
2022-01-07	16371	16411	16307	16357	23104	0.0
2022-01-10	16346	16346	15986	16144	12694	-0.013021947789937038
2022-01-11	16114	16203	15956	15996	3122	-0.009167492566897972
2022-01-12	16129	16356	16129	16302	2405	0.019129782445611365
2022-01-13	16302	16351	16253	16317	11543	0.000920132499079962
2022-01-14	16164	16164	15931	16006	21929	-0.019059876202733306
2022-01-17	15971	16005	15817	15927	4568	-0.004935649131575626
2022-01-18	15986	15986	15748	15793	4795	-0.00841338607396247
2022-01-19	15585	15684	15541	15684	5320	-0.006901791933134893
2022-01-20	15625	15857	15536	15857	7820	0.011030349400663164
2022-01-21	15743	15867	15630	15803	7112	-0.003405436085009761
2022-01-24	15709	15743	15447	15472	4246	-0.020945390115800766
2022-01-25	15377	15377	15105	15170	105900	-0.01951913133402272
2022-01-26	15204	15214	15081	15111	3735	-0.0038892551087672533
2022-01-27	15066	15066	14586	14587	4176	-0.03467672556415857
2022-01-28	14586	14967	14532	14967	33399	0.026050592993761557
2022-02-03	15115	15338	15115	15190	16277	0.01489944544664934
2022-02-04	15180	15521	15180	15521	2531	0.021790651744568734
2022-02-07	15521	15565	15367	15566	8283	0.002899297725662109
2022-02-08	15625	15694	15422	15521	9877	-0.002890916099190566
2022-02-09	15654	15694	15570	15655	14603	0.008633464338637875
2022-02-10	15773	15906	15773	15803	19523	0.009453848610667448
2022-02-11	15595	15812	15595	15704	4090	-0.006264633297475175
2022-02-14	15555	15575	15363	15487	1363	-0.013818135506877272
2022-02-15	15496	15560	15338	15408	7087	-0.005101052495641523
2022-02-16	15704	15723	15590	15709	15990	0.019535306334371727
2022-02-17	15709	15842	14735	15694	40003	-0.0009548666369596504
2022-02-18	15555	15674	15491	15675	1890	-0.001210653753026647
2022-02-21	15461	15723	15417	15724	4937	0.00312599681020731
2022-02-22	15555	15595	15427	15526	3046	-0.012592215721190514
2022-02-23	15639	15639	15545	15600	1504	0.004766198634548413
2022-02-24	15417	15417	15209	15279	1983	-0.020576923076923048
2022-02-25	15392	15659	15392	15640	6727	0.02362720073303226
2022-02-28	15590	15788	15585	15788	2250	0.00946291560102308
2022-03-02	15783	15887	15709	15838	14659	0.003166962249810057
2022-03-03	15882	16104	15882	16105	9558	0.016858189165298576
2022-03-04	16015	16030	15882	15956	1396	-0.009251785159888226
2022-03-07	15679	15704	15536	15615	13665	-0.021371270995236946
2022-03-08	15402	15620	15402	15516	999	-0.006340057636887608
2022-03-10	15961	16218	15961	16218	9382	0.04524361948955913
2022-03-11	16089	16366	16089	16367	21038	0.00918732272783318
2022-03-14	16366	16515	16272	16317	6810	-0.0030549275982159063
2022-03-15	16297	16297	16094	16159	1063	-0.009683152540295392
2022-03-16	16253	16396	16178	16396	3121	0.01466674918002342
2022-03-17	16614	16688	16569	16570	21546	0.01061234447426207
2022-03-18	16539	16693	16539	16693	2260	0.007423053711526961
2022-03-21	16693	16717	16485	16540	2188	-0.009165518480800383
2022-03-22	16539	16663	16500	16565	920	0.0015114873035066978
2022-03-23	16579	16722	16510	16634	2915	0.0041654089948686135
2022-03-24	16421	16495	16337	16495	946	-0.00835637850186366
2022-03-25	16495	16495	16332	16382	2415	-0.006850560775992776
2022-03-28	16262	16376	16154	16377	3969	-0.00030521303870101324
2022-03-29	16475	16490	16406	16476	1877	0.006045063198387934
2022-03-30	16594	16594	16495	16570	965	0.00570526826899731
2022-03-31	16564	16628	16564	16609	325	0.002353651176825622
2022-04-01	16604	16604	16445	16579	3551	-0.0018062496236980197
2022-04-04	16554	16698	16520	16693	4354	0.006876168647083736
2022-04-05	16742	16777	16658	16777	8134	0.005032049362007962
2022-04-06	16663	16663	16455	16525	1336	-0.015020563867199188
2022-04-07	16332	16332	16134	16149	15744	-0.02275340393343417
2022-04-08	16223	16228	15986	16134	1858	-0.0009288500835965552
2022-04-11	15976	16099	15956	16100	9833	-0.002107350935911745
2022-04-12	15981	15981	15852	15981	1872	-0.007391304347826089
2022-04-13	15971	16070	15956	16070	1053	0.005569113322069885
2022-04-14	16070	16089	15995	16085	10310	0.0009334163036713861
2022-04-15	15961	16060	15892	15996	3296	-0.005533105377681036
2022-04-18	15951	16030	15877	15996	22083	0.0
2022-04-19	16114	16149	16075	16115	956	0.007439359839960025
2022-04-20	16114	16218	16075	16179	1552	0.0039714551659943975
2022-04-21	16168	16168	16045	16095	1111	-0.005191915445948436
2022-04-22	16000	16000	15817	15907	2681	-0.011680646163404806
2022-04-25	15684	15684	15471	15477	4339	-0.0270321242220406
2022-04-26	15476	15541	15432	15497	2782	0.0012922400982102733
2022-04-27	15209	15209	15076	15185	1181	-0.020132928953991103
2022-04-28	15185	15305	15135	15305	2263	0.007902535396773214
2022-04-29	15345	15395	15295	15395	6178	0.0058804312316236285
2022-05-02	15120	15275	15120	15275	8550	-0.00779473855147772
2022-05-03	15300	15380	15270	15290	2406	0.0009819967266775365
2022-05-04	15400	15445	15235	15275	432	-0.0009810333551341088
2022-05-06	15000	15020	14935	14940	7989	-0.02193126022913261
2022-05-09	14780	14890	14780	14890	494	-0.0033467202141901353
2022-05-10	14700	14890	14560	14890	85834	0.0
2022-05-11	14840	15115	14840	15115	5930	0.015110812625923398
2022-05-12	14900	14970	14725	14725	2698	-0.025802183261660616
2022-05-13	14855	14980	14800	14980	6986	0.017317487266553577
2022-05-16	15005	15040	14915	14945	7706	-0.002336448598130869
2022-05-17	14950	15055	14940	15055	395	0.007360321177651397
2022-05-18	15110	15110	14915	14950	544	-0.006974427100631009
2022-05-19	14675	14675	14515	14605	2805	-0.023076923076923106
2022-05-20	14690	14835	14670	14835	3702	0.015748031496062964
2022-05-23	14775	14850	14765	14850	1459	0.0010111223458038054
2022-05-24	14765	14805	14545	14545	4214	-0.020538720538720523
2022-05-25	14655	14675	14620	14670	3066	0.008594018563080175
2022-05-26	14720	14800	14610	14650	3482	-0.0013633265167007913
2022-05-27	14845	14850	14725	14770	1040	0.008191126279863514
2022-05-30	14830	15010	14830	15005	467	0.015910629654705577
2022-05-31	14970	15140	14950	15140	340	0.008997000999666716
2022-06-02	15125	15125	14910	14965	1140	-0.011558784676354072
2022-06-03	15135	15200	15050	15110	349	0.009689274974941542
2022-06-07	14925	14925	14740	14770	1427	-0.022501654533421567
2022-06-08	14780	14795	14725	14770	539	0.0
2022-06-09	14670	14670	14515	14640	5359	-0.008801624915368955
2022-06-10	14490	14515	14445	14510	1787	-0.008879781420765065
2022-06-13	14240	14240	13895	13895	2237	-0.04238456237077881
2022-06-14	13680	13790	13580	13770	7497	-0.008996041741633709
2022-06-15	13645	13645	13335	13420	24289	-0.02541757443718229
2022-06-16	13640	13650	13320	13340	9350	-0.005961251862891204
2022-06-17	13090	13295	13085	13275	1935	-0.004872563718140932
2022-06-20	13270	13270	12855	12975	11906	-0.02259887005649719
2022-06-21	13075	13190	13025	13175	3947	0.015414258188824581
2022-06-22	13010	13015	12725	12725	4367	-0.034155597722960174
2022-06-23	12830	12925	12640	12670	10713	-0.0043222003929273
2022-06-24	12755	13200	12755	13175	13237	0.039857932123125384
2022-06-27	13175	13385	13150	13300	2567	0.009487666034155628
2022-06-28	13345	13385	13200	13385	1067	0.006390977443609058
2022-06-29	13245	13245	13135	13220	9387	-0.012327231976092645
2022-06-30	13190	13190	13030	13040	2400	-0.013615733736762503
2022-07-01	13080	13090	12800	12895	1513	-0.01111963190184051
2022-07-04	12985	12985	12705	12805	6543	-0.006979449398991866
2022-07-05	12900	13245	12900	13180	9465	0.029285435376805946
2022-07-06	13085	13335	13085	13110	8603	-0.00531107738998482
2022-07-07	13245	13245	13095	13130	4809	0.0015255530129671957
2022-07-08	13310	13315	13160	13255	2566	0.009520182787509546
2022-07-11	13155	13240	12975	13020	1646	-0.01772915880799697
2022-07-12	12900	12900	12675	12785	2394	-0.018049155145929308
2022-07-13	12950	13025	12950	13025	341	0.018771998435666903
2022-07-14	12810	12965	12810	12950	3267	-0.0057581573896353655
