Date	Open	High	Low	Close	Volume	Change
2019-06-20	9695	9700	9673	9683	18	
2019-06-21	9628	9628	9586	9611	72	-0.00743571207270477
2019-06-24	9601	9601	9547	9549	74	-0.006450941629382978
2019-06-25	9571	9571	9500	9525	12	-0.002513352183474704
2019-06-26	9475	9495	9446	9472	30	-0.005564304461942227
2019-06-27	9466	9557	9466	9515	5	0.004539695945946054
2019-06-28	9504	9504	9451	9458	17	-0.0059905412506569
2019-07-01	9509	9509	9470	9481	5	0.0024318037640091994
2019-07-02	9408	9441	9408	9424	9	-0.006012024048096198
2019-07-03	9423	9423	9350	9361	11	-0.006685059422750439
2019-07-04	9293	9293	9221	9286	5	-0.008011964533703675
2019-07-05	9308	9350	9308	9333	5	0.005061382726685437
2019-07-08	9293	9293	9159	9165	49	-0.018000642880102835
2019-07-09	9177	9177	9058	9059	14	-0.011565739225313676
2019-07-10	9058	9058	9033	9036	5	-0.002538911579644587
2019-07-11	9073	9144	9073	9122	5	0.00951748561310306
2019-07-12	9125	9140	9125	9127	5	0.0005481254110941691
2019-07-15	9125	9125	9078	9093	5	-0.0037252109126766353
2019-07-16	9101	9130	9096	9131	5	0.004179038821071179
2019-07-17	9105	9105	9033	9050	7	-0.008870879421750133
2019-07-18	9029	9063	9029	9045	5	-0.0005524861878453136
2019-07-19	9078	9140	9078	9141	5	0.01061359867330025
2019-07-22	9086	9115	9073	9088	48	-0.0057980527294606565
2019-07-23	9082	9135	9082	9136	5	0.005281690140845008
2019-07-24	9125	9125	9058	9059	5	-0.008428196147110323
2019-07-25	9048	9048	8928	8997	11	-0.006844022519041815
2019-07-26	8943	8943	8871	8896	8	-0.011225964210292316
2019-07-29	8871	8871	8779	8790	5	-0.011915467625899234
2019-07-30	8789	8804	8779	8805	5	0.0017064846416381396
2019-07-31	8789	8804	8755	8777	16	-0.0031800113571833766
2019-08-01	8713	8760	8678	8708	48	-0.00786145607838673
2019-08-02	8631	8708	8631	8681	6	-0.0031005971520441378
2019-08-05	8646	8646	8496	8498	5	-0.02108052067734134
2019-08-06	8246	8434	8246	8349	6	-0.017533537302894753
2019-08-07	8367	8367	8233	8259	5	-0.010779734099892191
2019-08-08	8291	8353	8291	8353	6	0.011381523186826392
2019-08-09	8410	8410	8377	8397	6	0.005267568538249723
2019-08-12	8362	8395	8362	8388	6	-0.001071811361200381
2019-08-13	8338	8395	8338	8383	6	-0.0005960896518836245
2019-08-14	8343	8353	8305	8311	42	-0.008588810688297754
2019-08-16	8204	8238	8204	8234	7	-0.009264829743713121
2019-08-19	8246	8291	8246	8291	20842	0.00692251639543362
2019-08-20	8291	8362	8281	8363	8	0.008684115305753304
2019-08-21	8353	8377	8343	8378	5	0.0017936147315555928
2019-08-22	8377	8410	8367	8368	6	-0.001193602291716389
2019-08-23	8328	8338	8305	8335	5	-0.0039435946462714755
2019-08-26	8194	8214	8189	8191	5	-0.017276544691061768
2019-08-27	8233	8261	8223	8224	5	0.004028812110853375
2019-08-28	8204	8276	8194	8272	42	0.005836575875486361
2019-08-29	8305	8377	8305	8378	5	0.012814313346228179
2019-08-30	8434	8463	8434	8464	15	0.010264979708761057
2019-09-02	8439	8491	8439	8489	5	0.0029536862003780584
2019-09-03	8496	8616	8496	8569	10	0.009423960419366217
2019-09-04	8549	8611	8549	8613	5	0.005134788189987249
2019-09-05	8606	8606	8578	8579	5	-0.003947521188900516
2019-09-06	8559	8559	8506	8517	42	-0.007226949527917026
2019-09-09	8568	8601	8568	8584	6	0.007866619701772937
2019-09-10	8616	8636	8593	8636	5	0.0060577819198508465
2019-09-11	8678	8703	8678	8704	5	0.007874015748031482
2019-09-16	8745	8760	8745	8762	5	0.006663602941176405
2019-09-17	8760	8804	8760	8790	5	0.003195617438940923
2019-09-18	8789	8809	8789	8790	5	0.0
2019-09-19	8775	8775	8741	8743	6	-0.005346985210466393
2019-09-20	8737	8779	8688	8781	6	0.004346334210225233
2019-09-23	8750	8784	8750	8777	42	-0.0004555289830315834
2019-09-24	8832	8851	8827	8849	6	0.008203258516577439
2019-09-25	8871	8886	8814	8814	5	-0.003955249180698339
2019-09-26	8837	8861	8784	8785	6	-0.0032902201043794044
2019-09-27	8814	8814	8775	8795	5	0.0011383039271486428
2019-09-30	8794	8818	8770	8819	352	0.002728823194997121
2019-10-01	8789	8881	8789	8858	5	0.004422270098650705
2019-10-02	8818	8818	8750	8752	5	-0.01196658387897942
2019-10-04	8703	8703	8626	8641	42	-0.012682815356489963
2019-10-07	8698	8722	8669	8723	5	0.00948964240249972
2019-10-08	8741	8794	8741	8781	5	0.006649088616301757
2019-10-10	8737	8737	8708	8738	5	-0.004896936567589161
2019-10-11	8789	8851	8727	8728	20845	-0.0011444266422522276
2019-10-14	8823	8823	8775	8781	5	0.006072410632447234
2019-10-15	8799	8832	8799	8829	5	0.005466347796378557
2019-10-16	8871	8890	8856	8891	5	0.007022312832710487
2019-10-17	8923	8943	8895	8896	5	0.0005623664379710291
2019-10-18	8913	8913	8846	8853	42	-0.004833633093525136
2019-10-21	8913	8913	8890	8891	5	0.0042923302835196075
2019-10-22	8928	8966	8928	8963	7	0.008098076706782198
2019-10-23	9005	9005	8948	8973	6	0.001115697869016996
2019-10-24	8958	9000	8881	9001	7	0.0031204725286972934
2019-10-25	8976	8976	8943	8954	5	-0.005221642039773378
2019-10-28	8971	8971	8890	8891	5	-0.0070359615814161725
2019-10-29	8933	8933	8899	8901	5	0.0011247328759420583
2019-10-30	8890	8986	8886	8978	39	0.008650713402988508
2019-10-31	9020	9053	8996	8997	18	0.0021162842503898993
2019-11-01	8991	9033	8991	9036	5	0.004334778259419858
2019-11-04	9078	9120	9078	9117	7	0.008964143426294813
2019-11-05	9110	9110	9078	9112	5	-0.0005484260173302946
2019-11-06	9120	9197	9120	9199	7	0.009547848990342445
2019-11-07	9159	9226	9159	9209	27	0.0010870746820306199
2019-11-08	9159	9173	9105	9122	42	-0.009447279834944089
2019-11-11	9144	9144	9125	9136	180	0.0015347511510632739
2019-11-12	9120	9120	9033	9112	13	-0.0026269702276707774
2019-11-13	9101	9101	9024	9036	5	-0.008340649692712865
2019-11-14	9043	9078	9043	9078	5	0.004648074369189903
2019-11-15	9082	9173	9082	9155	5	0.008482044503194563
2019-11-18	9173	9173	9125	9136	5	-0.002075368651010323
2019-11-19	9105	9110	9091	9112	5	-0.0026269702276707774
2019-11-20	9068	9068	9043	9045	5	-0.007352941176470562
2019-11-21	9015	9033	8918	8944	42	-0.011166390270867854
2019-11-22	9005	9024	8986	8997	5	0.00592576028622549
2019-11-25	9091	9101	9091	9093	5	0.01067022340780266
2019-11-26	9096	9096	9058	9059	5	-0.0037391399978005113
2019-11-27	9115	9115	9068	9069	5	0.0011038745998455113
2019-11-28	9020	9115	9020	9108	5	0.004300363876943436
2019-11-29	9159	9159	9015	9016	15	-0.010101010101010055
2019-12-02	9029	9038	8991	8997	42	-0.002107364685004387
2019-12-03	8981	9033	8923	9036	180	0.004334778259419858
2019-12-04	8958	9000	8958	9001	5	-0.0038733953076582894
2019-12-05	9024	9024	8938	8939	5	-0.006888123541828661
2019-12-06	8966	8991	8953	8992	5	0.005929074840586246
2019-12-09	8991	8991	8943	8944	11	-0.005338078291814985
2019-12-10	8918	8981	8918	8983	5	0.0043604651162789665
2019-12-11	8981	8996	8971	8992	5	0.0010018924635422088
2019-12-12	9010	9038	9010	9036	5	0.0048932384341637825
2019-12-13	9024	9063	9015	9026	42	-0.0011066843736166065
2019-12-16	9073	9073	9029	9050	12	0.002658985153999538
2019-12-17	9038	9073	9038	9073	5	0.0025414364640883313
2019-12-18	9063	9110	9063	9112	5	0.004298467981924459
2019-12-19	9101	9140	9101	9141	5	0.003182616330114074
2019-12-20	9173	9173	9154	9165	5	0.002625533311453987
2019-12-23	9173	9177	9169	9174	5	0.0009819967266775365
2019-12-24	9169	9169	9135	9136	5	-0.004142140832788299
2019-12-26	9135	9135	9096	9136	5	0.0
2019-12-27	9130	9255	9130	9209	42	0.007990367775831952
2019-12-30	9273	9303	9259	9303	17	0.010207405798675184
2020-01-02	9303	9303	9221	9290	5	-0.0013973986885951195
2020-01-03	9303	9318	9236	9236	5	-0.00581270182992466
2020-01-06	9177	9177	9105	9108	5	-0.013858813339107878
2020-01-07	9173	9318	9173	9318	5	0.02305665349143604
2020-01-08	9192	9192	9110	9136	5	-0.019532088430993744
2020-01-09	9197	9197	9110	9141	10860	0.0005472854640979907
2020-01-10	9201	9226	9201	9227	48	0.009408161032709694
2020-01-13	9283	9441	9283	9414	16146	0.02026660886528675
2020-01-14	9456	9475	9451	9472	59	0.006161036753770999
2020-01-15	9446	9504	9446	9505	133	0.0034839527027026307
2020-01-16	9466	9466	9466	9468	1064	-0.003892688058916405
2020-01-17	9500	9500	9461	9463	3879	-0.0005280946345584958
2020-01-20	9504	9504	9365	9366	68	-0.010250449117615967
2020-01-21	9398	9398	9241	9241	89	-0.013346145633141182
2020-01-22	9250	9331	9250	9333	5	0.009955632507304468
2020-01-23	9182	9201	9169	9184	42	-0.01596485588771024
2020-01-28	8913	8913	8832	8844	5	-0.03702090592334495
2020-01-29	8876	8948	8876	8939	6	0.010741745816372772
2020-01-30	8923	8923	8804	8814	5	-0.013983667076854278
2020-01-31	8814	8814	8708	8713	16530	-0.011459042432493738
2020-02-03	8598	8673	8549	8676	11	-0.0042465281762883444
2020-02-04	8678	8732	8678	8713	5	0.004264638082065453
2020-02-05	8713	8755	8693	8695	28	-0.002065878572248381
2020-02-06	8745	8890	8745	8881	42	0.02139160437032772
2020-02-07	8895	8895	8861	8881	5	0.0
2020-02-10	8814	8876	8814	8868	93	-0.001463799121720566
2020-02-11	8938	8953	8923	8939	9	0.008006314839873685
2020-02-12	8966	9038	8938	9041	116	0.011410672334713157
2020-02-13	9024	9053	8996	9006	66	-0.0038712531799579564
2020-02-14	8958	8981	8928	8930	5	-0.008438818565400852
2020-02-17	8913	8913	8871	8906	6430	-0.002687569988801819
2020-02-18	8866	8881	8823	8824	6	-0.009207275993712072
2020-02-19	8837	8837	8732	8772	42	-0.005893019038984537
2020-02-20	8818	8818	8655	8656	144	-0.013223894208846287
2020-02-21	8568	8588	8530	8531	64	-0.014440850277264272
2020-02-24	8338	8338	8199	8201	1151	-0.03868245223303246
2020-02-25	8209	8271	8179	8272	7	0.008657480795025041
2020-02-26	8199	8228	8189	8209	8	-0.007616054158607333
2020-02-27	8194	8194	8131	8143	10	-0.00803995614569375
2020-02-28	8108	8108	7896	7936	50	-0.025420606656023526
2020-03-02	7958	8002	7896	7961	80	0.0031502016129032473
2020-03-03	8089	8089	7954	7956	6	-0.0006280618012812766
2020-03-04	7945	8093	7945	8076	126	0.015082956259426794
2020-03-05	8141	8238	8141	8239	81	0.02018325903912821
2020-03-06	8146	8146	8113	8114	5	-0.015171744143706811
2020-03-09	7978	8041	7958	7966	5	-0.018240078876016752
2020-03-10	7983	8017	7983	8018	53	0.006527742907356249
2020-03-11	8007	8007	7815	7817	6	-0.02506859565976549
2020-03-12	7782	7801	7432	7432	270	-0.049251631060509116
2020-03-13	7067	7201	6951	7202	48	-0.030947255113024763
2020-03-16	7211	7273	7095	7097	105	-0.01457928353235216
2020-03-17	6874	7114	6874	7053	2089	-0.006199802733549364
2020-03-18	7047	7172	6817	6819	66	-0.03317737133134835
2020-03-19	6822	6822	6404	6405	5	-0.060712714474263074
2020-03-20	6509	6591	6442	6593	165	0.02935206869633089
2020-03-23	6285	6347	6169	6224	96	-0.05596845138783557
2020-03-24	6304	6591	6304	6593	11	0.0592866323907455
2020-03-25	6807	6914	6779	6914	25	0.04868800242681637
2020-03-26	6927	7139	6927	7025	6	0.01605438241249635
2020-03-27	7216	7220	7028	7030	7	0.000711743772241924
2020-03-30	6836	7037	6807	7006	83	-0.003413940256045467
2020-03-31	7157	7220	7109	7222	23	0.030830716528689628
2020-04-01	7149	7234	6975	6976	185	-0.03406258654112437
2020-04-02	6971	7139	6918	7139	6	0.023365825688073327
2020-04-03	7157	7201	7109	7202	11	0.008824765373301569
2020-04-06	7321	7517	7321	7519	39	0.044015551235767836
2020-04-07	7623	7633	7489	7634	11	0.015294587046149832
2020-04-08	7566	7681	7566	7634	7	0.0
2020-04-09	7657	7671	7580	7629	42	-0.0006549646319098379
2020-04-10	7661	7719	7633	7721	180	0.012059247607812296
2020-04-13	7691	7709	7618	7620	136	-0.013081207097526248
2020-04-14	7676	7777	7676	7764	5	0.018897637795275646
2020-04-16	7691	7753	7691	7754	29	-0.0012879958784132173
2020-04-17	7891	7931	7891	7926	16	0.022182099561516733
2020-04-20	7931	8041	7906	7961	245	0.004415846580873017
2020-04-21	7954	7963	7724	7941	82	-0.0025122472051249956
2020-04-22	7859	8031	7801	8032	143	0.01145951391512412
2020-04-23	8045	8165	8017	8157	44	0.015562749003984022
2020-04-24	8146	8161	8069	8071	215	-0.010543091822974082
2020-04-27	8122	8233	8113	8219	118	0.018337256845496253
2020-04-28	8229	8282	8219	8282	128	0.007665166078598462
2020-04-29	8325	8355	8287	8327	217	0.005433470176285926
2020-05-04	8121	8267	8121	8161	32	-0.019935150714543104
2020-05-06	8214	8214	8136	8181	46	0.002450680063717625
2020-05-07	8165	8165	8165	8166	11	-0.001833516685001868
2020-05-08	8242	8292	8214	8214	36	0.005878030859661987
2020-05-11	8267	8267	8204	8229	269	0.0018261504747991708
2020-05-12	8229	8229	8165	8186	89	-0.00522542228703371
2020-05-13	8136	8204	8136	8205	42	0.002321035914976788
2020-05-14	8214	8219	8204	8209	5	0.00048750761730653736
2020-05-15	8262	8262	8204	8249	16	0.004872700694359855
2020-05-18	8292	8292	8219	8219	77	-0.003636804461146781
2020-05-19	8330	8335	8292	8327	21	0.01314028470616857
2020-05-20	8359	8359	8320	8336	143	0.0010808214242825631
2020-05-21	8282	8320	8267	8302	178	-0.004078694817658324
2020-05-22	8350	8350	8242	8249	19	-0.006384003854492892
2020-05-25	8282	8310	8219	8312	325	0.00763728936840824
2020-05-26	8325	8379	8325	8370	15	0.006977863330125178
2020-05-27	8364	8432	8364	8404	6	0.004062126642771835
2020-05-28	8364	8364	8252	8277	27	-0.015111851499286066
2020-05-29	8277	8335	8224	8317	193	0.004832668841367571
2020-06-01	8320	8437	8320	8438	18	0.014548515089575664
2020-06-02	8383	8500	8383	8501	63	0.007466224223749762
2020-06-03	8568	8651	8568	8628	21	0.014939418891894984
2020-06-04	8699	8728	8631	8651	354	0.002665739452943905
2020-06-05	8636	8728	8636	8729	29	0.009016298693792724
2020-06-08	8835	8835	8670	8734	486	0.0005728032993470578
2020-06-09	8777	8786	8704	8787	7	0.006068239065720071
2020-06-10	8777	8801	8772	8778	57	-0.001024240355069983
2020-06-11	8694	8762	8553	8593	443	-0.021075415812257914
2020-06-12	8408	8495	8383	8496	249	-0.011288257884324415
2020-06-15	8432	8432	8049	8050	174	-0.052495291902071584
2020-06-16	8204	8374	8204	8375	26	0.04037267080745344
2020-06-17	8388	8408	8297	8346	29	-0.003462686567164197
2020-06-18	8330	8364	8315	8346	65	0.0
2020-06-19	8364	8364	8282	8292	6	-0.006470165348670065
2020-06-22	8272	8301	8247	8254	65	-0.004582730342498786
2020-06-23	8301	8301	8151	8244	7	-0.0012115338017930632
2020-06-24	8247	8267	8234	8259	26	0.001819505094614371
2020-06-25	8175	8175	8049	8050	106	-0.025305727085603635
2020-06-26	8058	8131	8049	8128	59	0.009689440993788878
2020-06-29	8054	8073	7981	7996	20	-0.016240157480314932
2020-06-30	8063	8199	8063	8161	55	0.020635317658829422
2020-07-01	8156	8184	8112	8137	10	-0.002940816076461239
2020-07-02	8224	8301	8224	8302	5	0.020277743640162216
2020-07-03	8306	8369	8287	8370	131	0.008190797398217375
2020-07-06	8340	8418	8340	8399	127	0.0034647550776583103
2020-07-07	8364	8403	8320	8322	80	-0.009167758066436438
2020-07-08	8364	8383	8310	8312	94	-0.0012016342225427135
2020-07-09	8359	8379	8335	8350	54	0.004571703561116358
2020-07-10	8277	8301	8214	8273	99	-0.0092215568862275
2020-07-13	8355	8432	8355	8423	277	0.018131270397679256
2020-07-14	8418	8510	8418	8501	76	0.009260358542087177
2020-07-15	8593	8606	8471	8520	147	0.0022350311728032146
2020-07-16	8529	8553	8510	8555	16	0.004107981220657253
2020-07-17	8583	8606	8583	8608	6	0.006195207481005216
2020-07-20	8641	8674	8593	8661	354	0.006157063197026025
2020-07-21	8767	8791	8757	8778	2274	0.01350883269830283
2020-07-22	8781	8781	8723	8768	13	-0.0011392116655274398
2020-07-23	8719	8719	8651	8676	23	-0.01049270072992703
2020-07-24	8626	8728	8621	8646	14268	-0.003457814661134151
2020-07-27	8593	8606	8538	8540	79	-0.012260004626416854
2020-07-28	8563	8601	8553	8598	17	0.006791569086651128
2020-07-29	8529	8631	8529	8628	7	0.0034891835310537633
2020-07-30	8646	8674	8646	8651	16	0.002665739452943905
2020-07-31	8631	8641	8601	8608	5552	-0.004970523638885727
2020-08-03	8558	8563	8471	8555	181	-0.006157063197026025
2020-08-04	8568	8699	8568	8700	6	0.016949152542372836
2020-08-05	8772	8854	8772	8841	4191	0.016206896551724137
2020-08-06	8932	8975	8932	8932	9	0.010292953285827355
2020-08-07	9015	9015	8922	9000	14	0.00761307657859378
2020-08-10	8970	9155	8970	9156	138	0.017333333333333423
2020-08-11	9238	9379	9238	9346	21858	0.02075141983398865
2020-08-12	9320	9412	9286	9413	1341	0.0071688422854696565
2020-08-13	9485	9543	9412	9413	225	0.0
2020-08-14	9582	9582	9412	9486	41	0.00775523212578344
2020-08-18	9393	9393	8995	9045	346	-0.046489563567362446
2020-08-19	9136	9238	9111	9229	16277	0.02034273079049198
2020-08-20	9213	9213	9029	9045	526	-0.01993715462130241
2020-08-21	9116	9208	9106	9195	15	0.016583747927031434
2020-08-24	9145	9213	9126	9205	19	0.0010875475802065715
2020-08-25	9266	9407	9266	9409	21856	0.022161868549701147
2020-08-26	9383	9383	9257	9283	5	-0.013391433733659253
2020-08-27	9248	9248	9175	9205	267	-0.00840245610255308
2020-08-28	9257	9286	9179	9210	6	0.0005431830526887449
2020-08-31	9301	9301	9189	9210	3246	0.0
2020-09-01	9248	9349	9218	9306	5359	0.01042345276872969
2020-09-02	9412	9412	9329	9384	9015	0.008381689232753065
2020-09-03	9412	9417	9364	9379	19284	-0.0005328218243819682
2020-09-04	9175	9208	9175	9210	5072	-0.018018978569143806
2020-09-07	9213	9271	9203	9268	5098	0.006297502714440739
2020-09-08	9306	9324	9291	9326	9951	0.006258092360811318
2020-09-09	9252	9281	9223	9273	9954	-0.005683036671670583
2020-09-10	9306	9369	9306	9346	65	0.00787231748085837
2020-09-11	9339	9374	9311	9374	5404	0.002995934089450092
2020-09-14	9383	9402	9354	9374	649	0.0
2020-09-15	9393	9446	9344	9447	11461	0.007787497333048954
2020-09-16	9446	9495	9441	9442	71311	-0.0005292685508626604
2020-09-17	9451	9451	9359	9394	8718	-0.005083668714255474
2020-09-18	9427	9490	9417	9491	21705	0.010325739833936476
2020-09-21	9524	9582	9441	9481	23883	-0.0010536297545042927
2020-09-22	9412	9412	9155	9156	23197	-0.034279084484759026
2020-09-23	9199	9199	9097	9156	1795	0.0
2020-09-24	9029	9033	8907	8909	753	-0.026976845784185244
2020-09-25	8927	8960	8879	8879	173	-0.00336738129980918
2020-09-28	8965	9087	8965	9088	1434	0.0235386867890528
2020-09-29	9170	9170	9131	9156	6491	0.0074823943661972425
2020-10-05	9199	9286	9199	9273	2734	0.012778505897771852
2020-10-06	9320	9334	9281	9283	7	0.0010783996549121877
2020-10-07	9261	9339	9261	9341	698	0.006247980178821555
2020-10-08	9417	9417	9359	9359	553	0.0019269885451236313
2020-10-12	9407	9432	9407	9428	624	0.007372582540869699
2020-10-13	9383	9383	9276	9311	1102	-0.01240984302078918
2020-10-14	9320	9320	9199	9238	118	-0.0078401890237354
2020-10-15	9233	9233	9165	9219	5619	-0.002056722234249797
2020-10-16	9218	9228	9150	9229	286	0.0010847163466753962
2020-10-19	9248	9311	9248	9253	198	0.00260049842886545
2020-10-20	9199	9223	9126	9205	1351	-0.00518750675456614
2020-10-21	9228	9311	9228	9311	5	0.011515480717001703
2020-10-22	9252	9252	9179	9229	132	-0.008806787670497251
2020-10-23	9266	9276	9208	9268	15	0.004225809946906578
2020-10-26	9223	9223	9038	9040	576	-0.024600776866637863
2020-10-27	9005	9058	9005	9010	236	-0.0033185840707964376
2020-10-28	9000	9048	8970	9050	198	0.004439511653718142
2020-10-29	8960	8985	8902	8987	126	-0.00696132596685084
2020-10-30	8927	8927	8743	8744	134	-0.027039056414821405
2020-11-02	8844	8859	8820	8860	496	0.013266239707227845
2020-11-03	8902	9020	8902	9020	39	0.018058690744920947
2020-11-04	9078	9078	9024	9059	136	0.004323725055432437
2020-11-05	9097	9160	9097	9161	26	0.011259520918423638
2020-11-06	9150	9160	9073	9108	43	-0.005785394607575545
2020-11-09	9213	9238	9179	9180	413	0.007905138339920903
2020-11-10	9281	9281	9213	9238	2029	0.0063180827886710755
2020-11-11	9252	9388	9252	9389	164	0.016345529335354048
2020-11-12	9344	9412	9301	9331	1710	-0.006177441687080676
2020-11-13	9271	9316	9160	9291	280	-0.004286785982209884
2020-11-16	9316	9349	9281	9306	596	0.0016144656118823875
2020-11-17	9334	9334	9291	9321	491	0.001611863313990991
2020-11-18	9339	9388	9339	9364	2314	0.004613238922862362
2020-11-19	9301	9329	9271	9331	188	-0.00352413498504911
2020-11-20	9412	9485	9412	9476	13927	0.015539599185510733
2020-11-23	9451	9504	9451	9471	2299	-0.0005276487969607668
2020-11-24	9480	9480	9441	9462	6799	-0.000950269242952162
2020-11-25	9466	9509	9427	9452	4536	-0.0010568590150074053
2020-11-26	9470	9475	9441	9467	58	0.0015869657215403787
2020-11-27	9495	9529	9461	9505	18117	0.004013943171015111
2020-11-30	9538	9538	9432	9432	10642	-0.0076801683324565495
2020-12-01	9437	9504	9427	9505	524	0.007739609838846473
2020-12-02	9548	9683	9538	9685	34027	0.01893740136770128
2020-12-03	9688	9771	9683	9758	51044	0.0075374290139391675
2020-12-04	9776	9776	9713	9768	38568	0.0010248001639681092
2020-12-07	9766	9781	9713	9772	14547	0.00040950040950038513
2020-12-08	9801	9815	9738	9738	37632	-0.0034793286942284007
2020-12-09	9825	9898	9815	9898	29065	0.01643047853768742
2020-12-10	9883	9975	9863	9918	14132	0.0020206102242876778
2020-12-11	10004	10082	10004	10029	1890	0.011191772534785205
2020-12-14	10014	10043	9961	10029	5691	0.0
2020-12-15	9971	9971	9902	9928	1155	-0.010070794695383412
2020-12-16	10039	10043	9999	10039	133	0.011180499597099214
2020-12-17	10043	10043	9999	10024	1943	-0.0014941727263672044
2020-12-18	10130	10203	10125	10185	1496	0.0160614525139664
2020-12-21	10145	10252	10077	10180	4849	-0.0004909180166912108
2020-12-22	10179	10179	9951	9971	5569	-0.020530451866404675
2020-12-23	10024	10125	9878	10102	467	0.013138100491425053
2020-12-24	10140	10140	10106	10117	200	0.0014848544842605005
2020-12-28	10145	10295	10135	10185	7238	0.006721360086982209
2020-12-29	10315	10406	10295	10408	1501	0.021894943544428003
2020-12-30	10446	10509	10406	10510	9534	0.00980015372790155
2021-01-04	10509	10548	10348	10549	19044	0.003710751665080947
2021-01-05	10475	10586	10398	10587	18094	0.0036022371788795304
2021-01-06	10654	10742	10538	10578	19075	-0.0008500991782374179
2021-01-07	10640	10839	10577	10840	10945	0.02476838721875585
2021-01-08	10839	10843	10737	10801	29836	-0.0035977859778597576
2021-01-11	10752	10752	10398	10587	14718	-0.019812980279603765
2021-01-12	10586	10644	10431	10549	6872	-0.003589307641447048
2021-01-13	10640	10703	10567	10674	24104	0.011849464404208865
2021-01-14	10674	10805	10630	10792	38160	0.011054899756417491
2021-01-15	10824	10839	10567	10573	5933	-0.020292809488509977
2021-01-18	10411	10489	10222	10224	9539	-0.03300860682871465
2021-01-19	10393	10484	10266	10446	4842	0.021713615023474242
2021-01-20	10519	10621	10479	10612	3261	0.015891250239326027
2021-01-21	10674	10887	10674	10801	20714	0.01781002638522433
2021-01-22	10878	10960	10790	10845	17726	0.0040736968799184314
2021-01-25	10916	11164	10916	11093	27150	0.022867680958967185
2021-01-26	11184	11184	10868	10917	30553	-0.015865861354007027
2021-01-27	10878	11018	10815	10815	43446	-0.009343226161033225
2021-01-28	10552	10625	10552	10583	1729	-0.02145168747110493
2021-01-29	10586	10586	10222	10224	4670	-0.033922328262307455
2021-02-01	10208	10421	10208	10383	711	0.015551643192488251
2021-02-02	10388	10611	10388	10481	2801	0.009438505248964724
2021-02-03	10523	10601	10475	10524	2316	0.004102661959736631
2021-02-04	10533	10533	10421	10466	1445	-0.005511212466742688
2021-02-05	10533	10562	10479	10563	630	0.009268106248805585
2021-02-08	10606	10640	10543	10597	636	0.00321878254283825
2021-02-09	10601	10664	10567	10597	1338	0.0
2021-02-10	10591	10689	10582	10684	4835	0.008209870718127732
2021-02-15	10727	10727	10659	10689	2532	0.00046798951703475034
2021-02-16	10684	10747	10684	10689	5512	0.0
2021-02-17	10679	10707	10611	10709	4167	0.0018710824211807253
2021-02-18	10707	10732	10586	10616	650	-0.008684284246895158
2021-02-19	10601	10601	10421	10539	9295	-0.007253202712886209
2021-02-22	10606	10635	10499	10500	915	-0.0037005408482778668
2021-02-23	10368	10465	10368	10437	1467	-0.006000000000000005
2021-02-24	10398	10456	10160	10160	1715	-0.026540193542205603
2021-02-25	10232	10388	10203	10388	13224	0.022440944881889857
2021-02-26	10097	10169	10092	10146	2830	-0.023296110897189082
2021-03-02	10310	10310	10140	10141	658	-0.0004928050463236522
2021-03-03	10218	10334	10188	10320	14344	0.017651119219011857
2021-03-04	10169	10300	10169	10282	3296	-0.0036821705426356433
2021-03-05	10174	10247	10116	10248	11742	-0.0033067496595993173
2021-03-08	10271	10271	10102	10102	701	-0.014246682279469125
2021-03-09	10116	10145	10009	10107	12336	0.0004949514947534261
2021-03-10	10164	10164	10047	10049	1154	-0.00573859701197188
2021-03-11	10047	10174	10047	10170	104	0.012040999104388606
2021-03-12	10257	10295	10247	10277	331	0.01052114060963616
2021-03-15	10266	10310	10266	10311	5601	0.003308358470370809
2021-03-16	10334	10548	10334	10486	6012	0.016972165648336812
2021-03-17	10538	10567	10461	10514	22247	0.002670226969292422
2021-03-18	10572	10630	10548	10549	7999	0.0033288948069241098
2021-03-19	10436	10446	10406	10418	2009	-0.012418238695610984
2021-03-22	10436	10446	10368	10378	5751	-0.003839508542906489
2021-03-23	10475	10475	10285	10287	139	-0.00876854885334366
2021-03-24	10242	10310	10242	10306	4667	0.0018469913483036837
2021-03-25	10193	10339	10193	10335	449	0.0028138948185523205
2021-03-26	10388	10406	10325	10408	121	0.007063376874697713
2021-03-29	10334	10393	10285	10311	6247	-0.009319754035357453
2021-03-30	10441	10528	10426	10476	24212	0.016002327611288836
2021-03-31	10523	10552	10451	10451	21286	-0.002386407025582238
2021-04-01	10519	10533	10446	10505	8615	0.005166969667974364
2021-04-02	10601	10601	10451	10461	35418	-0.004188481675392652
2021-04-05	10504	10509	10456	10461	27695	0.0
2021-04-06	10519	10538	10479	10519	53277	0.00554440302074366
2021-04-07	10519	10577	10519	10539	29927	0.0019013214183858373
2021-04-08	10538	10591	10451	10529	139591	-0.0009488566277635613
2021-04-09	10572	10611	10528	10578	75750	0.0046538132776141605
2021-04-12	10572	10611	10557	10602	44213	0.0022688598979012653
2021-04-13	10644	10762	10640	10762	125761	0.015091492171288357
2021-04-14	10689	10800	10689	10747	99300	-0.0013937929752834144
2021-04-15	10775	10916	10762	10913	277673	0.015446171024471989
2021-04-16	10839	10911	10824	10859	95590	-0.004948226885366114
2021-04-19	10887	10975	10839	10922	161206	0.005801639193295793
2021-04-20	10945	11062	10897	11063	167208	0.012909723493865544
2021-04-21	11004	11076	10795	10917	463261	-0.013197143631926256
2021-04-22	10936	10941	10838	10888	128757	-0.002656407437940822
2021-04-23	10829	10984	10805	10966	90082	0.0071638501102131436
2021-04-26	11038	11038	10921	11000	175340	0.0031004924311508475
2021-04-27	10980	11081	10907	10966	89000	-0.003090909090909144
2021-04-28	10921	11086	10785	10840	199229	-0.011490060186029494
2021-04-29	10844	10844	10667	10702	102234	-0.012730627306273057
2021-04-30	10667	10805	10643	10673	117975	-0.002709773874042254
2021-05-03	10677	10697	10559	10569	48108	-0.00974421437271622
2021-05-04	10593	10598	10426	10540	94095	-0.0027438735925821023
2021-05-06	10583	10652	10569	10643	78260	0.00977229601518026
2021-05-07	10721	10805	10677	10776	59885	0.012496476557361635
2021-05-10	10829	11016	10820	11017	88650	0.0223645137342241
2021-05-11	11002	11002	10829	10953	86467	-0.005809203957520159
2021-05-12	10923	10923	10697	10781	206022	-0.01570346023920388
2021-05-13	10623	10874	10623	10732	112683	-0.004545032928299775
2021-05-14	10854	10854	10761	10810	109095	0.007267983600447225
2021-05-17	10844	10849	10761	10810	179434	0.0
2021-05-18	10849	10928	10815	10889	58892	0.007308048103607856
2021-05-20	10849	10893	10815	10869	54648	-0.0018367159518780651
2021-05-21	10908	10913	10765	10786	31415	-0.00763639709264885
2021-05-24	10751	10810	10751	10776	42490	-0.0009271277582050264
2021-05-25	10829	10918	10790	10909	46210	0.01234224201930223
2021-05-26	10967	11070	10957	11061	127801	0.013933449445411972
2021-05-27	11090	11090	10962	11041	117322	-0.0018081547780489649
2021-05-28	11075	11085	11016	11017	64757	-0.002173716148899607
2021-05-31	11095	11149	11080	11145	178274	0.011618407915040319
2021-06-01	11154	11188	11090	11125	205527	-0.0017945266935845972
2021-06-02	11193	11193	11100	11150	147701	0.0022471910112360494
2021-06-03	11164	11193	11115	11159	72851	0.0008071748878923923
2021-06-04	11134	11134	11011	11066	273726	-0.0083340801147056
2021-06-07	11046	11120	11026	11115	99125	0.004427977589011478
2021-06-08	11051	11164	11051	11081	132593	-0.003058929374718855
2021-06-09	11056	11129	11051	11056	81824	-0.0022561140691272907
2021-06-10	11051	11169	11051	11125	78241	0.006240955137482018
2021-06-11	11154	11174	11115	11164	140984	0.0035056179775281304
2021-06-14	11179	11218	11115	11189	174842	0.002239340738086737
2021-06-15	11223	11252	11174	11253	174329	0.005719903476628874
2021-06-16	11238	11346	11228	11341	622590	0.00782013685239491
2021-06-17	11297	11331	11252	11317	220066	-0.0021162155012784956
2021-06-18	11351	11361	11297	11361	203336	0.0038879561721303357
2021-06-21	11277	11306	11208	11243	159718	-0.010386409647038075
2021-06-22	11262	11321	11223	11287	138586	0.0039135462065285065
2021-06-23	11302	11302	11203	11233	81845	-0.004784265083724648
2021-06-24	11247	11287	11208	11277	83428	0.003917030178937075
2021-06-25	11321	11356	11287	11297	87612	0.0017735213265939187
2021-06-28	11326	11346	11272	11336	111651	0.0034522439585731313
2021-06-29	11336	11351	11277	11322	143284	-0.0012350035285815242
2021-06-30	11351	11351	11282	11317	115210	-0.00044161808867693164
2021-07-01	11316	11331	11252	11327	59040	0.0008836264027569651
2021-07-02	11326	11361	11292	11312	70322	-0.001324269444689663
2021-07-05	11341	11420	11341	11420	229408	0.00954738330975946
2021-07-06	11420	11425	11326	11361	129109	-0.005166374781085836
2021-07-07	11351	11351	11203	11209	69076	-0.013379103952116944
2021-07-08	11243	11243	11095	11120	66586	-0.007940048175573255
2021-07-09	11031	11075	10903	11032	38364	-0.007913669064748219
2021-07-12	11070	11115	11056	11061	69937	0.0026287164612037728
2021-07-13	11134	11184	11134	11174	45362	0.010216074495976946
2021-07-14	11031	11139	11031	11110	150716	-0.005727581886522337
2021-07-15	11144	11188	11115	11164	25804	0.004860486048604784
2021-07-16	11154	11179	11100	11135	37469	-0.0025976352561806193
2021-07-19	11110	11110	11046	11076	26165	-0.005298607992815452
2021-07-20	11011	11090	11011	11061	46482	-0.001354279523293589
2021-07-21	11124	11129	10992	11002	18039	-0.005334056595244552
2021-07-22	11075	11110	11011	11017	20349	0.0013633884748227576
2021-07-23	11021	11021	10952	10953	10756	-0.005809203957520159
2021-07-26	11002	11002	10869	10884	35871	-0.0062996439331689524
2021-07-27	10947	10947	10854	10854	6026	-0.002756339581036382
2021-07-28	10844	10908	10820	10889	16313	0.00322461765247839
2021-07-29	10943	10957	10898	10948	18628	0.00541831205804022
2021-07-30	10864	10864	10731	10732	30229	-0.019729630982827873
2021-08-02	10795	10795	10716	10766	4707	0.003168095415579497
2021-08-03	10790	10790	10736	10791	797	0.0023221252089913325
2021-08-04	10824	10992	10824	10992	23891	0.018626633305532492
2021-08-05	11041	11041	10972	10992	3035	0.0
2021-08-06	11031	11031	10947	11012	1088	0.001819505094614371
2021-08-09	10918	10933	10888	10918	1568	-0.008536142390119905
2021-08-10	10943	10943	10884	10933	1711	0.0013738779996337325
2021-08-11	10923	10943	10893	10914	5868	-0.0017378578615201423
2021-08-12	10952	10987	10884	10884	802	-0.002748763056624526
2021-08-13	10972	10972	10741	10795	1634	-0.008177140757074652
2021-08-17	10829	10829	10692	10722	3033	-0.006762389995368268
2021-08-18	10706	10815	10706	10791	5818	0.0064353665360941115
2021-08-19	10736	10736	10534	10535	5131	-0.023723473264757655
2021-08-20	10520	10588	10318	10373	2567	-0.015377313716184116
2021-08-23	10480	10549	10426	10510	5355	0.013207365275233807
2021-08-24	10603	10702	10603	10673	2370	0.015509039010466186
2021-08-25	10672	10682	10628	10643	2061	-0.002810831069052777
2021-08-26	10711	10711	10588	10594	4404	-0.004603965047448977
2021-08-27	10544	10667	10534	10614	5638	0.0018878610534265317
2021-08-30	10711	10711	10657	10692	14502	0.007348784624081395
2021-08-31	10692	10849	10657	10850	216	0.014777403666292654
2021-09-01	10834	10884	10800	10864	5609	0.001290322580645098
2021-09-02	10874	10874	10810	10869	1776	0.00046023564064801015
2021-09-03	10903	10977	10888	10968	9142	0.009108473640629278
2021-09-06	10903	10908	10864	10904	2779	-0.005835156819839482
2021-09-07	10918	10918	10834	10904	1644	0.0
2021-09-08	10800	10844	10677	10677	902	-0.020818048422597157
2021-09-09	10697	10706	10593	10594	752	-0.00777371920951575
2021-09-10	10716	10716	10657	10677	965	0.007834623371719918
2021-09-13	10603	10603	10554	10589	2510	-0.00824201554743842
2021-09-14	10638	10697	10608	10638	9468	0.0046274435735196295
2021-09-15	10677	10702	10647	10658	11563	0.0018800526414739505
2021-09-16	10677	10677	10598	10618	697	-0.003753049352599014
2021-09-17	10574	10588	10539	10584	751	-0.003202109625164762
2021-09-23	10480	10529	10461	10530	3877	-0.005102040816326481
2021-09-24	10544	10544	10436	10471	1740	-0.005603038936372262
2021-09-27	10495	10569	10490	10510	4790	0.0037245726291663672
2021-09-28	10480	10480	10328	10343	979	-0.015889628924833477
2021-09-29	10249	10288	10180	10289	5705	-0.005220922362950797
2021-09-30	10269	10318	10269	10299	7933	0.0009719117504130015
2021-10-01	10283	10283	10161	10166	7843	-0.012913875133508057
2021-10-05	10121	10146	10028	10107	3456	-0.005803659256344629
2021-10-06	10126	10126	9870	9871	5787	-0.0233501533590581
2021-10-07	9974	10092	9969	10053	1066	0.01843784824232597
2021-10-08	10047	10047	9988	10004	3841	-0.004874166915348699
2021-10-12	9959	9959	9826	9881	1598	-0.012295081967213073
2021-10-13	9939	9969	9939	9950	253	0.006983098876631955
2021-10-14	10023	10102	10013	10102	739	0.015276381909547831
2021-10-15	10210	10224	10151	10225	987	0.012175806770936548
2021-10-18	10146	10175	10146	10161	992	-0.006259168704156437
2021-10-19	10249	10249	10175	10215	302	0.005314437555358653
2021-10-20	10254	10274	10210	10210	1222	-0.0004894762604014113
2021-10-21	10224	10264	10165	10200	444	-0.0009794319294809117
2021-10-22	10195	10229	10165	10205	1701	0.0004901960784313708
2021-10-25	10190	10239	10156	10230	4436	0.002449779519843265
2021-10-26	10269	10298	10254	10274	265	0.004301075268817289
2021-10-27	10210	10210	10077	10102	1180	-0.01674128868989677
2021-10-28	10092	10092	9988	9989	1288	-0.011185903781429474
2021-10-29	10052	10052	9846	9876	569	-0.011312443688056839
2021-11-01	9920	9939	9910	9915	759	0.003948967193195596
2021-11-02	10023	10077	10023	10058	102	0.01442259203227425
2021-11-03	10033	10047	9959	9984	1973	-0.007357327500497113
2021-11-04	10057	10087	9998	10028	318	0.004407051282051322
2021-11-05	9998	9998	9939	9979	4986	-0.004886318308735538
2021-11-08	9924	10003	9900	10004	1296	0.002505261048201257
2021-11-09	10082	10082	9929	9984	131	-0.0019992003198719965
2021-11-10	9915	9915	9811	9822	3105	-0.016225961538461564
2021-11-11	9752	9762	9723	9758	444	-0.006515984524536722
2021-11-12	9915	9934	9890	9891	1310	0.013629842180774787
2021-11-15	9954	9998	9954	9979	876	0.008896977049843269
2021-11-16	9969	10008	9969	9999	8028	0.0020042088385610057
2021-11-17	9964	9964	9851	9871	310	-0.012801280128012849
2021-11-18	9841	9841	9762	9772	9013	-0.010029378988957505
2021-11-19	9733	9875	9733	9876	3102	0.010642652476463343
2021-11-22	9851	9875	9816	9876	2456	0.0
2021-11-23	9821	9821	9757	9792	7375	-0.008505467800729027
2021-11-24	9821	9821	9723	9763	295	-0.0029616013071895875
2021-11-25	9723	9723	9664	9664	2588	-0.010140325719553367
2021-11-26	9683	9683	9556	9561	1523	-0.010658112582781487
2021-11-29	9477	9536	9472	9477	3711	-0.008785691873234969
2021-11-30	9477	9477	9147	9187	338	-0.030600400970771324
2021-12-01	9241	9275	9133	9222	4916	0.0038097311418308077
2021-12-02	9206	9418	9206	9409	5109	0.020277597050531337
2021-12-03	9457	9561	9433	9556	45	0.01562333935593574
2021-12-06	9492	9570	9462	9556	694	0.0
2021-12-07	9595	9610	9580	9600	323	0.004604437002930117
2021-12-08	9698	9698	9600	9615	252	0.0015624999999999112
2021-12-09	9688	9708	9669	9704	266	0.009256370254810298
2021-12-10	9698	9738	9698	9738	888	0.00350370981038739
2021-12-13	9762	9797	9713	9713	419	-0.002567262271513604
2021-12-14	9718	9718	9664	9704	99	-0.0009265932255739795
2021-12-15	9679	9728	9679	9709	639	0.0005152514427040344
2021-12-16	9703	9728	9669	9728	580	0.001956947162426559
2021-12-17	9738	9801	9738	9782	522	0.00555098684210531
2021-12-20	9767	9767	9674	9674	2304	-0.011040686976078518
2021-12-21	9698	9723	9634	9704	1404	0.0031010957204880008
2021-12-22	9757	9757	9669	9694	743	-0.001030502885408069
2021-12-23	9742	9772	9674	9763	5880	0.007117804827728502
2021-12-24	9816	9816	9733	9758	180	-0.0005121376626037177
2021-12-27	9742	9792	9742	9777	2196	0.0019471203115393187
2021-12-28	9826	9851	9792	9851	5274	0.007568783880536056
2021-12-29	9929	9929	9880	9881	141	0.003045376103948838
2021-12-30	9870	9870	9772	9797	32	-0.00850116384981281
2022-01-03	9816	9816	9742	9792	881	-0.0005103603143820079
2022-01-04	9806	9806	9703	9738	521	-0.005514705882352922
2022-01-05	9693	9693	9610	9615	442	-0.012630930375847171
2022-01-06	9575	9575	9428	9443	4993	-0.017888715548621925
2022-01-07	9497	9565	9497	9566	655	0.013025521550354746
2022-01-10	9295	9339	9295	9340	1330	-0.023625339744929974
2022-01-11	9379	9379	9300	9325	242	-0.0016059957173447659
2022-01-12	9379	9467	9379	9428	32550	0.011045576407506807
2022-01-13	9477	9541	9462	9512	1037	0.008909630886720477
2022-01-14	9393	9423	9364	9384	201	-0.01345668629100083
2022-01-17	9364	9364	9246	9251	799	-0.014173060528559267
2022-01-18	9280	9305	9152	9158	436	-0.010052967246784172
2022-01-19	9142	9177	9079	9128	226	-0.0032758244158113126
2022-01-20	9177	9241	9167	9241	26132	0.012379491673970122
2022-01-21	9172	9221	9157	9163	233	-0.008440644951845044
2022-01-24	9108	9108	9010	9050	234	-0.012332205609516533
2022-01-25	9010	9010	8813	8843	4424	-0.022872928176795537
2022-01-26	8897	8897	8798	8818	255	-0.002827094877304037
2022-01-27	8700	8700	8508	8528	695	-0.03288727602630981
2022-01-28	8562	8739	8562	8740	308	0.024859287054409096
2022-02-03	8926	8970	8906	8907	927	0.019107551487414165
2022-02-04	8911	9083	8911	9084	126	0.019872010778039684
2022-02-07	8980	9049	8980	9035	1104	-0.005394099515631856
2022-02-08	9138	9138	9000	9064	747	0.0032097399003874205
2022-02-09	9162	9162	9113	9163	27	0.010922330097087318
2022-02-10	9270	9270	9162	9192	11977	0.003164902324566121
2022-02-11	9128	9142	9069	9079	374	-0.012293298520452578
2022-02-14	8882	9005	8882	8966	2696	-0.012446304659103458
2022-02-15	8970	8980	8897	8897	643	-0.007695739460182871
2022-02-16	9010	9083	9010	9059	62	0.018208384848825476
2022-02-17	9079	9187	9000	9099	13566	0.004415498399381823
2022-02-18	9088	9157	9088	9158	388	0.0064842290361577515
2022-02-21	8980	9192	8980	9192	676	0.003712601004586258
2022-02-22	8990	9138	8990	9118	55	-0.008050478677110506
2022-02-23	9152	9162	9113	9163	224	0.004935292827374482
2022-02-24	9108	9108	8965	9030	918	-0.014514896867838023
2022-02-25	9074	9093	9029	9054	3750	0.0026578073089700283
2022-02-28	9103	9211	9103	9212	1084	0.017450850452838562
2022-03-02	9108	9221	9108	9222	593	0.001085540599218504
2022-03-03	9167	9310	9167	9310	2364	0.009542398612014669
2022-03-04	9236	9305	9236	9305	64	-0.0005370569280344073
2022-03-07	9098	9182	9069	9138	1517	-0.01794734013970989
2022-03-08	9039	9103	9034	9069	619	-0.007550886408404511
2022-03-10	9177	9221	9152	9163	1210	0.010364979600838042
2022-03-11	9113	9236	9113	9227	414	0.006984612026628811
2022-03-14	9167	9201	9083	9094	1359	-0.014414219139481932
2022-03-15	9054	9088	9020	9050	14755	-0.00483835495931384
2022-03-16	9093	9162	9088	9128	32	0.00861878453038667
2022-03-17	9246	9246	9216	9217	66	0.009750219106047231
2022-03-18	9123	9211	9123	9197	2214	-0.002169903439296905
2022-03-21	9123	9197	9113	9128	1206	-0.0075024464499293675
2022-03-22	9157	9182	9138	9153	215	0.0027388255915863358
2022-03-23	9236	9236	9177	9217	72	0.0069922429804436526
2022-03-24	9133	9172	9118	9168	1059	-0.0053162634262775565
2022-03-25	9182	9201	9172	9187	1335	0.002072425828970381
2022-03-28	9118	9157	9088	9133	796	-0.005877870904539062
2022-03-29	9197	9197	9133	9153	2293	0.002189860943830002
2022-03-30	9221	9231	9182	9192	157	0.0042608980662077744
2022-03-31	9216	9236	9187	9227	1169	0.0038076588337685457
2022-04-01	9216	9260	9216	9261	3720	0.0036848379755065608
2022-04-04	9334	9339	9305	9330	4483	0.007450599287333937
2022-04-05	9369	9369	9285	9300	711	-0.003215434083601254
2022-04-06	9295	9300	9197	9222	407	-0.008387096774193581
2022-04-07	9147	9147	9079	9104	226	-0.01279548904792882
2022-04-08	9128	9182	9113	9182	2326	0.008567662565905021
2022-04-11	9211	9211	9192	9192	3345	0.001089087344805062
2022-04-12	9177	9187	9123	9177	592	-0.0016318537859008053
2022-04-13	9206	9270	9206	9271	119	0.010242998801351266
2022-04-14	9295	9295	9265	9271	118	0.0
2022-04-15	9201	9206	9187	9202	1281	-0.007442562830331179
2022-04-18	9231	9251	9221	9227	443	0.002716800695500954
2022-04-19	9260	9260	9221	9236	267	0.0009753982876341549
2022-04-20	9221	9275	9221	9256	1428	0.002165439584235651
2022-04-21	9300	9300	9270	9276	1285	0.002160760587726962
2022-04-22	9192	9211	9152	9212	85	-0.006899525657611094
2022-04-25	9113	9113	9044	9045	1349	-0.01812852800694742
2022-04-26	9059	9108	9059	9109	202	0.007075732448866834
2022-04-27	8956	9044	8956	9020	38	-0.00977055659238113
2022-04-28	9075	9135	9075	9125	284	0.01164079822616415
2022-04-29	9135	9165	9130	9160	1918	0.003835616438356171
2022-05-02	9110	9140	9090	9115	2508	-0.004912663755458513
2022-05-03	9130	9130	9065	9065	348	-0.005485463521667566
2022-05-04	9060	9065	9010	9015	75	-0.00551571980143406
2022-05-06	8925	8935	8910	8935	306	-0.0088740987243483
2022-05-09	8870	8870	8775	8775	764	-0.0179071068830442
2022-05-10	8680	8780	8590	8755	2486	-0.002279202279202308
2022-05-11	8805	8805	8750	8760	242	0.0005711022272987254
2022-05-12	8655	8735	8585	8600	5874	-0.0182648401826484
2022-05-13	8665	8730	8665	8720	9	0.013953488372093092
2022-05-16	8805	8805	8730	8745	3860	0.0028669724770642446
2022-05-17	8740	8740	8720	8725	891	-0.002287021154945723
2022-05-18	8755	8765	8720	8735	410	0.0011461318051575464
2022-05-19	8545	8575	8545	8550	102	-0.021179164281625695
2022-05-20	8620	8675	8595	8675	612	0.014619883040935644
2022-05-23	8635	8695	8635	8695	150	0.002305475504322807
2022-05-24	8735	8735	8675	8675	12	-0.0023001725129384587
2022-05-25	8685	8760	8685	8710	2557	0.004034582132564912
2022-05-26	8775	8775	8710	8710	4451	0.0
2022-05-27	8805	8805	8770	8775	67	0.00746268656716409
2022-05-30	8900	8915	8875	8875	4217	0.01139601139601143
2022-05-31	8880	8885	8860	8860	3376	-0.0016901408450704647
2022-06-02	8850	8850	8770	8810	12021	-0.0056433408577878375
2022-06-03	8845	8845	8805	8835	5	0.002837684449489286
2022-06-07	8795	8795	8675	8710	1287	-0.014148273910582931
2022-06-08	8700	8715	8690	8690	73	-0.0022962112514350874
2022-06-09	8710	8710	8650	8695	29	0.0005753739930955959
2022-06-10	8595	8610	8580	8580	368	-0.01322599194939622
2022-06-13	8475	8475	8320	8320	418	-0.030303030303030276
2022-06-14	8190	8245	8145	8245	11718	-0.009014423076923128
2022-06-15	8205	8205	8055	8055	10004	-0.02304426925409342
2022-06-16	8200	8205	8060	8060	335	0.0006207324643079382
2022-06-17	7910	8060	7910	8020	6	-0.00496277915632759
2022-06-20	8100	8100	7900	7935	3723	-0.010598503740648413
2022-06-21	7965	8035	7940	7990	84	0.006931316950220534
2022-06-22	8010	8010	7835	7835	50	-0.019399249061326618
2022-06-23	7850	7895	7780	7780	1878	-0.007019783024888371
2022-06-24	7845	7985	7845	7985	6	0.02634961439588679
2022-06-27	7980	8075	7980	8050	1263	0.00814026299311199
2022-06-28	8085	8085	8000	8065	149	0.0018633540372670065
2022-06-29	8005	8105	8005	8070	43	0.000619962802231866
2022-06-30	8065	8065	7995	7995	2459	-0.009293680297397744
2022-07-01	8045	8045	7925	7930	2411	-0.008130081300813052
2022-07-04	7975	8010	7945	8010	92	0.010088272383354413
2022-07-05	8075	8140	8020	8140	90	0.01622971285892638
2022-07-06	8135	8165	8050	8050	67	-0.011056511056511065
2022-07-07	8080	8165	8080	8155	999	0.01304347826086949
2022-07-08	8230	8230	8175	8200	69	0.005518087063151489
2022-07-11	8155	8175	8110	8115	569	-0.010365853658536595
2022-07-12	8115	8115	8055	8095	54	-0.0024645717806530687
2022-07-13	8125	8185	8125	8170	1006	0.009264978381717137
2022-07-14	8140	8175	8140	8150	72	-0.002447980416156681
