Date	Open	High	Low	Close	Volume	Change
2021-09-17	111000	135000	91000	111500	17373529	
2021-09-23	112000	113000	99000	99100	2914293	-0.11121076233183858
2021-09-24	100000	102000	95500	99200	2262592	0.0010090817356205317
2021-09-27	98300	99400	96500	97000	672212	-0.022177419354838745
2021-09-28	98000	103000	97000	100000	1037427	0.030927835051546282
2021-09-29	98300	108000	98000	107500	1435139	0.07499999999999996
2021-09-30	107500	117000	106000	115500	1704373	0.07441860465116279
2021-10-01	114500	119500	109000	113500	1203513	-0.017316017316017285
2021-10-05	111500	112500	104500	104500	706523	-0.07929515418502198
2021-10-06	107000	111500	105500	107000	797435	0.02392344497607657
2021-10-07	109000	112000	107000	109500	474072	0.02336448598130847
2021-10-08	109500	110000	103000	104500	423907	-0.045662100456621
2021-10-12	104000	106000	100500	101000	292797	-0.03349282296650713
2021-10-13	101500	103000	99800	102000	252749	0.00990099009900991
2021-10-14	103000	103000	100000	102000	248276	0.0
2021-10-15	104500	107000	103500	105000	292470	0.02941176470588225
2021-10-18	103000	104000	100000	101500	659149	-0.033333333333333326
2021-10-19	102500	103000	100000	101500	332255	0.0
2021-10-20	101500	102500	100000	100500	269309	-0.009852216748768461
2021-10-21	100500	102500	100000	100500	239165	0.0
2021-10-22	101000	101500	100000	101000	169264	0.004975124378109541
2021-10-25	100500	106500	100000	106000	516573	0.04950495049504955
2021-10-26	106500	109500	104000	108500	388727	0.02358490566037741
2021-10-27	108500	116500	108000	113500	771405	0.04608294930875578
2021-10-28	114500	118000	111000	112000	569668	-0.013215859030836996
2021-10-29	113500	119000	113000	117000	693739	0.044642857142857206
2021-11-01	116500	119000	113500	118500	385442	0.012820512820512775
2021-11-02	118500	119000	113500	116000	368462	-0.021097046413502074
2021-11-03	116000	117500	112500	116500	281713	0.004310344827586299
2021-11-04	117000	117000	112000	112500	292430	-0.03433476394849788
2021-11-05	112000	114500	108500	113500	330870	0.008888888888888946
2021-11-08	114000	114000	110000	112000	176789	-0.013215859030836996
2021-11-09	113500	115500	108500	109500	335982	-0.022321428571428603
2021-11-10	109000	111500	106000	111000	255794	0.013698630136986356
2021-11-11	110000	112000	109500	112000	164295	0.009009009009008917
2021-11-12	112000	114000	111000	112000	169377	0.0
2021-11-15	112500	114000	111000	114000	180931	0.017857142857142794
2021-11-16	114500	114500	111000	111500	145772	-0.021929824561403466
2021-11-17	111500	113000	108000	108500	179729	-0.026905829596412523
2021-11-18	108000	109500	105500	106000	175355	-0.02304147465437789
2021-11-19	106000	109500	105500	109000	122211	0.028301886792452935
2021-11-22	108500	110500	107500	109000	137867	0.0
2021-11-23	110000	111500	108500	111000	147284	0.0183486238532109
2021-11-24	111000	113500	110000	112500	123175	0.013513513513513598
2021-11-25	113500	116000	112000	114000	248249	0.01333333333333342
2021-11-26	114500	116500	111500	111500	171573	-0.021929824561403466
2021-11-29	107000	110000	107000	108500	177072	-0.026905829596412523
2021-11-30	109500	109500	106000	106500	184116	-0.018433179723502335
2021-12-01	106000	109000	103500	108000	142292	0.014084507042253502
2021-12-02	106000	114000	106000	113500	213861	0.05092592592592582
2021-12-03	113000	114500	111000	111000	180027	-0.022026431718061623
2021-12-06	109500	113500	108500	112500	162493	0.013513513513513598
2021-12-07	113000	114500	109500	110000	188247	-0.022222222222222254
2021-12-08	111000	111000	107500	108000	213352	-0.018181818181818188
2021-12-09	108000	109500	107000	107000	393768	-0.0092592592592593
2021-12-10	106500	107500	105500	107500	224135	0.004672897196261738
2021-12-13	107000	108000	105500	106000	199659	-0.013953488372092981
2021-12-14	105000	106000	101000	101000	325488	-0.047169811320754707
2021-12-15	100000	100500	98600	98900	297616	-0.02079207920792081
2021-12-16	98600	99500	95100	95700	448758	-0.032355915065722995
2021-12-17	90000	93400	89700	91500	1686560	-0.043887147335423204
2021-12-20	92100	93400	91600	91900	462510	0.004371584699453646
2021-12-21	92200	94900	91300	94000	411144	0.02285092491838947
2021-12-22	94500	95000	92100	92700	313539	-0.013829787234042601
2021-12-23	92700	92800	91500	92300	214082	-0.004314994606256728
2021-12-24	93000	93600	92200	92700	220253	0.004333694474539573
2021-12-27	92700	93200	92300	92700	191739	0.0
2021-12-28	92800	93500	92400	92700	217210	0.0
2021-12-29	93500	95000	92800	93700	258296	0.010787486515641875
2021-12-30	94400	95300	92900	95200	232685	0.016008537886873064
2022-01-03	96000	97700	94900	97600	225810	0.025210084033613356
2022-01-04	98100	102000	96400	101500	425113	0.03995901639344268
2022-01-05	102000	105000	101500	104000	488265	0.024630541871921263
2022-01-06	102500	112500	100500	111000	845951	0.06730769230769229
2022-01-07	111500	114000	107000	112000	427073	0.009009009009008917
2022-01-10	111000	116500	110500	111500	432107	-0.004464285714285698
2022-01-11	110500	111000	106000	107000	380355	-0.04035874439461884
2022-01-12	105000	110000	103500	108500	327291	0.014018691588784993
2022-01-13	109000	110000	105000	105500	178574	-0.027649769585253448
2022-01-14	103500	110500	103500	106000	447722	0.004739336492890933
2022-01-17	106000	106500	101500	102000	209131	-0.037735849056603765
2022-01-18	102500	105500	101500	103000	246352	0.009803921568627416
2022-01-19	102000	106000	101000	102000	209795	-0.009708737864077666
2022-01-20	102500	104000	101500	103500	146791	0.014705882352941124
2022-01-21	103000	107000	102000	105500	198031	0.019323671497584627
2022-01-24	106000	106000	101000	101500	222116	-0.03791469194312791
2022-01-25	101500	102000	95700	97700	267898	-0.03743842364532024
2022-01-26	97800	99100	96500	96600	142126	-0.011258955987717534
2022-01-27	96600	96600	92700	93400	160754	-0.0331262939958592
2022-01-28	93700	99500	92900	99300	164368	0.06316916488222701
2022-02-03	101500	103500	99300	102000	163952	0.027190332326284095
2022-02-04	101500	103000	100500	102000	123018	0.0
2022-02-07	101500	104000	100000	101500	125054	-0.004901960784313708
2022-02-08	102500	103500	97800	98000	271060	-0.03448275862068961
2022-02-09	99100	104000	98300	103000	187002	0.05102040816326525
2022-02-10	102500	103500	101000	101000	99003	-0.01941747572815533
2022-02-11	99900	101000	97500	97800	155249	-0.03168316831683171
2022-02-14	96000	96800	94800	95600	112913	-0.02249488752556239
2022-02-15	95300	98300	95000	96200	139493	0.006276150627614996
2022-02-16	97600	99800	97600	98000	97403	0.018711018711018657
2022-02-17	98700	100500	97200	98300	145013	0.003061224489795844
2022-02-18	97600	100500	96900	99200	120957	0.00915564598168861
2022-02-21	98400	100500	97600	99900	128539	0.007056451612903247
2022-02-22	98600	103500	98500	102000	236189	0.021021021021021102
2022-02-23	103000	110000	103000	109500	491171	0.07352941176470584
2022-02-24	108500	111500	104500	105500	398595	-0.0365296803652968
2022-02-25	109000	113500	106500	109500	274441	0.03791469194312791
2022-02-28	109500	111500	108000	109500	159563	0.0
2022-03-02	109500	118500	109500	116500	483682	0.06392694063926951
2022-03-03	117000	117500	111500	113000	374950	-0.030042918454935674
2022-03-04	112000	114500	111000	114000	231862	0.008849557522123908
2022-03-07	112000	117000	112000	116500	246331	0.021929824561403466
2022-03-08	114500	116000	113000	113500	196809	-0.025751072961373356
2022-03-10	115000	116000	110000	112000	306188	-0.013215859030836996
2022-03-11	112000	114000	111000	112000	175659	0.0
2022-03-14	110500	114000	110000	113500	146595	0.013392857142857206
2022-03-15	113500	113500	108500	109500	217330	-0.03524229074889873
2022-03-16	110000	112000	109000	110000	179441	0.004566210045662045
2022-03-17	108000	110000	107000	108000	758132	-0.018181818181818188
2022-03-18	109500	111000	107000	108500	862650	0.004629629629629539
2022-03-21	109500	109500	107500	108500	137399	0.0
2022-03-22	109000	114000	108500	114000	286203	0.05069124423963123
2022-03-23	113000	118000	112500	115500	258178	0.013157894736842035
2022-03-24	115500	117500	114500	117000	179791	0.01298701298701288
2022-03-25	118000	119000	117000	117500	172617	0.004273504273504258
2022-03-28	118000	123000	117500	122500	335257	0.042553191489361764
2022-03-29	122500	124000	120500	123000	203796	0.004081632653061273
2022-03-30	123000	123500	117000	117500	312495	-0.04471544715447151
2022-03-31	118000	121000	118000	119500	132482	0.017021276595744705
2022-04-01	118000	119500	115500	119000	128991	-0.004184100418409997
2022-04-04	117000	122000	116500	121000	129247	0.01680672268907557
2022-04-05	121500	127000	120000	126500	290232	0.045454545454545414
2022-04-06	125000	128500	124500	127000	186145	0.0039525691699604515
2022-04-07	125500	127000	120500	121500	211250	-0.04330708661417326
2022-04-08	121500	126500	120500	124000	143765	0.020576131687242816
2022-04-11	123500	128000	122500	127500	113957	0.02822580645161299
2022-04-12	125500	130000	125000	129500	198383	0.015686274509803866
2022-04-13	130000	137000	128500	136500	383827	0.054054054054053946
2022-04-14	135000	141500	135000	139000	314096	0.01831501831501825
2022-04-15	139500	149500	138000	148000	488027	0.06474820143884896
2022-04-18	148000	151000	141000	142500	266352	-0.03716216216216217
2022-04-19	143000	153500	142500	153500	361662	0.07719298245614037
2022-04-20	155500	161500	148000	149000	542107	-0.02931596091205213
2022-04-21	148500	148500	139500	145500	598407	-0.023489932885906062
2022-04-22	143000	144500	136500	140000	480103	-0.037800687285223344
2022-04-25	137000	142500	136000	139500	238248	-0.0035714285714285587
2022-04-26	141500	142500	136000	140500	260290	0.007168458781362075
2022-04-27	137000	145500	137000	144000	312795	0.02491103202846978
2022-04-28	145000	145000	139500	144000	273272	0.0
2022-04-29	142500	145500	139000	140000	190100	-0.02777777777777779
2022-05-02	138000	144500	136500	140000	190759	0.0
2022-05-03	141000	142000	137000	137500	205450	-0.017857142857142905
2022-05-04	137000	138500	131000	133500	390969	-0.029090909090909056
2022-05-06	132500	136500	131500	133500	237157	0.0
2022-05-09	133500	134500	129500	131500	194911	-0.014981273408239737
2022-05-10	129500	131500	127000	130500	217957	-0.0076045627376425395
2022-05-11	130500	133000	123500	125000	460960	-0.04214559386973182
2022-05-12	124500	130000	123000	124000	369250	-0.008000000000000007
2022-05-13	126500	129000	119000	125500	573256	0.012096774193548487
2022-05-16	126000	130000	123500	127000	240162	0.01195219123505975
2022-05-17	121000	124500	119500	121500	2331766	-0.04330708661417326
2022-05-18	123000	124000	115500	117000	569257	-0.03703703703703709
2022-05-19	114000	115500	111000	114500	557796	-0.021367521367521403
2022-05-20	115000	116000	113500	115000	262589	0.004366812227074135
2022-05-23	115500	118000	113000	115000	253045	0.0
2022-05-24	115500	119000	112500	113000	418146	-0.017391304347826098
2022-05-25	114000	115500	112000	113000	254408	0.0
2022-05-26	114000	121000	114000	119000	539957	0.053097345132743445
2022-05-27	121500	124500	120000	123000	469362	0.03361344537815136
2022-05-30	123000	125000	119000	119500	356189	-0.028455284552845517
2022-05-31	120000	121500	119000	119000	1869378	-0.004184100418409997
2022-06-02	120500	122500	118000	119500	261139	0.004201680672268893
2022-06-03	120500	127000	119500	126500	368158	0.05857740585774063
2022-06-07	126500	131500	126500	129500	281517	0.02371541501976293
2022-06-08	131500	133500	127500	132500	332607	0.02316602316602312
2022-06-09	132500	137500	131500	134500	584541	0.015094339622641506
2022-06-10	132500	138500	132000	138000	262327	0.026022304832713727
2022-06-13	135000	136500	131000	133000	274979	-0.036231884057971064
2022-06-14	131000	132500	126000	129500	335811	-0.02631578947368418
2022-06-15	128000	129500	124000	125000	158310	-0.03474903474903479
2022-06-16	129000	132000	127000	129000	246353	0.03200000000000003
2022-06-17	126500	136500	126000	136500	291470	0.058139534883721034
2022-06-20	136500	136500	131500	133500	175783	-0.02197802197802201
2022-06-21	134500	141500	134000	141500	318333	0.059925093632958726
2022-06-22	142000	143500	137000	138500	259601	-0.021201413427561877
2022-06-23	140000	142500	130000	130500	318376	-0.0577617328519856
2022-06-24	132000	133000	127000	132000	169665	0.011494252873563315
2022-06-27	133000	140000	132500	139500	186286	0.05681818181818188
2022-06-28	139500	141500	137000	140500	137730	0.007168458781362075
2022-06-29	138500	144000	138500	141000	158290	0.003558718861210064
2022-06-30	142000	148000	139500	143000	290521	0.014184397163120588
2022-07-01	145000	146000	137500	140000	207510	-0.020979020979020935
2022-07-04	140000	140000	132000	135500	246418	-0.03214285714285714
2022-07-05	136500	137000	129000	135000	281883	-0.0036900369003689537
2022-07-06	132000	132500	120000	121000	572577	-0.10370370370370374
2022-07-07	122500	125000	116500	123500	383485	0.02066115702479343
2022-07-08	125000	128000	124000	125500	215032	0.0161943319838056
2022-07-11	126000	126500	120000	120500	251207	-0.03984063745019917
2022-07-12	119500	122000	117500	121000	194835	0.004149377593360981
2022-07-13	119500	120000	113000	115500	332542	-0.045454545454545414
2022-07-14	114500	117000	112500	115000	173970	-0.0043290043290042934
