Date	Open	High	Low	Close	Volume	Change
2019-08-13	15129	15439	15129	15375	458206	
2019-08-14	15568	15568	15435	15470	1695	0.006178861788617818
2019-08-16	15243	15276	15152	15236	15684	-0.015126050420168013
2019-08-19	15344	15463	15335	15465	12548	0.015030191651351998
2019-08-20	15535	15635	15482	15638	18817	0.011186550274814078
2019-08-21	15635	15721	15593	15720	62	0.005243637293771641
2019-08-22	15746	15746	15620	15638	54	-0.005216284987277331
2019-08-23	15549	15603	15492	15522	4232	-0.007417828366798829
2019-08-26	15162	15291	15018	15020	2162	-0.03234119314521322
2019-08-27	15147	15272	15070	15093	159	0.004860186418109258
2019-08-28	15177	15272	15129	15274	53	0.011992314317895714
2019-08-29	15276	15300	15186	15217	65	-0.003731831871153557
2019-08-30	15349	15463	15349	15442	106	0.0147860944995728
2019-09-02	15425	15540	15420	15542	53	0.0064758450977853155
2019-09-03	15553	15607	15512	15552	53	0.000643417835542337
2019-09-04	15526	15655	15526	15655	53	0.006622942386831365
2019-09-05	15697	15760	15688	15733	1006	0.004982433727243718
2019-09-06	15813	15818	15712	15767	686	0.0021610627343799926
2019-09-09	15823	15856	15655	15695	340	-0.004566499651170175
2019-09-10	15774	15889	15769	15891	53	0.012488053520229414
2019-09-11	15956	16061	15937	16059	82810	0.010572021899188266
2019-09-16	16158	16301	16114	16303	385	0.015193972227411479
2019-09-17	16291	16492	16282	16461	16816	0.009691467828007116
2019-09-18	16563	16626	16482	16604	403	0.008687200048599797
2019-09-19	16607	16689	16554	16614	75	0.0006022645145749017
2019-09-20	16626	16689	16559	16689	63	0.004514265077645296
2019-09-23	16689	16699	16631	16657	59	-0.001917430642938478
2019-09-24	16626	16699	16550	16699	5230	0.0025214624482199355
2019-09-25	16664	16664	16242	16245	65	-0.02718725672195943
2019-09-26	16364	16445	16081	16231	131	-0.000861803631886704
2019-09-27	16247	16247	16123	16178	104	-0.0032653564167334226
2019-09-30	16242	16242	15951	16117	104	-0.003770552602299415
2019-10-01	16047	16138	15985	16112	53	-0.0003102314326487443
2019-10-02	16081	16085	15975	15982	53	-0.0080685203574975
2019-10-04	15990	15990	15726	15782	1462	-0.012514078338130452
2019-10-07	15611	15611	15473	15522	104	-0.016474464579901205
2019-10-08	15553	15588	15526	15575	261	0.0034145084396339787
2019-10-10	15545	15549	15444	15498	159	-0.004943820224719064
2019-10-11	15553	15650	15439	15442	136	-0.0036133694670279493
2019-10-14	15535	15611	15487	15599	66	0.010167076803522912
2019-10-15	15573	15630	15568	15619	53	0.0012821334700943154
2019-10-16	15688	15697	15630	15700	55	0.005185991420705527
2019-10-17	15726	15726	15620	15651	54	-0.0031210191082802208
2019-10-18	15692	15697	15598	15609	53	-0.0026835345984281833
2019-10-21	15635	15635	15522	15537	53	-0.0046127234287910435
2019-10-22	15607	15650	15578	15629	53	0.005921349037780743
2019-10-23	15625	15625	15415	15470	92	-0.010173395610723612
2019-10-24	15492	15492	15358	15475	57	0.0003232062055591456
2019-10-25	15502	15502	15411	15437	57	-0.002455573505654285
2019-10-28	15482	15526	15463	15470	53	0.0021377210597914864
2019-10-29	15549	15549	15468	15470	53	0.0
2019-10-30	15487	15487	15381	15408	55	-0.004007756948933405
2019-10-31	15468	15492	15425	15470	104	0.004023883696780972
2019-11-01	15463	15526	15415	15527	353	0.0036845507433742597
2019-11-04	15607	15688	15588	15690	25234	0.010497842467958929
2019-11-05	15712	15760	15660	15762	424	0.004588910133843216
2019-11-06	15778	15880	15778	15858	54	0.0060905976398935024
2019-11-07	15846	15865	15788	15805	53	-0.003342161684953937
2019-11-08	15875	15875	15803	15833	56	0.001771591268585837
2019-11-11	15880	15880	15692	15782	53	-0.003221120444640957
2019-11-12	15803	15865	15765	15867	203813	0.0053858826511214986
2019-11-13	15875	15875	15751	15787	4232	-0.00504191088422512
2019-11-14	15865	15870	15680	15742	54	-0.0028504465699625836
2019-11-15	15721	15842	15721	15838	53	0.006098335662558796
2019-11-18	15880	15880	15769	15814	53	-0.0015153428463189345
2019-11-19	15788	15788	15650	15685	53	-0.008157328949032538
2019-11-20	15650	15650	15425	15442	53	-0.015492508766337232
2019-11-21	15435	15444	15162	15207	53	-0.015218235979795325
2019-11-22	15233	15281	15147	15192	53	-0.000986387847701664
2019-11-25	15210	15386	15210	15389	3451	0.012967351237493485
2019-11-26	15430	15522	15411	15522	53	0.008642536876990015
2019-11-27	15588	15588	15453	15508	53	-0.0009019456255636715
2019-11-28	15482	15540	15468	15480	54	-0.0018055197317513594
2019-11-29	15507	15507	15305	15335	53	-0.009366925064599463
2019-12-02	15381	15391	15281	15316	53	-0.0012389957613302416
2019-12-03	15201	15263	15134	15264	53	-0.003395142334813306
2019-12-04	15177	15191	15057	15111	53	-0.010023584905660354
2019-12-05	15162	15186	15000	15083	146	-0.001852954801138229
2019-12-06	15134	15315	15134	15316	53	0.015447855201219829
2019-12-09	15386	15406	15218	15264	53	-0.003395142334813306
2019-12-10	15272	15335	15223	15335	54	0.004651467505241147
2019-12-11	15349	15372	15295	15355	139	0.0013042060645582776
2019-12-12	15411	15478	15411	15480	56	0.00814067079127323
2019-12-13	15563	15620	15558	15570	55	0.005813953488372103
2019-12-16	15630	15685	15530	15552	58	-0.0011560693641619046
2019-12-17	15497	15655	15497	15655	69384	0.006622942386831365
2019-12-18	15670	15688	15620	15690	58	0.002235707441711865
2019-12-19	15707	15741	15675	15710	53	0.001274697259400881
2019-12-20	15760	15760	15702	15715	53	0.0003182686187142014
2019-12-23	15736	15736	15630	15685	63	-0.0019090041361756738
2019-12-24	15665	15670	15558	15562	53	-0.007841887153331228
2019-12-26	15530	15650	15526	15638	53	0.004883691042282479
2019-12-27	15774	15898	15774	15891	53	0.016178539455173224
2019-12-30	15932	16032	15932	16015	104	0.007803159020829398
2020-01-02	16024	16109	15918	16082	198	0.004183577895722657
2020-01-03	16128	16148	15995	16059	10502	-0.0014301703768188068
2020-01-06	15898	15965	15765	15823	53	-0.014695809203561838
2020-01-07	15908	15990	15875	15982	53	0.010048663338178665
2020-01-08	15827	15832	15497	15503	56	-0.029971217619822355
2020-01-09	15702	15746	15680	15747	53	0.015738889247242538
2020-01-10	15778	15875	15760	15848	53	0.006413920111767224
2020-01-13	15832	15937	15818	15939	53	0.005742049469964705
2020-01-14	15946	15985	15842	15939	39724	0.0
2020-01-15	15880	16037	15861	16040	47975	0.0063366585105715245
2020-01-16	16056	16085	15975	16087	7677	0.002930174563591015
2020-01-17	16133	16148	16037	16040	55	-0.002921613725368255
2020-01-20	16000	16071	15880	15964	18839	-0.004738154613466383
2020-01-21	15995	16047	15832	15843	78	-0.007579553996492128
2020-01-22	15865	16066	15827	16068	4963	0.014201855709145894
2020-01-23	15985	16066	15918	15987	2559	-0.0050410754294248905
2020-01-28	15675	15697	15573	15700	53	-0.017952086069931816
2020-01-29	15680	15688	15563	15604	56	-0.006114649681528639
2020-01-30	15598	15620	15243	15321	53	-0.01813637528838763
2020-01-31	15386	15386	14889	14971	60389	-0.022844461849748754
2020-02-03	14636	14856	14636	14833	63	-0.00921782112083358
2020-02-04	14865	15057	14861	15058	55	0.01516888019955509
2020-02-05	15129	15182	15061	15126	53	0.004515871961747964
2020-02-06	15228	15372	15228	15375	53	0.016461721539071883
2020-02-07	15305	15353	15191	15311	86845	-0.004162601626016227
2020-02-10	15253	15340	15162	15340	13768	0.00189406309189466
2020-02-11	15353	15487	15310	15489	4660	0.009713168187744481
2020-02-12	15482	15578	15396	15580	174776	0.005875137194137681
2020-02-13	15558	15558	15335	15427	5276	-0.009820282413350423
2020-02-14	15435	15444	15401	15422	53	-0.0003241070849808736
2020-02-17	15391	15435	15315	15417	44445	-0.00032421216444045164
2020-02-18	15353	15386	15210	15236	54	-0.011740286696503843
2020-02-19	15310	15315	15172	15311	54	0.004922551850879531
2020-02-20	15344	15353	15142	15164	53	-0.00960094050029392
2020-02-21	15047	15162	14918	14971	54	-0.012727512529675522
2020-02-24	14822	14851	14449	14451	168942	-0.03473381871618464
2020-02-25	14386	14579	14367	14580	53	0.008926717874195633
2020-02-26	14425	14579	14425	14484	54	-0.006584362139917643
2020-02-27	14493	14579	14176	14235	79466	-0.017191383595691834
2020-02-28	14004	14041	13587	13661	59	-0.040323147172462215
2020-03-02	13587	13860	13587	13853	60	0.014054608008198466
2020-03-03	14105	14133	13990	14001	87	0.01068360643903854
2020-03-04	14036	14252	14036	14245	53	0.017427326619527284
2020-03-05	14335	14444	14335	14427	53	0.012776412776412727
2020-03-06	14330	14367	14148	14250	53	-0.012268662923684781
2020-03-09	13980	13980	13689	13738	53	-0.03592982456140348
2020-03-10	13469	13645	13419	13647	61	-0.006623962731110766
2020-03-11	13674	13689	13109	13169	371	-0.035026013043159665
2020-03-12	13089	15635	12395	12418	81750	-0.05702786847900376
2020-03-13	11344	11889	10999	11724	64333	-0.055886616202286965
2020-03-16	11952	12028	11468	11470	55	-0.02166496076424429
2020-03-17	10851	11525	10851	11403	58	-0.005841325196163871
2020-03-18	11530	11602	10965	10968	66	-0.03814785582741387
2020-03-19	11191	11191	9587	9781	53	-0.10822392414296134
2020-03-20	9999	10387	9701	10389	55	0.06216133319701456
2020-03-23	9783	9994	9706	9828	53	-0.053999422466069924
2020-03-24	10051	10352	10037	10302	53	0.04822954822954828
2020-03-25	10784	10970	10636	10973	53	0.06513298388662392
2020-03-26	10970	11573	10970	11273	53	0.027339834138339514
2020-03-27	11716	11798	11128	11431	53	0.01401578994056596
2020-03-30	11295	11947	11295	11947	53	0.04514040766337146
2020-03-31	12420	12688	12353	12690	1467	0.062191345107558416
2020-04-01	12865	13200	12573	12652	1042	-0.0029944838455476797
2020-04-02	12726	12745	12297	12690	20950	0.0030034777110339306
2020-04-03	12817	12889	12616	12810	53	0.009456264775413725
2020-04-06	13062	13334	13062	13336	73	0.041061670569867204
2020-04-07	13679	13823	13535	13824	115	0.0365926814637072
2020-04-08	13692	13932	13607	13795	54	-0.00209780092592593
2020-04-09	14014	14032	13827	13953	53	0.011453425154041241
2020-04-10	13995	14019	13622	13795	54	-0.011323729663871518
2020-04-13	13731	13794	13622	13622	54	-0.01254077564334899
2020-04-14	13769	14158	13760	13972	38782	0.025693730729702047
2020-04-16	13912	14056	13631	14059	3187	0.006226739192671138
2020-04-17	14172	14229	14100	14153	1746	0.006686108542570679
2020-04-20	14133	14335	14133	14193	53	0.0028262559174734303
2020-04-21	14148	14204	13602	13967	20957	-0.01592334249277816
2020-04-22	13769	14071	13684	14072	20955	0.0075177203408032245
2020-04-23	14133	14348	14133	14350	75	0.019755542922114788
2020-04-24	14252	14315	14056	14112	54	-0.01658536585365855
2020-04-27	14281	14463	14281	14451	57	0.024022108843537504
2020-04-28	14546	14594	14357	14524	8832	0.0050515535257076305
2020-04-29	14663	14702	14634	14669	98	0.00998347562654911
2020-05-04	14479	14677	14459	14544	52	-0.008521371599972682
2020-05-06	14702	14799	14649	14800	54	0.017601760176017667
2020-05-07	14769	14900	14769	14902	52	0.006891891891891877
2020-05-08	15051	15119	15032	15121	56	0.014696013957858023
2020-05-11	15134	15138	14969	15082	59	-0.0025791944977183734
2020-05-12	15099	15099	14784	14912	55	-0.011271714626707285
2020-05-13	14731	15017	14731	15018	53	0.007108369098712375
2020-05-14	14905	14998	14819	14922	57	-0.006392329204954028
2020-05-15	14998	15051	14847	15053	14026	0.008778984050395344
2020-05-18	15065	15085	14876	15033	30205	-0.0013286388095395951
2020-05-19	15168	15168	15032	15130	53	0.006452471229960732
2020-05-20	15163	15284	15153	15271	53	0.009319233311302133
2020-05-21	15333	15362	15284	15296	82	0.001637089908977707
2020-05-22	15338	15380	15051	15135	59	-0.010525627615062816
2020-05-25	15225	15323	15158	15319	52	0.012157251404030456
2020-05-26	15357	15503	15357	15503	76	0.012011227886937759
2020-05-27	15580	15668	15541	15649	52	0.009417532090563174
2020-05-28	15653	15691	15099	15383	7675	-0.016997891239056817
2020-05-29	15333	15483	15269	15393	53	0.0006500682571670691
2020-06-01	15435	15613	15435	15616	52	0.014487104528032146
2020-06-02	15678	15847	15678	15848	52	0.014856557377049162
2020-06-03	15934	15939	15745	15819	1664	-0.0018298838970216558
2020-06-04	15948	15953	15778	15843	54	0.0015171629053669644
2020-06-05	15900	16041	15813	16043	53	0.012623871741463066
2020-06-08	16153	16162	16065	16163	52	0.0074798977747303486
2020-06-09	16148	16225	16060	16149	52	-0.0008661758336941938
2020-06-10	16138	16148	16060	16140	52	-0.0005573100501579109
2020-06-11	16084	16162	15828	15887	57	-0.01567534076827759
2020-06-12	15129	15550	15129	15553	53	-0.021023478315603916
2020-06-15	15473	15522	14561	14562	54	-0.06371761075033755
2020-06-16	14969	15376	14934	15378	54	0.056036258755665536
2020-06-17	15390	15498	15046	15286	52	-0.005982572506177619
2020-06-18	15357	15390	15215	15333	31994	0.003074708883946009
2020-06-19	15444	15444	15255	15378	52	0.002934846409704539
2020-06-22	15348	15395	15245	15329	52	-0.0031863701391597887
2020-06-23	15415	15453	15153	15242	52	-0.005675516993933094
2020-06-24	15410	15498	15400	15475	52	0.01528670778113117
2020-06-25	15192	15372	15129	15256	32610	-0.014151857835218107
2020-06-26	15348	15348	15075	15178	52	-0.005112742527530134
2020-06-29	15037	15099	14934	14999	52	-0.011793385162735537
2020-06-30	15163	15235	15119	15193	99	0.012934195613040878
2020-07-01	15255	15289	14983	15062	59299	-0.008622391891002446
2020-07-02	15183	15225	15104	15227	10356	0.010954720488646874
2020-07-03	15298	15415	15220	15416	52	0.012412162605897503
2020-07-06	15483	15618	15415	15611	52	0.012649195640892508
2020-07-07	15628	15628	15463	15484	52	-0.008135289219140307
2020-07-08	15488	15527	15458	15523	52	0.0025187290105914695
2020-07-09	15633	15673	15618	15626	52	0.006635315338529901
2020-07-10	15648	15648	15328	15388	52	-0.01523102521438624
2020-07-13	15560	15750	15550	15751	113	0.02358981024174689
2020-07-14	15658	15798	15618	15703	4172	-0.0030474255602819245
2020-07-15	15852	15876	15740	15838	61	0.008597083359867641
2020-07-16	15852	15905	15745	15791	52	-0.0029675464073746216
2020-07-17	15828	15866	15760	15868	52	0.004876195301120934
2020-07-20	15866	15944	15778	15946	52	0.004915553314847498
2020-07-21	15993	16089	15958	16091	113	0.0090931895146118
2020-07-22	16230	16352	16206	16353	278	0.016282393884780255
2020-07-23	16429	16594	16303	16567	20328	0.013086283862288273
2020-07-24	16546	16692	16298	16300	89180	-0.01611637592804971
2020-07-27	16303	16532	16182	16319	70378	0.0011656441717791122
2020-07-28	16473	16473	16182	16266	58	-0.0032477480237759204
2020-07-29	16230	16444	16187	16445	52	0.011004549366777416
2020-07-30	16502	16502	16274	16397	17646	-0.0029188203101246923
2020-07-31	16357	16468	16249	16372	32807	-0.0015246691467951656
2020-08-03	16298	16298	16075	16285	1767	-0.005313950647446886
2020-08-04	16419	16672	16419	16620	27955	0.020571077678845473
2020-08-05	16667	16711	16619	16620	116	0.0
2020-08-06	16662	16769	16604	16677	52	0.0034296028880866913
2020-08-07	16749	16779	16599	16677	52	0.0
2020-08-10	16677	17027	16677	16993	169	0.018948252083708095
2020-08-11	17027	17094	16949	17095	31192	0.006002471605955462
2020-08-12	17104	17118	16789	17022	93	-0.00427025446036855
2020-08-13	17201	17322	17099	17202	55	0.010574550581600173
2020-08-14	17264	17264	16837	17158	17569	-0.0025578421113824357
2020-08-18	16958	16977	16197	16314	55	-0.0491898822706609
2020-08-19	16342	16734	16337	16737	9294	0.02592865023905855
2020-08-20	16827	16827	16051	16106	62	-0.03770090219274658
2020-08-21	16313	16313	15978	16212	52	0.006581398236682023
2020-08-24	16104	16463	16041	16465	42747	0.015605724154946987
2020-08-25	16564	16847	16564	16847	52	0.023200728818706384
2020-08-26	16900	16992	16739	16935	52	0.005223481925565432
2020-08-27	16919	16929	16677	16742	6234	-0.011396516090935949
2020-08-28	16934	17147	16934	16955	122	0.012722494325648093
2020-08-31	17244	17351	17137	17280	281	0.019168386906517343
2020-09-01	17337	17536	17216	17537	56126	0.014872685185185253
2020-09-02	17613	17846	17608	17848	66	0.01773393396818146
2020-09-03	17909	17918	17826	17861	52	0.0007283729269385031
2020-09-04	17423	17841	17423	17838	54	-0.001287721852079926
2020-09-07	17851	18142	17851	18076	167	0.013342302948761153
2020-09-08	18171	18253	17773	17789	161	-0.01587740650586411
2020-09-09	17423	17643	17419	17522	62	-0.015009275394906929
2020-09-10	17735	17938	17638	17940	52	0.02385572423239357
2020-09-11	17876	17953	17808	17940	52	0.0
2020-09-14	17977	18088	17958	18086	52	0.008138238573021095
2020-09-15	18137	18151	18031	18154	52	0.003759814220944291
2020-09-16	18171	18206	17996	18056	53	-0.005398259336785283
2020-09-17	18083	18083	17808	17935	54	-0.006701373504652164
2020-09-18	17914	17996	17821	17999	52	0.003568441594647309
2020-09-21	18055	18055	17536	17629	53	-0.02055669759431078
2020-09-22	17492	17492	16904	17032	104	-0.033864654830109475
2020-09-23	17206	17206	16734	17091	52	0.0034640676373884904
2020-09-24	16749	16876	16381	16407	52	-0.040021063717746164
2020-09-25	16537	16574	16235	16310	74413	-0.005912110684463956
2020-09-28	16532	16667	16512	16668	52	0.021949724095646772
2020-09-29	16802	16885	16764	16887	152	0.013138948884089174
2020-10-05	16919	17201	16919	17202	52	0.018653402025226473
2020-10-06	17259	17351	17162	17270	57	0.003953028717591067
2020-10-07	17157	17448	17157	17450	70	0.010422698320787571
2020-10-08	17598	17618	17501	17581	52	0.007507163323782207
2020-10-12	17851	17851	17716	17779	52	0.011262158011489776
2020-10-13	17816	17816	17565	17701	52	-0.004387198380111368
2020-10-14	17716	17748	17598	17634	52	-0.0037850968871815382
2020-10-15	17633	17657	17239	17426	52	-0.011795395259158403
2020-10-16	17463	17511	16953	17173	52	-0.01451853552163429
2020-10-19	17264	17293	17118	17202	52	0.001688697373784409
2020-10-20	17186	17273	16953	17149	53	-0.0030810370887106586
2020-10-21	17206	17423	17206	17426	52	0.016152545337920543
2020-10-22	17366	17366	17060	17173	2918	-0.01451853552163429
2020-10-23	17293	17293	17108	17177	52	0.0002329237756943936
2020-10-26	17167	17167	16662	16687	52	-0.02852651801828021
2020-10-27	16482	16749	16482	16562	52	-0.007490861149397787
2020-10-28	16614	16900	16614	16902	52	0.020528921627822827
2020-10-29	16618	16774	16554	16774	52	-0.0075730682759437284
2020-10-30	16759	16779	16442	16472	52	-0.018004053892929583
2020-11-02	16583	16764	16525	16764	4832	0.017727051966974328
2020-11-03	16900	17028	16900	17028	52	0.015748031496062964
2020-11-04	17125	17184	16920	16975	54	-0.0031125205543810486
2020-11-05	17086	17266	17086	17267	4159	0.017201767304860116
2020-11-06	17330	17398	17179	17248	4649	-0.0011003648578212788
2020-11-09	17437	17764	17437	17766	272	0.030032467532467466
2020-11-10	17696	17857	17696	17857	52	0.005122143420015712
2020-11-11	17915	17915	17744	17854	52	-0.00016800134401073752
2020-11-12	17852	17940	17813	17892	53	0.0021283745939284504
2020-11-13	17887	17887	17711	17824	52	-0.0038005812653699733
2020-11-16	17945	18048	17945	18043	52	0.012286804308797139
2020-11-17	18106	18121	17940	17985	52	-0.003214543036080486
2020-11-18	18013	18145	17983	18107	4459	0.006783430636641663
2020-11-19	18057	18076	17993	18048	52	-0.00325840835036173
2020-11-20	18076	18252	18076	18234	52	0.010305851063829863
2020-11-23	18252	18330	18204	18282	52	0.0026324448831851477
2020-11-24	18487	18487	18379	18429	52	0.008040695766327488
2020-11-25	18540	18540	18018	18136	53	-0.01589885506538613
2020-11-26	18174	18209	18116	18195	52	0.0032531980591090637
2020-11-27	18233	18277	18174	18268	52	0.004012091233855486
2020-11-30	18374	18374	18291	18307	98	0.0021348806656449337
2020-12-01	18360	18467	18287	18453	1551	0.007975091495056486
2020-12-02	18511	18521	18433	18522	52	0.003739229393594501
2020-12-03	18545	18545	18418	18487	52	-0.0018896447467876554
2020-12-04	18575	18608	18389	18502	4352	0.0008113809704115571
2020-12-07	18535	18535	18360	18458	53	-0.0023781212841854638
2020-12-08	18501	18516	18282	18282	52	-0.009535160905840279
2020-12-09	18389	18511	18384	18512	52	0.012580680450716475
2020-12-10	18413	18604	18413	18600	53	0.004753673292999139
2020-12-11	18750	18920	18726	18922	52	0.017311827956989267
2020-12-14	18902	18902	18750	18819	53	-0.005443399217841649
2020-12-15	18877	18877	18667	18756	52	-0.0033476805356288386
2020-12-16	18838	18935	18804	18937	52	0.009650245254851697
2020-12-17	18945	18975	18809	18932	52	-0.0002640333738184175
2020-12-18	18975	19053	18950	19025	53	0.004912317768857033
2020-12-21	19116	19126	18930	19127	58	0.005361366622864683
2020-12-22	19126	19126	18686	18736	4303	-0.020442306686882405
2020-12-23	18857	18862	18477	18688	59	-0.002561912894961549
2020-12-24	18829	18925	18769	18854	57	0.008882705479452024
2020-12-28	18838	18916	18750	18786	82	-0.003606661716346715
2020-12-29	18925	19165	18925	19166	72	0.020227829234536365
2020-12-30	19184	19477	19184	19468	78	0.01575706981112379
2021-01-04	19536	19770	19468	19771	68	0.015564002465584537
2021-01-05	19711	20116	19711	20118	71	0.017550958474533473
2021-01-06	20337	20390	20121	20299	21402	0.008996918182721858
2021-01-07	20517	20663	20405	20625	162	0.016059904428789684
2021-01-08	20785	20785	20522	20655	107	0.001454545454545375
2021-01-11	20751	20751	19985	20274	138	-0.018445896877269385
2021-01-12	20146	20556	20083	20410	4982	0.006708099043109428
2021-01-13	20531	20634	20512	20635	52	0.01102400783929447
2021-01-14	20751	20873	20712	20874	110	0.011582263145141658
2021-01-15	21044	21044	20683	20772	126	-0.004886461626904315
2021-01-18	20571	20741	20322	20332	130	-0.021182360870402483
2021-01-19	20522	20834	20419	20835	108	0.02473932716899463
2021-01-20	20980	20980	20805	20977	84	0.006815454763619
2021-01-21	21093	21362	20951	21362	107	0.018353434714210692
2021-01-22	21430	21498	21274	21411	1394	0.0022937927160378013
2021-01-25	21478	21546	21420	21548	63	0.006398580169072021
2021-01-26	21688	21688	21347	21460	75	-0.004083905698904822
2021-01-27	21698	21698	21435	21455	117	-0.0002329916123019471
2021-01-28	20947	21229	20712	20909	10625	-0.02544861337683524
2021-01-29	21053	21053	19829	20118	169	-0.037830599263475095
2021-02-01	20093	20434	19789	20435	69	0.01575703350233626
2021-02-02	20600	20824	20497	20733	62	0.014582823586983151
2021-02-03	20868	21078	20795	21079	52	0.016688371195678453
2021-02-04	21108	21166	20922	21088	891	0.0004269652260544543
2021-02-05	21284	21284	21053	21254	933	0.007871775417298998
2021-02-08	21307	21395	21161	21309	981	0.002587748188576322
2021-02-09	21380	21415	21269	21269	63	-0.001877141114083214
2021-02-10	21332	21420	21214	21420	1076	0.0070995345338285
2021-02-15	21737	21815	21610	21816	2163	0.018487394957983128
2021-02-16	21981	22108	21879	22109	61	0.013430509717638373
2021-02-17	22073	22312	22030	22314	6572	0.009272242073363746
2021-02-18	22259	22308	21893	21948	56	-0.016402258671685988
2021-02-19	21937	21962	21400	21962	157	0.0006378713322399143
2021-02-22	22035	22166	21967	22026	122	0.002914124396685258
2021-02-23	21854	21981	21727	21894	80	-0.0059929174611822456
2021-02-24	21908	21908	21259	21289	907	-0.027633141499954328
2021-02-25	21644	21796	21556	21797	3951	0.0238620884024614
2021-02-26	21146	21518	21146	21518	9509	-0.012799926595403077
2021-03-02	21854	21893	21546	21704	22571	0.00864392601542896
2021-03-03	21757	21947	21737	21948	53	0.011242167342425446
2021-03-04	21922	22128	21786	22128	4651	0.008201202843083566
2021-03-05	21971	21971	21634	21933	87	-0.008812364425162644
2021-03-08	22128	22221	21810	21850	191	-0.0037842520403045254
2021-03-09	21893	21893	21131	21548	76	-0.013821510297482797
2021-03-10	21771	21771	21297	21357	78	-0.008863931687395632
2021-03-11	21440	21737	21375	21709	104	0.016481715596759816
2021-03-12	22040	22181	21967	22182	57	0.02178819844304214
2021-03-15	22304	22395	22138	22377	59	0.008790911549905411
2021-03-16	22415	22601	22415	22558	67	0.008088662465924878
2021-03-17	22566	22566	22317	22558	80	0.0
2021-03-18	22699	22757	22654	22709	55	0.0066938558382836355
2021-03-19	22483	22772	22455	22773	4457	0.0028182658857720533
2021-03-22	22918	22918	22742	22885	102	0.004918104773196319
2021-03-23	23030	23065	22538	22699	2267	-0.008127594494210189
2021-03-24	22679	22899	22528	22900	83	0.008855015639455566
2021-03-25	22903	23113	22699	23115	4467	0.009388646288209568
2021-03-26	23284	23392	23108	23359	35021	0.010555916071814941
2021-03-29	23553	23743	23255	23709	1240	0.014983518130056828
2021-03-30	23943	23943	23719	23939	1975	0.009700957442321467
2021-03-31	24123	24123	23860	24081	63	0.0059317431805840926
2021-04-01	24070	24070	23738	23954	8206	-0.005273867364312124
2021-04-02	24075	24075	23674	23880	417	-0.003089254404274877
2021-04-05	23948	23948	23757	23915	175	0.0014656616415409385
2021-04-06	24085	24085	23816	23998	119	0.00347062513067109
2021-04-07	24050	24270	24031	24241	97	0.010125843820318448
2021-04-08	24377	24500	24197	24398	71	0.006476630502042058
2021-04-09	24440	24553	24319	24510	77	0.004590540208213811
2021-04-12	24636	24636	24485	24628	47268	0.004814361485108165
2021-04-13	24719	24782	24558	24598	735	-0.0012181257105733367
2021-04-14	24671	24724	24377	24725	5144	0.005163021383852273
2021-04-15	24777	24777	24558	24701	62808	-0.0009706774519716577
2021-04-16	24875	25007	24782	24988	1227	0.011618962795028498
2021-04-19	25080	25178	24988	25125	1275	0.005482631663198401
2021-04-20	25080	25378	25002	25379	298	0.010109452736318358
2021-04-21	25397	25447	25153	25330	854	-0.0019307301312108116
2021-04-22	25442	26842	25309	25404	95687	0.002921437031188301
2021-04-23	25495	25588	25295	25575	1653	0.006731223429381261
2021-04-26	25588	25774	25543	25736	31492	0.006295210166177956
2021-04-27	25729	25842	25641	25818	3858	0.0031861983214174217
2021-04-28	25774	25885	25309	25447	2261	-0.014369819505771209
2021-04-29	25353	25753	25165	25689	173	0.009509961881557727
2021-04-30	25901	25950	25491	25778	2919	0.0034645178870333915
2021-05-03	25871	26059	25555	25595	943	-0.007099076732097087
2021-05-04	25649	25827	25071	25566	24153	-0.0011330337956632075
2021-05-06	25654	26098	25615	26099	292	0.020848001251662307
2021-05-07	26098	26409	26098	26410	2518	0.011916165370320808
2021-05-10	26602	26765	26459	26765	4852	0.013441878076486224
2021-05-11	26642	26933	26434	26933	3555	0.006276854100504492
2021-05-12	26958	26958	26074	26435	2125	-0.018490327850592236
2021-05-13	25886	26405	25822	25911	48374	-0.019822205409494975
2021-05-14	26172	26227	25807	25995	481	0.003241866388792314
2021-05-17	26044	26217	25491	25576	792	-0.01611848432390839
2021-05-18	25664	25842	25545	25842	58	0.010400375351892421
2021-05-20	25763	25763	25447	25571	1012	-0.010486804426901974
2021-05-21	25575	25713	25170	25260	325	-0.012162215009190125
2021-05-24	25294	25294	24834	24963	371	-0.01175771971496442
2021-05-25	25057	25195	25052	25195	49567	0.009293754757040418
2021-05-26	25269	25284	25081	25235	10500	0.001587616590593477
2021-05-27	25358	25476	25234	25477	36963	0.009589855359619648
2021-05-28	25555	25723	25555	25724	59	0.009695019036778163
2021-05-31	25768	25792	25575	25793	32775	0.0026823200124397317
2021-06-01	25881	26000	25782	26000	963	0.008025433257085268
2021-06-02	26187	26340	26187	26326	1563	0.01253846153846161
2021-06-03	26444	26444	26207	26440	1079	0.0043303198359037065
2021-06-04	26365	26503	26316	26459	1189	0.0007186081694401381
2021-06-07	26543	26543	26237	26474	450	0.0005669148493896436
2021-06-08	26488	26488	26202	26326	167	-0.00559039057188182
2021-06-09	26459	26459	26192	26193	75	-0.005052039808554287
2021-06-10	26227	26296	25921	26045	494	-0.005650364601229363
2021-06-11	26138	26207	26019	26203	1107	0.006066423497792295
2021-06-14	26286	26286	26113	26208	65	0.00019081784528496293
2021-06-15	26266	26429	26266	26430	135	0.00847069597069594
2021-06-16	26523	26849	26523	26820	1032	0.014755959137343844
2021-06-17	26740	26790	26637	26682	233	-0.0051454138702461405
2021-06-18	26745	26745	26612	26736	62	0.002023836294130943
2021-06-21	26434	26592	26217	26375	605	-0.013502393776181898
2021-06-22	26543	26676	26518	26677	662	0.011450236966824567
2021-06-23	26721	26721	26335	26346	3774	-0.012407692019342553
2021-06-24	26345	26637	26321	26622	2193	0.010475973582327436
2021-06-25	26785	26819	26661	26765	18462	0.005371497257907087
2021-06-28	26893	26997	26829	26998	1008	0.008705398841770906
2021-06-29	27017	27027	26849	27027	566	0.001074153641010378
2021-06-30	27150	27150	26967	27111	3226	0.0031080031080030768
2021-07-01	27150	27160	26948	27160	642	0.0018073844564936437
2021-07-02	27076	27328	27007	27141	3660	-0.0006995581737849754
2021-07-05	27140	27140	26888	27002	394	-0.005121403043366168
2021-07-06	26908	27125	26908	27086	357	0.0031108806755055785
2021-07-07	26953	26953	26854	26919	70	-0.006165546776932707
2021-07-08	26943	26967	26365	26499	1063	-0.015602362643486023
2021-07-09	26093	26182	25758	26064	403	-0.01641571380052076
2021-07-12	26212	26449	26212	26346	1081	0.01081952117863727
2021-07-13	26513	26617	26454	26617	702	0.010286191452212767
2021-07-14	26567	26770	26523	26765	81	0.005560356163354152
2021-07-15	26859	26893	26730	26894	1281	0.0048197272557444215
2021-07-16	26854	26977	26809	26943	2332	0.0018219677251432032
2021-07-19	26874	26874	26567	26672	68	-0.010058271165052202
2021-07-20	26330	26513	26217	26361	74941	-0.011660167966406676
2021-07-21	26548	26548	26182	26203	76	-0.005993702818557711
2021-07-22	26335	26385	26207	26385	392	0.006945769568370119
2021-07-23	26439	26474	26281	26464	2565	0.002994125450066276
2021-07-26	26543	26582	26380	26385	101	-0.0029851874244256615
2021-07-27	26488	26612	26444	26514	59	0.004889141557703258
2021-07-28	26286	26538	26217	26366	214	-0.005581956702119584
2021-07-29	26459	26479	26335	26479	148	0.00428582265038302
2021-07-30	26548	26587	26118	26277	1080	-0.007628686883945801
2021-08-02	26321	26321	26049	26237	814	-0.0015222437873425587
2021-08-03	26242	26242	25876	25951	1179	-0.010900636505698058
2021-08-04	26049	26335	25876	26336	61	0.014835651805325423
2021-08-05	26316	26444	26311	26445	52	0.0041388213851762945
2021-08-06	26518	26518	26291	26425	2712	-0.0007562866326337181
2021-08-09	26449	26449	26158	26277	166	-0.00560075685903505
2021-08-10	26301	26301	25950	26129	41707	-0.005632302013167445
2021-08-11	26123	26222	25936	26089	36596	-0.0015308660874889801
2021-08-12	26158	26306	26064	26079	463	-0.0003833033079075898
2021-08-13	26261	26261	25422	25911	121	-0.006441964799263733
2021-08-17	25921	25921	25017	25131	485	-0.03010304503878658
2021-08-18	25062	25471	24899	25447	151	0.012574111654928277
2021-08-19	25215	25387	24380	24475	6311	-0.03819703697881871
2021-08-20	24662	24662	23650	23783	297	-0.028273748723186887
2021-08-23	24030	24435	23758	24361	71	0.02430307362401707
2021-08-24	24686	25220	24686	25116	4227	0.030992159599359637
2021-08-25	25229	25304	25086	25274	56	0.00629081063863679
2021-08-26	25353	25407	25150	25250	80	-0.0009495924665664512
2021-08-27	25155	25526	25155	25526	173	0.01093069306930694
2021-08-30	25773	25773	25610	25734	156	0.00814855441510609
2021-08-31	25728	25822	25536	25822	96	0.0034196005284836684
2021-09-01	25797	26148	25797	26148	171	0.01262489350166529
2021-09-02	26182	26222	26098	26193	97	0.0017209729233593762
2021-09-03	26232	26345	26232	26331	75	0.005268583209254274
2021-09-06	26385	26558	26261	26524	6140	0.007329763396756617
2021-09-07	26607	26908	26577	26909	7732	0.014515156085054937
2021-09-08	26908	27229	26859	27106	598	0.0073209706789549855
2021-09-09	26928	27061	26553	26682	361	-0.01564229321921351
2021-09-10	26543	26819	26375	26820	2006	0.0051720260850012245
2021-09-13	26745	26745	26533	26657	1042	-0.006077554064131241
2021-09-14	26686	26814	26602	26716	9645	0.0022133023220918258
2021-09-15	26725	26775	26424	26558	1230	-0.005914058990866944
2021-09-16	26696	26696	26484	26617	369	0.0022215528277731433
2021-09-17	26602	26612	26385	26573	796	-0.0016530788593756007
2021-09-23	26242	26370	26059	26069	2428	-0.01896662025364093
2021-09-24	26247	26360	26039	26124	484	0.0021097855690666023
2021-09-27	26123	26370	26010	26336	1125	0.008115143163374583
2021-09-28	26370	26405	25901	25971	60	-0.01385935601458077
2021-09-29	25304	25817	25304	25739	209	-0.008933040699241501
2021-09-30	25758	25812	25629	25768	396	0.0011266948987918024
2021-10-01	25610	25728	25146	25190	371	-0.02243092207389008
2021-10-05	24923	24958	24405	24716	372	-0.01881699086939259
2021-10-06	24973	25017	23798	23941	87	-0.03135620650590709
2021-10-07	24281	24622	24158	24623	28917	0.028486696462135974
2021-10-08	24834	24834	24588	24756	211	0.005401453925191868
2021-10-12	24741	24741	24459	24593	131	-0.006584262401034047
2021-10-13	24593	25071	24593	25072	71	0.019477086975968838
2021-10-14	25259	25447	25259	25442	89	0.014757498404594838
2021-10-15	25624	25624	25383	25477	51	0.001375678012734749
2021-10-18	25521	25565	25412	25536	51	0.00231581426384575
2021-10-19	25689	25689	25417	25467	51	-0.002702067669172914
2021-10-20	25521	25541	25180	25260	206	-0.008128165861703396
2021-10-21	25294	25323	24918	24998	8003	-0.010372129849564482
2021-10-22	25012	25076	24755	24825	57	-0.0069205536442915605
2021-10-25	24760	24997	24662	24998	52	0.006968781470292118
2021-10-26	25101	25141	24943	25077	28998	0.003160252820225695
2021-10-27	25106	25106	24731	24825	65	-0.01004904892929781
2021-10-28	24849	24923	24573	24593	264	-0.009345417925478383
2021-10-29	24706	24711	24306	24420	6146	-0.007034522018460554
2021-11-01	24548	24548	24356	24450	94	0.0012285012285011554
2021-11-02	24607	24760	24607	24657	51	0.008466257668711563
2021-11-03	24790	24790	24420	24435	59	-0.009003528409782247
2021-11-04	24617	24632	24188	24272	725	-0.006670759156947037
2021-11-05	24272	24272	23817	23946	39202	-0.013431114040870162
2021-11-08	23882	24059	23788	24060	72745	0.004760711601102585
2021-11-09	23906	24237	23882	23976	139	-0.003491271820448838
2021-11-10	23812	23812	23324	23334	163	-0.02677677677677681
2021-11-11	23126	23427	23126	23255	1213	-0.0033856175537841926
2021-11-12	23358	23852	23358	23852	83	0.025671898516448133
2021-11-15	24109	24109	23941	24030	52	0.00746268656716409
2021-11-16	23956	23956	23753	23823	51	-0.008614232209737782
2021-11-17	23872	23872	23408	23546	606	-0.011627418880913454
2021-11-18	23442	23526	23255	23467	51	-0.003355134630085743
2021-11-19	23442	23566	23422	23566	52	0.00421869007542508
2021-11-22	23506	23506	23255	23482	55	-0.00356445726894683
2021-11-23	23319	23768	23279	23418	59466	-0.0027254918661102634
2021-11-24	23442	23472	23156	23374	63912	-0.0018788965752839504
2021-11-25	23452	23452	23279	23280	20306	-0.004021562419782687
2021-11-26	23343	23343	22652	22717	19528	-0.024183848797250884
2021-11-29	21768	22400	21768	22105	194	-0.026940176959985962
2021-11-30	22346	22346	21230	21310	104	-0.03596471386564126
2021-12-01	21408	21877	21003	21877	56	0.02660722665415305
2021-12-02	21650	22282	21615	22272	74	0.018055492069296575
2021-12-03	22395	22766	22395	22766	52	0.022180316091954033
2021-12-06	22667	22958	22558	22924	72	0.006940173943600136
2021-12-07	23047	23047	22855	23013	51	0.0038823939975571875
2021-12-08	23146	23171	22840	22865	265	-0.00643114761221919
2021-12-09	23008	23156	22953	23141	63	0.012070850645090836
2021-12-10	23022	23235	23022	23235	63	0.004062054362387046
2021-12-13	23264	23324	23106	23132	64	-0.0044329675059178175
2021-12-14	23008	23111	22746	22949	703	-0.007911118796472438
2021-12-15	22889	22963	22781	22835	51	-0.004967536711839249
2021-12-16	23013	23013	22771	22821	51	-0.000613093934749287
2021-12-17	22716	22958	22716	22959	52	0.006047061916655716
2021-12-20	22790	22805	22499	22500	58	-0.01999215993727954
2021-12-21	22563	22608	22247	22608	56	0.0047999999999999154
2021-12-22	22731	22795	22697	22786	95	0.007873319179051652
2021-12-23	22899	22914	22835	22900	51	0.005003072061792402
2021-12-24	22998	23156	22998	23146	73	0.010742358078602576
2021-12-27	23220	23299	23166	23245	8651	0.004277196923874627
2021-12-28	23319	23319	23146	23146	53	-0.004258980425898007
2021-12-29	23437	23600	23437	23581	52	0.01879374405944878
2021-12-30	23546	23635	23477	23620	51	0.0016538738815148335
2022-01-03	23674	23679	23571	23680	97	0.002540220152413175
2022-01-04	23758	24123	23758	24124	340	0.018750000000000044
2022-01-05	24123	24296	24099	24139	1020	0.00062178743160346
2022-01-06	23867	24217	23867	23971	53	-0.006959691785078048
2022-01-07	24094	24198	24020	24198	3424	0.009469775979308315
2022-01-10	24272	24272	23961	24045	220	-0.006322836598065984
2022-01-11	24109	24109	23659	23709	171	-0.013973799126637543
2022-01-12	23867	24040	23793	24040	54	0.013960943101775758
2022-01-13	24040	24153	23980	24089	133	0.002038269550748817
2022-01-14	23911	24040	23664	23793	8560	-0.012287766200340444
2022-01-17	23763	23763	23289	23339	52	-0.019081242382213204
2022-01-18	23403	23457	22953	22969	92	-0.0158532927717554
2022-01-19	22785	22993	22578	22702	62	-0.011624363272236482
2022-01-20	22746	22939	22603	22914	51	0.009338384283323009
2022-01-21	22850	22929	22578	22687	307	-0.009906607314305704
2022-01-24	22588	22588	22065	22110	52	-0.025433067395424724
2022-01-25	22168	22168	21354	21502	60	-0.027498869289914074
2022-01-26	21615	21783	21477	21561	89	0.0027439307971350857
2022-01-27	21433	21521	20756	20791	55	-0.035712629284356034
2022-01-28	20964	21408	20559	21408	91	0.029676302246164132
2022-02-03	21714	21981	21714	21917	52	0.02377615844544101
2022-02-04	21941	22307	21941	22307	62	0.017794406168727406
2022-02-07	22311	22460	22198	22460	543	0.0068588335500068265
2022-02-08	22563	22563	22178	22327	62	-0.005921638468388224
2022-02-09	22504	22662	22455	22663	51	0.015049043758677882
2022-02-10	22781	22781	22608	22667	61	0.00017649913956674368
2022-02-11	22623	22623	22356	22376	113	-0.012838046499316191
2022-02-14	21842	22089	21734	21858	4640	-0.02314980336074368
2022-02-15	21961	21961	21398	21507	54	-0.016058193796321674
2022-02-16	21828	22232	21828	22233	52	0.03375645138792027
2022-02-17	22356	22608	21956	22322	7097	0.004003058516619529
2022-02-18	22247	22652	22183	22653	54	0.014828420392438035
2022-02-21	22425	22776	22386	22776	119	0.005429744404714665
2022-02-22	22583	22702	22405	22445	62	-0.014532841587636125
2022-02-23	22583	22790	22514	22791	52	0.015415460013366022
2022-02-24	22672	22746	22366	22416	7105	-0.016453863367118626
2022-02-25	22820	22820	22682	22776	93	0.016059957173447437
2022-02-28	22746	23052	22672	23048	135	0.011942395504039416
2022-03-02	22894	23383	22894	23354	66	0.013276640055536193
2022-03-03	23348	23654	23220	23615	56666	0.011175815706088832
2022-03-04	23393	23645	23393	23645	3235	0.0012703789964005896
2022-03-07	23378	23437	23146	23161	468	-0.020469443857052183
2022-03-08	22647	22943	22623	22667	458	-0.02132895816242819
2022-03-10	23101	23101	22805	22969	6999	0.013323333480389943
2022-03-11	22790	23240	22790	23240	52	0.011798511036614556
2022-03-14	23106	23205	22929	22993	53	-0.010628227194492301
2022-03-15	22924	22968	22731	22816	61	-0.00769799504196933
2022-03-16	23037	23151	22874	23151	53	0.014682678821879458
2022-03-17	23166	23348	23166	23280	6908	0.005572113515614818
2022-03-18	23215	23442	23215	23443	3302	0.007001718213058394
2022-03-21	23304	23541	23304	23403	6850	-0.001706266262850309
2022-03-22	23195	23561	23195	23561	56	0.0067512712045463275
2022-03-23	23487	23724	23487	23724	73	0.0069182122999873474
2022-03-24	23521	23916	23521	23917	480	0.008135221716405239
2022-03-25	23842	23985	23728	23818	657	-0.004139315131496457
2022-03-28	23650	23877	23650	23813	552	-0.00020992526660512656
2022-03-29	23699	23911	23699	23744	65	-0.002897576953764802
2022-03-30	23847	23847	23640	23739	858	-0.00021057951482483794
2022-03-31	23753	23837	23689	23828	140	0.003749104848561391
2022-04-01	23728	23798	23694	23798	52	-0.0012590229981533918
2022-04-04	23857	24079	23857	24080	63	0.011849735271871609
2022-04-05	24133	24188	23970	24188	668	0.004485049833887089
2022-04-06	24148	24163	23931	24075	75	-0.004671738051926555
2022-04-07	23882	23891	23625	23630	272	-0.018483904465212864
2022-04-08	23832	23832	23516	23689	1529	0.0024968260685569454
2022-04-11	23620	23798	23600	23630	292	-0.0024906074549368995
2022-04-12	23467	23551	23314	23462	75	-0.0071096064325010255
2022-04-13	23551	23817	23551	23818	153	0.015173471997272259
2022-04-14	23896	23995	23882	23996	198	0.007473339491141262
2022-04-15	23936	24015	23886	24015	1840	0.0007917986331054117
2022-04-18	23911	24054	23891	23996	122726	-0.0007911721840516694
2022-04-19	23970	24143	23916	24144	33364	0.006167694615769381
2022-04-20	24158	24262	24079	24238	139	0.003893306825712317
2022-04-21	24420	24420	24148	24252	958	0.0005776054129877917
2022-04-22	24049	24173	23990	24163	55	-0.003669800428830583
2022-04-25	23812	23946	23610	23689	27972	-0.019616769440880644
2022-04-26	23837	23837	23684	23773	75	0.003545949596859277
2022-04-27	23338	23649	23338	23650	80	-0.005173936819080516
2022-04-28	23770	23770	23610	23740	57	0.0038054968287526414
2022-04-29	23775	23950	23740	23950	135	0.008845829823083351
2022-05-02	23765	23955	23765	23955	63	0.00020876826722338038
2022-05-03	24010	24030	23915	23965	60	0.0004174493842621363
2022-05-04	24010	24010	23690	23725	163	-0.010014604631754631
2022-05-06	23455	23575	23380	23545	63	-0.007586933614330826
2022-05-09	23430	23430	22820	22875	80	-0.028456147802081166
2022-05-10	22475	22815	22110	22815	186	-0.0026229508196721207
2022-05-11	22780	22930	22765	22860	54	0.0019723865877712132
2022-05-12	22630	22820	22220	22250	234	-0.02668416447944011
2022-05-13	22470	22630	22375	22630	56	0.017078651685393353
2022-05-16	22805	22820	22670	22745	149	0.005081749889527254
2022-05-17	22775	22830	22720	22795	25661	0.0021982853374367117
2022-05-18	23010	23045	22740	22830	1525	0.0015354244351830637
2022-05-19	22285	22520	22275	22515	55	-0.01379763469119577
2022-05-20	22635	22760	22635	22760	399	0.010881634465911505
2022-05-23	22755	22755	22615	22700	173	-0.002636203866432374
2022-05-24	22710	22755	22330	22330	79	-0.016299559471365632
2022-05-25	22440	22575	22350	22525	52	0.008732646663681232
2022-05-26	22605	22780	22495	22575	146504	0.002219755826859071
2022-05-27	22765	22795	22730	22745	50	0.007530454042081969
2022-05-30	22845	23020	22845	23020	53	0.012090569355902359
2022-05-31	23070	23140	23000	23140	50	0.005212858384013863
2022-06-02	23055	23105	23030	23105	50	-0.0015125324114088068
2022-06-03	23255	23255	23110	23215	2173	0.00476087426963856
2022-06-07	23155	23155	22860	22910	51	-0.013138057290544958
2022-06-08	22930	22965	22840	22860	50	-0.002182453077258839
2022-06-09	22845	22845	22605	22780	118	-0.0034995625546806464
2022-06-10	22625	22690	22540	22610	51	-0.007462686567164201
2022-06-13	22100	22175	21585	21585	2177	-0.0453339230429014
2022-06-14	21140	21430	20890	21270	418	-0.01459346768589298
2022-06-15	21305	21305	20530	20650	64	-0.029149036201222334
2022-06-16	21000	21140	20625	20625	51	-0.001210653753026647
2022-06-17	20150	20560	20040	20555	105	-0.0033939393939393936
2022-06-20	20630	20630	19565	19725	322	-0.04037946971539774
2022-06-21	19895	20075	19705	20030	50	0.01546261089987322
2022-06-22	20140	20140	19215	19215	53	-0.04068896655017473
2022-06-23	19315	19315	18470	18470	83	-0.03877179287015353
2022-06-24	18745	19280	18740	19255	80357	0.042501353546291254
2022-06-27	19525	19970	19395	19915	213	0.03427681121786552
2022-06-28	19980	20215	19980	20215	493	0.015064022093899121
2022-06-29	19950	20230	19950	20215	50	0.0
2022-06-30	20185	20235	19875	19885	66	-0.016324511501360384
2022-07-01	20015	20120	19570	19735	495	-0.007543374402816161
2022-07-04	19790	19790	19120	19370	51	-0.0184950595388903
2022-07-05	19525	19875	19485	19875	51	0.026071244192049647
2022-07-06	19775	19775	19445	19445	481	-0.021635220125786114
2022-07-07	19655	19770	19560	19765	900	0.016456672666495198
2022-07-08	19970	20060	19935	19960	329	0.009865924614216981
2022-07-11	19960	20035	19790	19855	50	-0.0052605210420841875
2022-07-12	19760	19760	19265	19440	15115	-0.020901536136993193
2022-07-13	19440	19605	19215	19580	18491	0.007201646090535085
2022-07-14	19475	19625	19380	19545	7037	-0.0017875383043922666
