Date	Open	High	Low	Close	Volume	Change
2019-11-14	9359	9369	9327	9366	214	
2019-11-15	9393	9440	9393	9437	117	0.007580610719624126
2019-11-18	9507	9507	9488	9489	141	0.0055102257073222916
2019-11-19	9422	9469	9402	9471	628	-0.001896933291179237
2019-11-20	9397	9397	9369	9370	19	-0.010664132615352151
2019-11-21	9322	9322	9245	9275	53	-0.010138740661686185
2019-11-22	9269	9269	9249	9252	16	-0.0024797843665768093
2019-11-25	9369	9369	9369	9370	34	0.012753999135322047
2019-11-26	9383	9412	9383	9408	15	0.004055496264674385
2019-11-27	9397	9397	9397	9399	0	-0.000956632653061229
2019-11-28	9397	9397	9393	9394	3	-0.0005319714863283309
2019-11-29	9327	9327	9245	9247	3	-0.015648286140089396
2019-12-02	9288	9288	9264	9266	13	0.0020547204498755356
2019-12-03	9212	9245	9164	9247	17	-0.002050507230736076
2019-12-04	9184	9184	9150	9152	11	-0.010273602249378122
2019-12-05	9136	9155	9117	9157	23	0.0005463286713287552
2019-12-06	9192	9192	9192	9195	1	0.004149830730588722
2019-12-09	9254	9254	9245	9247	67	0.0056552474170745715
2019-12-10	9240	9245	9240	9247	2	0.0
2019-12-11	9292	9292	9292	9294	0	0.005082729533902874
2019-12-12	9417	9417	9417	9418	1	0.01334194103722841
2019-12-13	9517	9540	9517	9532	216	0.012104480781482296
2019-12-16	9545	9564	9540	9542	427	0.0010490977759127773
2019-12-17	9588	9593	9583	9594	5	0.005449591280654031
2019-12-18	9611	9611	9611	9613	54	0.001980404419428705
2019-12-19	9626	9640	9616	9642	15	0.003016748153542137
2019-12-20	9674	9693	9659	9694	336	0.005393071976768304
2019-12-23	9721	9721	9693	9694	52	0.0
2019-12-24	9721	9721	9645	9647	75	-0.004848359810191827
2019-12-26	9645	9645	9645	9647	23	0.0
2019-12-27	9759	9835	9730	9794	1564	0.015237897792059751
2019-12-30	9835	9835	9792	9794	751	0.0
2020-01-02	9792	9792	9702	9703	10	-0.009291402899734513
2020-01-03	9755	9755	9674	9689	115	-0.001442852725961008
2020-01-06	9611	9611	9588	9589	37	-0.010320982557539438
2020-01-07	9688	9688	9655	9684	55	0.009907185316508471
2020-01-08	9550	9550	9474	9532	15	-0.01569599339116068
2020-01-09	9635	9635	9569	9570	16	0.003986571548468376
2020-01-10	9616	9669	9616	9660	86	0.00940438871473348
2020-01-13	9774	9774	9774	9775	207	0.011904761904761862
2020-01-14	9869	9869	9845	9846	713	0.0072634271099745185
2020-01-15	9835	9840	9825	9841	11	-0.0005078204346943282
2020-01-16	9811	9860	9797	9860	250	0.0019306980997866319
2020-01-17	9877	9877	9835	9837	222	-0.0023326572008113278
2020-01-20	9892	9912	9892	9913	13	0.007725932703059879
2020-01-21	9774	9774	9774	9775	0	-0.0139211136890951
2020-01-22	9845	9887	9845	9889	246	0.011662404092071643
2020-01-23	9825	9825	9825	9828	0	-0.006168470017190786
2020-01-28	9530	9530	9530	9532	0	-0.03011803011803016
2020-01-29	9545	9545	9545	9547	3	0.001573646663869166
2020-01-30	9469	9469	9469	9471	7	-0.007960615900282852
2020-01-31	9459	9459	9327	9327	118	-0.015204307887234703
2020-02-03	9274	9274	9264	9266	2	-0.006540152246166997
2020-02-04	9445	9445	9412	9413	15	0.01586445067990505
2020-02-05	9435	9435	9435	9437	41	0.0025496653564218708
2020-02-06	9512	9745	9512	9718	32	0.029776411995337426
2020-02-07	9659	9664	9621	9665	5	-0.005453797077587974
2020-02-10	9611	9626	9611	9628	11	-0.0038282462493532954
2020-02-11	9659	9783	9659	9785	5	0.016306605733277912
2020-02-12	9802	9811	9797	9813	64	0.0028615227388859577
2020-02-13	9821	9860	9783	9785	169	-0.002853357790685851
2020-02-14	9740	9807	9740	9808	60	0.0023505365355136476
2020-02-17	9778	9778	9778	9780	1	-0.0028548123980424167
2020-02-18	9693	9693	9669	9670	11	-0.011247443762781195
2020-02-19	9611	9664	9611	9665	10	-0.0005170630816959676
2020-02-20	9721	9721	9621	9623	2	-0.004345576823590269
2020-02-21	9479	9479	9479	9479	11	-0.014964148394471577
2020-02-24	9240	9240	9117	9127	51	-0.037134718852199544
2020-02-25	9117	9188	9107	9190	7	0.006902596691136242
2020-02-26	9055	9102	9050	9100	15	-0.009793253536452662
2020-02-27	9097	9097	8965	9013	66	-0.009560439560439615
2020-02-28	8822	8822	8669	8670	30	-0.03805614112947964
2020-03-02	8669	8669	8640	8643	5	-0.0031141868512111204
2020-03-03	8850	8850	8765	8765	24	0.014115469165798977
2020-03-04	8927	8927	8888	8890	7	0.01426126640045644
2020-03-05	9022	9022	9022	9023	170	0.014960629921259905
2020-03-06	8897	8897	8831	8865	249	-0.01751080571871888
2020-03-09	8593	8593	8460	8462	41	-0.045459672870840406
2020-03-10	8437	8517	8437	8518	3	0.0066178208461356025
2020-03-11	8437	8437	8303	8305	66	-0.025005869922517077
2020-03-12	8217	8217	7917	7919	22	-0.046478025285972335
2020-03-13	7713	7741	7708	7709	378	-0.026518499810582186
2020-03-16	7452	7452	7452	7452	0	-0.03333765728369442
2020-03-17	7184	7294	7184	7225	48	-0.03046162104133121
2020-03-18	7252	7252	7004	7005	21	-0.0304498269896194
2020-03-19	6880	6880	6285	6287	30	-0.10249821556031402
2020-03-20	6585	6585	6394	6577	95	0.04612692858278988
2020-03-23	6452	6538	6452	6539	15	-0.0057777102022198434
2020-03-24	6699	6880	6699	6839	34	0.04587857470561252
2020-03-25	7266	7327	7266	7267	12	0.06258224886679331
2020-03-26	7342	7551	7342	7553	3	0.03935599284436497
2020-03-27	7551	7551	7423	7538	36	-0.001985965841387549
2020-03-30	7299	7537	7274	7538	4256	0.0
2020-03-31	7718	7718	7718	7719	0	0.024011674184133636
2020-04-01	7379	7379	7379	7382	0	-0.04365850498769275
2020-04-02	7361	7455	7361	7457	17	0.010159848279599037
2020-04-03	7455	7455	7455	7457	10	0.0
2020-04-06	7727	7746	7727	7748	105	0.03902373608689813
2020-04-07	8022	8022	7894	7943	64	0.025167785234899265
2020-04-08	7902	7942	7899	7943	65	0.0
2020-04-09	8032	8032	8032	8033	0	0.011330731461664412
2020-04-10	8032	8117	8032	8120	82	0.010830324909747224
2020-04-13	8070	8070	8070	8072	34	-0.005911330049261032
2020-04-14	8070	8070	8070	8072	1	0.0
2020-04-16	8012	8107	8012	8110	96	0.004707631318136674
2020-04-17	8294	8351	8294	8352	41	0.029839704069050565
2020-04-20	8337	8337	8269	8272	1082	-0.009578544061302652
2020-04-21	8232	8232	8042	8205	1287	-0.008099613152804608
2020-04-22	8089	8127	8060	8127	36	-0.009506398537477145
2020-04-23	8298	8374	8298	8367	735	0.029531192321889943
2020-04-24	8307	8307	8307	8309	1	-0.006931994741245395
2020-04-27	8332	8398	8332	8395	55	0.010350222650138408
2020-04-28	8501	8506	8379	8438	10	0.00512209648600348
2020-04-29	8578	8578	8554	8579	30	0.01671012088172552
2020-05-04	8384	8384	8316	8317	24	-0.03053968994055256
2020-05-06	8428	8428	8418	8419	2	0.01226403751352656
2020-05-07	8491	8491	8471	8478	84	0.007007958189808816
2020-05-08	8603	8603	8583	8584	96	0.012502948808681191
2020-05-11	8534	8534	8534	8536	0	-0.005591798695246952
2020-05-12	8534	8534	8534	8536	2	0.0
2020-05-13	8564	8564	8564	8565	0	0.003397375820056281
2020-05-14	8520	8520	8452	8453	15	-0.01307647402218326
2020-05-15	8476	8515	8476	8516	16	0.007452975275050289
2020-05-18	8515	8515	8515	8516	1	0.0
2020-05-19	8700	8723	8680	8725	63	0.02454203851573511
2020-05-20	8748	8792	8733	8768	2681	0.004928366762177561
2020-05-21	8870	8870	8835	8851	32	0.009466240875912302
2020-05-22	8850	8850	8690	8735	98	-0.013105863744209745
2020-05-25	8787	8787	8787	8788	1	0.006067544361763044
2020-05-26	9059	9059	9054	9055	601	0.0303823395539371
2020-05-27	9034	9034	9034	9035	0	-0.002208724461623457
2020-05-28	9015	9015	9015	9016	11	-0.002102933038184873
2020-05-29	9010	9010	9000	9002	2588	-0.0015527950310558758
2020-06-01	9146	9146	9146	9147	1	0.016107531659631302
2020-06-02	9282	9321	9282	9321	1474	0.019022630370613358
2020-06-03	9515	9583	9505	9550	1838	0.02456817937989486
2020-06-04	9655	9690	9534	9535	577	-0.0015706806282722585
2020-06-05	9558	9680	9519	9671	125	0.014263240692186763
2020-06-08	9815	9815	9713	9734	236	0.006514321166373627
2020-06-09	9753	9753	9685	9685	444	-0.005033901787548811
2020-06-10	9753	9767	9733	9768	1517	0.008569953536396557
2020-06-11	9728	9772	9728	9773	5	0.0005118755118755924
2020-06-12	9296	9524	9296	9526	25	-0.025273713291722122
2020-06-15	9486	9491	9486	9491	1545	-0.0036741549443628507
2020-06-16	9292	9568	9292	9569	32222	0.00821831208513335
2020-06-17	9583	9583	9549	9550	97	-0.0019855784303479673
2020-06-18	9593	9593	9529	9530	23	-0.0020942408376963817
2020-06-19	9549	9549	9549	9550	0	0.0020986358866736943
2020-06-22	9588	9593	9558	9560	10309	0.0010471204188482464
2020-06-23	9680	9680	9603	9603	57	0.00449790794979088
2020-06-24	9713	9713	9713	9715	12	0.011663021972300402
2020-06-25	9471	9505	9456	9458	16504	-0.026453937210499268
2020-06-26	9519	9519	9519	9521	106	0.006661027701416744
2020-06-29	9344	9344	9340	9341	43	-0.018905577145257868
2020-06-30	9471	9471	9403	9404	478	0.0067444599079327094
2020-07-01	9496	9539	9432	9433	100	0.003083794130157358
2020-07-02	9549	9549	9544	9545	183	0.01187321106752881
2020-07-03	9621	9621	9621	9623	209	0.008171817705604933
2020-07-06	9704	9738	9704	9739	454	0.012054452873324406
2020-07-07	9704	9704	9680	9681	290	-0.005955436903172795
2020-07-08	9675	9675	9675	9676	0	-0.0005164755707055546
2020-07-09	9743	9743	9743	9743	0	0.006924348904505884
2020-07-10	9665	9665	9607	9652	133	-0.00934003900236069
2020-07-13	9772	9772	9772	9773	4	0.012536261914629199
2020-07-14	9743	9743	9743	9743	1	-0.003069681776322497
2020-07-15	9825	9825	9825	9827	4	0.008621574463717474
2020-07-16	9767	9767	9767	9768	0	-0.006003866897323684
2020-07-17	9830	9830	9830	9832	11	0.006552006552006606
2020-07-20	9806	9811	9806	9812	65	-0.002034174125305155
2020-07-21	9898	9957	9898	9938	147	0.01284141867101507
2020-07-22	9927	9927	9927	9928	103	-0.0010062386798148637
2020-07-23	9898	9898	9888	9889	350	-0.003928283642223973
2020-07-24	9801	9801	9801	9802	206	-0.008797653958944274
2020-07-27	9820	9835	9820	9836	17	0.003468679861252877
2020-07-28	9917	9917	9917	9919	11	0.008438389589263906
2020-07-29	9908	9942	9908	9942	137	0.002318782135295905
2020-07-30	9970	9970	9970	9972	68	0.0030175015087507973
2020-07-31	9942	9942	9942	9942	136	-0.0030084235860409203
2020-08-03	10019	10019	10019	10020	12	0.00784550392275185
2020-08-04	10126	10160	10122	10161	208	0.014071856287425133
2020-08-05	10364	10364	10364	10365	98	0.02007676409802195
2020-08-06	10466	10490	10466	10466	102	0.009744331886155422
2020-08-07	10558	10558	10558	10559	394	0.008885916300401364
2020-08-10	10675	10752	10631	10753	27	0.018372951984089392
2020-08-11	10845	10952	10845	10952	211	0.018506463312564003
2020-08-12	10927	10927	10927	10928	93	-0.0021913805697589828
2020-08-13	11024	11024	11024	11025	0	0.00887628111273786
2020-08-14	10888	10888	10888	10889	10	-0.012335600907029454
2020-08-18	10588	10588	10509	10515	12	-0.034346588300119385
2020-08-19	10616	10616	10616	10617	0	0.00970042796005699
2020-08-20	10233	10233	10233	10234	0	-0.0360742205896204
2020-08-21	10408	10408	10408	10409	2	0.017099863201094356
2020-08-24	10543	10543	10543	10545	0	0.013065616293592042
2020-08-25	10723	10723	10723	10724	11	0.01697486960644845
2020-08-26	10757	10757	10757	10758	0	0.003170458784035768
2020-08-27	10757	10757	10708	10710	30	-0.004461795872838792
2020-08-28	10708	10776	10708	10733	60	0.002147525676937434
2020-08-31	10840	10840	10606	10608	546	-0.01164632442001301
2020-09-01	10718	10718	10718	10720	0	0.010558069381598756
2020-09-02	10767	10767	10767	10768	1	0.004477611940298498
2020-09-03	10888	10888	10883	10884	619	0.010772659732540824
2020-09-04	10694	10708	10694	10710	105	-0.015986769570010995
2020-09-07	10723	10723	10723	10724	0	0.0013071895424836555
2020-09-08	10728	10728	10728	10729	0	0.0004662439388287698
2020-09-09	10606	10611	10583	10583	4	-0.013607978376363183
2020-09-10	10680	10680	10655	10656	2	0.006897855050552737
2020-09-11	10616	10621	10588	10593	536	-0.005912162162162171
2020-09-14	10694	10762	10694	10748	711	0.014632304351930525
2020-09-15	10840	10845	10835	10840	474	0.008559732043170731
2020-09-16	10815	10849	10815	10850	28	0.0009225092250921829
2020-09-17	10694	10694	10694	10695	36	-0.014285714285714235
2020-09-18	10698	10698	10698	10700	1	0.0004675081813931836
2020-09-21	10621	10621	10621	10622	0	-0.007289719626168201
2020-09-22	10359	10359	10359	10360	0	-0.02466578798719643
2020-09-23	10349	10349	10252	10253	29	-0.010328185328185358
2020-09-24	10150	10150	10150	10151	9	-0.009948307812347568
2020-09-25	10131	10131	10131	10132	0	-0.001871736774701982
2020-09-28	10267	10267	10267	10268	0	0.01342281879194629
2020-09-29	10369	10393	10369	10394	2886	0.012271133619010444
2020-10-05	10427	10553	10413	10545	143957	0.014527612083894637
2020-10-06	10583	10601	10519	10550	38	0.00047415836889519447
2020-10-07	10514	10611	10500	10613	23	0.005971563981042705
2020-10-08	10718	10718	10631	10632	111	0.0017902572316970122
2020-10-12	10713	10713	10713	10715	4	0.007806621519939716
2020-10-13	10621	10641	10573	10641	318	-0.006906206252916491
2020-10-14	10519	10519	10519	10520	0	-0.011371111737618622
2020-10-15	10519	10519	10451	10453	64	-0.006368821292775717
2020-10-16	10481	10481	10481	10481	1	0.002678656844924854
2020-10-19	10471	10471	10466	10466	36	-0.001431161148745308
2020-10-20	10427	10427	10427	10428	0	-0.0036308045098414343
2020-10-21	10466	10466	10466	10466	0	0.0036440352896049966
2020-10-22	10446	10446	10446	10448	0	-0.0017198547678196618
2020-10-23	10490	10490	10476	10486	231	0.0036370597243491343
2020-10-26	10413	10413	10413	10413	0	-0.006961663169940846
2020-10-27	10436	10436	10388	10389	18	-0.002304811293575293
2020-10-28	10490	10490	10490	10491	0	0.009818076812012633
2020-10-29	10330	10330	10330	10331	10	-0.015251167667524546
2020-10-30	10131	10131	10131	10132	0	-0.01926241409350493
2020-11-02	10267	10267	10267	10268	0	0.01342281879194629
2020-11-03	10403	10451	10403	10443	23	0.017043241137514542
2020-11-04	10514	10514	10514	10515	20	0.0068945705257110745
2020-11-05	10698	10776	10698	10777	75	0.024916785544460307
2020-11-06	10840	10840	10840	10840	0	0.005845782685348411
2020-11-09	11039	11039	11009	11010	68	0.01568265682656822
2020-11-10	10980	11034	10980	11005	62	-0.0004541326067211138
2020-11-11	11082	11179	11082	11181	251	0.01599273057701045
2020-11-12	11155	11155	11107	11132	15	-0.004382434487076314
2020-11-13	11102	11140	11029	11132	383	0.0
2020-11-16	11209	11252	11209	11243	140	0.00997125404240018
2020-11-17	11286	11286	11242	11243	25	0.0
2020-11-18	11296	11339	11276	11341	193	0.008716534732722492
2020-11-19	11301	11354	11301	11355	24	0.0012344590424124835
2020-11-20	11359	11378	11344	11379	9	0.0021136063408189187
2020-11-23	11466	11558	11466	11525	657	0.01283065295720176
2020-11-24	11563	11606	11553	11607	177	0.00711496746203899
2020-11-25	11723	11723	11582	11588	355	-0.0016369432239166093
2020-11-26	11573	11655	11553	11655	30	0.00578184328615805
2020-11-27	11650	11688	11650	11690	165	0.0030030030030030463
2020-11-30	11650	11650	11586	11588	211	-0.008725406330196694
2020-12-01	11616	11688	11616	11690	17	0.008802209181912213
2020-12-02	11815	11839	11810	11840	3	0.01283147989734812
2020-12-03	11888	11990	11888	11990	520	0.012668918918918859
2020-12-04	12169	12174	12101	12131	266	0.011759799833194418
2020-12-07	12222	12222	12082	12141	2241	0.0008243343500122791
2020-12-08	12135	12135	11932	11932	39	-0.017214397496087663
2020-12-09	11994	12135	11994	12136	332	0.017096882333221597
2020-12-10	12033	12199	12033	12141	100	0.00041199736321684277
2020-12-11	12261	12261	12212	12224	612	0.006836339675479808
2020-12-14	12203	12212	12149	12151	133	-0.005971858638743499
2020-12-15	12121	12121	12121	12122	0	-0.0023866348448687846
2020-12-16	12174	12203	12174	12184	5	0.005114667546609386
2020-12-17	12154	12184	12154	12184	4	0.0
2020-12-18	12242	12261	12199	12199	17	0.0012311227839789662
2020-12-21	12159	12247	12145	12243	37	0.0036068530207393756
2020-12-22	12217	12217	12029	12029	56	-0.01747937596994198
2020-12-23	12029	12159	11980	12131	114	0.0084795078560147
2020-12-24	12199	12208	12179	12199	436	0.005605473580084119
2020-12-28	12256	12256	12203	12243	220	0.0036068530207393756
2020-12-29	12378	12456	12324	12423	95	0.014702278853222284
2020-12-30	12460	12460	12460	12461	231	0.0030588424696127436
2021-01-04	12747	12940	12693	12932	399	0.037797929540165365
2021-01-05	12945	13179	12945	13179	125	0.019099907206928446
2021-01-06	13401	13401	13110	13121	237	-0.004400940890811111
2021-01-07	13396	13436	13373	13436	42	0.02400731651550947
2021-01-08	13814	13989	13795	13946	55	0.037957725513545704
2021-01-11	14134	14236	13649	13859	37	-0.006238347913380182
2021-01-12	13770	13770	13392	13723	548	-0.009813117829569284
2021-01-13	13795	13916	13727	13883	288	0.011659258179698373
2021-01-14	13872	13969	13872	13917	499	0.002449038392278391
2021-01-15	14008	14008	13581	13582	1044	-0.02407127972982681
2021-01-18	13431	13465	13319	13320	264	-0.019290237078486205
2021-01-19	13421	13712	13421	13698	387	0.02837837837837842
2021-01-20	13930	13930	13620	13762	499	0.004672214921886297
2021-01-21	13907	13945	13887	13941	364	0.013006830402557679
2021-01-22	14008	14008	14008	14009	21	0.004877698873825498
2021-01-25	14226	14226	14226	14228	20	0.01563280748090512
2021-01-26	14256	14256	13950	13951	612	-0.019468653359572707
2021-01-27	14076	14129	13907	13932	380	-0.0013619095405347226
2021-01-28	13601	13722	13581	13655	325	-0.019882285386161325
2021-01-29	13663	13663	13281	13281	146	-0.027389234712559496
2021-02-01	13309	13615	13309	13606	168	0.024471048866802292
2021-02-02	14008	14022	13887	13887	286	0.02065265324121701
2021-02-03	13920	14057	13902	14057	1053	0.012241664866421864
2021-02-04	13935	13935	13805	13887	76	-0.012093618837589859
2021-02-05	13984	14022	13974	14024	65	0.009865341686469353
2021-02-08	13979	14032	13877	13878	349	-0.010410724472333155
2021-02-09	13984	14027	13882	13883	204	0.00036028246144970133
2021-02-10	13945	14052	13805	14053	172	0.012245191961391733
2021-02-15	14241	14241	14178	14208	186	0.01102967337934957
2021-02-16	14192	14226	14192	14228	59	0.0014076576576576016
2021-02-17	14222	14222	14222	14223	11	-0.0003514197357323834
2021-02-18	13882	13882	13882	13883	0	-0.02390494269844623
2021-02-19	13912	13955	13775	13902	125	0.0013685802780378786
2021-02-22	14052	14052	13843	13844	14	-0.004172061573874286
2021-02-23	13765	13843	13653	13800	11	-0.0031782721756717924
2021-02-24	13770	13877	13450	13451	148	-0.02528985507246373
2021-02-25	13645	13805	13645	13805	171	0.0263177458924988
2021-02-26	13557	13571	13431	13431	11	-0.027091633466135412
2021-03-02	13858	13858	13543	13670	438	0.017794654158290513
2021-03-03	13640	13877	13640	13878	6	0.015215801024140552
2021-03-04	13717	13760	13620	13655	376	-0.016068597780660054
2021-03-05	13533	13653	13533	13655	106	0.0
2021-03-08	13548	13548	13548	13548	1	-0.00783595752471622
2021-03-09	13406	13416	13266	13418	31	-0.009595512252731031
2021-03-10	13518	13518	13343	13344	13	-0.0055149798777761605
2021-03-11	13396	13576	13392	13577	84	0.017461031175060038
2021-03-12	13760	13775	13760	13777	4	0.014730794726375507
2021-03-15	13756	13756	13756	13757	0	-0.0014516948537417473
2021-03-16	13800	13800	13800	13800	1	0.0031256814712510295
2021-03-17	13640	13640	13640	13640	11	-0.011594202898550732
2021-03-18	13800	13800	13800	13800	0	0.011730205278592365
2021-03-19	13688	13688	13688	13689	0	-0.008043478260869596
2021-03-22	13645	13658	13615	13640	76	-0.0035795164000291813
2021-03-23	13640	13640	13494	13495	3	-0.01063049853372433
2021-03-24	13426	13426	13396	13398	2	-0.007187847350870746
2021-03-25	13513	13513	13513	13515	0	0.008732646663681232
2021-03-26	13703	13703	13703	13703	0	0.013910469848316787
2021-03-29	13663	13663	13663	13665	0	-0.0027731153761949567
2021-03-30	13722	13843	13722	13830	44	0.01207464324917673
2021-03-31	13819	13819	13819	13820	0	-0.000723065798987732
2021-04-01	13907	13907	13877	13878	25	0.004196816208393628
2021-04-02	14013	14013	13979	13980	6	0.007349762213575417
2021-04-05	13999	13999	13969	13970	20	-0.0007153075822603494
2021-04-06	13994	13994	13945	13946	21	-0.0017179670722977658
2021-04-07	14047	14047	14047	14048	10	0.007313925139825095
2021-04-08	14124	14124	14124	14126	0	0.005552391799544365
2021-04-09	14124	14124	14096	14096	41	-0.0021237434517910048
2021-04-12	14134	14134	14100	14101	60	0.0003547105561860775
2021-04-13	14279	14279	14279	14281	0	0.012765052123962839
2021-04-14	14324	14324	14304	14324	44	0.0030109936278972516
2021-04-15	14455	14455	14435	14436	58	0.007819044959508581
2021-04-16	14435	14479	14435	14470	262	0.002355223053477351
2021-04-19	14528	14528	14469	14470	3	0.0
2021-04-20	14488	14488	14488	14490	15	0.0013821700069107656
2021-04-21	14426	14426	14266	14286	234	-0.01407867494824011
2021-04-22	14372	14372	14328	14329	117	0.003009939801204009
2021-04-23	14202	14358	14202	14339	193	0.0006978854072161589
2021-04-26	14381	14440	14381	14421	208	0.00571866936327492
2021-04-27	14537	14537	14483	14523	136	0.0070730185146661295
2021-04-28	14411	14411	14363	14368	125	-0.01067272602079461
2021-04-29	14436	14436	14314	14319	75	-0.0034103563474388032
2021-04-30	14225	14270	14127	14147	232	-0.012012012012011963
2021-05-03	14147	14260	14010	14030	108	-0.00827030465823142
2021-05-04	13980	14118	13980	14118	57	0.006272273699216013
2021-05-06	14294	14294	14294	14295	0	0.012537186570335646
2021-05-07	14456	14456	14431	14432	15	0.009583770549143056
2021-05-10	14633	14633	14633	14633	13	0.013927383592017728
2021-05-11	14456	14456	14436	14437	46	-0.013394382559967166
2021-05-12	14118	14201	14118	14201	8	-0.016346886472258793
2021-05-13	14147	14157	14049	14049	57	-0.010703471586507973
2021-05-14	14181	14181	14181	14182	31	0.009466865969108174
2021-05-17	14073	14078	14049	14079	177	-0.007262727400930702
2021-05-18	14319	14319	14319	14319	0	0.017046665246111203
2021-05-20	14181	14255	14181	14241	50	-0.005447307772889154
2021-05-21	14240	14240	14240	14241	0	0.0
2021-05-24	14235	14235	14201	14206	92	-0.0024576925777684
2021-05-25	14245	14324	14245	14324	33	0.008306349429818338
2021-05-26	14382	14397	14319	14319	114	-0.00034906450712091086
2021-05-27	14216	14216	14216	14216	1	-0.00719323975137931
2021-05-28	14387	14387	14387	14388	0	0.012099043331457615
2021-05-31	14471	14471	14373	14471	73	0.005768696135668661
2021-06-01	14584	14584	14539	14540	102	0.004768157003662399
2021-06-02	14633	14633	14633	14633	1	0.00639614855570847
2021-06-03	14549	14618	14549	14589	528	-0.003006902207339568
2021-06-04	14544	14544	14544	14545	0	-0.0030159709370073395
2021-06-07	14603	14623	14603	14614	74	0.0047438982468201996
2021-06-08	14613	14613	14613	14614	14	0.0
2021-06-09	14431	14431	14431	14432	0	-0.012453811413712823
2021-06-10	14422	14466	14422	14466	108	0.0023558758314856654
2021-06-11	14623	14647	14623	14648	3	0.012581224941241587
2021-06-14	14647	14706	14647	14707	358	0.004027853631895173
2021-06-15	14706	14721	14706	14721	103	0.0009519276534983856
2021-06-16	14770	14814	14770	14815	23	0.006385435772026327
2021-06-17	14765	14765	14765	14766	0	-0.0033074586567667374
2021-06-18	14809	14834	14809	14815	41	0.0033184342408234535
2021-06-21	14687	14716	14613	14614	54	-0.013567330408369882
2021-06-22	14780	14809	14780	14810	11	0.013411796907075502
2021-06-23	14898	14898	14898	14898	0	0.00594193112761654
2021-06-24	14932	14986	14883	14883	369	-0.001006846556584784
2021-06-25	14986	14986	14971	14972	43	0.005979977155143423
2021-06-28	14971	14971	14922	14927	20	-0.003005610472882725
2021-06-29	14951	14951	14863	14893	49	-0.0022777517250619495
2021-06-30	14937	15045	14937	15045	8	0.01020613711139462
2021-07-01	15020	15020	14902	14918	76	-0.008441342638750404
2021-07-02	14917	14937	14917	14932	49	0.0009384636010190128
2021-07-05	14976	14976	14961	14962	151	0.0020091079560675684
2021-07-06	15015	15030	14976	14977	213	0.001002539767410715
2021-07-07	14932	14932	14883	14883	288	-0.006276290311811428
2021-07-08	14888	14912	14770	14770	88	-0.007592555264395617
2021-07-09	14559	14559	14471	14471	86	-0.020243737305348675
2021-07-12	14706	14706	14706	14707	2	0.016308479027019596
2021-07-13	14795	14848	14790	14844	108	0.009315292037805234
2021-07-14	14804	14844	14799	14844	44	0.0
2021-07-15	14848	14888	14839	14888	121	0.0029641606036108215
2021-07-16	14799	14799	14799	14800	3	-0.00591080064481464
2021-07-19	14701	14701	14701	14702	5	-0.0066216216216216095
2021-07-20	14588	14638	14588	14638	13	-0.004353149231397069
2021-07-21	14706	14706	14544	14545	7	-0.006353326957234562
2021-07-22	14682	14696	14682	14697	7	0.010450326572705393
2021-07-23	14731	14731	14731	14731	0	0.0023133972919644474
2021-07-26	14687	14687	14667	14667	7	-0.004344579458285258
2021-07-27	14652	14652	14652	14653	1	-0.0009545237608236112
2021-07-28	14677	14677	14554	14555	3	-0.006688050228622178
2021-07-29	14696	14696	14647	14667	11	0.00769495018893851
2021-07-30	14633	14633	14505	14515	75	-0.010363400831799319
2021-08-02	14451	14451	14446	14447	2	-0.0046848088184636705
2021-08-03	14446	14446	14427	14427	158	-0.0013843704575344784
2021-08-04	14579	14642	14579	14638	115	0.014625355236709048
2021-08-05	14638	14638	14638	14638	32	0.0
2021-08-06	14588	14588	14588	14589	5	-0.0033474518376827023
2021-08-09	14544	14544	14544	14545	1	-0.0030159709370073395
2021-08-10	14515	14515	14515	14515	0	-0.002062564455139193
2021-08-11	14456	14456	14456	14457	20	-0.003995866345160137
2021-08-12	14456	14456	14441	14442	159	-0.0010375596596804426
2021-08-13	14441	14441	14441	14442	71	0.0
2021-08-17	14338	14338	14152	14152	92	-0.02008032128514059
2021-08-18	14225	14265	14201	14265	6	0.007984737139626885
2021-08-19	14206	14206	14039	14040	91	-0.01577287066246058
2021-08-20	13808	13808	13808	13809	8	-0.016452991452991506
2021-08-23	13828	13990	13828	13991	8	0.013179810268665326
2021-08-24	14078	14078	14078	14079	0	0.006289757701379406
2021-08-25	14122	14157	14122	14123	10	0.0031252219617869947
2021-08-26	14078	14078	14078	14079	0	-0.003115485378460625
2021-08-27	14078	14078	14078	14079	0	0.0
2021-08-30	14157	14157	14083	14138	61	0.004190638539669056
2021-08-31	14122	14343	14122	14344	145	0.014570660630923715
2021-09-01	14358	14358	14358	14358	1	0.0009760178471835967
2021-09-02	14353	14353	14235	14275	6	-0.005780749407995556
2021-09-03	14343	14343	14343	14344	1	0.004833625218914284
2021-09-06	14324	14348	14299	14349	13	0.0003485778025655861
2021-09-07	14328	14328	14328	14329	7	-0.0013938253536831535
2021-09-08	14225	14225	14172	14172	10	-0.010956800893293317
2021-09-09	13912	13912	13912	13912	1	-0.018346034434095437
2021-09-10	13970	13970	13970	13971	1	0.0042409430707301965
2021-09-13	13887	13887	13877	13878	2	-0.0066566459093837516
2021-09-14	14019	14054	14010	14054	4	0.01268194264303224
2021-09-15	14000	14049	14000	14049	11	-0.0003557705991177329
2021-09-16	13921	13921	13921	13922	0	-0.009039789308847634
2021-09-17	13916	13921	13916	13922	2	0.0
2021-09-23	13794	13804	13794	13804	2	-0.008475793707800605
2021-09-24	13892	13892	13892	13892	1	0.006374963778614795
2021-09-27	13946	13946	13882	13883	146	-0.0006478548805067819
2021-09-28	13769	13769	13769	13770	1	-0.008139451127277986
2021-09-29	13558	13661	13558	13662	53	-0.007843137254901933
2021-09-30	13720	13720	13720	13721	1	0.004318547796808625
2021-10-01	13490	13490	13490	13490	1	-0.016835507616063006
2021-10-05	13078	13215	13078	13215	14	-0.02038547071905117
2021-10-06	13289	13303	13053	13093	102	-0.009231933409004967
2021-10-07	13117	13264	13117	13245	18	0.011609256854807848
2021-10-08	13264	13264	13264	13264	19	0.0014345035862590727
2021-10-12	13112	13112	13112	13112	0	-0.011459589867309994
2021-10-13	13244	13244	13244	13245	5	0.010143380109822964
2021-10-14	13450	13450	13450	13451	1	0.015553038882597292
2021-10-15	13568	13568	13568	13569	0	0.008772581964166193
2021-10-18	13563	13563	13563	13564	1	-0.00036848699240921157
2021-10-19	13681	13681	13627	13672	10	0.007962253022707255
2021-10-20	13735	13735	13691	13691	3	0.001389701579871172
2021-10-21	13681	13681	13573	13574	38	-0.008545759988313528
2021-10-22	13568	13627	13524	13524	145	-0.0036835125976131255
2021-10-25	13578	13715	13578	13716	8	0.01419698314108242
2021-10-26	13730	13804	13701	13760	109	0.0032079323417906203
2021-10-27	13676	13676	13676	13677	16	-0.006031976744186096
2021-10-28	13686	13686	13676	13677	2	0.0
2021-10-29	13504	13504	13504	13505	14	-0.012575857278642966
2021-11-01	13475	13475	13475	13475	0	-0.002221399481673436
2021-11-02	13647	13647	13647	13647	4	0.012764378478664185
2021-11-03	13553	13553	13362	13363	8	-0.02081043452773501
2021-11-04	13504	13504	13504	13505	7	0.010626356357105404
2021-11-05	13421	13421	13421	13421	8	-0.006219918548685643
2021-11-08	13269	13465	13269	13466	29	0.0033529543253110194
2021-11-09	13485	13485	13352	13461	40	-0.00037130551017372504
2021-11-10	13249	13249	13249	13250	3	-0.01567491271079413
2021-11-11	13249	13249	13249	13250	0	0.0
2021-11-12	13416	13416	13416	13417	7	0.012603773584905609
2021-11-15	13519	13519	13519	13520	0	0.007676827904896877
2021-11-16	13519	13519	13519	13520	0	0.0
2021-11-17	13514	13514	13382	13382	24	-0.010207100591715923
2021-11-18	13269	13392	13269	13392	70	0.0007472724555372956
2021-11-19	13289	13338	13289	13338	45	-0.0040322580645161255
2021-11-22	13470	13499	13401	13500	24	0.012145748987854255
2021-11-23	13392	13392	13392	13392	0	-0.008000000000000007
2021-11-24	13342	13342	13269	13269	24	-0.009184587813620082
2021-11-25	13269	13269	13269	13269	0	0.0
2021-11-26	13068	13068	13068	13068	0	-0.01514808953199187
2021-11-29	12965	12965	12906	12906	11	-0.012396694214875992
2021-11-30	12754	12754	12695	12695	10	-0.016348984968231783
2021-12-01	12764	12764	12764	12764	0	0.005435210712879002
2021-12-02	12975	12975	12975	12975	0	0.016530868066436888
2021-12-03	13097	13097	13097	13098	0	0.009479768786127218
2021-12-06	13097	13181	12950	13181	6	0.0063368453198962005
2021-12-07	13156	13225	13156	13225	25	0.0033381382292694273
2021-12-08	13396	13396	13298	13299	34	0.005595463137996193
2021-12-09	13342	13342	13342	13343	0	0.003308519437551727
2021-12-10	13308	13308	13308	13309	6	-0.0025481525893726875
2021-12-13	13352	13352	13352	13353	6	0.00330603351115788
2021-12-14	13230	13235	13127	13127	18	-0.016925035572530556
2021-12-15	13127	13127	13127	13127	2	0.0
2021-12-16	13205	13205	13205	13206	0	0.0060181305705797605
2021-12-17	13254	13254	13254	13255	0	0.00371043465091625
2021-12-20	13078	13078	13014	13014	2	-0.018181818181818188
2021-12-21	12940	13058	12940	13058	3	0.003380974335331244
2021-12-22	13058	13063	13004	13004	3	-0.004135395925869201
2021-12-23	13073	13073	13073	13073	0	0.005306059673946484
2021-12-24	13235	13235	13171	13171	29	0.007496366557026013
2021-12-27	13122	13195	13122	13152	37	-0.0014425632070458327
2021-12-28	13190	13190	13190	13191	0	0.002965328467153361
2021-12-29	13342	13342	13342	13343	10	0.011523008111591126
2021-12-30	13259	13259	13259	13260	0	-0.006220490144645097
2022-01-03	13293	13293	13259	13260	21	0.0
2022-01-04	13259	13259	13254	13255	11	-0.00037707390648566985
2022-01-05	13156	13156	13082	13083	14	-0.012976235382874401
2022-01-06	12999	12999	12979	12980	34	-0.007872812046166744
2022-01-07	13033	13033	13033	13034	0	0.004160246533127854
2022-01-10	12940	12940	12940	12941	0	-0.007135184901028047
2022-01-11	12940	12940	12940	12941	0	0.0
2022-01-12	13195	13195	13195	13196	9	0.019704814156556782
2022-01-13	13195	13195	13195	13196	0	0.0
2022-01-14	12989	12989	12989	12990	0	-0.015610791148833014
2022-01-17	12803	12803	12803	12803	0	-0.014395688991531985
2022-01-18	12705	12705	12705	12705	0	-0.007654455986878084
2022-01-19	12675	12675	12675	12676	1	-0.0022825659189295022
2022-01-20	12675	12675	12675	12676	0	0.0
2022-01-21	12626	12626	12582	12583	2	-0.007336699274218983
2022-01-24	12386	12386	12386	12386	0	-0.015656043868711778
2022-01-25	12263	12263	12013	12014	2	-0.030033909252381696
2022-01-26	12008	12008	12008	12009	10	-0.00041618112202435054
2022-01-27	11773	11773	11635	11636	3	-0.03106003830460491
2022-01-28	11979	11979	11979	11979	2	0.029477483671364713
2022-02-03	12106	12106	12106	12107	1	0.010685366057266776
2022-02-04	12195	12195	12195	12195	0	0.0072685223424464596
2022-02-07	12185	12185	12185	12185	1	-0.0008200082000819897
2022-02-08	12190	12214	12146	12146	41	-0.00320065654493229
2022-02-09	12283	12283	12229	12229	69	0.006833525440474331
2022-02-10	12361	12361	12361	12362	0	0.010875787063537423
2022-02-11	12293	12293	12268	12269	3	-0.007523054521922035
2022-02-14	12141	12175	12087	12151	48	-0.009617735756785373
2022-02-15	12116	12175	11998	12033	145	-0.009711134886017603
2022-02-16	12136	12136	12121	12126	235	0.007728745948641258
2022-02-17	12268	12293	12268	12293	3	0.013772060036285616
2022-02-18	12263	12263	12263	12264	1	-0.002359066135198873
2022-02-21	12288	12288	12288	12288	20	0.001956947162426559
2022-02-22	12087	12087	12087	12087	1	-0.016357421875
2022-02-23	12190	12190	12190	12190	0	0.008521552080748007
2022-02-24	11935	11935	11935	11935	0	-0.020918785890073788
2022-02-25	11984	11984	11984	11984	0	0.004105571847507372
2022-02-28	12150	12150	12150	12151	1	0.013935246995994577
2022-03-02	12150	12150	12146	12146	2	-0.0004114887663566602
2022-03-03	12327	12327	12327	12328	0	0.014984356989955483
2022-03-04	12175	12175	12175	12175	5	-0.012410772225827427
2022-03-07	11915	11915	11915	11915	3	-0.021355236139630418
2022-03-08	11714	11714	11714	11714	1	-0.016869492236676442
2022-03-10	11998	11998	11998	11999	25	0.024329861703944022
2022-03-11	12008	12008	12008	12009	1	0.0008334027835652513
2022-03-14	11949	11949	11949	11950	1	-0.004912981930219051
2022-03-15	11851	11851	11851	11852	0	-0.008200836820083657
2022-03-16	11984	11984	11984	11984	0	0.011137360782990102
2022-03-17	12180	12180	12180	12180	0	0.016355140186915973
2022-03-18	12253	12253	12253	12254	0	0.006075533661740629
2022-03-21	12244	12244	12244	12244	1	-0.0008160600620206182
2022-03-22	12249	12249	12249	12249	0	0.0004083632799738446
2022-03-23	12327	12327	12327	12328	1	0.006449506082129242
2022-03-24	12288	12288	12288	12288	1	-0.0032446463335495945
2022-03-25	12342	12342	12342	12342	1	0.00439453125
2022-03-28	12342	12342	12342	12342	0	0.0
2022-03-29	12342	12342	12342	12342	9	0.0
2022-03-30	12430	12430	12430	12431	0	0.0072111489223789516
2022-03-31	12494	12494	12494	12494	0	0.005067975223232324
2022-04-01	12455	12455	12450	12450	22	-0.0035216904113974934
2022-04-04	12523	12523	12523	12524	4	0.0059437751004016715
2022-04-05	12464	12518	12464	12519	9	-0.0003992334717343171
2022-04-06	12415	12415	12381	12381	2	-0.011023244668104448
2022-04-07	12273	12273	12175	12175	9	-0.016638397544624817
2022-04-08	12175	12175	12175	12175	0	0.0
2022-04-11	12160	12160	12160	12161	103	-0.0011498973305954507
2022-04-12	12096	12096	12096	12097	0	-0.00526272510484338
2022-04-13	12234	12234	12234	12234	1	0.01132512193105728
2022-04-14	12263	12263	12263	12264	0	0.0024521824423737737
2022-04-15	12185	12185	12185	12185	1	-0.006441617742987571
2022-04-18	12116	12175	12116	12175	6	-0.0008206811653672652
2022-04-19	12239	12293	12239	12288	43	0.009281314168377852
2022-04-20	12322	12342	12322	12328	11	0.0032552083333332593
2022-04-21	12337	12337	12337	12337	0	0.0007300454250487309
2022-04-22	12234	12234	12234	12234	6	-0.008348869255086377
2022-04-25	12047	12092	11984	11984	20061	-0.020434853686447596
2022-04-26	12043	12043	12043	12043	2	0.004923230974632764
2022-04-27	11802	11944	11802	11940	10260	-0.008552686207755511
2022-04-28	12120	12120	12120	12120	0	0.015075376884422065
2022-04-29	12160	12160	12160	12160	28	0.0033003300330032292
2022-05-02	12150	12150	12150	12150	0	-0.000822368421052655
2022-05-03	12100	12100	12100	12100	0	-0.004115226337448541
2022-05-04	12095	12095	12095	12095	0	-0.0004132231404958553
2022-05-06	11970	11970	11970	11970	8	-0.01033484911120297
2022-05-09	11900	11900	11800	11800	16	-0.014202172096908994
2022-05-10	11700	11770	11600	11770	9	-0.0025423728813559476
2022-05-11	11690	11745	11685	11735	8344	-0.0029736618521665203
2022-05-12	11715	11715	11555	11555	117	-0.015338730293992353
2022-05-13	11775	11775	11775	11775	2	0.019039376893119853
2022-05-16	11835	11835	11740	11740	85	-0.002972399150743099
2022-05-17	11785	11800	11785	11800	90	0.005110732538330387
2022-05-18	11800	11800	11800	11800	0	0.0
2022-05-19	11555	11605	11555	11600	255	-0.016949152542372836
2022-05-20	11845	11845	11845	11845	0	0.02112068965517233
2022-05-23	11875	11890	11800	11865	18013	0.0016884761502744539
2022-05-24	11865	11865	11865	11865	2	0.0
2022-05-25	11785	11810	11755	11755	18042	-0.009270965023177369
2022-05-26	11755	11755	11755	11755	0	0.0
2022-05-27	11860	11860	11860	11860	0	0.008932369204593726
2022-05-30	11980	11980	11980	11980	0	0.010118043844856706
2022-05-31	12015	12145	12015	12145	131	0.013772954924874847
2022-06-02	12085	12085	11995	11995	4	-0.012350761630300577
2022-06-03	12025	12025	12025	12025	0	0.002501042100875317
2022-06-07	12005	12005	11855	11855	8	-0.014137214137214138
2022-06-08	11860	11860	11860	11860	0	0.00042176296921137
2022-06-09	11840	11840	11840	11840	2	-0.001686340640809414
2022-06-10	11800	11800	11800	11800	4	-0.0033783783783783994
2022-06-13	11550	11550	11390	11390	10	-0.03474576271186436
2022-06-14	11200	11200	11200	11200	10	-0.01668129938542584
2022-06-15	11100	11100	11060	11060	2	-0.012499999999999956
2022-06-16	11060	11060	11060	11060	0	0.0
2022-06-17	11050	11050	11050	11050	0	-0.000904159132007254
2022-06-20	10905	10905	10850	10850	14	-0.018099547511312264
2022-06-21	10920	10920	10920	10920	0	0.006451612903225712
2022-06-22	10785	10785	10670	10670	12	-0.022893772893772923
2022-06-23	10640	10640	10550	10550	84	-0.011246485473289547
2022-06-24	10650	10690	10650	10690	93	0.013270142180094702
2022-06-27	10955	10955	10955	10955	3	0.02478952291861547
2022-06-28	10990	10990	10990	10990	14	0.0031948881789136685
2022-06-29	10860	10860	10860	10860	0	-0.011828935395814422
2022-06-30	10835	10835	10750	10750	45	-0.0101289134438306
2022-07-01	10550	10550	10550	10550	1	-0.018604651162790753
2022-07-04	10400	10400	10400	10400	2	-0.014218009478673022
2022-07-05	10715	10715	10715	10715	3	0.030288461538461542
2022-07-06	10480	10480	10480	10480	1	-0.021931871208586085
2022-07-07	10585	10585	10585	10585	0	0.010019083969465603
2022-07-08	10640	10640	10640	10640	0	0.0051960321209258975
2022-07-11	10655	10655	10585	10585	2	-0.005169172932330879
2022-07-12	10480	10480	10480	10480	0	-0.009919697685403905
2022-07-13	10540	10540	10540	10540	30	0.005725190839694694
2022-07-14	10520	10520	10520	10520	1	-0.00189753320683117
