Date	Open	High	Low	Close	Volume	Change
2020-05-07	10041	10171	10041	10161	509	
2020-05-08	10266	10469	10256	10455	984331	0.028934160023619704
2020-05-11	10519	10598	10419	10529	1249	0.007077953132472503
2020-05-12	10549	10549	10389	10494	2237	-0.0033241523411530194
2020-05-13	10389	10603	10389	10604	624	0.01048218029350112
2020-05-14	10529	10593	10504	10574	605	-0.0028291210863824467
2020-05-15	10687	10687	10504	10584	267	0.00094571590694148
2020-05-18	10623	10623	10469	10469	541	-0.010865457294028769
2020-05-19	10579	10579	10459	10574	12568	0.010029611233164593
2020-05-20	10583	10762	10583	10753	61097	0.016928314734253824
2020-05-21	10822	10857	10807	10847	313592	0.008741746489351776
2020-05-22	10867	10867	10677	10724	42118	-0.011339540886881161
2020-05-25	10777	10871	10757	10867	41211	0.013334576650503527
2020-05-26	10911	11030	10901	11031	11933	0.015091561608539639
2020-05-27	10980	11045	10896	10942	40866	-0.00806817151663497
2020-05-28	10995	10995	10529	10699	42427	-0.02220800584902216
2020-05-29	10667	10847	10637	10842	42851	0.013365735115431265
2020-06-01	10916	11293	10916	11290	186	0.041320789522228285
2020-06-02	11323	11452	11283	11453	46137	0.014437555358724596
2020-06-03	11552	11581	11293	11369	36482	-0.0073343228848337105
2020-06-04	11502	11512	11338	11458	2618	0.007828305040021188
2020-06-05	11452	11611	11408	11612	20707	0.013440390993192608
2020-06-08	11721	11721	11566	11632	18601	0.0017223561832586665
2020-06-09	11686	11696	11547	11652	12400	0.0017193947730398396
2020-06-10	11651	11820	11646	11821	10918	0.01450394782011677
2020-06-11	11860	11989	11725	11870	11757	0.004145165383639293
2020-06-12	11249	11701	11249	11702	12118	-0.01415332771693345
2020-06-15	11651	11651	10886	10887	1368	-0.06964621432233808
2020-06-16	11283	11601	11268	11602	80	0.06567465784881055
2020-06-17	11610	11645	11476	11582	1150	-0.0017238407171177306
2020-06-18	11606	11606	11547	11548	70	-0.002935589708167874
2020-06-19	11635	11635	11526	11582	24	0.002944232767578825
2020-06-22	11562	11850	11562	11851	69	0.023225695044033934
2020-06-23	11959	11964	11711	11841	19358	-0.0008438106488903863
2020-06-24	11964	12053	11889	11890	12049	0.004138164006418421
2020-06-25	11815	11884	11716	11786	36900	-0.00874684608915055
2020-06-26	11899	11899	11795	11796	17265	0.0008484642796537933
2020-06-29	11795	11795	11522	11543	193	-0.02144794845710407
2020-06-30	11666	11666	11472	11553	52	0.0008663259118080191
2020-07-01	11656	11656	11358	11359	17	-0.016792175192590686
2020-07-02	11502	11601	11497	11602	21	0.021392728233119218
2020-07-03	11616	11770	11616	11771	50	0.014566454059644851
2020-07-06	11745	11860	11745	11861	2033	0.007645909438450449
2020-07-07	11914	11974	11840	11885	26460	0.0020234381586712313
2020-07-08	11949	11984	11860	11975	26220	0.007572570466975126
2020-07-09	12058	12093	11969	12044	47537	0.005762004175365432
2020-07-10	12058	12123	11969	12049	22195	0.00041514447027557466
2020-07-13	12163	12163	12048	12163	10111	0.009461366088472145
2020-07-14	12103	12158	12053	12119	63008	-0.0036175285702541027
2020-07-15	12173	12173	12043	12139	63805	0.001650301179965341
2020-07-16	12143	12143	11899	12015	12450	-0.010215009473597547
2020-07-17	12048	12163	12013	12144	22223	0.0107365792759051
2020-07-20	12178	12178	12078	12144	20201	0.0
2020-07-21	12212	12366	12202	12308	54417	0.013504611330698246
2020-07-22	12306	12351	12267	12352	4067	0.0035749106272342512
2020-07-23	12361	12570	12361	12571	23	0.017729922279792643
2020-07-24	12466	12505	12316	12402	9452	-0.013443640124095158
2020-07-27	12436	12540	12431	12511	2343	0.008788905015320037
2020-07-28	12609	12699	12565	12690	8135	0.014307409479657807
2020-07-29	12679	12679	12594	12651	2358	-0.003073286052009405
2020-07-30	12694	12694	12604	12631	31	-0.0015809026954390903
2020-07-31	12659	12694	12644	12670	44	0.0030876415169027727
2020-08-03	12729	12882	12649	12884	4449	0.016890292028413523
2020-08-04	12962	12967	12917	12969	4210	0.0065973300217323505
2020-08-05	13032	13275	13032	13277	39	0.02374893977947412
2020-08-06	13385	13458	13320	13460	53032	0.01378323416434446
2020-08-07	13573	13573	13400	13550	912	0.006686478454680511
2020-08-10	13618	13638	13523	13603	51543	0.003911439114391069
2020-08-11	13598	13638	13553	13560	1135	-0.0031610674116003823
2020-08-12	13508	13508	13155	13252	21544	-0.02271386430678468
2020-08-13	13390	13668	13390	13510	8151	0.01946875943253845
2020-08-14	13473	13473	13062	13107	16738	-0.029829755736491492
2020-08-18	13107	13146	12555	12631	65305	-0.036316472114137466
2020-08-19	12823	12932	12729	12914	63882	0.02240519357137205
2020-08-20	12887	12942	12396	12486	144995	-0.03314232615765833
2020-08-21	12634	12684	12316	12536	52737	0.004004485023225923
2020-08-24	12575	12962	12436	12964	184977	0.0341416719846841
2020-08-25	13047	13190	12997	13192	12225	0.017587164455415083
2020-08-26	13205	13265	13017	13212	20248	0.0015160703456640334
2020-08-27	13215	13215	13122	13187	15822	-0.0018922191946715294
2020-08-28	13305	13425	13170	13247	15065	0.004549935542579764
2020-08-31	13280	13380	13210	13355	5962	0.008152789310787334
2020-09-01	13380	13420	13370	13390	7281	0.0026207412953949127
2020-09-02	13503	13693	13488	13683	1892	0.021882001493652048
2020-09-03	13723	13742	13708	13728	82	0.0032887524665643486
2020-09-04	13205	13578	13205	13580	61	-0.010780885780885763
2020-09-07	13593	13742	13518	13728	32259	0.01089837997054488
2020-09-08	13786	13901	13683	13728	1104	0.0
2020-09-09	13563	13673	13523	13525	2061	-0.014787296037296005
2020-09-10	13688	13698	13603	13668	39	0.010573012939001813
2020-09-11	13668	13693	13513	13688	56413	0.0014632718759144403
2020-09-14	13742	13801	13658	13803	44	0.00840151957919355
2020-09-15	13876	13971	13831	13956	1407	0.011084546837643927
2020-09-16	14015	14119	13916	13981	20229	0.0017913442247061706
2020-09-17	13981	13986	13742	13783	36777	-0.014162077104642012
2020-09-18	13806	13861	13718	13863	213	0.005804251614307532
2020-09-21	13896	13896	13420	13520	80719	-0.024742119310394606
2020-09-22	13518	13518	13047	13052	2794	-0.0346153846153846
2020-09-23	13285	13285	12813	13072	615	0.0015323322096230108
2020-09-24	12754	12823	12441	12441	728	-0.048271113831089396
2020-09-25	12540	12604	12316	12441	78654	0.0
2020-09-28	12684	12912	12649	12914	960	0.03801945181255517
2020-09-29	13052	13077	12922	13067	646	0.011847607247947867
2020-10-05	13062	13185	13032	13187	280	0.009183439197979704
2020-10-06	13280	13290	13160	13207	45408	0.0015166451808599213
2020-10-07	13107	13280	13107	13281	27645	0.005603089270841188
2020-10-08	13375	13375	13260	13277	29	-0.00030118213989915876
2020-10-12	13300	13300	13235	13296	26	0.0014310461700686172
2020-10-13	13335	13335	13122	13207	483	-0.006693742478941056
2020-10-14	13175	13175	12987	12998	59	-0.015824941318997476
2020-10-15	12922	12932	12525	12680	47	-0.024465302354208296
2020-10-16	12694	12719	12376	12581	45860	-0.007807570977917955
2020-10-19	12619	12629	12416	12422	85	-0.01263810507908747
2020-10-20	12316	12461	12118	12456	41768	0.0027370793753018763
2020-10-21	12515	12580	12371	12581	130	0.010035324341682639
2020-10-22	12481	12481	12247	12248	1743	-0.026468484222239907
2020-10-23	12282	12282	12088	12144	583	-0.00849118223383405
2020-10-26	12128	12128	11686	11731	486	-0.03400856389986828
2020-10-27	11641	12018	11566	11856	426	0.0106555280879721
2020-10-28	11855	12217	11855	12218	798	0.030533063427800267
2020-10-29	12103	12441	12013	12441	15779	0.018251759698804992
2020-10-30	12441	12441	11964	12010	2352	-0.03464351740213811
2020-11-02	12048	12247	12048	12154	40351	0.01199000832639463
2020-11-03	12277	12436	12277	12432	2283	0.022873128188250824
2020-11-04	12491	12694	12431	12695	2686	0.021155083655083562
2020-11-05	12744	12932	12744	12934	255	0.018826309570697086
2020-11-06	12882	12882	12644	12680	15902	-0.01963816298128962
2020-11-09	12813	12863	12813	12819	50	0.010962145110410049
2020-11-10	12769	12769	12555	12636	145	-0.014275684530774657
2020-11-11	12599	12699	12496	12651	178	0.0011870845204178249
2020-11-12	12724	12784	12580	12636	607	-0.0011856770215793455
2020-11-13	12555	12644	12396	12636	925	0.0
2020-11-16	12719	12828	12669	12759	497	0.009734093067426342
2020-11-17	12759	12759	12570	12636	668	-0.009640253938396404
2020-11-18	12619	12922	12609	12824	121370	0.01487812598923699
2020-11-19	12779	12997	12754	12973	2094	0.011618839675608283
2020-11-20	13037	13160	13037	13142	272167	0.01302705619363298
2020-11-23	13107	13265	13107	13197	2971	0.004185055547100802
2020-11-24	13245	13245	13017	13072	26697	-0.009471849662802123
2020-11-25	13141	13320	12912	13047	3746	-0.0019124847001223966
2020-11-26	13097	13250	12952	13232	7680	0.014179504867019244
2020-11-27	13280	13463	13280	13430	14732	0.01496372430471582
2020-11-30	13538	13578	13430	13430	578	0.0
2020-12-01	13503	13553	13380	13555	394	0.00930752047654515
2020-12-02	13613	13713	13508	13708	364	0.011287347842124706
2020-12-03	13771	13951	13732	13951	102435	0.017726874817624694
2020-12-04	13981	14214	13981	14200	1361	0.017848182925955136
2020-12-07	14392	14686	14239	14677	1921	0.03359154929577457
2020-12-08	14656	14755	14079	14081	1360	-0.04060775362812563
2020-12-09	14264	14308	14006	14234	1693	0.010865705560684669
2020-12-10	14084	14477	14084	14478	993	0.017142054236335635
2020-12-11	14596	14601	14487	14562	24432	0.0058019063406546945
2020-12-14	14631	14770	14537	14597	1754	0.002403516000549333
2020-12-15	14641	14666	14422	14597	1246	0.0
2020-12-16	14651	14735	14562	14712	480	0.00787833116393788
2020-12-17	14686	14904	14686	14791	1553	0.005369766177270252
2020-12-18	14840	14845	14755	14845	779	0.0036508687715501864
2020-12-21	14874	15068	14780	15064	2277	0.014752441899629432
2020-12-22	15043	15123	14636	14637	1118	-0.02834572490706322
2020-12-23	14710	14790	14502	14518	37728	-0.008130081300813052
2020-12-24	14562	14740	14457	14652	611	0.009229921476787473
2020-12-28	14785	14884	14646	14727	25624	0.005118755118755036
2020-12-29	15148	15282	14979	15278	24451	0.03741427310382295
2020-12-30	15277	15351	15167	15298	4689	0.0013090718680455193
2021-01-04	15272	15272	14999	15228	5069	-0.004575761537455869
2021-01-05	15153	15292	14929	15278	2816	0.0032834252692408583
2021-01-06	15346	15346	15103	15129	4277	-0.009752585416939352
2021-01-07	15148	15287	15068	15208	5318	0.005221759534668413
2021-01-08	15331	15331	15093	15298	3473	0.00591793792740658
2021-01-11	15421	15600	14899	15298	34290	0.0
2021-01-12	15262	15381	14959	15243	105134	-0.003595241208001032
2021-01-13	15252	15341	15123	15268	69229	0.0016400970937480164
2021-01-14	15123	15197	15023	15114	103852	-0.010086455331412059
2021-01-15	15083	15113	14700	14746	3413	-0.02434828635702002
2021-01-18	14631	14820	14303	14419	61015	-0.022175505221755043
2021-01-19	14457	14671	14234	14582	2109	0.01130452874679233
2021-01-20	14695	14994	14671	14900	1673	0.021807708133315007
2021-01-21	15033	15033	14805	14915	1489	0.0010067114093958995
2021-01-22	14949	14949	14765	14885	5359	-0.002011397921555469
2021-01-25	14959	15341	14909	15332	1307	0.03003023177695674
2021-01-26	15436	15495	15148	15198	5078	-0.00873989042525436
2021-01-27	15257	15267	15013	15039	2620	-0.01046190288195814
2021-01-28	14690	14909	14690	14766	1079	-0.018152802712946392
2021-01-29	14865	14865	14159	14264	2446	-0.03399702018149808
2021-02-01	14264	14820	14259	14821	717	0.039049355019629806
2021-02-02	14924	14984	14720	14841	1114	0.0013494366102151378
2021-02-03	14894	14924	14676	14925	650	0.005659995957145725
2021-02-04	14815	14815	14651	14717	633	-0.013936348408710164
2021-02-05	14855	14855	14700	14806	1856	0.006047428144322797
2021-02-08	14785	14785	14661	14702	270	-0.007024179386735052
2021-02-09	14730	14730	14577	14577	899	-0.008502244592572428
2021-02-10	14616	14681	14457	14642	563	0.0044590793716128285
2021-02-15	14735	14894	14661	14885	3372	0.016596093429859238
2021-02-16	14904	14904	14582	14627	35239	-0.01733288545515621
2021-02-17	14502	14567	14442	14537	189	-0.006153004717303623
2021-02-18	14522	14567	14343	14384	852	-0.010524867579280506
2021-02-19	14358	14412	14030	14389	387	0.0003476084538376334
2021-02-22	14427	14427	14099	14136	224	-0.01758287580790885
2021-02-23	14030	14030	13756	13768	947	-0.026032823995472576
2021-02-24	13771	13961	13360	13365	1002	-0.029270772806507805
2021-02-25	13598	13946	13578	13946	1851	0.043471754582865785
2021-02-26	13538	13638	13435	13555	31286	-0.028036713035995975
2021-03-02	13891	13996	13708	13848	4769	0.021615639985245405
2021-03-03	13801	13941	13732	13887	7200	0.0028162911611784303
2021-03-04	13713	13856	13663	13858	276	-0.002088284006624863
2021-03-05	13713	13841	13558	13843	257	-0.001082407273776842
2021-03-08	13841	13891	13498	13505	18008	-0.02441667268655634
2021-03-09	13370	13430	13122	13430	25460	-0.005553498704183646
2021-03-10	13633	13688	13350	13425	3197	-0.00037230081906181045
2021-03-11	13325	13723	13325	13723	309	0.02219739292364986
2021-03-12	13751	13911	13747	13872	9129	0.010857684179844007
2021-03-15	13896	13926	13821	13897	1918	0.00180219146482119
2021-03-16	13946	14199	13906	14200	514	0.021803266892135076
2021-03-17	14199	14229	14074	14160	248	-0.0028169014084507005
2021-03-18	14392	14392	14239	14279	138	0.008403954802259861
2021-03-19	14114	14299	14114	14269	255	-0.0007003291547027501
2021-03-22	14269	14318	14169	14319	121	0.003504099796762139
2021-03-23	14343	14452	14254	14254	150	-0.004539423144074295
2021-03-24	14234	14353	14164	14354	55	0.0070155745755577925
2021-03-25	14269	14358	14269	14359	163	0.0003483349588964124
2021-03-26	14353	14392	14254	14294	60561	-0.004526777630754264
2021-03-29	14387	14387	14284	14284	94	-0.0006995942353434925
2021-03-30	14323	14323	14239	14239	97	-0.003150378045365443
2021-03-31	14318	14318	14219	14219	69	-0.0014045930191727285
2021-04-01	14219	14343	14219	14344	78	0.00879105422322235
2021-04-02	14432	14432	14249	14359	201	0.0010457334076965363
2021-04-05	14402	14402	14189	14284	78	-0.005223204958562544
2021-04-06	14313	14313	14134	14205	212	-0.005530663679641612
2021-04-07	14144	14224	14139	14224	138	0.0013375571981697476
2021-04-08	14224	14382	14224	14384	11	0.011248593925759387
2021-04-09	14402	14497	14402	14478	696	0.006535038932146797
2021-04-12	14502	14601	14437	14602	529	0.008564718883823819
2021-04-13	14601	14800	14601	14776	67577	0.011916175866319767
2021-04-14	14865	14894	14820	14850	1322	0.005008121277747746
2021-04-15	14850	14850	14750	14845	481	-0.00033670033670030186
2021-04-16	14894	14959	14815	14955	488	0.007409902324014839
2021-04-19	15003	15187	14924	15119	103469	0.010966232029421707
2021-04-20	15108	15108	15013	15029	309	-0.005952774654408355
2021-04-21	14989	14989	14805	14845	3135	-0.012242996872712797
2021-04-22	14919	14934	14825	14860	1220	0.0010104412260019124
2021-04-23	14790	14919	14790	14865	218	0.0003364737550470842
2021-04-26	14874	14884	14835	14885	581	0.001345442314160783
2021-04-27	14860	14860	14686	14712	78727	-0.011622438696674453
2021-04-28	14656	14656	14269	14299	1290	-0.02807232191408371
2021-04-29	14354	14354	14074	14085	535	-0.0149660815441639
2021-04-30	14084	14134	13825	13985	2302	-0.0070997515086972385
2021-05-03	13930	13985	13496	13547	4242	-0.03131927064712192
2021-05-04	13476	13676	13277	13666	2702	0.00878423267144024
2021-05-06	13601	13626	13471	13621	33206	-0.003292843553344027
2021-05-07	13666	13870	13666	13826	133893	0.01505028999339264
2021-05-10	13940	14099	13157	14100	43950	0.019817734702733958
2021-05-11	13955	13985	13706	13796	94298	-0.02156028368794327
2021-05-12	13746	13805	13491	13601	526	-0.014134531748332901
2021-05-13	13342	13526	13342	13392	4110	-0.01536651716785531
2021-05-14	13521	13656	13471	13656	180	0.019713261648745428
2021-05-17	13765	13800	13606	13671	2077	0.001098418277680091
2021-05-18	13681	13860	13641	13861	2917	0.013898032331212118
2021-05-20	13830	13880	13731	13856	417	-0.0003607243344636579
2021-05-21	13955	14050	13770	13831	10321	-0.0018042725173210705
2021-05-24	13765	13765	13541	13547	3096	-0.02053358397802041
2021-05-25	13561	13795	13561	13796	519	0.01838045323687898
2021-05-26	13790	13815	13741	13796	409	0.0
2021-05-27	13820	13890	13656	13881	583	0.0061612061467091195
2021-05-28	13855	13970	13855	13925	455	0.0031698004466536034
2021-05-31	13955	13990	13885	13935	1749	0.0007181328545780019
2021-06-01	13960	13960	13880	13910	375	-0.0017940437746680749
2021-06-02	13950	13950	13755	13821	294	-0.006398274622573696
2021-06-03	13820	14010	13815	13995	397	0.012589537660082417
2021-06-04	13905	13905	13790	13886	233	-0.007788495891389746
2021-06-07	13905	13905	13755	13836	1939	-0.003600748955782773
2021-06-08	13835	13925	13815	13906	366	0.005059265683723613
2021-06-09	13905	13905	13706	13726	226	-0.012944052926794236
2021-06-10	13760	14010	13726	13995	17480	0.019597843508669666
2021-06-11	13995	14084	13960	13990	219	-0.00035727045373346034
2021-06-14	14064	14114	13945	14115	482	0.008934953538241697
2021-06-15	14214	14214	14015	14125	14729	0.000708466170740385
2021-06-16	14114	14114	14074	14100	222	-0.001769911504424737
2021-06-17	14060	14164	14020	14150	195	0.0035460992907800915
2021-06-18	14164	14413	14164	14384	1500	0.016537102473498155
2021-06-21	14393	14453	14354	14384	273	0.0
2021-06-22	14498	14498	14383	14394	452	0.0006952169076752668
2021-06-23	14453	14553	14369	14524	804	0.009031540919827608
2021-06-24	14553	14553	14433	14459	204	-0.004475351142935846
2021-06-25	14493	14498	14344	14369	4526	-0.006224496853171058
2021-06-28	14433	14433	14378	14404	67	0.002435799290138485
2021-06-29	14418	14528	14374	14494	293	0.0062482643710080055
2021-06-30	14493	14653	14448	14648	3123	0.010625086242583182
2021-07-01	14683	14752	14618	14743	1657	0.006485527034407523
2021-07-02	14742	14742	14673	14733	1232	-0.0006782880010852699
2021-07-05	14882	15026	14802	15007	4762	0.01859770583044873
2021-07-06	14997	14997	14817	14862	242	-0.009662157659758752
2021-07-07	14862	14957	14847	14902	160	0.002691427802449242
2021-07-08	14912	14912	14623	14673	833	-0.015367064823513576
2021-07-09	14558	14643	14438	14643	211	-0.002044571662236816
2021-07-12	14692	14702	14603	14638	72	-0.00034146008331625843
2021-07-13	14683	14732	14683	14718	173	0.005465227490094371
2021-07-14	14722	14722	14702	14713	123	-0.00033972007066174204
2021-07-15	14727	14937	14727	14937	579	0.015224631278461187
2021-07-16	14912	14912	14817	14907	147	-0.0020084354288009143
2021-07-19	14892	14952	14802	14912	1041	0.0003354128932715472
2021-07-20	14767	14882	14752	14828	881	-0.005633047210300446
2021-07-21	14867	14937	14752	14798	637	-0.0020231993525762215
2021-07-22	14832	14987	14832	14977	79	0.012096229220164956
2021-07-23	15011	15071	14937	15042	644	0.004339987981571758
2021-07-26	15111	15111	14867	14922	287	-0.007977662544874309
2021-07-27	14922	15001	14797	14877	362	-0.003015681544028981
2021-07-28	14792	14842	14593	14653	4551	-0.015056799085837236
2021-07-29	14702	14777	14658	14668	3148	0.0010236811574422244
2021-07-30	14762	14762	14523	14538	345	-0.008862830651758968
2021-08-02	14443	14658	14443	14658	872	0.008254230293025078
2021-08-03	14658	14807	14598	14708	222	0.0034111065629689463
2021-08-04	14752	14822	14678	14823	426	0.00781887408213211
2021-08-05	14822	14932	14822	14872	64161	0.003305673615327631
2021-08-06	14912	14982	14847	14912	43	0.002689618074233513
2021-08-09	14992	14992	14837	14977	983	0.004358905579399108
2021-08-10	14927	15071	14822	14912	1219	-0.004339987981571758
2021-08-11	14882	14937	14867	14937	129	0.0016765021459228535
2021-08-12	15011	15026	14907	14957	370	0.0013389569525339429
2021-08-13	14917	14917	14603	14803	2423	-0.010296182389516573
2021-08-17	14673	14787	14374	14374	2158	-0.02898061203810043
2021-08-18	14374	14673	14359	14673	485	0.020801447057186673
2021-08-19	14483	14678	14339	14349	1779	-0.022081373952157035
2021-08-20	14393	14453	14005	14040	557	-0.021534601714405133
2021-08-23	14229	14458	14209	14434	576	0.028062678062678037
2021-08-24	14603	14702	14508	14703	514	0.01863655258417629
2021-08-25	14722	14727	14553	14728	317	0.001700333265320042
2021-08-26	14772	14867	14772	14867	423	0.009437805540467137
2021-08-27	14807	14872	14737	14808	254	-0.003968520885181959
2021-08-30	14962	15031	14877	14997	36707	0.012763371150729341
2021-08-31	14922	15061	14802	15062	1347	0.004334200173367941
2021-09-01	15081	15151	15056	15152	604	0.005975302084716416
2021-09-02	15151	15171	15111	15171	35426	0.0012539598732841384
2021-09-03	15151	15226	15151	15216	2191	0.0029661854854656777
2021-09-06	15246	15266	15186	15186	3893	-0.0019716088328075587
2021-09-07	15266	15266	15191	15266	303	0.00526801000921906
2021-09-08	15171	15171	14972	14972	3668	-0.01925848290318355
2021-09-09	14922	14987	14852	14937	312	-0.0023376970344642922
2021-09-10	15046	15046	14962	14992	211	0.0036821316194683984
2021-09-13	14992	15001	14837	14838	1910	-0.010272145144076816
2021-09-14	14957	15071	14927	15062	190	0.015096374174417004
2021-09-15	15071	15201	15071	15201	32732	0.009228522108617687
2021-09-16	15271	15271	15081	15181	282	-0.0013157029142819576
2021-09-17	15171	15291	15151	15291	317	0.0072458994796127385
2021-09-23	15251	15311	15251	15276	245	-0.000980969197567183
2021-09-24	15311	15311	15196	15251	28420	-0.0016365540717465654
2021-09-27	15161	15176	15096	15152	3575	-0.006491377614582627
2021-09-28	15111	15111	14812	14813	274	-0.022373284054910236
2021-09-29	14563	14613	13865	14598	21869	-0.014514277999054914
2021-09-30	14633	14757	14598	14723	417	0.008562816824222441
2021-10-01	14628	14648	14403	14419	1209	-0.02064796576784622
2021-10-05	14244	14294	14015	14055	605	-0.025244469103266498
2021-10-06	14184	14184	13646	13661	44101	-0.028032728566346532
2021-10-07	13910	14010	13910	14010	140	0.025547178098235923
2021-10-08	14124	14124	13935	13940	163	-0.0049964311206280865
2021-10-12	13925	13925	13691	13701	2772	-0.01714490674318503
2021-10-13	13790	13950	13790	13886	792	0.013502664039121148
2021-10-14	13990	14344	13990	14304	2427	0.03010226127034432
2021-10-15	14453	14453	14294	14389	1559	0.0059423937360179035
2021-10-18	14413	14518	14339	14459	359	0.004864827298630914
2021-10-19	14593	14678	14568	14678	1021	0.015146275676049425
2021-10-20	14762	14762	14578	14578	535	-0.006812917291184051
2021-10-21	14643	14663	14413	14533	32	-0.0030868431883660508
2021-10-22	14463	14548	14463	14548	69	0.0010321337645358142
2021-10-25	14533	14533	14398	14464	41	-0.005773989551828396
2021-10-26	14523	14747	14523	14748	75	0.019634955752212413
2021-10-27	14817	14817	14742	14763	300	0.0010170870626524664
2021-10-28	14792	14792	14633	14633	39	-0.008805798279482469
2021-10-29	14653	14653	14483	14484	59	-0.010182464293036264
2021-11-01	14568	14683	14558	14628	1051	0.009942004971002394
2021-11-02	14717	14802	14712	14748	28	0.008203445447087843
2021-11-03	14767	14807	14653	14773	1264	0.0016951451044209254
2021-11-04	14917	14917	14673	14783	498	0.0006769105801123221
2021-11-05	14912	14912	14707	14912	1529	0.008726239599539998
2021-11-08	14882	14882	14643	14843	51	-0.004627145922746823
2021-11-09	14842	14947	14842	14947	25	0.0070066698106852066
2021-11-10	14892	14892	14523	14608	182	-0.022680136482237212
2021-11-11	14518	14707	14518	14638	790	0.0020536692223438457
2021-11-12	14867	14927	14867	14927	33	0.019743134307965482
2021-11-15	15176	15301	15176	15266	1325	0.022710524552823852
2021-11-16	15325	15395	15325	15396	1039	0.008515655705489289
2021-11-17	15520	15520	15131	15296	26327	-0.006495193556767975
2021-11-18	15301	15325	15206	15321	283	0.0016344142259414607
2021-11-19	15291	15485	15226	15470	149	0.009725213758893014
2021-11-22	15525	15525	15246	15366	734	-0.006722689075630228
2021-11-23	15191	15191	15001	15007	280	-0.02336326955616297
2021-11-24	15006	15121	14942	15122	886	0.007663090557739727
2021-11-25	15196	15196	14937	14987	57	-0.008927390556804693
2021-11-26	15071	15071	14852	14962	170	-0.001668112364048846
2021-11-29	14802	14807	14697	14703	965	-0.017310519983959383
2021-11-30	14877	14967	14448	14533	10272	-0.011562266204175997
2021-12-01	14568	14573	14284	14573	3503	0.00275235670542906
2021-12-02	14344	14508	14344	14509	142	-0.004391683249845624
2021-12-03	14573	14867	14558	14862	691	0.024329726376731697
2021-12-06	14737	14737	14533	14723	447	-0.009352711613510922
2021-12-07	14802	14817	14747	14818	33	0.006452489302452014
2021-12-08	15021	15051	14952	14952	450	0.009043055743015227
2021-12-09	15146	15246	15141	15246	306	0.0196629213483146
2021-12-10	15191	15191	14992	14997	47	-0.016332152695789026
2021-12-13	14982	14982	14852	14852	85	-0.009668600386743997
2021-12-14	14807	14837	14752	14833	550	-0.0012792889846485744
2021-12-15	14782	14932	14717	14847	29028	0.0009438414346389923
2021-12-16	15046	15046	14912	14912	55	0.0043779888192900795
2021-12-17	14772	14772	14687	14713	56	-0.013344957081545039
2021-12-20	14653	14737	14583	14683	822	-0.0020390131176510895
2021-12-21	14663	14752	14588	14753	138	0.004767418102567644
2021-12-22	14782	14782	14707	14783	29	0.0020334847149732216
2021-12-23	14837	14837	14792	14803	32	0.0013529053642697964
2021-12-24	14862	14892	14802	14828	163	0.0016888468553670766
2021-12-27	14852	14987	14837	14987	1526	0.010722956568653963
2021-12-28	15076	15370	15026	15371	1851	0.02562220591179032
2021-12-29	15400	15480	15121	15266	7946	-0.006831045475245601
2021-12-30	15181	15311	15121	15196	5097	-0.004585353072186549
2022-01-03	15196	15355	15151	15156	317	-0.002632271650434337
2022-01-04	15340	15340	14827	14992	2206	-0.010820797044074904
2022-01-05	14852	14852	14643	14643	1370	-0.023279082177161126
2022-01-06	14408	14518	14129	14140	1865	-0.03435088438161582
2022-01-07	14139	14304	14139	14195	294	0.0038896746817538297
2022-01-10	14179	14179	13845	14045	460	-0.010567101091933817
2022-01-11	14109	14109	13855	13950	772	-0.006763972944108243
2022-01-12	14134	14299	14134	14299	557	0.025017921146953448
2022-01-13	14254	14254	13990	14125	131	-0.01216868312469399
2022-01-14	13905	13930	13830	13896	4214	-0.016212389380530934
2022-01-17	13880	13885	13571	13716	2979	-0.012953367875647714
2022-01-18	13805	13865	13491	13562	1715	-0.011227763196267171
2022-01-19	13387	13471	13182	13382	713	-0.0132723787052057
2022-01-20	13422	13750	13422	13751	277	0.02757435360932603
2022-01-21	13646	13646	13287	13532	1280	-0.01592611446440262
2022-01-24	13392	13446	13152	13188	493	-0.02542122376588829
2022-01-25	13187	13222	12729	12879	3313	-0.023430391264786188
2022-01-26	12928	12958	12644	12655	488	-0.017392654709216582
2022-01-27	12654	12654	11961	12221	1248	-0.03429474516001585
2022-01-28	12181	12514	11881	12435	2610	0.017510841993290338
2022-02-03	12799	12878	12669	12749	2487	0.025251306795335715
2022-02-04	12764	12848	12764	12849	119	0.007843752451172747
2022-02-07	12908	12908	12674	12804	1280	-0.00350221807144524
2022-02-08	12838	12893	12574	12754	2663	-0.003905029678225591
2022-02-09	12863	12958	12769	12959	220	0.01607338874078712
2022-02-10	13018	13018	12654	12655	1608	-0.02345860020063273
2022-02-11	12524	12584	12415	12415	1662	-0.018964836033188437
2022-02-14	12200	12315	12121	12191	5623	-0.018042690293999186
2022-02-15	12186	12205	11981	11997	477	-0.015913378722008042
2022-02-16	12280	12485	12280	12485	1513	0.04067683587563553
2022-02-17	12574	12734	12280	12490	2598	0.0004004805766919528
2022-02-18	12270	12549	12171	12545	257	0.004403522818254624
2022-02-21	12340	12529	12245	12530	475	-0.0011956954962136779
2022-02-22	12260	12415	12260	12355	629	-0.013966480446927387
2022-02-23	12500	12519	12365	12465	2981	0.008903278025091055
2022-02-24	12335	12335	12051	12061	3558	-0.03241075010028083
2022-02-25	12210	12500	12210	12500	8424	0.03639830859796045
2022-02-28	12480	12544	12350	12530	4187	0.0023999999999999577
2022-03-02	12614	12759	12579	12759	659	0.018276137270550663
2022-03-03	12918	13108	12843	13108	1380	0.02735324084959645
2022-03-04	13013	13013	12809	12909	3681	-0.015181568507781518
2022-03-07	12719	12789	12569	12655	2217	-0.019676194902781052
2022-03-08	12410	12689	12410	12520	729	-0.010667720268668468
2022-03-10	12644	12938	12644	12799	1263	0.022284345047923315
2022-03-11	12858	12858	12774	12804	843	0.000390655519962424
2022-03-14	12709	12709	12470	12470	845	-0.026085598250546682
2022-03-15	12450	12539	12340	12455	2945	-0.001202886928628688
2022-03-16	12529	12799	12500	12799	1731	0.02761942994781208
2022-03-17	12948	13242	12948	13203	1597	0.031564966012969764
2022-03-18	13222	13222	13162	13203	221	0.0
2022-03-21	13347	13347	13043	13163	3243	-0.0030296144815572523
2022-03-22	13068	13192	13043	13188	1386	0.0018992630859226978
2022-03-23	13556	13556	13137	13287	355	0.007506824385805189
2022-03-24	13197	13262	13103	13198	167	-0.0066982765108752895
2022-03-25	13197	13307	13167	13263	574	0.004924988634641636
2022-03-28	13192	13192	13018	13073	96	-0.0143255673678655
2022-03-29	13162	13252	13043	13233	320	0.012238965807389368
2022-03-30	13257	13382	13232	13327	163	0.007103453487493416
2022-03-31	13327	13357	13282	13357	770	0.00225106925789742
2022-04-01	13357	13357	13177	13317	659	-0.002994684435127626
2022-04-04	13262	13377	13192	13377	846	0.00450551926109477
2022-04-05	13451	13531	13347	13457	467	0.005980414143679447
2022-04-06	13317	13317	13127	13268	117	-0.014044735082113347
2022-04-07	13108	13127	13058	13083	6998	-0.013943322279167947
2022-04-08	13182	13217	13118	13218	511	0.01031873423526708
2022-04-11	13152	13152	12908	12924	556	-0.022242396731729452
2022-04-12	12799	12828	12684	12759	1948	-0.012766945218198655
2022-04-13	12863	13028	12784	13028	432	0.021083156987224738
2022-04-14	13103	13103	13013	13048	35	0.001535155050660153
2022-04-15	12868	12953	12828	12929	99	-0.009120171673819732
2022-04-18	12878	12878	12774	12814	61	-0.008894732771289382
2022-04-19	13023	13068	13003	13068	605	0.01982206961136268
2022-04-20	13088	13088	13008	13013	129	-0.004208754208754217
2022-04-21	13063	13078	13003	13003	45	-0.000768462306923845
2022-04-22	12833	12878	12754	12849	9374	-0.011843420749057865
2022-04-25	12614	12649	12514	12515	2137	-0.02599424079694923
2022-04-26	12629	12709	12554	12650	1243	0.010787055533360013
2022-04-27	12355	12509	12355	12500	1331	-0.011857707509881465
2022-04-28	12550	12550	12350	12385	202	-0.009199999999999986
2022-04-29	12460	12575	12350	12575	181	0.015341138473960347
2022-05-02	12420	12495	12305	12445	1928	-0.010337972166998055
2022-05-03	12545	12635	12500	12550	1500	0.008437123342707853
2022-05-04	12625	12625	12450	12465	314	-0.006772908366533881
2022-05-06	12275	12315	12170	12170	508	-0.023666265543521914
2022-05-09	12080	12080	11850	11875	1314	-0.02423993426458504
2022-05-10	11640	11820	11445	11775	1775	-0.008421052631578996
2022-05-11	11690	12070	11690	12070	750	0.025053078556263264
2022-05-12	11855	11900	11545	11545	1627	-0.04349627174813586
2022-05-13	11750	11930	11730	11930	994	0.03334776959722818
2022-05-16	12145	12145	11930	11970	587	0.003352891869237151
2022-05-17	11940	12160	11940	12160	135	0.015873015873015817
2022-05-18	12305	12355	12230	12325	95	0.013569078947368363
2022-05-19	11965	12260	11965	12215	152	-0.008924949290060824
2022-05-20	12270	12490	12270	12490	9076	0.022513303315595534
2022-05-23	12530	12580	12490	12580	637	0.007205764611689425
2022-05-24	12510	12510	12220	12220	1693	-0.02861685214626386
2022-05-25	12290	12500	12240	12400	172	0.014729950900163713
2022-05-26	12485	12585	12285	12330	165	-0.005645161290322553
2022-05-27	12550	12560	12330	12335	102	0.00040551500405516805
2022-05-30	12500	12535	12465	12520	2190	0.014997973246858587
2022-05-31	12525	12610	12485	12610	78	0.007188498402555865
2022-06-02	12550	12595	12505	12545	733	-0.005154639175257714
2022-06-03	12660	12660	12485	12500	7839	-0.0035870864886409226
2022-06-07	12360	12360	12120	12155	499	-0.027599999999999958
2022-06-08	12195	12280	12115	12155	5738	0.0
2022-06-09	12145	12195	12025	12195	65	0.0032908268202385127
2022-06-10	12125	12150	12040	12115	170	-0.006560065600656029
2022-06-13	11770	11795	11570	11570	1694	-0.044985555096987206
2022-06-14	11310	11575	11270	11550	1603	-0.0017286084701815252
2022-06-15	11560	11560	11185	11275	1213	-0.023809523809523836
2022-06-16	11500	11550	11275	11275	1099	0.0
2022-06-17	11085	11250	11080	11250	3700	-0.0022172949002217113
2022-06-20	11340	11340	10880	10995	68385	-0.022666666666666613
2022-06-21	11075	11140	10885	11080	843	0.0077307867212368375
2022-06-22	11160	11170	10675	10685	1342	-0.03564981949458479
2022-06-23	10640	10800	10300	10300	2795	-0.03603182030884422
2022-06-24	10400	10875	10400	10865	12803	0.05485436893203888
2022-06-27	11060	11205	10930	11125	3715	0.023930050621260968
2022-06-28	11125	11160	10905	11035	3376	-0.008089887640449489
2022-06-29	10805	10870	10710	10800	1683	-0.021295876755777043
2022-06-30	10765	10805	10545	10565	1604	-0.021759259259259256
2022-07-01	10640	10705	10250	10320	2915	-0.023189777567439673
2022-07-04	10260	10390	10135	10285	847	-0.0033914728682170603
2022-07-05	10330	10735	10330	10705	7847	0.04083616917841515
2022-07-06	10690	10875	10585	10635	7053	-0.006539000467071454
2022-07-07	10730	10805	10655	10800	3593	0.015514809590973178
2022-07-08	10895	11030	10865	10955	3076	0.014351851851851949
2022-07-11	10940	11045	10920	10955	866	0.0
2022-07-12	10860	10860	10650	10720	817	-0.021451392058420837
2022-07-13	10720	10965	10695	10965	3341	0.02285447761194037
2022-07-14	10955	11025	10920	11010	1266	0.004103967168262557
