Date	Open	High	Low	Close	Volume	Change
2020-10-07	10431	10585	10386	10587	1088038	
2020-10-08	10690	10780	10585	10781	5362685	0.018324360064229772
2020-10-12	10815	10869	10630	10661	868703	-0.011130692885632176
2020-10-13	10765	10765	10411	10452	885905	-0.01960416471250348
2020-10-14	10441	10451	10231	10278	680474	-0.01664753157290466
2020-10-15	10301	10301	10122	10183	639221	-0.009243043393656336
2020-10-16	10186	10206	9968	10098	872522	-0.008347245409014992
2020-10-19	10092	10107	9798	9829	966195	-0.026638938403644286
2020-10-20	9674	10062	9674	10063	950427	0.023807101434530464
2020-10-21	10082	10117	9948	9968	966133	-0.009440524694425134
2020-10-22	9983	10092	9913	9949	959828	-0.0019060995184591034
2020-10-23	10037	10037	9868	9968	969486	0.0019097396723288806
2020-10-26	9913	9938	9679	9694	692329	-0.027487961476725498
2020-10-27	9629	9853	9569	9794	426786	0.01031565917062105
2020-10-28	9868	9898	9749	9889	703212	0.009699816214008505
2020-10-29	9719	9908	9659	9904	553751	0.0015168368894731277
2020-10-30	9898	9998	9694	9739	718322	-0.016659935379644608
2020-11-02	9739	9769	9479	9729	681197	-0.001026799466064321
2020-11-03	9823	10311	9823	10258	822244	0.05437352245862881
2020-11-04	10471	10500	10206	10303	615680	0.004386820042893369
2020-11-05	10505	10745	10411	10746	493007	0.04299718528583907
2020-11-06	10939	11144	10899	11095	545282	0.03247720081890937
2020-11-09	11403	11702	11293	11698	1053802	0.054348805768364095
2020-11-10	11697	11857	11478	11584	764681	-0.00974525559924777
2020-11-11	11577	11607	11268	11305	562531	-0.024084944751381232
2020-11-12	11358	11473	11298	11369	356091	0.005661211853162262
2020-11-13	11213	11328	10959	11305	310116	-0.005629342950127514
2020-11-16	11094	11159	10964	11085	748644	-0.019460415745245485
2020-11-17	11193	11303	11084	11225	306522	0.012629679747406364
2020-11-18	11183	11378	11164	11340	730751	0.01024498886414249
2020-11-19	11328	11503	11243	11429	659081	0.007848324514991178
2020-11-20	11493	11523	11373	11429	458533	0.0
2020-11-23	11518	11652	11488	11609	370858	0.01574940939714753
2020-11-24	11757	12116	11757	12116	677151	0.043673012318029114
2020-11-25	12400	12515	11941	12052	889711	-0.005282271376692016
2020-11-26	12171	12445	11966	12445	801980	0.032608695652173836
2020-11-27	12395	12689	12310	12650	905439	0.016472478907191723
2020-11-30	12724	12769	12400	12430	1034481	-0.017391304347826098
2020-12-01	12560	12664	12440	12665	581134	0.01890587288817369
2020-12-02	12749	12889	12594	12854	1007767	0.014923016186340288
2020-12-03	12844	12874	12679	12819	715787	-0.0027228878170219017
2020-12-04	12904	12924	12744	12789	810712	-0.0023402761525860294
2020-12-07	12774	12774	12485	12655	812858	-0.010477754320118882
2020-12-08	12689	12948	12599	12600	842753	-0.00434610825760573
2020-12-09	12769	13123	12699	13123	986948	0.041507936507936494
2020-12-10	12904	13188	12819	13113	921798	-0.0007620208793720495
2020-12-11	13228	13228	12963	13059	733362	-0.0041180507892930596
2020-12-14	13008	13008	12749	12774	606313	-0.02182402940500805
2020-12-15	12879	12899	12699	12844	314357	0.005479881008298104
2020-12-16	12963	13128	12899	13118	433495	0.0213329180940518
2020-12-17	13178	13322	13068	13303	511208	0.014102759567007128
2020-12-18	13391	13401	13138	13263	451050	-0.0030068405622791783
2020-12-21	13282	13327	13083	13283	408703	0.0015079544597753625
2020-12-22	13203	13203	12879	12929	743109	-0.02665060603779268
2020-12-23	13003	13048	12614	12939	601539	0.0007734550235902748
2020-12-24	12993	13108	12909	13059	433462	0.00927428703918376
2020-12-28	13088	13093	12899	12954	925613	-0.008040431886055632
2020-12-29	13103	13426	13008	13373	764184	0.03234522155318831
2020-12-30	13401	13765	13258	13767	951659	0.029462349510207098
2021-01-04	14279	15450	14094	15306	3001144	0.11178906079755935
2021-01-05	15296	15729	15106	15705	3027509	0.02606820854566827
2021-01-06	16019	16607	15705	15895	5517441	0.012098057943330076
2021-01-07	16308	16567	15959	16468	3593535	0.03604907203523111
2021-01-08	16845	17488	16716	17300	5209911	0.05052222492105907
2021-01-11	17738	18411	16945	17420	7868577	0.006936416184971206
2021-01-12	17194	17468	16447	17161	4034570	-0.014867967853042452
2021-01-13	17244	17563	16945	17266	2268916	0.006118524561505634
2021-01-14	17179	17523	16960	17061	2506264	-0.011873045291323936
2021-01-15	17110	17359	16766	16812	1957111	-0.014594689643045555
2021-01-18	16398	16672	16088	16263	2201399	-0.032655246252676684
2021-01-19	16308	17030	16248	17001	1962810	0.04537908135030433
2021-01-20	17493	17493	16785	17266	1732828	0.015587318393035732
2021-01-21	17449	17508	17179	17320	1828891	0.0031275338816170173
2021-01-22	17344	17897	17264	17714	3148310	0.022748267898383467
2021-01-25	17818	17952	17698	17954	2209332	0.01354860562267124
2021-01-26	18042	18171	17713	17864	2598977	-0.0050128105157625225
2021-01-27	17972	18122	17508	17654	2302496	-0.011755485893416906
2021-01-28	17090	17439	17035	17320	2234546	-0.01891922510479216
2021-01-29	17658	17688	16746	17076	2570538	-0.014087759815242462
2021-02-01	17110	17892	16815	17894	2267384	0.047903490278753846
2021-02-02	18236	18241	17842	18203	2832122	0.01726835810886329
2021-02-03	18276	18456	18221	18456	2668859	0.013898807888809595
2021-02-04	18471	18511	18142	18328	1834707	-0.00693541395752062
2021-02-05	18436	18555	17942	18381	2705431	0.0028917503273679923
2021-02-08	18092	18181	17688	17764	3618244	-0.03356727055111253
2021-02-09	17922	18181	17768	17814	1757469	0.0028146813780680624
2021-02-10	17922	18092	17668	18093	1475406	0.01566183900303142
2021-02-15	17927	18226	17758	18193	2069215	0.005526999392030163
2021-02-16	18241	18251	17997	18188	1455592	-0.0002748309789479819
2021-02-17	18221	18316	18042	18318	1341267	0.0071475698262590814
2021-02-18	18311	18411	18171	18238	1502793	-0.004367289005349884
2021-02-19	18201	18231	17763	18203	1528104	-0.0019190700734729171
2021-02-22	18196	18196	17498	17575	2342915	-0.03449980772400152
2021-02-23	17194	17364	16880	17226	1365815	-0.019857752489331415
2021-02-24	17144	17244	16358	16388	1826699	-0.048647393474979705
2021-02-25	16845	16870	16497	16752	1319641	0.02221137417622643
2021-02-26	16108	16303	15849	16019	1737741	-0.04375596943648519
2021-03-02	16557	16805	16138	16398	1532250	0.023659404457207156
2021-03-03	16303	16403	16073	16403	732381	0.0003049152335650174
2021-03-04	16368	16487	16108	16224	820155	-0.010912637932085634
2021-03-05	15884	16348	15715	16154	1122634	-0.004314595660749543
2021-03-08	16208	16238	15605	15605	1150687	-0.03398539061532746
2021-03-09	15366	15420	14772	15152	1773004	-0.029029157321371346
2021-03-10	15849	15854	15201	15221	905582	0.004553854276663216
2021-03-11	15385	16243	15306	16199	1340242	0.06425333420931612
2021-03-12	16552	16567	16188	16328	1051267	0.007963454534230419
2021-03-15	16278	16413	16083	16164	521427	-0.010044096031357141
2021-03-16	15799	15914	15341	15511	2600255	-0.040398416233605516
2021-03-17	15351	15361	14812	15008	1768496	-0.03242859905873252
2021-03-18	15271	15405	15141	15172	733404	0.010927505330490472
2021-03-19	14817	15002	14752	14988	629711	-0.012127603480094895
2021-03-22	14892	14917	14453	14559	1280375	-0.028622898318654943
2021-03-23	14677	14772	14184	14215	787081	-0.023627996428326137
2021-03-24	14064	14513	14039	14425	879991	0.014773126978543827
2021-03-25	14513	14777	14453	14609	566673	0.012755632582322374
2021-03-26	14742	14777	14478	14774	461881	0.011294407556985409
2021-03-29	14847	14867	14618	14744	442848	-0.002030594287261378
2021-03-30	14802	15316	14702	15296	759864	0.03743895822029297
2021-03-31	15405	15430	15166	15182	417779	-0.007452928870292919
2021-04-01	15450	15844	15445	15685	984048	0.03313133974443416
2021-04-02	15854	15929	15729	15865	737873	0.01147593241950906
2021-04-05	15849	15849	15590	15625	678200	-0.015127639457926279
2021-04-06	15720	15724	15321	15421	701732	-0.013055999999999957
2021-04-07	15520	15919	15460	15610	703641	0.012256014525646952
2021-04-08	15655	15744	15470	15720	491044	0.007046764894298452
2021-04-09	15744	15864	15680	15735	536896	0.000954198473282375
2021-04-12	16697	16726	16228	16353	2097168	0.03927550047664452
2021-04-13	16497	17035	16487	16996	1784810	0.039320002446034286
2021-04-14	17259	17284	16965	17246	1134900	0.014709343374911699
2021-04-15	17234	17254	17015	17221	923667	-0.0014496115041169322
2021-04-16	17284	17374	17179	17241	799572	0.0011613727425816567
2021-04-19	17244	17244	17000	17021	758821	-0.012760280726175965
2021-04-20	17000	17015	16845	17011	523034	-0.0005875095470301295
2021-04-21	16895	16930	16622	16687	708480	-0.019046499323966848
2021-04-22	16850	16935	16736	16807	553472	0.00719122670342176
2021-04-23	16697	16920	16492	16792	626063	-0.0008924852739929934
2021-04-26	16875	17060	16712	17036	750455	0.014530728918532576
2021-04-27	17115	17189	17000	17066	754435	0.00176097675510678
2021-04-28	17015	17015	16647	16707	717487	-0.021035977967889363
2021-04-29	16791	17340	16791	17021	1734525	0.01879451726821091
2021-04-30	17036	17036	16642	16782	569289	-0.01404147817402035
2021-05-03	16677	16727	16108	16179	909338	-0.035931355023239187
2021-05-04	15989	16657	15989	16652	722201	0.029235428642066852
2021-05-06	16557	16821	16547	16812	533864	0.009608455440787811
2021-05-07	16871	17001	16796	16797	468717	-0.0008922198429692774
2021-05-10	17036	17056	16806	16837	726605	0.002381377626957226
2021-05-11	16682	16752	16432	16493	743735	-0.0204311932054404
2021-05-12	16482	16482	15944	16094	793506	-0.024192081489116557
2021-05-13	15710	15929	15495	15630	1059117	-0.028830620106872096
2021-05-14	15754	16113	15744	16029	514717	0.02552783109404988
2021-05-17	16183	16268	15974	16054	517159	0.0015596730925198088
2021-05-18	16118	16308	16078	16244	363039	0.011835056683692446
2021-05-20	16383	16497	16243	16443	656377	0.012250677173110125
2021-05-21	16677	16707	16338	16523	582365	0.004865292221614137
2021-05-24	16517	16517	16243	16308	307566	-0.013012164861102682
2021-05-25	16378	16427	16308	16363	520121	0.003372577875889071
2021-05-26	16363	16398	16069	16089	536623	-0.016745095642608288
2021-05-27	16059	16123	15794	16064	945526	-0.0015538566722606006
2021-05-28	16158	16203	16064	16139	446013	0.004668824701195229
2021-05-31	16133	16133	15585	15715	1179988	-0.026271764049817237
2021-06-01	15685	15849	15625	15755	704216	0.0025453388482341577
2021-06-02	15829	15829	15625	15695	505657	-0.0038083148206918827
2021-06-03	15675	15899	15650	15870	424094	0.011150047785918993
2021-06-04	15809	15909	15734	15909	360491	0.0024574669187145126
2021-06-07	15934	16039	15844	15924	400137	0.0009428625306431293
2021-06-08	15924	15929	15779	15805	354480	-0.007472996734488868
2021-06-09	15804	15859	15695	15730	285748	-0.004745333755140746
2021-06-10	15814	15824	15585	15805	343105	0.004767959313413783
2021-06-11	15864	16258	15839	16258	1201128	0.028661815881050323
2021-06-14	16283	16323	16173	16313	571841	0.003382949932341006
2021-06-15	16393	16602	16378	16458	892344	0.008888616440875463
2021-06-16	16447	16472	16353	16383	376765	-0.004557054320087461
2021-06-17	16383	16602	16373	16533	646315	0.009155832265152819
2021-06-18	16587	16762	16547	16627	780003	0.005685598499969746
2021-06-21	16487	16657	16398	16563	476825	-0.003849161003187551
2021-06-22	16627	16712	16497	16667	437451	0.006279055726619465
2021-06-23	16662	16961	16637	16897	1548269	0.013799724005519876
2021-06-24	16966	17235	16901	16991	1444901	0.005563117713203614
2021-06-25	17215	17230	16926	17011	637705	0.0011770937555175554
2021-06-28	17011	17051	16762	16797	680547	-0.012580095232496591
2021-06-29	16831	16961	16801	16892	417927	0.005655771864023329
2021-06-30	16906	17230	16906	17181	1285059	0.017108690504380686
2021-07-01	17220	17415	16956	17001	1598451	-0.010476689366160308
2021-07-02	17001	17111	16896	16907	562787	-0.005529086524322047
2021-07-05	16951	17135	16941	17051	391203	0.008517182232211429
2021-07-06	17125	17310	17101	17305	836906	0.01489648700955959
2021-07-07	17330	17410	17175	17360	722870	0.0031782721756716814
2021-07-08	17405	17415	17120	17231	598625	-0.007430875576036833
2021-07-09	17051	17250	16871	17231	884219	0.0
2021-07-12	17295	17345	17101	17236	625323	0.0002901746851604603
2021-07-13	17375	17465	17330	17460	1218230	0.012996054769087939
2021-07-14	17460	17589	17375	17520	1381874	0.0034364261168384758
2021-07-15	17549	17604	17435	17550	554328	0.001712328767123239
2021-07-16	17524	17604	17435	17550	576657	0.0
2021-07-19	17370	17549	17360	17535	466591	-0.0008547008547008517
2021-07-20	17240	17499	17066	17256	684134	-0.015911035072711743
2021-07-21	17360	17420	17150	17246	517838	-0.0005795085767269503
2021-07-22	17295	17360	17135	17286	648000	0.002319378406587136
2021-07-23	17365	17489	17335	17455	937860	0.009776697905819809
2021-07-26	17524	17529	17260	17300	706525	-0.008879977083930068
2021-07-27	17410	17584	17340	17485	1011447	0.010693641618497063
2021-07-28	17375	17599	17310	17475	779531	-0.0005719187875321552
2021-07-29	17564	17579	17435	17510	613800	0.0020028612303291116
2021-07-30	17554	17589	17280	17291	613894	-0.012507138777841265
2021-08-02	17325	17420	17106	17420	651131	0.007460528598693061
2021-08-03	17529	17594	17315	17420	618375	0.0
2021-08-04	17410	17410	16831	17251	1251542	-0.00970149253731345
2021-08-05	17205	17450	17111	17440	690584	0.010955886615268584
2021-08-06	17524	17579	17345	17385	483917	-0.0031536697247706025
2021-08-09	17410	17564	17285	17550	916040	0.009490940465918918
2021-08-10	17649	17749	17445	17679	1523965	0.0073504273504274575
2021-08-11	17704	17853	17614	17749	1521546	0.00395949997171785
2021-08-12	17799	18083	17769	17998	2123460	0.0140289593779932
2021-08-13	18078	18277	17953	18128	1745917	0.007223024780531162
2021-08-17	18123	18197	17499	17550	1088208	-0.03188437775816422
2021-08-18	17529	17784	17355	17784	723081	0.01333333333333342
2021-08-19	17599	17868	17455	17490	622357	-0.01653171390013497
2021-08-20	17484	17649	17260	17485	711738	-0.0002858776443681599
2021-08-23	17450	17474	17091	17156	668782	-0.018816128109808372
2021-08-24	17275	17340	16517	16887	1145532	-0.015679645605036097
2021-08-25	16901	17160	16851	17161	617530	0.01622549890448277
2021-08-26	17140	17230	16846	16927	678023	-0.013635569022784177
2021-08-27	16811	16931	16637	16932	605433	0.0002953860695928956
2021-08-30	17071	17071	16727	16817	806526	-0.006791873375856405
2021-08-31	16826	17185	16816	17186	1046195	0.021942082416602338
2021-09-01	17200	17205	16861	16917	784521	-0.015652275107645774
2021-09-02	16891	16891	16442	16493	1027374	-0.025063545545900623
2021-09-03	16532	16727	16462	16727	669135	0.014187837264293846
2021-09-06	16742	16981	16667	16902	648287	0.010462127099898355
2021-09-07	16951	17190	16931	17151	578924	0.014731984380546681
2021-09-08	17125	17185	16986	17161	536818	0.0005830563815520939
2021-09-09	17270	17360	16986	17096	901278	-0.0037876580618845246
2021-09-10	17111	17305	17021	17261	830334	0.009651380439869017
2021-09-13	17170	17489	17165	17410	1104473	0.0086321765830486
2021-09-14	17415	17659	17370	17605	1098655	0.011200459506031102
2021-09-15	17634	17649	17285	17480	627026	-0.007100255609201911
2021-09-16	17450	17504	17071	17161	717801	-0.018249427917620187
2021-09-17	17111	17170	16876	17106	781870	-0.0032049414369792473
2021-09-23	16911	17534	16901	17525	991075	0.024494329475037935
2021-09-24	17759	17789	17509	17729	1060166	0.011640513552068521
2021-09-27	17858	18063	17843	18043	2064547	0.01771109481640254
2021-09-28	18167	18187	17838	18068	1386573	0.0013855788948622383
2021-09-29	17764	18177	17689	18178	1388829	0.0060881115784812145
2021-09-30	18013	18212	17853	18213	1153642	0.0019254043349103966
2021-10-01	18118	18192	17878	18043	892501	-0.009333992203371166
2021-10-05	17789	17988	17450	17734	732052	-0.017125755140497745
2021-10-06	17789	17943	17051	17116	1288468	-0.034848313973158906
2021-10-07	17230	17290	16627	17076	1328037	-0.0023369946249123252
2021-10-08	17185	17554	17170	17261	1088035	0.01083391895057395
2021-10-12	17305	17489	17175	17440	734642	0.010370198713863577
2021-10-13	17405	17809	17405	17799	867482	0.02058486238532109
2021-10-14	18063	18212	17933	18213	1258500	0.023259733692904128
2021-10-15	18237	18347	18123	18188	1058790	-0.001372645912260495
2021-10-18	18277	18516	18143	18168	1950558	-0.0010996261271167818
2021-10-19	18357	18442	18292	18362	757073	0.010678115367679375
2021-10-20	18516	18591	18292	18328	1774511	-0.0018516501470428048
2021-10-21	18282	18297	17779	17934	1158810	-0.02149716281099956
2021-10-22	17858	18148	17833	18048	736992	0.00635664101706257
2021-10-25	17948	18048	17549	17964	964022	-0.004654255319148981
2021-10-26	18237	18372	18093	18103	831041	0.00773769761745724
2021-10-27	18018	18158	17873	18008	823006	-0.0052477489918798526
2021-10-28	18033	18197	17948	17949	925831	-0.003276321634828938
2021-10-29	17968	18023	17784	17784	595226	-0.00919271268594346
2021-11-01	17828	17878	17445	17530	1259183	-0.014282501124606384
2021-11-02	17729	18018	17664	17779	1041127	0.01420422133485455
2021-11-03	17818	17818	17455	17455	1102042	-0.018223747117385725
2021-11-04	17659	17809	17599	17694	614254	0.013692351761672938
2021-11-05	17878	17908	17529	17684	968450	-0.0005651633322030225
2021-11-08	17779	17799	17465	17635	863421	-0.0027708663198371397
2021-11-09	17564	17749	17549	17744	956763	0.0061808902750213335
2021-11-10	17589	17619	17245	17345	1271440	-0.022486474301172232
2021-11-11	17285	17569	17260	17535	1080196	0.010954165465552057
2021-11-12	17664	17784	17499	17779	1355933	0.013915027088679865
2021-11-15	17883	17913	17684	17794	865027	0.0008436919961751776
2021-11-16	17794	18063	17729	17884	1172733	0.005057884680229385
2021-11-17	18048	18093	17709	17779	582871	-0.005871169760679917
2021-11-18	17769	17923	17599	17899	797056	0.006749535969402087
2021-11-19	17903	18008	17659	17809	682071	-0.005028213866696496
2021-11-22	17724	17724	17455	17724	857331	-0.004772867651187562
2021-11-23	17654	17679	17494	17550	665199	-0.009817197020988488
2021-11-24	17484	17659	17450	17605	597947	0.0031339031339030488
2021-11-25	17684	17724	17519	17620	586208	0.0008520306731041316
2021-11-26	17574	17674	17235	17315	811137	-0.0173098751418842
2021-11-29	16856	17145	16816	17086	778147	-0.013225526999711246
2021-11-30	17200	17260	16522	16642	1070134	-0.025986187521947812
2021-12-01	16692	16776	16348	16767	1203478	0.007511116452349587
2021-12-02	16677	16692	16442	16632	920320	-0.008051529790660261
2021-12-03	16762	16881	16557	16802	615974	0.010221260221260131
2021-12-06	16712	16762	16437	16722	506916	-0.004761337935960008
2021-12-07	16767	16776	16462	16583	686420	-0.008312402822628906
2021-12-08	16742	17290	16742	17161	1191319	0.03485497195923526
2021-12-09	17245	17310	17086	17211	752141	0.0029135831245266086
2021-12-10	17091	17185	16941	17161	819038	-0.002905118819359731
2021-12-13	17160	17275	16991	16991	538783	-0.00990618262339027
2021-12-14	16856	16866	16527	16607	1573236	-0.02260020010593844
2021-12-15	16512	16542	16378	16493	836114	-0.006864575179141297
2021-12-16	16687	17041	16687	16917	973081	0.025707876068635116
2021-12-17	16687	16936	16687	16847	527783	-0.004137849500502444
2021-12-20	16786	16786	16203	16209	1140682	-0.03787024396034899
2021-12-21	16203	16218	15744	16044	949797	-0.010179529890801398
2021-12-22	16103	16213	15794	15795	803812	-0.015519820493642533
2021-12-23	15959	16123	15959	16024	649733	0.014498258942703401
2021-12-24	16093	16323	16054	16149	978896	0.007800798801797404
2021-12-27	16213	16308	16088	16099	578740	-0.0030961669453216656
2021-12-28	16108	16378	16093	16353	975310	0.01577737747686192
2021-12-29	16512	16757	16427	16702	823415	0.02134164985018039
2021-12-30	16727	16727	16408	16568	876807	-0.008022991258531897
2022-01-03	16732	16886	16502	16558	753860	-0.0006035731530661392
2022-01-04	16717	16816	16642	16807	1181440	0.015038048073438892
2022-01-05	16742	16742	16507	16642	1006336	-0.009817338013922816
2022-01-06	16398	16781	16358	16583	792504	-0.0035452469655089525
2022-01-07	16836	16841	16632	16737	863667	0.009286618826509052
2022-01-10	16737	16762	16333	16463	498724	-0.016370914739798015
2022-01-11	16502	16552	16223	16403	667659	-0.003644536232764395
2022-01-12	16692	17410	16692	17385	1696803	0.059867097482167786
2022-01-13	17589	17599	17255	17350	866511	-0.002013229795800986
2022-01-14	17116	17265	16891	16942	644496	-0.023515850144092187
2022-01-17	16976	17170	16737	16852	760485	-0.005312241766025294
2022-01-18	16881	17340	16866	17126	1346915	0.01625919772133866
2022-01-19	17046	17081	16413	16553	1061414	-0.03345790026859741
2022-01-20	16437	17150	16313	17151	2060229	0.036126381924726614
2022-01-21	17046	17086	16587	16772	2839110	-0.02209783686082445
2022-01-24	16547	16642	16233	16428	1122673	-0.020510374433579726
2022-01-25	16323	16338	15635	15745	1698823	-0.04157535914292676
2022-01-26	15804	15969	15515	15516	1590016	-0.014544299777707215
2022-01-27	15336	15580	14468	14518	1777351	-0.06432070121165245
2022-01-28	14408	14628	13875	14578	2541298	0.004132800661248215
2022-02-03	15071	15201	14852	14922	1024041	0.023597201262175904
2022-02-04	14812	15171	14812	15172	773946	0.016753786355716338
2022-02-07	15156	15156	14687	14738	892264	-0.028605325599789122
2022-02-08	14757	14907	14324	14429	1754455	-0.020966209797801616
2022-02-09	14538	14603	14408	14499	577941	0.00485134104927587
2022-02-10	14663	14747	14588	14663	611316	0.011311124905165837
2022-02-11	14319	14508	14254	14299	1518895	-0.024824387915160617
2022-02-14	14029	14204	13865	13960	1251942	-0.023707951605007382
2022-02-15	13989	14249	13880	13915	557117	-0.003223495702005752
2022-02-16	14378	14408	14219	14359	564498	0.03190801293568102
2022-02-17	14393	14737	14279	14528	1128888	0.011769621839960998
2022-02-18	14279	14553	14264	14459	630885	-0.004749449339207068
2022-02-21	14109	14338	13920	14289	457867	-0.011757382944878603
2022-02-22	13970	14164	13900	13950	562539	-0.023724543355028382
2022-02-23	14034	14094	13865	14010	522531	0.004301075268817289
2022-02-24	13780	13860	13281	13327	1221570	-0.04875089221984297
2022-02-25	13591	13790	13496	13731	958816	0.030314399339686382
2022-02-28	13690	13965	13571	13950	509380	0.015949311776272568
2022-03-02	14009	14154	13910	14100	576649	0.010752688172043001
2022-03-03	14388	14428	14209	14274	504332	0.012340425531914834
2022-03-04	14194	14194	13855	13915	600062	-0.02515062351127928
2022-03-07	13685	13760	13286	13491	776492	-0.03047071505569532
2022-03-08	13142	13371	13097	13112	672304	-0.028092802609146816
2022-03-10	13361	13421	13082	13117	1092301	0.0003813300793167329
2022-03-11	13082	13082	12479	12544	1484956	-0.043683769154532315
2022-03-14	12439	12439	12125	12280	988668	-0.021045918367346927
2022-03-15	12125	12249	12005	12080	610573	-0.016286644951140072
2022-03-16	12249	12354	12105	12335	855796	0.021109271523178874
2022-03-17	12663	12788	12663	12719	1299455	0.03113092825293884
2022-03-18	12818	12833	12633	12788	703929	0.005424954792043302
2022-03-21	12903	13107	12893	12933	622467	0.011338755082890284
2022-03-22	12962	13162	12962	13157	1222641	0.0173200340214954
2022-03-23	13361	13381	13272	13377	1060395	0.01672113703731859
2022-03-24	13436	13556	13272	13551	926605	0.01300740076250273
2022-03-25	13755	13860	13665	13810	1490270	0.01911298059183819
2022-03-28	13815	13820	13611	13766	1396130	-0.003186097031136814
2022-03-29	13910	14029	13820	13905	967378	0.010097341275606464
2022-03-30	14044	14139	13960	14045	1172420	0.010068320747932402
2022-03-31	14044	14478	14029	14434	1367228	0.027696689213243086
2022-04-01	14348	14393	14179	14219	1109523	-0.014895385894415969
2022-04-04	14054	14378	13920	14374	1027916	0.01090090723679582
2022-04-05	14538	14623	14458	14598	1108741	0.015583692778628144
2022-04-06	14358	14508	14324	14404	775714	-0.013289491711193313
2022-04-07	14184	14224	14024	14105	725162	-0.020758122743682272
2022-04-08	14204	14463	14204	14464	1290823	0.02545196738745137
2022-04-11	14309	14378	14029	14065	1023943	-0.02758573008849563
2022-04-12	13800	13940	13720	13781	767181	-0.020191965872733753
2022-04-13	13840	14244	13790	14229	1076271	0.032508526231768364
2022-04-14	14304	14498	14234	14499	1075098	0.018975332068311257
2022-04-15	14289	14493	14259	14344	708444	-0.01069039244085801
2022-04-18	14299	14413	14259	14364	1358503	0.0013943112102621225
2022-04-19	14503	14583	14463	14528	746367	0.011417432470063993
2022-04-20	14573	14573	14378	14489	973602	-0.002684471365638763
2022-04-21	14523	14643	14523	14548	1123922	0.004072054662157543
2022-04-22	14358	14418	14209	14374	1445700	-0.011960406928787415
2022-04-25	14064	14199	14004	14055	1947914	-0.022192848198135495
2022-04-26	14114	14199	14024	14050	2671367	-0.0003557452863749422
2022-04-27	13511	13984	13506	13975	2358730	-0.005338078291814985
2022-04-28	14165	14210	13960	14200	1121990	0.01610017889087656
2022-04-29	14270	14650	14190	14190	1808163	-0.0007042253521126751
2022-05-02	14055	14160	14000	14130	642857	-0.0042283298097252064
2022-05-03	14170	14285	14100	14215	526065	0.006015569709837187
2022-05-04	14275	14335	14060	14080	344983	-0.009497010200492428
2022-05-06	13945	14100	13895	14100	600045	0.0014204545454545858
2022-05-09	13895	14075	13745	13775	734789	-0.023049645390070927
2022-05-10	13495	13740	13315	13715	2010100	-0.00435571687840286
2022-05-11	13650	13730	13540	13705	930017	-0.0007291286912139983
2022-05-12	13535	13660	13270	13285	739619	-0.030645749726377236
2022-05-13	13400	13865	13400	13835	818256	0.041400075272864045
2022-05-16	14005	14065	13765	13780	574326	-0.003975424647632786
2022-05-17	13785	13980	13770	13960	437728	0.013062409288824295
2022-05-18	14115	14240	14030	14135	588057	0.012535816618911122
2022-05-19	13735	14100	13705	14065	662496	-0.004952246197382437
2022-05-20	14155	14615	14145	14595	1031001	0.03768218983291849
2022-05-23	14750	14775	14500	14630	564073	0.0023980815347721673
2022-05-24	14650	14650	14265	14300	526834	-0.022556390977443663
2022-05-25	14390	14395	14150	14210	642519	-0.0062937062937062915
2022-05-26	14265	14360	14155	14225	510875	0.001055594651653724
2022-05-27	14415	14475	14330	14380	493535	0.010896309314587072
2022-05-30	14540	14540	14285	14455	501039	0.005215577190542442
2022-05-31	14450	14670	14365	14670	629633	0.014873746108613028
2022-06-02	14660	14660	14530	14545	527658	-0.008520790729379724
2022-06-03	14700	14760	14575	14730	362523	0.01271914747335856
2022-06-07	14685	14740	14455	14465	874875	-0.017990495587236977
2022-06-08	14680	14775	14540	14660	664332	0.013480815762184628
2022-06-09	14640	14785	14545	14775	455397	0.00784447476125516
2022-06-10	14630	14815	14590	14805	403650	0.0020304568527917954
2022-06-13	14535	14635	14440	14460	598842	-0.023302938196555267
2022-06-14	14230	14460	14130	14390	1001030	-0.004840940525587811
2022-06-15	14380	14460	14045	14085	846412	-0.021195274496177863
2022-06-16	14300	14620	14250	14295	2202488	0.014909478168264156
2022-06-17	14035	14585	13920	14500	1981028	0.014340678558936615
2022-06-20	14505	14610	14195	14265	1967020	-0.016206896551724137
2022-06-21	14460	14535	14310	14350	1225440	0.005958640028040696
2022-06-22	14500	14500	13740	13740	1254865	-0.042508710801393734
2022-06-23	13715	13845	13400	13425	1362982	-0.022925764192139764
2022-06-24	13515	13650	13335	13650	1129635	0.016759776536312776
2022-06-27	13845	13970	13725	13880	1140805	0.01684981684981679
2022-06-28	13885	14100	13830	14080	741263	0.014409221902017322
2022-06-29	13855	13970	13600	13600	797892	-0.03409090909090906
2022-06-30	13565	13565	12900	12910	1274913	-0.0507352941176471
2022-07-01	12860	12935	12280	12340	1522130	-0.0441518202943455
2022-07-04	12370	12380	12080	12240	1518643	-0.008103727714748765
2022-07-05	12355	12650	12285	12650	1081958	0.033496732026143894
2022-07-06	12590	12605	12350	12425	710545	-0.017786561264822143
2022-07-07	12555	12690	12490	12640	450885	0.017303822937625668
2022-07-08	12890	13010	12725	12825	614429	0.014636075949367111
2022-07-11	12825	12875	12575	12680	872238	-0.011306042884990264
2022-07-12	12540	12605	12450	12560	774201	-0.009463722397476393
2022-07-13	12505	12680	12355	12680	1123371	0.009554140127388644
2022-07-14	12700	12990	12700	12875	734540	0.015378548895899069
