Date	Open	High	Low	Close	Volume	Change
2020-10-29	9779	9789	9724	9792	372363	
2020-10-30	9739	9739	9584	9634	340320	-0.016135620915032733
2020-11-02	9589	9639	9569	9629	611762	-0.0005189952252439012
2020-11-03	9634	9684	9624	9659	767491	0.003115588326929153
2020-11-04	9784	10242	9764	10070	1105893	0.04255098871518781
2020-11-05	10227	10386	10173	10304	1443134	0.023237338629592763
2020-11-06	10401	10401	10267	10269	745073	-0.0033967391304348116
2020-11-09	10466	10595	10466	10528	865767	0.025221540558963973
2020-11-10	10168	10173	9994	10025	1287427	-0.04777735562310026
2020-11-11	9924	9969	9889	9925	848159	-0.009975062344139696
2020-11-12	10133	10138	10059	10119	370716	0.019546599496221617
2020-11-13	9809	10138	9799	10139	767089	0.001976479889317151
2020-11-16	10242	10242	10192	10219	531582	0.007890324489594702
2020-11-17	10232	10232	10163	10184	503545	-0.003424992660730042
2020-11-18	10153	10153	10083	10085	622252	-0.009721131186174348
2020-11-19	10064	10153	10064	10149	303999	0.006346058502726848
2020-11-20	10192	10237	10183	10229	348878	0.007882550004926658
2020-11-23	10192	10192	10163	10164	496453	-0.0063544823540913065
2020-11-24	10192	10197	10163	10184	344139	0.001967729240456517
2020-11-25	10282	10322	10252	10284	438076	0.00981932443047917
2020-11-26	10312	10341	10302	10314	382541	0.0029171528588098905
2020-11-27	10302	10302	10262	10299	320219	-0.0014543339150668855
2020-11-30	10396	10416	10326	10334	437591	0.003398388193028401
2020-12-01	10451	10505	10451	10488	156500	0.014902264370040719
2020-12-02	10535	10540	10466	10488	301303	0.0
2020-12-03	10485	10510	10466	10493	219745	0.0004767353165522348
2020-12-04	10500	10510	10341	10353	415996	-0.013342228152101399
2020-12-07	10386	10406	10351	10368	219604	0.0014488554042306756
2020-12-08	10361	10441	10361	10443	337188	0.00723379629629628
2020-12-09	10510	10515	10461	10493	389687	0.004787896198410468
2020-12-10	10292	10292	10242	10279	696487	-0.020394548746783592
2020-12-11	10346	10356	10282	10334	283117	0.005350715050102206
2020-12-14	10366	10376	10336	10363	373093	0.0028062705631894946
2020-12-15	10441	10441	10401	10418	309974	0.005307343433368805
2020-12-16	10500	10570	10470	10568	315884	0.014398157035899306
2020-12-17	10595	10634	10595	10637	378037	0.0065291445874338105
2020-12-18	10674	10718	10674	10712	366140	0.007050860204945053
2020-12-21	10743	10808	10708	10787	503908	0.007001493651979107
2020-12-22	10738	10753	10689	10702	461402	-0.00787985538147773
2020-12-23	10798	10803	10728	10787	342824	0.007942440665296147
2020-12-24	10718	10728	10689	10702	488861	-0.00787985538147773
2020-12-28	10738	10768	10713	10742	395061	0.003737619136610082
2020-12-29	10833	10833	10783	10802	401819	0.00558555203872646
2020-12-30	10803	10808	10718	10742	553949	-0.005554526939455684
2021-01-04	10699	10709	10644	10682	596278	-0.00558555203872646
2021-01-05	10565	10585	10535	10578	535983	-0.009736004493540507
2021-01-06	10595	10684	10470	10533	624897	-0.0042541123085649835
2021-01-07	10500	10615	10500	10593	413346	0.00569638279692386
2021-01-08	10723	10898	10723	10832	442700	0.02256206929104132
2021-01-11	10938	10983	10938	10950	479946	0.010893648449039839
2021-01-12	10888	10893	10848	10887	204495	-0.005753424657534256
2021-01-13	10818	10843	10793	10842	167158	-0.004133370074400622
2021-01-14	10888	10958	10888	10897	213222	0.005072864785095055
2021-01-15	10848	10858	10783	10812	163347	-0.007800312012480548
2021-01-18	10788	10803	10763	10807	174075	-0.00046244913059567683
2021-01-19	10833	10923	10828	10920	130458	0.010456185805496343
2021-01-20	11008	11008	10963	11005	148646	0.007783882783882756
2021-01-21	11206	11286	11191	11239	175291	0.021263062244434305
2021-01-22	11261	11296	11246	11284	166147	0.0040039149390516116
2021-01-25	11316	11391	11306	11348	287173	0.0056717476072314366
2021-01-26	11371	11371	11311	11348	264305	0.0
2021-01-27	11441	11475	11431	11471	142497	0.01083891434614026
2021-01-28	11057	11187	11033	11184	394273	-0.025019614680498625
2021-01-29	11231	11281	11087	11134	325408	-0.00447067238912735
2021-02-01	10968	11102	10943	11085	246445	-0.004400934075803886
2021-02-02	11331	11406	11326	11388	167723	0.02733423545331526
2021-02-03	11526	11566	11496	11566	132718	0.01563048823322788
2021-02-04	11471	11481	11436	11471	148776	-0.008213729897976862
2021-02-05	11576	11721	11576	11716	131126	0.021358207654084138
2021-02-08	11681	11741	11666	11716	162444	0.0
2021-02-09	11711	11716	11666	11691	195595	-0.002133834073062446
2021-02-10	11651	11696	11636	11656	169304	-0.0029937558805919195
2021-02-15	11666	11716	11666	11676	229804	0.0017158544955386823
2021-02-16	11676	11721	11666	11696	159624	0.0017129153819801513
2021-02-17	11661	11681	11621	11681	140259	-0.001282489740082049
2021-02-18	11616	11616	11526	11571	182376	-0.00941700196900952
2021-02-19	11571	11571	11486	11536	153424	-0.003024803387779773
2021-02-22	11536	11546	11481	11496	185685	-0.0034674063800277377
2021-02-23	11276	11496	11241	11496	190147	0.0
2021-02-24	11196	11261	11107	11134	319969	-0.031489213639526836
2021-02-25	11301	11316	11261	11313	118954	0.01607688162385479
2021-02-26	10953	11028	10893	10980	332802	-0.029435163086714344
2021-03-02	11226	11396	11226	11378	212453	0.03624772313296898
2021-03-03	11276	11306	11236	11284	100291	-0.008261557391457175
2021-03-04	10878	10903	10803	10871	301756	-0.03660049627791562
2021-03-05	10713	10753	10669	10741	185060	-0.011958421488363569
2021-03-08	10943	11082	10843	10871	287274	0.01210315613071411
2021-03-09	10783	10878	10773	10831	132041	-0.0036795143041118417
2021-03-10	11157	11167	11107	11149	124185	0.029360169882743925
2021-03-11	11147	11177	11102	11169	63126	0.0017938828594492584
2021-03-12	11426	11426	11256	11279	107136	0.009848688333780942
2021-03-15	11281	11291	11226	11229	86773	-0.004433017111446058
2021-03-16	11346	11391	11326	11348	98186	0.010597559889571562
2021-03-17	11376	11401	11356	11378	96211	0.0026436376453999877
2021-03-18	11401	11416	11346	11388	109326	0.0008788890841975316
2021-03-19	11067	11127	11028	11060	207213	-0.028802247980330153
2021-03-22	11137	11196	11132	11174	82802	0.01030741410488245
2021-03-23	11296	11296	11236	11259	77929	0.007606944693037354
2021-03-24	11301	11346	11301	11328	149105	0.006128430588862255
2021-03-25	11236	11246	11107	11139	172617	-0.016684322033898358
2021-03-26	11147	11196	11112	11149	70915	0.0008977466558937053
2021-03-29	11097	11206	11097	11144	150965	-0.0004484707148623146
2021-03-30	11236	11246	11211	11219	132290	0.006730078966259878
2021-03-31	11206	11216	11162	11174	159582	-0.004011052678491889
2021-04-01	11321	11401	11321	11393	140533	0.019599069267943525
2021-04-02	11536	11551	11496	11536	169661	0.012551566751514143
2021-04-05	11541	11551	11506	11521	175272	-0.0013002773925103739
2021-04-06	11741	11741	11651	11651	138731	0.011283742730665791
2021-04-07	11651	11651	11591	11621	93027	-0.002574886275856114
2021-04-08	11686	11755	11681	11756	206066	0.011616900438860656
2021-04-09	11794	11824	11779	11796	195651	0.003402517863218879
2021-04-12	11814	11907	11814	11901	237985	0.008901322482197438
2021-04-13	11907	11932	11893	11901	210210	0.0
2021-04-14	12002	12022	11952	11961	151929	0.005041593143433332
2021-04-15	11829	11864	11804	11861	196667	-0.008360504974500471
2021-04-16	12012	12012	11937	11946	156101	0.007166343478627324
2021-04-19	11957	12052	11957	12026	166800	0.006696802276912717
2021-04-20	11907	11917	11849	11871	266594	-0.012888741061034437
2021-04-21	11770	11799	11736	11801	190127	-0.005896723106730728
2021-04-22	11884	11927	11869	11926	139976	0.010592322684518152
2021-04-23	11794	11829	11775	11776	201433	-0.01257756163005197
2021-04-26	11902	11902	11859	11866	171741	0.0076426630434782705
2021-04-27	11917	11947	11907	11941	162595	0.006320579807854276
2021-04-28	11907	11927	11889	11901	167463	-0.0033498031990620847
2021-04-29	11884	11913	11854	11896	168087	-0.00042013276195274063
2021-04-30	11824	11844	11794	11846	199260	-0.004203093476798925
2021-05-03	11889	11928	11864	11931	91222	0.007175417862569589
2021-05-04	11933	11933	11799	11856	150321	-0.006286145335680171
2021-05-06	11799	11799	11611	11656	274889	-0.01686909581646423
2021-05-07	11661	11741	11661	11706	93861	0.004289636238846928
2021-05-10	11726	11750	11696	11701	107709	-0.00042713138561423225
2021-05-11	11541	11541	11306	11388	303364	-0.026749850440133338
2021-05-12	11386	11476	11371	11448	125904	0.005268703898840821
2021-05-13	11286	11326	11266	11303	137572	-0.012665967854647131
2021-05-14	11326	11421	11326	11403	52080	0.008847208705653475
2021-05-17	11571	11626	11546	11611	126984	0.01824081382092424
2021-05-18	11606	11621	11566	11601	78438	-0.0008612522607871487
2021-05-20	11601	11616	11426	11476	73155	-0.010774933195414227
2021-05-21	11661	11686	11646	11651	89730	0.01524921575461824
2021-05-24	11571	11626	11566	11606	44878	-0.0038623294137841713
2021-05-25	11741	11804	11731	11796	94452	0.016370842667585705
2021-05-26	11784	11784	11706	11721	95769	-0.006358087487283837
2021-05-27	11721	11741	11701	11716	63912	-0.00042658476239232357
2021-05-28	11736	11746	11681	11681	53303	-0.002987367702287469
2021-05-31	11686	11726	11656	11666	78743	-0.0012841366321376668
2021-06-01	11631	11636	11586	11606	94716	-0.005143151037202087
2021-06-02	11586	11641	11571	11626	64305	0.0017232465965879573
2021-06-03	11641	11681	11641	11661	68250	0.0030104937209702864
2021-06-04	11556	11581	11541	11551	134217	-0.009433153245862247
2021-06-07	11711	11716	11676	11701	156046	0.012985888667647716
2021-06-08	11765	11814	11760	11791	93001	0.007691650286300256
2021-06-09	11814	11829	11784	11791	57582	0.0
2021-06-10	11799	11819	11794	11806	38810	0.0012721567297091507
2021-06-11	11889	11898	11864	11871	113060	0.00550567508046762
2021-06-14	11869	11998	11869	11981	78939	0.009266279167719604
2021-06-15	12058	12118	12058	12105	60877	0.010349720390618433
2021-06-16	12028	12043	12018	12035	92873	-0.0057827344072697295
2021-06-17	12028	12063	12003	12055	54374	0.0016618196925632933
2021-06-18	12153	12846	12103	12315	115913	0.021567814184985545
2021-06-21	12223	12243	12183	12245	171940	-0.00568412505075111
2021-06-22	12263	12303	12263	12285	64731	0.0032666394446712044
2021-06-23	12392	12472	12377	12473	61423	0.015303215303215323
2021-06-24	12457	12482	12432	12448	103207	-0.002004329351399048
2021-06-25	12467	12472	12407	12429	137113	-0.0015263496143959054
2021-06-28	12422	12457	12412	12453	92494	0.0019309678976586753
2021-06-29	12552	12572	12542	12543	90613	0.00722717417489771
2021-06-30	12662	12672	12592	12592	126265	0.0039065614286852846
2021-07-01	12592	12667	12592	12652	86998	0.004764930114358412
2021-07-02	12647	12667	12627	12642	113417	-0.0007903888713246543
2021-07-05	12746	12766	12727	12752	86231	0.008701154880556894
2021-07-06	12771	12796	12732	12742	135148	-0.0007841907151819871
2021-07-07	12841	12920	12841	12907	92642	0.012949301522523937
2021-07-08	12960	12990	12950	12992	161985	0.006585573719686932
2021-07-09	12910	12965	12900	12967	166937	-0.0019242610837438834
2021-07-12	13005	13219	13005	13042	162366	0.005783913009948405
2021-07-13	13094	13094	13045	13067	190185	0.0019168839135101923
2021-07-14	13089	13134	13080	13107	113884	0.003061146399326642
2021-07-15	13099	13114	13045	13067	175245	-0.0030518043793392735
2021-07-16	12940	12960	12910	12937	213126	-0.009948725797811253
2021-07-19	12846	12905	12836	12907	119074	-0.0023189302002010193
2021-07-20	12870	12925	12870	12917	130363	0.0007747733787866196
2021-07-21	12980	13035	12965	13037	102112	0.009290082836572067
2021-07-22	13080	13129	13080	13097	90955	0.004602285801948325
2021-07-23	13199	13229	13189	13215	96900	0.009009696877147366
2021-07-26	13334	13379	13334	13375	195121	0.012107453651154065
2021-07-27	13374	13374	13319	13340	287811	-0.0026168224299065734
2021-07-28	13254	13334	13209	13240	199962	-0.007496251874062998
2021-07-29	13229	13239	13144	13195	250169	-0.003398791540785484
2021-07-30	13070	13099	13040	13102	280661	-0.007048124289503632
2021-08-02	13239	13299	13234	13270	139258	0.012822469851931029
2021-08-03	13224	13244	13189	13200	235562	-0.005275056518462717
2021-08-04	13264	13264	13194	13220	143542	0.0015151515151514694
2021-08-05	13224	13274	13209	13230	166103	0.0007564296520423675
2021-08-06	13289	13304	13269	13290	94005	0.0045351473922903285
2021-08-09	13214	13229	13189	13215	239288	-0.0056433408577878375
2021-08-10	13279	13334	13279	13330	78053	0.008702232311766922
2021-08-11	13309	13349	13299	13340	90844	0.0007501875468867159
2021-08-12	13284	13364	13279	13360	116265	0.0014992503748125774
2021-08-13	13428	13518	13428	13520	121337	0.011976047904191711
2021-08-17	13553	13657	13538	13640	188506	0.008875739644970349
2021-08-18	13528	13538	13453	13465	279023	-0.0128299120234604
2021-08-19	13339	13409	13319	13320	197006	-0.01076865948756034
2021-08-20	13438	13508	13419	13485	123378	0.012387387387387427
2021-08-23	13617	13642	13597	13630	118511	0.010752688172043001
2021-08-24	13847	13847	13677	13719	159109	0.006529713866471054
2021-08-25	13722	13762	13697	13758	143713	0.0028427727968511896
2021-08-26	13727	13772	13702	13763	168796	0.00036342491641216945
2021-08-27	13727	13762	13712	13748	119236	-0.001089878660175847
2021-08-30	13792	13817	13767	13818	206131	0.005091649694501044
2021-08-31	13942	13962	13907	13933	209133	0.008322477927341199
2021-09-01	13872	13877	13832	13878	345681	-0.003947462857963102
2021-09-02	13419	13917	13399	13913	391534	0.0025219772301483534
2021-09-03	13862	13872	13837	13858	260608	-0.003953137353554181
2021-09-06	13867	13912	13862	13913	118952	0.003968826670515124
2021-09-07	13912	13947	13907	13933	126711	0.0014375044922014801
2021-09-08	13932	14021	13922	14022	117399	0.006387712624703834
2021-09-09	13972	14001	13957	13973	171092	-0.0034945086292967886
2021-09-10	13972	14011	13942	13978	211459	0.00035783296357250194
2021-09-13	13977	13977	13897	13943	192626	-0.002503934754614412
2021-09-14	13922	13927	13872	13878	242919	-0.004661837481173325
2021-09-15	13867	13872	13812	13818	165911	-0.004323389537397304
2021-09-16	13872	13912	13862	13908	128612	0.0065132435953103585
2021-09-17	13947	14011	13947	13983	196676	0.005392579810181264
2021-09-23	13947	13947	13712	13714	564962	-0.019237645712651075
2021-09-24	13807	13837	13772	13793	180143	0.005760536677847483
2021-09-27	13827	13892	13827	13888	142758	0.006887551656637347
2021-09-28	13732	13787	13717	13734	210624	-0.011088709677419373
2021-09-29	13468	13518	13463	13475	365186	-0.01885830784913356
2021-09-30	13473	13538	13453	13510	166040	0.0025974025974024872
2021-10-01	13379	13419	13284	13295	263448	-0.015914137675795748
2021-10-05	13179	13229	13124	13215	241198	-0.0060172997367431424
2021-10-06	13324	13448	13289	13310	121536	0.007188800605372636
2021-10-07	13523	13622	13513	13625	96713	0.02366641622839971
2021-10-08	13647	13672	13617	13645	124894	0.0014678899082569696
2021-10-12	13503	13508	13448	13470	175647	-0.012825210699890066
2021-10-13	13443	13448	13384	13410	160769	-0.0044543429844098315
2021-10-14	13483	13533	13473	13530	137895	0.008948545861297452
2021-10-15	13692	13707	13637	13685	116114	0.01145602365114562
2021-10-18	13747	13752	13707	13724	116065	0.002849835586408389
2021-10-19	13942	13942	13837	13853	155737	0.00939959195569795
2021-10-20	13922	13922	13827	13843	114319	-0.0007218652999350095
2021-10-21	13842	13852	13807	13853	104739	0.0007223867658745498
2021-10-22	13937	13942	13902	13918	113353	0.004692124449577673
2021-10-25	13847	13852	13757	13783	243183	-0.009699669492743257
2021-10-26	13932	13977	13907	13958	125358	0.012696800406297504
2021-10-27	13962	13986	13897	13988	118437	0.0021493050580312367
2021-10-28	14062	14072	14022	14027	111751	0.0027881040892192566
2021-10-29	14067	14072	14012	14013	160708	-0.000998075140799859
2021-11-01	14292	14352	14287	14317	204857	0.021694141154642077
2021-11-02	14337	14352	14292	14322	146919	0.0003492351749667666
2021-11-03	14411	14475	14411	14462	122754	0.009775171065493637
2021-11-04	14640	14670	14615	14672	162031	0.014520813165537216
2021-11-05	14870	14875	14835	14862	233965	0.012949836423118866
2021-11-08	14820	14830	14795	14812	399441	-0.003364284753061497
2021-11-09	14970	14970	14725	14747	286580	-0.004388333783418852
2021-11-10	14660	14670	14635	14667	181774	-0.005424832169254712
2021-11-11	14540	14590	14520	14522	251745	-0.009886138951387458
2021-11-12	14565	14585	14500	14542	177554	0.001377220768489229
2021-11-15	14690	14725	14670	14677	153733	0.009283454820519843
2021-11-16	14680	14710	14615	14647	169495	-0.002044014444368747
2021-11-17	14800	14820	14770	14782	131868	0.009216904485560118
2021-11-18	14790	14825	14780	14797	102482	0.001014747666080451
2021-11-19	14900	15070	14900	15060	169199	0.01777387308238154
2021-11-22	15165	15170	15115	15115	238436	0.0036520584329349237
2021-11-23	14975	14975	14890	14906	386887	-0.01382732385047969
2021-11-24	14875	14895	14845	14881	189489	-0.0016771769757144561
2021-11-25	14925	14985	14910	14986	110697	0.0070559774208722725
2021-11-26	14955	14985	14885	14906	212467	-0.0053383157613773324
2021-11-29	14625	14865	14625	14837	380210	-0.004629008452971983
2021-11-30	15075	15145	14815	14871	248739	0.0022915683763564676
2021-12-01	14870	14870	14685	14842	228320	-0.001950104229708871
2021-12-02	14720	14745	14382	14397	586857	-0.029982482145263445
2021-12-03	14416	14505	14362	14507	171687	0.007640480655692228
2021-12-06	14332	14332	14277	14307	283412	-0.013786447921692924
2021-12-07	14382	14440	14352	14442	124028	0.009435940448731417
2021-12-08	14785	14815	14730	14797	143606	0.024581082952499722
2021-12-09	14760	14790	14735	14757	132919	-0.0027032506589173
2021-12-10	14605	14645	14580	14642	196387	-0.0077929118384495455
2021-12-13	14810	14835	14805	14832	130506	0.012976369348449701
2021-12-14	14650	14655	14600	14622	211891	-0.014158576051779947
2021-12-15	14600	14610	14465	14517	166258	-0.0071809601969634596
2021-12-16	14850	14890	14785	14886	141849	0.025418474891506504
2021-12-17	14570	14570	14372	14372	575003	-0.034529087733440766
2021-12-20	14372	14372	14222	14247	337500	-0.008697467297522965
2021-12-21	14337	14455	14332	14457	164439	0.014739945251631914
2021-12-22	14840	14840	14550	14597	109535	0.009683890157017316
2021-12-23	14750	14765	14715	14737	98675	0.009591011851750375
2021-12-24	14770	14850	14765	14842	125062	0.007124923661532279
2021-12-27	14875	14895	14850	14876	102421	0.002290796388626948
2021-12-28	14990	15100	14990	15100	150214	0.015057811239580499
2021-12-29	15095	15100	15030	15065	141518	-0.0023178807947019653
2021-12-30	15065	15065	14935	15046	124718	-0.0012612014603384791
2022-01-03	15010	15025	14960	15006	187442	-0.002658513890735126
2022-01-04	15110	15170	15110	15160	110711	0.010262561642009782
2022-01-05	14935	14960	14885	14886	344310	-0.018073878627968387
2022-01-06	14550	14570	14396	14452	504387	-0.029154910654306088
2022-01-07	14620	14650	14550	14567	143771	0.007957376141710437
2022-01-10	14347	14416	14302	14402	186481	-0.011326971922839268
2022-01-11	14382	14387	14297	14297	194047	-0.0072906540758228555
2022-01-12	14465	14520	14436	14507	115141	0.014688396167028106
2022-01-13	14505	14510	14445	14477	100422	-0.002067967188253972
2022-01-14	14162	14162	14072	14157	325611	-0.022104027077433197
2022-01-17	14262	14272	14212	14237	89975	0.005650914741823776
2022-01-18	14237	14267	14092	14127	110933	-0.007726346842733767
2022-01-19	13912	13947	13772	13828	293968	-0.021165144758264365
2022-01-20	13702	13837	13702	13828	141758	0.0
2022-01-21	13538	13548	13383	13484	310434	-0.02487706103557996
2022-01-24	13323	13353	13273	13354	287554	-0.00964105606644916
2022-01-25	13308	13313	13084	13165	329259	-0.014153062752733314
2022-01-26	13044	13093	12969	13085	229006	-0.006076718571971118
2022-01-27	13194	13194	12784	12855	275256	-0.017577378677875455
2022-01-28	12899	13124	12854	13115	155324	0.020225593154414634
2022-02-03	13673	13703	13623	13684	197633	0.04338543652306526
2022-02-04	13598	13663	13524	13614	178850	-0.005115463314820268
2022-02-07	13544	13554	13444	13529	128715	-0.00624357279271337
2022-02-08	13449	13449	13374	13409	129486	-0.00886983516889639
2022-02-09	13564	13618	13539	13594	54905	0.013796703706465907
2022-02-10	13798	13798	13758	13779	99660	0.01360894512284827
2022-02-11	13489	13618	13374	13404	204449	-0.027215327672545198
2022-02-14	13394	13404	13084	13085	202677	-0.023798866010146247
2022-02-15	13164	13184	13104	13145	110890	0.004585403133358756
2022-02-16	13399	13409	13369	13404	74239	0.019703309243058298
2022-02-17	13404	13409	13274	13349	120869	-0.004103252760370046
2022-02-18	13044	13129	12994	13095	232918	-0.019027642520038968
2022-02-21	12984	13029	12705	12900	196258	-0.014891179839633395
2022-02-22	12849	12859	12530	12565	311948	-0.02596899224806204
2022-02-23	12779	12824	12744	12800	92976	0.018702745722244396
2022-02-24	12355	12415	12095	12161	583731	-0.049921875000000004
2022-02-25	12660	12844	12600	12790	181015	0.05172272017103863
2022-02-28	12789	12904	12769	12820	166077	0.0023455824863174435
2022-03-02	12989	13049	12924	13010	122058	0.014820592823712841
2022-03-03	13119	13184	13114	13174	187098	0.012605687932359722
2022-03-04	13074	13084	12799	13025	208320	-0.011310156368604773
2022-03-07	12754	12884	12735	12845	140712	-0.013819577735124766
2022-03-08	12535	12759	12500	12500	260151	-0.02685869988322309
2022-03-10	12944	12984	12919	12945	90607	0.035600000000000076
2022-03-11	12939	12939	12769	12870	107002	-0.005793742757821518
2022-03-14	12854	12854	12670	12765	144458	-0.00815850815850816
2022-03-15	12575	12735	12490	12520	229236	-0.01919310614962788
2022-03-16	12839	12889	12774	12850	154978	0.02635782747603832
2022-03-17	13169	13179	13004	13035	185131	0.014396887159533023
2022-03-18	13084	13084	12964	13040	137015	0.0003835826620637306
2022-03-21	13359	13424	13349	13394	143240	0.02714723926380369
2022-03-22	13424	13454	13419	13419	90563	0.0018665073913692876
2022-03-23	13663	13773	13628	13679	142779	0.01937551233325885
2022-03-24	13544	13633	13534	13604	125373	-0.005482856933986424
2022-03-25	13813	13828	13768	13824	126650	0.01617171420170549
2022-03-28	13828	13848	13798	13834	116029	0.0007233796296295392
2022-03-29	14038	14078	14008	14048	148479	0.015469134017637609
2022-03-30	14158	14203	14118	14163	211856	0.008186218678815527
2022-03-31	14073	14113	14058	14103	99651	-0.004236390595212858
2022-04-01	13893	13958	13888	13954	170255	-0.010565127986953082
2022-04-04	13873	13893	13823	13879	113905	-0.0053748029238928074
2022-04-05	14128	14133	14083	14098	71857	0.015779234815188392
2022-04-06	13853	13908	13843	13879	149293	-0.015534118314654566
2022-04-07	13539	13813	13514	13594	219392	-0.020534620649902746
2022-04-08	13688	13723	13623	13724	87425	0.00956304251875828
2022-04-11	13509	13529	13434	13509	284079	-0.015665986592830028
2022-04-12	13254	13294	13209	13259	253246	-0.018506181064475546
2022-04-13	13219	13279	13199	13269	341756	0.0007542046911532818
2022-04-14	13374	13434	13359	13414	153811	0.0109277262792975
2022-04-15	13189	13264	13154	13229	225829	-0.013791561055613522
2022-04-18	13029	13229	13004	13070	263801	-0.012019049058885733
2022-04-19	13269	13304	13214	13299	190090	0.017521040550879885
2022-04-20	13389	13429	13339	13354	253452	0.0041356492969395475
2022-04-21	13359	13409	13344	13384	226769	0.0022465178972592703
2022-04-22	13059	13079	12979	13055	323039	-0.024581589958158956
2022-04-25	12749	12764	12675	12730	354506	-0.02489467636920717
2022-04-26	12959	13014	12939	12980	234903	0.01963864886095834
2022-04-27	12655	12740	12570	12740	551686	-0.018489984591679498
2022-04-28	12775	12915	12765	12910	198625	0.013343799058084693
2022-04-29	12970	12990	12900	12905	240789	-0.0003872966692486379
2022-05-02	12535	12620	12490	12600	369014	-0.02363425029058508
2022-05-03	12730	12795	12695	12755	240155	0.012301587301587258
2022-05-04	12730	12760	12685	12760	237878	0.00039200313602516523
2022-05-06	12710	12710	12510	12550	417967	-0.016457680250783646
2022-05-09	12490	12490	12260	12315	265869	-0.01872509960159363
2022-05-10	12000	12270	11890	12135	330528	-0.01461632155907433
2022-05-11	12145	12230	12100	12200	282607	0.005356407086938519
2022-05-12	12040	12055	11790	11835	351556	-0.029918032786885207
2022-05-13	11905	11965	11900	11930	231313	0.008027038445289403
2022-05-16	12280	12300	12085	12115	230102	0.015507124895222102
2022-05-17	12095	12115	12035	12095	222268	-0.0016508460586049933
2022-05-18	12260	12265	12185	12185	281366	0.00744109136006621
2022-05-19	11620	11705	11595	11695	420673	-0.04021337710299544
2022-05-20	11700	11735	11630	11675	307013	-0.0017101325352715246
2022-05-23	11680	11695	11635	11680	296156	0.0004282655246252709
2022-05-24	11550	11565	11475	11485	333344	-0.016695205479452024
2022-05-25	11485	11550	11455	11500	314765	0.0013060513713538668
2022-05-26	11550	11660	11550	11565	237711	0.005652173913043512
2022-05-27	11895	11910	11690	11820	241421	0.02204928664072625
2022-05-30	12180	12280	12105	12245	235516	0.03595600676818944
2022-05-31	12245	12300	12075	12105	259281	-0.011433238056349548
2022-06-02	12105	12105	11995	12090	247666	-0.0012391573729864103
2022-06-03	12350	12350	12275	12305	200973	0.017783291976840365
2022-06-07	12170	12175	12065	12105	160452	-0.016253555465257974
2022-06-08	12245	12255	12200	12205	67700	0.008261049153242439
2022-06-09	12170	12215	12125	12165	72500	-0.0032773453502662475
2022-06-10	11950	12030	11925	12030	92426	-0.011097410604192337
2022-06-13	11725	11775	11420	11425	440717	-0.0502909393183707
2022-06-14	11235	11390	11230	11370	241261	-0.004814004376367587
2022-06-15	11370	11380	11265	11305	122685	-0.005716798592788064
2022-06-16	11465	11560	11385	11385	90756	0.0070765148164528835
2022-06-17	11200	11200	11045	11100	326844	-0.025032938076416378
2022-06-20	11230	11320	11180	11265	105573	0.014864864864864824
2022-06-21	11320	11365	11285	11360	53583	0.008433200177541122
2022-06-22	11475	11475	11345	11365	79463	0.00044014084507049134
2022-06-23	11400	11565	11400	11535	99864	0.01495820501539824
2022-06-24	11630	11810	11630	11790	98001	0.022106631989596837
2022-06-27	12055	12055	11915	11965	208579	0.014843087362171437
2022-06-28	11840	11960	11805	11920	116004	-0.003760969494358557
2022-06-29	11775	11780	11540	11650	118974	-0.022651006711409405
2022-06-30	11650	11680	11495	11495	86092	-0.013304721030042876
2022-07-01	11330	11450	11325	11390	113077	-0.009134406263592854
2022-07-04	11510	11530	11455	11515	73179	0.01097453906935919
2022-07-05	11630	11660	11600	11660	63520	0.012592270950933626
2022-07-06	11800	11885	11765	11785	62884	0.010720411663807994
2022-07-07	11905	11910	11855	11870	54567	0.007212558336868957
2022-07-08	12055	12075	12025	12040	79544	0.0143218197135635
2022-07-11	12040	12060	11990	12015	58331	-0.0020764119601328623
2022-07-12	11995	11995	11870	11895	59704	-0.009987515605493158
2022-07-13	11880	11880	11800	11840	40219	-0.004623791509037356
2022-07-14	11705	11810	11705	11780	45562	-0.0050675675675675436
