Date	Open	High	Low	Close	Volume	Change
2020-11-10	10373	10398	10198	10225	146645	
2020-11-11	10228	10348	10129	10255	192840	0.0029339853300733854
2020-11-12	10293	10298	10188	10230	191912	-0.0024378352023403105
2020-11-13	10144	10288	10020	10255	120438	0.0024437927663734094
2020-11-16	10208	10228	10129	10150	82043	-0.010238907849829393
2020-11-17	10134	10213	10100	10180	83633	0.002955665024630516
2020-11-18	10183	10388	10168	10359	101114	0.017583497053045294
2020-11-19	10438	10472	10358	10459	163024	0.009653441451877631
2020-11-20	10458	10487	10423	10489	199828	0.0028683430538292143
2020-11-23	10537	10622	10527	10588	410523	0.009438459338354521
2020-11-24	10662	10727	10587	10727	249067	0.013128069512655882
2020-11-25	10871	11194	10722	10822	653892	0.008856157359932837
2020-11-26	10896	11025	10777	11026	485867	0.018850489743115872
2020-11-27	11005	11145	10991	11141	1156365	0.01042989298022845
2020-11-30	11214	11239	11055	11056	1292114	-0.007629476707656457
2020-12-01	11180	11284	11150	11286	405457	0.020803183791606283
2020-12-02	11289	11364	11214	11366	858138	0.007088428141059699
2020-12-03	11409	11489	11354	11489	1234763	0.010821749076192155
2020-12-04	11558	11788	11484	11788	2028195	0.026024893376273006
2020-12-07	11912	12016	11678	12018	1569022	0.01951136749236504
2020-12-08	12051	12061	11514	11529	1719368	-0.04068896655017473
2020-12-09	11563	11748	11474	11733	1828769	0.01769450949778828
2020-12-10	11593	11872	11534	11783	1044503	0.004261484701269858
2020-12-11	11867	11912	11743	11793	907193	0.0008486803021301448
2020-12-14	11793	11877	11668	11724	362824	-0.00585092851691682
2020-12-15	11723	11753	11529	11679	675225	-0.003838280450358278
2020-12-16	11778	11778	11658	11733	399413	0.004623683534549228
2020-12-17	11728	11783	11658	11729	275170	-0.00034091877610153976
2020-12-18	11758	11798	11683	11753	109080	0.00204621024810292
2020-12-21	11718	11897	11683	11898	242389	0.012337275589211272
2020-12-22	11862	11912	11683	11689	234277	-0.01756597747520594
2020-12-23	11818	11818	11613	11674	158086	-0.0012832577637095222
2020-12-24	11718	11758	11558	11694	150044	0.0017132088401576873
2020-12-28	11658	11753	11459	11514	154482	-0.015392508978963604
2020-12-29	11848	11966	11768	11968	809276	0.039430258815355224
2020-12-30	11966	12136	11902	12137	2539706	0.01412098930481287
2021-01-04	12271	12485	12006	12485	3957254	0.028672653868336395
2021-01-05	12495	12595	12330	12595	716049	0.008810572687224738
2021-01-06	12773	12918	12510	12590	855220	-0.0003969829297340022
2021-01-07	12703	12863	12535	12824	414160	0.018586179507545708
2021-01-08	13067	13441	12923	13442	1011735	0.04819089207735505
2021-01-11	13615	13959	13212	13591	717126	0.011084660020830306
2021-01-12	13446	13560	12968	13407	379997	-0.013538370980796133
2021-01-13	13421	13555	13337	13517	455737	0.00820466920265539
2021-01-14	13391	13541	13242	13252	1114229	-0.0196049419249833
2021-01-15	13277	13327	12858	12909	902510	-0.025882885602173222
2021-01-18	12728	12988	12485	12505	501163	-0.03129599504221858
2021-01-19	12560	12898	12450	12834	306647	0.02630947620951618
2021-01-20	12993	12993	12733	12914	335533	0.006233442418575708
2021-01-21	13062	13112	12943	13024	322633	0.008517887563884052
2021-01-22	13067	13361	13017	13277	799208	0.019425675675675658
2021-01-25	13327	13491	13247	13492	526748	0.016193417187617687
2021-01-26	13595	13615	13257	13322	1025076	-0.01260005929439667
2021-01-27	13386	13585	13317	13382	654105	0.004503828254015962
2021-01-28	13062	13401	13012	13322	542335	-0.004483634733223774
2021-01-29	13386	13386	12828	12929	568000	-0.029500075063804254
2021-02-01	12958	13426	12903	13427	281733	0.03851806017480075
2021-02-02	13590	13680	13401	13571	788379	0.01072465926863786
2021-02-03	13690	13695	13496	13696	473993	0.009210817183700648
2021-02-04	13690	13690	13411	13482	426060	-0.015625
2021-02-05	13585	13710	13446	13621	402518	0.010310043020323345
2021-02-08	13595	13650	13466	13487	301392	-0.00983775053226632
2021-02-09	13486	13570	13386	13387	287168	-0.007414547341884736
2021-02-10	13476	13600	13312	13591	206795	0.015238664375887057
2021-02-15	13754	13754	13620	13731	614666	0.010300934441910048
2021-02-16	13799	13799	13670	13756	706698	0.0018206976913552886
2021-02-17	13779	13779	13575	13706	256124	-0.003634777551613788
2021-02-18	13675	13789	13536	13551	221888	-0.011308915803297848
2021-02-19	13481	13590	13262	13591	342093	0.0029518116744151612
2021-02-22	13630	13630	13132	13207	489904	-0.028253991612096185
2021-02-23	13037	13062	12848	12954	191196	-0.0191565079124707
2021-02-24	12888	13042	12475	12475	171394	-0.03697699552261846
2021-02-25	12743	12928	12664	12929	110417	0.03639278557114234
2021-02-26	12659	12684	12390	12530	187411	-0.030860855441256052
2021-03-02	12803	12968	12550	12665	97965	0.010774142059058356
2021-03-03	12659	12878	12600	12879	29411	0.01689696012633246
2021-03-04	12798	12888	12644	12735	59939	-0.011180992313067795
2021-03-05	12545	12595	12325	12545	88222	-0.014919513152728658
2021-03-08	12610	12610	12191	12192	35135	-0.028138700677560746
2021-03-09	12101	12111	11723	11953	72378	-0.019603018372703396
2021-03-10	12246	12290	12021	12058	35630	0.008784405588555089
2021-03-11	12111	12530	12061	12490	51613	0.03582683695471878
2021-03-12	12713	12728	12565	12650	74539	0.012810248198558805
2021-03-15	12689	12689	12480	12565	26524	-0.0067193675889327675
2021-03-16	12525	12555	12410	12520	26247	-0.0035813768404298063
2021-03-17	12480	12505	12206	12311	44185	-0.016693290734824284
2021-03-18	12405	12585	12405	12485	45876	0.01413370156770366
2021-03-19	12211	12410	12181	12371	16913	-0.009130957148578256
2021-03-22	12380	12380	12126	12286	32295	-0.006870907768167456
2021-03-23	12365	12410	12076	12122	190282	-0.013348526778447
2021-03-24	12051	12236	12051	12237	23313	0.009486883352582076
2021-03-25	12251	12271	12106	12192	12677	-0.0036773719048786013
2021-03-26	12231	12315	12101	12316	9839	0.01017060367454059
2021-03-29	12450	12450	12206	12257	24930	-0.004790516401429024
2021-03-30	12280	12445	12231	12421	22446	0.01338010932528344
2021-03-31	12465	12550	12380	12416	54878	-0.00040254407857664987
2021-04-01	12460	12545	12430	12540	18755	0.009987113402061931
2021-04-02	12575	12610	12510	12550	50356	0.0007974481658692412
2021-04-05	12540	12540	12365	12416	25858	-0.010677290836653364
2021-04-06	12445	12505	12420	12495	16617	0.0063627577319587125
2021-04-07	12540	12615	12445	12520	26273	0.002000800320127949
2021-04-08	12505	12649	12430	12650	21941	0.010383386581469756
2021-04-09	12654	12748	12644	12740	50294	0.007114624505928813
2021-04-12	12928	12938	12813	12909	162428	0.013265306122449028
2021-04-13	12923	13147	12923	13148	200258	0.01851421488883731
2021-04-14	13237	13287	13162	13262	152882	0.00867052023121384
2021-04-15	13361	13451	13287	13397	261066	0.010179460111596983
2021-04-16	13396	13406	13292	13387	92350	-0.0007464357692020807
2021-04-19	13376	13431	13307	13352	86811	-0.0026144767311571115
2021-04-20	13332	13381	13272	13302	90921	-0.003744757339724347
2021-04-21	13197	13197	12983	13029	96733	-0.020523229589535452
2021-04-22	13032	13072	12923	12944	52859	-0.006523908204773998
2021-04-23	12888	12997	12783	12954	52938	0.0007725587144622459
2021-04-26	12948	13002	12868	13004	39480	0.003859811641191868
2021-04-27	12978	13067	12918	12964	24944	-0.0030759766225776364
2021-04-28	12888	12928	12659	12695	33510	-0.020749768589941375
2021-04-29	12749	12889	12625	12730	39423	0.002756990941315429
2021-04-30	12704	12704	12445	12505	53779	-0.01767478397486255
2021-05-03	12515	12515	12171	12196	67773	-0.024710115953618605
2021-05-04	12121	12400	12036	12396	32615	0.016398819285011523
2021-05-06	12320	12395	12271	12391	18384	-0.00040335592126494735
2021-05-07	12390	12615	12390	12515	122811	0.010007263336292427
2021-05-10	12610	12754	12580	12715	40693	0.015980823012385237
2021-05-11	12580	12610	12410	12460	21685	-0.02005505308690525
2021-05-12	12450	12480	12191	12296	18689	-0.013162118780096321
2021-05-13	12031	12201	11991	12092	53619	-0.016590761223162054
2021-05-14	12146	12360	12126	12346	5182	0.021005623552762254
2021-05-17	12405	12425	12211	12281	24233	-0.005264863113559004
2021-05-18	12330	12485	12330	12485	22621	0.016611025160817583
2021-05-20	12510	12545	12425	12535	16241	0.004004805766920194
2021-05-21	12635	12684	12560	12640	33135	0.008376545672118096
2021-05-24	12620	12635	12440	12495	20239	-0.011471518987341778
2021-05-25	12535	12639	12455	12640	10557	0.011604641856742592
2021-05-26	12635	12654	12515	12540	15763	-0.007911392405063333
2021-05-27	12550	12595	12345	12595	14563	0.004385964912280604
2021-05-28	12615	12649	12515	12605	10991	0.0007939658594680044
2021-05-31	12605	12605	12475	12580	6512	-0.0019833399444665334
2021-06-01	12630	12694	12580	12650	21993	0.00556438791732905
2021-06-02	12649	12659	12490	12515	9564	-0.01067193675889333
2021-06-03	12510	12634	12490	12565	25455	0.003995205753096309
2021-06-04	12490	12530	12390	12520	15904	-0.0035813768404298063
2021-06-07	12605	12664	12500	12575	6981	0.004392971246006461
2021-06-08	12595	12679	12575	12620	11890	0.003578528827037797
2021-06-09	12610	12630	12540	12540	23558	-0.006339144215530945
2021-06-10	12585	12784	12585	12785	39575	0.019537480063795742
2021-06-11	12844	12934	12789	12874	137073	0.006961282753226383
2021-06-14	12954	13178	12939	13178	109240	0.023613484542488683
2021-06-15	13203	13213	13083	13188	87121	0.0007588404917286962
2021-06-16	13103	13108	13048	13109	23984	-0.005990294206854707
2021-06-17	13008	13163	12998	13144	36172	0.002669921428026578
2021-06-18	13163	13308	13153	13293	121603	0.01133597078514903
2021-06-21	13243	13367	13188	13368	136878	0.005642067253441629
2021-06-22	13407	13442	13273	13358	64725	-0.0007480550568521593
2021-06-23	13382	13726	13372	13712	1149233	0.02650097319958067
2021-06-24	13761	13801	13537	13592	424843	-0.00875145857642945
2021-06-25	13562	13592	13313	13378	73947	-0.01574455562095345
2021-06-28	13338	13422	13283	13303	109398	-0.005606219165794624
2021-06-29	13357	13427	13313	13423	59346	0.009020521686837535
2021-06-30	13472	13607	13467	13587	31415	0.0122178350592268
2021-07-01	13607	13712	13532	13572	98964	-0.0011039964672112657
2021-07-02	13572	13592	13492	13592	30698	0.0014736221632773994
2021-07-05	13652	13721	13637	13682	98935	0.00662154208357868
2021-07-06	13672	13712	13617	13697	83523	0.0010963309457681092
2021-07-07	13712	13766	13662	13737	242433	0.00292034752135506
2021-07-08	13791	13801	13667	13727	171730	-0.0007279609812913534
2021-07-09	13582	13662	13392	13572	77723	-0.011291615065199934
2021-07-12	13627	13627	13472	13597	41531	0.0018420277040966937
2021-07-13	13662	13717	13587	13717	50401	0.008825476207987126
2021-07-14	13687	13726	13627	13687	73860	-0.002187067142961241
2021-07-15	13692	13746	13592	13747	58335	0.004383721779791072
2021-07-16	13726	13831	13647	13807	373698	0.004364588637520983
2021-07-19	13771	13771	13662	13687	87514	-0.00869124357210116
2021-07-20	13577	13741	13562	13672	64536	-0.0010959304449477125
2021-07-21	13786	13786	13462	13493	73045	-0.013092451726155696
2021-07-22	13507	13597	13482	13597	36497	0.007707700289038666
2021-07-23	13622	13746	13592	13727	30173	0.009560932558652535
2021-07-26	13821	13821	13547	13597	27191	-0.009470386828877353
2021-07-27	13652	13721	13607	13672	19999	0.005515922629991898
2021-07-28	13612	13657	13517	13587	18606	-0.006217086015213535
2021-07-29	13627	13667	13587	13657	13592	0.005151983513652647
2021-07-30	13627	13627	13372	13393	22209	-0.019330746137511845
2021-08-02	13392	13567	13348	13567	11728	0.012991861420144746
2021-08-03	13602	13602	13397	13478	13938	-0.006560035379966078
2021-08-04	13427	13562	13328	13538	7434	0.004451699065143089
2021-08-05	13662	13707	13587	13647	12842	0.008051410843551432
2021-08-06	13662	13672	13577	13637	15304	-0.0007327617791456076
2021-08-09	13572	13607	13482	13607	26582	-0.0021998973381242015
2021-08-10	13657	13697	13597	13662	59965	0.004042037186742009
2021-08-11	13677	13846	13642	13812	326454	0.010979358805445871
2021-08-12	13866	13901	13746	13847	730329	0.0025340283811179365
2021-08-13	13941	13956	13756	13832	638622	-0.0010832671336751254
2021-08-17	13816	13836	13547	13632	51747	-0.014459224985540753
2021-08-18	13602	13702	13527	13697	31274	0.00476819248826299
2021-08-19	13582	13811	13567	13607	41355	-0.00657078192304883
2021-08-20	13642	13751	13437	13508	25127	-0.007275666936135794
2021-08-23	13537	13751	13492	13672	35513	0.012140953509031771
2021-08-24	13741	13756	13462	13597	18518	-0.0054856641310707666
2021-08-25	13577	13672	13507	13672	9047	0.005515922629991898
2021-08-26	13587	13587	13372	13433	21840	-0.01748098303101231
2021-08-27	13318	13422	13288	13398	12485	-0.002605523710265789
2021-08-30	13487	13487	13298	13388	8528	-0.0007463800567248935
2021-08-31	13397	13642	13357	13642	13123	0.018972213922916037
2021-09-01	13547	13592	13437	13483	8510	-0.011655182524556551
2021-09-02	13417	13422	13278	13308	6904	-0.012979307275828855
2021-09-03	13343	13392	13308	13383	8034	0.005635707844905413
2021-09-06	13303	13402	13303	13403	7655	0.0014944332361952473
2021-09-07	13407	13437	13303	13358	5942	-0.0033574572856822638
2021-09-08	13223	13233	12919	12979	130396	-0.02837251085491843
2021-09-09	12834	12879	12664	12720	64623	-0.019955312427767935
2021-09-10	12694	12839	12694	12770	44166	0.0039308176100629755
2021-09-13	12704	12729	12535	12615	20885	-0.012137823022709493
2021-09-14	12550	12699	12520	12670	115935	0.004359889021006813
2021-09-15	12759	12774	12630	12715	44204	0.003551696921862746
2021-09-16	12739	12739	12465	12500	27016	-0.016909162406606337
2021-09-17	12480	12605	12445	12590	26216	0.007200000000000095
2021-09-23	12560	12719	12555	12690	13228	0.00794281175536149
2021-09-24	12704	12704	12620	12690	30952	0.0
2021-09-27	12669	12744	12610	12675	16290	-0.0011820330969266601
2021-09-28	12644	12644	12435	12475	74715	-0.015779092702169595
2021-09-29	12206	12430	12206	12431	13327	-0.0035270541082164097
2021-09-30	12375	12495	12305	12475	6922	0.003539538251146279
2021-10-01	12400	12430	12246	12276	14104	-0.015951903807615242
2021-10-05	12046	12061	11637	11663	21245	-0.04993483219289674
2021-10-06	11752	11862	11453	11458	16436	-0.017576952756580666
2021-10-07	11612	11702	11518	11688	51256	0.020073311223599122
2021-10-08	11802	11867	11717	11812	7303	0.010609171800136874
2021-10-12	11797	11797	11567	11653	5018	-0.01346088723332206
2021-10-13	11627	11877	11627	11812	11808	0.013644555050201568
2021-10-14	11956	12161	11912	12161	15267	0.02954622417880115
2021-10-15	12201	12211	12121	12201	8170	0.003289203190527168
2021-10-18	12171	12266	12116	12136	5148	-0.005327432177690383
2021-10-19	12241	12365	12206	12366	10934	0.018951878707976322
2021-10-20	12495	12530	12375	12386	9951	0.0016173378618793421
2021-10-21	12385	12385	12261	12326	9179	-0.004844178911674435
2021-10-22	12325	12450	12266	12411	4298	0.006895992211585211
2021-10-25	12390	12390	12226	12351	5037	-0.004834421078075857
2021-10-26	12450	12535	12435	12530	8315	0.01449275362318847
2021-10-27	12525	12540	12455	12540	15737	0.0007980845969672856
2021-10-28	12565	12565	12360	12361	5614	-0.014274322169058995
2021-10-29	12355	12355	12146	12161	20735	-0.016179920718388474
2021-11-01	12156	12236	12151	12196	14103	0.002878052791711161
2021-11-02	12315	12415	12285	12316	2328	0.009839291571006825
2021-11-03	12236	12295	12166	12216	3126	-0.008119519324455982
2021-11-04	12266	12300	12146	12206	1425	-0.0008185985592665812
2021-11-05	12231	12261	12061	12261	16869	0.004505980665246545
2021-11-08	12261	12261	11912	12017	19732	-0.01990049751243783
2021-11-09	11991	12136	11991	12136	9950	0.009902637929599667
2021-11-10	12146	12156	12001	12047	3420	-0.007333553065260401
2021-11-11	12076	12370	12076	12371	17484	0.026894662571594674
2021-11-12	12370	12420	12275	12356	7710	-0.0012125131355589236
2021-11-15	12415	12704	12405	12515	39280	0.012868242149562947
2021-11-16	12540	12639	12500	12640	18502	0.009988014382740662
2021-11-17	12689	12694	12410	12460	6509	-0.014240506329113889
2021-11-18	12405	12540	12335	12490	14052	0.0024077046548955927
2021-11-19	12555	12575	12500	12570	3859	0.006405124099279513
2021-11-22	12500	12520	12405	12515	16962	-0.004375497215592716
2021-11-23	12345	12365	12176	12206	24612	-0.024690371554135004
2021-11-24	12156	12221	12126	12181	6547	-0.0020481730296575407
2021-11-25	12231	12271	12186	12211	4367	0.0024628519825957707
2021-11-26	12181	12256	12071	12141	3535	-0.005732536237818331
2021-11-29	12096	12141	11996	12022	7846	-0.009801499052796259
2021-11-30	12086	12096	11747	11807	3160	-0.017883879554150717
2021-12-01	11912	11951	11852	11952	6076	0.012280850343016958
2021-12-02	11867	11926	11707	11927	5376	-0.0020917001338688346
2021-12-03	11872	12086	11857	12057	4002	0.010899639473463507
2021-12-06	11996	11996	11817	11902	6196	-0.012855602554532664
2021-12-07	11837	11852	11772	11792	18251	-0.009242144177449174
2021-12-08	12021	12131	12001	12092	3663	0.025440976933514214
2021-12-09	12151	12201	12111	12201	898	0.009014224280516014
2021-12-10	12091	12131	12086	12126	3347	-0.006147037128104271
2021-12-13	12126	12126	11966	11977	1861	-0.01228764637968005
2021-12-14	11902	11956	11827	11857	1924	-0.010019203473323857
2021-12-15	11812	11822	11762	11807	3808	-0.004216918276123804
2021-12-16	11926	11991	11912	11972	3531	0.013974760735157021
2021-12-17	11926	11971	11847	11942	7899	-0.002505846976277981
2021-12-20	11882	11882	11627	11628	3962	-0.026293753140177567
2021-12-21	11592	11592	11483	11568	19063	-0.00515995872033026
2021-12-22	11567	11567	11433	11453	3971	-0.009941217150760684
2021-12-23	11458	11473	11388	11473	933	0.001746267353531783
2021-12-24	11538	11572	11503	11503	3991	0.00261483482960001
2021-12-27	11503	11528	11453	11478	5475	-0.002173346083630401
2021-12-28	11478	11672	11478	11673	1580	0.016989022477783555
2021-12-29	11697	11717	11627	11653	829	-0.0017133556069561795
2021-12-30	11692	11692	11557	11578	3014	-0.006436110872736656
2022-01-03	11637	11787	11607	11653	3384	0.006477802729314197
2022-01-04	11597	11632	11458	11513	4204	-0.012014073629108335
2022-01-05	11293	11293	11169	11209	4649	-0.026404933553374477
2022-01-06	11034	11059	10849	10875	3276	-0.029797484164510668
2022-01-07	10939	11034	10929	10950	5049	0.006896551724137945
2022-01-10	10864	10914	10740	10850	5879	-0.0091324200913242
2022-01-11	10914	10954	10825	10885	1475	0.003225806451612856
2022-01-12	11029	11238	11029	11239	2665	0.0325218190169958
2022-01-13	11169	11174	11099	11134	1485	-0.009342468191120168
2022-01-14	10914	10939	10645	10690	5517	-0.03987785162565116
2022-01-17	10560	10705	10466	10531	10099	-0.014873713751169304
2022-01-18	10565	10625	10451	10486	4532	-0.004273098471180292
2022-01-19	10341	10441	10281	10351	841	-0.012874308601945494
2022-01-20	10271	10545	10271	10546	9298	0.018838759540141137
2022-01-21	10490	10555	10351	10421	3780	-0.011852835198179368
2022-01-24	10346	10381	10186	10272	4899	-0.014298052010363715
2022-01-25	10191	10196	9877	9908	10167	-0.03543613707165105
2022-01-26	9902	9942	9738	9738	3547	-0.017157852240613614
2022-01-27	9738	9738	9199	9200	13156	-0.05524748408297386
2022-01-28	9199	9384	9064	9384	2693	0.020000000000000018
2022-02-03	9573	9683	9558	9564	5765	0.019181585677749302
2022-02-04	9533	9718	9533	9718	2564	0.016102049351735648
2022-02-07	9703	9703	9538	9608	14304	-0.011319201481786334
2022-02-08	9608	9713	9513	9564	6818	-0.004579517069109085
2022-02-09	9603	9603	9498	9559	1783	-0.0005227938101213248
2022-02-10	9688	9708	9613	9678	4775	0.012449000941521016
2022-02-11	9403	9478	9364	9399	2300	-0.028828270303781767
2022-02-14	9194	9334	9194	9304	3415	-0.010107458240238287
2022-02-15	9299	9388	9169	9200	5033	-0.011177987962166847
2022-02-16	9349	9433	9294	9424	913	0.024347826086956514
2022-02-17	9463	9533	9279	9454	17742	0.0031833616298810874
2022-02-18	9329	9384	9274	9384	685	-0.0074042733234609415
2022-02-21	9234	9408	9149	9409	6116	0.00266410912190973
2022-02-22	9244	9309	9169	9264	1747	-0.015410776915719016
2022-02-23	9264	9274	9244	9274	581	0.0010794473229707169
2022-02-24	9094	9104	8870	8930	4440	-0.03709294802674146
2022-02-25	9049	9189	9049	9175	6644	0.027435610302351643
2022-02-28	9124	9319	9114	9319	3024	0.01569482288828339
2022-03-02	9339	9393	9304	9349	1986	0.0032192295310655705
2022-03-03	9428	9578	9428	9578	1520	0.024494598352764907
2022-03-04	9493	9493	9299	9314	1699	-0.02756316558780536
2022-03-07	9139	9139	9005	9085	2242	-0.02458664376207864
2022-03-08	8975	9164	8975	9045	1297	-0.004402861860209106
2022-03-10	9209	9339	9209	9339	4141	0.0325041459369817
2022-03-11	9369	9369	9189	9224	6012	-0.012313952243280912
2022-03-14	9274	9324	9219	9264	2434	0.004336513443191636
2022-03-15	9209	9209	9139	9180	2745	-0.0090673575129534
2022-03-16	9219	9314	9189	9314	437	0.014596949891067634
2022-03-17	9528	9658	9518	9573	2034	0.027807601460167586
2022-03-18	9603	9668	9593	9668	4701	0.00992374386294781
2022-03-21	9688	9698	9533	9568	12250	-0.010343400910219236
2022-03-22	9478	9523	9473	9519	3657	-0.005121237458193928
2022-03-23	9658	9658	9568	9648	606	0.013551843681058884
2022-03-24	9553	9613	9473	9613	1779	-0.003627694859038133
2022-03-25	9678	9678	9543	9568	3518	-0.004681160927910155
2022-03-28	9443	9523	9433	9524	2360	-0.004598662207357829
2022-03-29	9603	9618	9573	9618	880	0.009869802603947875
2022-03-30	9728	9767	9693	9743	56692	0.012996464961530396
2022-03-31	9743	9832	9743	9803	1177	0.006158267474083878
2022-04-01	9767	9767	9673	9713	2526	-0.009180863001122086
2022-04-04	9648	9792	9558	9793	3924	0.008236384227324312
2022-04-05	9832	9897	9822	9898	19027	0.010721944245889903
2022-04-06	9787	9797	9703	9733	2095	-0.01667003435037384
2022-04-07	9573	9613	9508	9514	2501	-0.02250077057433475
2022-04-08	9513	9548	9473	9544	395	0.0031532478452807045
2022-04-11	9418	9453	9324	9379	4159	-0.017288348700754352
2022-04-12	9274	9294	9164	9244	1638	-0.014393858620321942
2022-04-13	9239	9428	9239	9429	1347	0.020012981393336293
2022-04-14	9423	9513	9393	9514	912	0.009014741754162614
2022-04-15	9324	9438	9324	9399	2742	-0.012087450073575812
2022-04-18	9329	9359	9324	9344	1449	-0.00585168634961164
2022-04-19	9428	9448	9413	9449	420	0.011237157534246478
2022-04-20	9418	9418	9359	9379	2752	-0.007408191342999304
2022-04-21	9379	9379	9329	9339	3265	-0.004264846998613958
2022-04-22	9194	9199	9129	9170	1551	-0.018096155905343192
2022-04-25	9015	9059	8950	8975	4580	-0.021264994547437244
2022-04-26	9089	9169	9089	9130	45524	0.017270194986072518
2022-04-27	8865	9025	8865	9025	2407	-0.01150054764512598
2022-04-28	9110	9185	9110	9185	527	0.017728531855955687
2022-04-29	9185	9320	9185	9285	1937	0.01088731627653794
2022-05-02	9200	9215	9150	9215	2023	-0.007539041464728058
2022-05-03	9270	9275	9240	9245	716	0.0032555615843732344
2022-05-04	9305	9305	9135	9165	1498	-0.008653326122228244
2022-05-06	9015	9020	8960	9015	3905	-0.016366612111292977
2022-05-09	8950	8965	8870	8895	958	-0.01331114808652245
2022-05-10	8740	8835	8650	8835	21422	-0.006745362563237767
2022-05-11	8825	8915	8780	8915	601	0.009054895302773147
2022-05-12	8765	8765	8570	8570	572	-0.03869882220975884
2022-05-13	8645	8690	8605	8665	4505	0.011085180863477317
2022-05-16	8765	8765	8575	8595	2665	-0.008078476630121179
2022-05-17	8605	8655	8595	8655	894	0.00698080279232105
2022-05-18	8780	8780	8700	8755	921	0.011554015020219577
2022-05-19	8540	8645	8530	8605	954	-0.01713306681896054
2022-05-20	8710	8950	8710	8950	2654	0.04009296920395111
2022-05-23	8950	8990	8940	8940	4464	-0.0011173184357542443
2022-05-24	8940	8940	8770	8770	356	-0.019015659955257225
2022-05-25	8780	8960	8780	8930	4714	0.018244013683010207
2022-05-26	8990	9010	8895	8940	1780	0.0011198208286673506
2022-05-27	9025	9045	8960	8995	3372	0.006152125279642151
2022-05-30	9060	9120	9025	9115	999	0.013340744858254538
2022-05-31	9115	9245	9115	9245	535	0.014262205156335694
2022-06-02	9150	9165	9100	9150	1181	-0.010275824770145991
2022-06-03	9245	9250	9210	9250	1767	0.010928961748633892
2022-06-07	9075	9120	9010	9035	3203	-0.023243243243243228
2022-06-08	9220	9220	9130	9155	979	0.013281682346430568
2022-06-09	9070	9210	9070	9210	129	0.006007646095030017
2022-06-10	9130	9150	9100	9140	4384	-0.007600434310532034
2022-06-13	8920	8960	8835	8835	1016	-0.03336980306345738
2022-06-14	8740	8795	8670	8795	1107	-0.004527447651386574
2022-06-15	8715	8715	8525	8590	4802	-0.023308698123934102
2022-06-16	8750	8765	8570	8585	1002	-0.0005820721769499437
2022-06-17	8525	8685	8525	8685	1559	0.011648223645893907
2022-06-20	8650	8650	8445	8540	4373	-0.016695451928612548
2022-06-21	8615	8655	8600	8655	3567	0.013466042154566704
2022-06-22	8585	8585	8420	8420	1810	-0.027151935297515917
2022-06-23	8430	8455	8360	8375	3422	-0.005344418052256494
2022-06-24	8560	8710	8560	8710	318	0.040000000000000036
2022-06-27	8845	8845	8745	8745	33269	0.0040183696900115695
2022-06-28	8720	8720	8670	8720	32732	-0.002858776443682154
2022-06-29	8630	8640	8540	8545	32308	-0.02006880733944949
2022-06-30	8430	8430	8285	8285	494	-0.030427150380339385
2022-07-01	8275	8275	8020	8085	1439	-0.024140012070006045
2022-07-04	8085	8115	8085	8115	3792	0.0037105751391466324
2022-07-05	8355	8410	8325	8410	2222	0.036352433764633485
2022-07-06	8500	8525	8375	8405	4437	-0.0005945303210463937
2022-07-07	8500	8545	8500	8545	351	0.016656751933372904
2022-07-08	8635	8635	8480	8530	1170	-0.0017554125219426675
2022-07-11	8490	8570	8475	8500	1924	-0.003516998827667095
2022-07-12	8395	8445	8375	8445	4106	-0.006470588235294117
2022-07-13	8475	8560	8425	8560	145	0.013617525162818334
2022-07-14	8540	8585	8540	8580	753	0.002336448598130758
