Date	Open	High	Low	Close	Volume	Change
2020-11-10	10370	10370	10186	10187	1324	
2020-11-11	10121	10330	10121	10237	60	0.004908216354176931
2020-11-12	10275	10275	10176	10187	374	-0.004884243430692603
2020-11-13	10136	10255	10062	10237	42	0.004908216354176931
2020-11-16	10196	10196	10116	10132	743	-0.010256911204454378
2020-11-17	10091	10181	10091	10142	176	0.0009869719699959756
2020-11-18	10196	10360	10191	10341	91	0.01962137645434825
2020-11-19	10395	10425	10335	10415	1122	0.007155981046320425
2020-11-20	10435	10475	10420	10475	220	0.005760921747479664
2020-11-23	10583	10603	10553	10570	361	0.009069212410501182
2020-11-24	10643	10728	10613	10728	210	0.0149479659413434
2020-11-25	10843	11071	10743	10823	4336	0.00885533184190912
2020-11-26	10818	11011	10773	11012	605	0.01746281068095712
2020-11-27	10936	11126	10936	11127	1550	0.01044315292408271
2020-11-30	11200	11215	11026	11027	3342	-0.008987148377819665
2020-12-01	11121	11265	11121	11266	4606	0.021674072730570426
2020-12-02	11255	11379	11220	11380	687	0.0101189419492278
2020-12-03	11409	11513	11399	11475	590	0.008347978910369092
2020-12-04	11508	11781	11508	11783	2610	0.026840958605664378
2020-12-07	11916	12011	11743	12011	337027	0.01934991088856819
2020-12-08	12011	12011	11528	11530	3450	-0.040046623928065905
2020-12-09	11548	11673	11523	11658	6214	0.011101474414570767
2020-12-10	11563	11836	11533	11723	2514	0.005575570423743459
2020-12-11	11866	11886	11738	11788	4870	0.0055446558048282135
2020-12-14	11781	11786	11668	11668	645	-0.010179843909060016
2020-12-15	11653	11653	11513	11653	2553	-0.001285567363729867
2020-12-16	11698	11698	11643	11663	286	0.0008581481163649762
2020-12-17	11678	11733	11648	11728	1260	0.005573180142330436
2020-12-18	11663	11753	11663	11703	164	-0.002131650750341052
2020-12-21	11733	11881	11668	11833	490	0.011108262838588345
2020-12-22	11846	11851	11693	11693	972	-0.011831319192089906
2020-12-23	11791	11791	11598	11673	706	-0.0017104250406225763
2020-12-24	11698	11708	11578	11663	810	-0.0008566778034780897
2020-12-28	11703	11703	11463	11510	2328	-0.013118408642716295
2020-12-29	11831	11941	11776	11942	1805	0.03753258036490004
2020-12-30	11996	12175	11921	12151	2962	0.01750125607100994
2021-01-04	12234	12423	12100	12419	129224	0.022055797876717964
2021-01-05	12588	12613	12304	12613	1468	0.01562122554150891
2021-01-06	12622	12921	12453	12568	3083	-0.0035677475620391474
2021-01-07	12603	12811	12563	12753	3989	0.014719923615531538
2021-01-08	12941	13443	12936	13443	3443	0.05410491649023763
2021-01-11	13651	13929	13214	13558	8076	0.008554638101614165
2021-01-12	13448	13517	12980	13428	2112	-0.00958843487240002
2021-01-13	13408	13547	13343	13423	3043	-0.0003723562704796013
2021-01-14	13358	13487	13224	13244	5137	-0.013335319973180382
2021-01-15	13244	13254	12851	12871	6641	-0.028163696768347957
2021-01-18	12706	12951	12413	12414	4949	-0.03550617667624889
2021-01-19	12488	12836	12448	12808	2530	0.031738359916223535
2021-01-20	12970	12970	12736	12871	1381	0.004918800749531549
2021-01-21	13025	13059	12941	13006	5156	0.010488695517053781
2021-01-22	13074	13323	13015	13264	10781	0.019836998308472964
2021-01-25	13368	13462	13224	13409	10040	0.010931845597105028
2021-01-26	13537	13581	13244	13294	4962	-0.00857632933104635
2021-01-27	13378	13502	13268	13374	2822	0.0060177523694899815
2021-01-28	13054	13313	13025	13304	2753	-0.005234036189621705
2021-01-29	13428	13428	12806	12911	2878	-0.029539987973541737
2021-02-01	12931	13398	12916	13399	2205	0.03779722717062972
2021-02-02	13676	13676	13418	13478	3504	0.005895962385252584
2021-02-03	13691	13691	13482	13672	3385	0.014393826977296298
2021-02-04	13711	13711	13403	13508	7980	-0.011995318899941432
2021-02-05	13611	13711	13462	13573	1696	0.0048119632810186275
2021-02-08	13596	13626	13423	13423	6420	-0.011051351948721755
2021-02-09	13522	13522	13378	13379	1334	-0.003277955747597372
2021-02-10	13467	13562	13323	13553	3323	0.013005456312130903
2021-02-15	13786	13786	13616	13712	3155	0.011731719914410021
2021-02-16	13771	13786	13681	13751	3561	0.0028442240373396377
2021-02-17	13756	13756	13552	13692	1651	-0.0042905970474874655
2021-02-18	13671	13761	13512	13513	1465	-0.013073327490505382
2021-02-19	13467	13522	13239	13523	2936	0.0007400281210685478
2021-02-22	13636	13636	13079	13081	2642	-0.03268505509132591
2021-02-23	13020	13020	12826	12851	1577	-0.017582753612109148
2021-02-24	12866	12975	12458	12464	2301	-0.030114387985370805
2021-02-25	12666	12866	12632	12836	3821	0.029845956354300318
2021-02-26	12652	12652	12378	12509	1382	-0.02547522592708007
2021-03-02	12836	12931	12508	12633	890	0.009912862738828077
2021-03-03	12647	12801	12578	12803	142	0.013456819441146184
2021-03-04	12801	12806	12603	12673	2912	-0.010153870186675018
2021-03-05	12513	12543	12329	12523	1182	-0.011836187169573131
2021-03-08	12533	12543	12175	12176	736	-0.027709015411642612
2021-03-09	12070	12070	11688	11937	1007	-0.01962877792378448
2021-03-10	12279	12279	12011	12041	659	0.008712406802379169
2021-03-11	12110	12508	12051	12429	223	0.03222323727265186
2021-03-12	12726	12726	12553	12633	1274	0.016413227130098962
2021-03-15	12613	12613	12488	12553	303	-0.0063326209134805245
2021-03-16	12528	12528	12383	12449	437	-0.008284872142117372
2021-03-17	12498	12498	12190	12250	763	-0.01598521969636113
2021-03-18	12433	12518	12433	12464	189	0.017469387755101984
2021-03-19	12239	12373	12204	12355	349	-0.008745186136071892
2021-03-22	12363	12363	12080	12265	580	-0.007284500202347277
2021-03-23	12363	12368	12046	12096	3253	-0.013779046066041634
2021-03-24	12036	12180	12036	12181	1044	0.007027116402116507
2021-03-25	12224	12239	12095	12161	732	-0.0016419013217305878
2021-03-26	12239	12284	12115	12270	529	0.008963078694186333
2021-03-29	12428	12428	12190	12191	710	-0.006438467807660997
2021-03-30	12244	12423	12209	12404	1465	0.017471905504060414
2021-03-31	12498	12508	12349	12400	472	-0.00032247662044504466
2021-04-01	12493	12498	12408	12494	430	0.007580645161290311
2021-04-02	12627	12627	12483	12528	441	0.002721306226988851
2021-04-05	12533	12533	12329	12385	365	-0.011414431673052339
2021-04-06	12448	12478	12363	12469	503	0.006782398062171957
2021-04-07	12523	12568	12443	12504	344	0.0028069612639345376
2021-04-08	12513	12578	12403	12563	556	0.004718490083173377
2021-04-09	12662	12751	12657	12728	72	0.013133805619676808
2021-04-12	12891	12931	12831	12871	1570	0.011235072281583935
2021-04-13	12931	13124	12931	13086	788	0.016704218786419034
2021-04-14	13199	13229	13149	13225	1936	0.010622038820113033
2021-04-15	13323	13438	13249	13354	2450	0.009754253308128513
2021-04-16	13383	13383	13273	13354	1594	0.0
2021-04-19	13403	13408	13318	13339	266	-0.0011232589486296352
2021-04-20	13318	13318	13209	13274	781	-0.004872929005172777
2021-04-21	13219	13219	12946	12946	389	-0.024709959318969466
2021-04-22	13025	13025	12906	12906	113	-0.003089757454039832
2021-04-23	12881	12956	12781	12896	1132	-0.0007748334108166333
2021-04-26	12961	12961	12871	12931	83	0.0027140198511166336
2021-04-27	13005	13020	12886	12886	1128	-0.0034800092800247873
2021-04-28	12931	12931	12613	12613	303	-0.02118578302033214
2021-04-29	12747	12827	12618	12658	687	0.0035677475620392585
2021-04-30	12707	12707	12428	12489	517	-0.01335124032232582
2021-05-03	12408	12423	12159	12170	417	-0.02554247738009452
2021-05-04	12099	12373	12040	12374	158	0.016762530813475784
2021-05-06	12324	12373	12244	12374	388	0.0
2021-05-07	12448	12568	12433	12509	80	0.010909972523032163
2021-05-10	12573	12722	12573	12688	380	0.014309697018146883
2021-05-11	12583	12583	12388	12444	730	-0.019230769230769273
2021-05-12	12428	12458	12204	12279	97	-0.013259402121504338
2021-05-13	12059	12174	12005	12070	845	-0.017020930043163074
2021-05-14	12154	12324	12134	12324	258	0.02104391052195531
2021-05-17	12359	12403	12219	12254	134	-0.005679974034404456
2021-05-18	12304	12443	12304	12404	364	0.012240900930308385
2021-05-20	12453	12518	12393	12518	245	0.009190583682683107
2021-05-21	12608	12653	12538	12608	474	0.007189646908451808
2021-05-24	12623	12623	12418	12464	397	-0.011421319796954266
2021-05-25	12493	12573	12468	12573	1113	0.008745186136071892
2021-05-26	12623	12623	12513	12513	82	-0.00477213075638272
2021-05-27	12513	12593	12329	12593	181	0.006393350915048446
2021-05-28	12628	12628	12518	12593	602	0.0
2021-05-31	12603	12603	12483	12568	475	-0.001985229889621243
2021-06-01	12588	12648	12553	12573	249	0.00039783577339269627
2021-06-02	12658	12658	12473	12479	341	-0.007476338184999598
2021-06-03	12498	12598	12498	12513	628	0.0027245772898469856
2021-06-04	12483	12488	12349	12479	376	-0.002717174138895495
2021-06-07	12553	12603	12478	12538	143	0.004727942944146246
2021-06-08	12623	12638	12573	12603	254	0.005184239910671629
2021-06-09	12618	12618	12518	12518	203	-0.006744425930334086
2021-06-10	12558	12772	12558	12728	960	0.01677584278638755
2021-06-11	12842	12912	12827	12887	67	0.012492143306096715
2021-06-14	12962	13156	12952	13146	1895	0.020097772949484005
2021-06-15	13196	13196	13106	13181	563	0.0026624068157614644
2021-06-16	13141	13141	13036	13102	671	-0.005993475457097386
2021-06-17	13061	13156	13046	13146	403	0.0033582659136008886
2021-06-18	13206	13315	13206	13316	915	0.012931690247984129
2021-06-21	13246	13365	13211	13346	1817	0.002252928807449761
2021-06-22	13455	13455	13315	13356	786	0.0007492881762325432
2021-06-23	13425	13729	13425	13724	3668	0.027553159628631363
2021-06-24	13799	13799	13500	13575	1866	-0.010856893034100867
2021-06-25	13629	13629	13280	13281	955	-0.02165745856353596
2021-06-28	13335	13385	13300	13306	212	0.0018823883743694925
2021-06-29	13420	13420	13355	13406	502	0.0075154065834961425
2021-06-30	13470	13594	13470	13575	3184	0.012606295688497582
2021-07-01	13584	13704	13530	13575	169	0.0
2021-07-02	13565	13565	13530	13535	396	-0.0029465930018416353
2021-07-05	13629	13724	13629	13675	2432	0.010343553749538215
2021-07-06	13669	13704	13609	13700	1360	0.001828153564899404
2021-07-07	13724	13754	13679	13695	665	-0.00036496350364967345
2021-07-08	13734	13789	13664	13739	1809	0.003212851405622441
2021-07-09	13634	13634	13375	13590	1157	-0.010845039668098133
2021-07-12	13669	13669	13510	13565	770	-0.0018395879323032105
2021-07-13	13684	13689	13594	13690	924	0.009214891264283098
2021-07-14	13724	13724	13654	13685	832	-0.00036523009495981196
2021-07-15	13634	13714	13629	13710	1109	0.001826817683595161
2021-07-16	13709	13809	13709	13809	4205	0.007221006564551491
2021-07-19	13789	13789	13694	13700	856	-0.007893402853211717
2021-07-20	13574	13694	13540	13620	876	-0.005839416058394109
2021-07-21	13739	13739	13480	13480	436	-0.01027900146842875
2021-07-22	13495	13565	13495	13545	312	0.004821958456973308
2021-07-23	13619	13709	13619	13710	3394	0.012181616832779518
2021-07-26	13834	13834	13545	13595	273	-0.008388037928519276
2021-07-27	13644	13734	13614	13615	458	0.0014711290915778719
2021-07-28	13614	13684	13530	13585	1941	-0.0022034520749173447
2021-07-29	13609	13654	13594	13635	53	0.003680529996319404
2021-07-30	13599	13599	13390	13391	933	-0.017895122845617895
2021-08-02	13355	13515	13325	13505	295	0.008513180494361894
2021-08-03	13535	13545	13435	13435	266	-0.005183265457238018
2021-08-04	13355	13540	13325	13530	1105	0.0070710829921845075
2021-08-05	13714	13714	13599	13640	1470	0.008130081300812941
2021-08-06	13639	13664	13560	13620	22	-0.0014662756598240456
2021-08-09	13550	13594	13500	13595	46	-0.0018355359765050983
2021-08-10	13654	13704	13604	13635	309	0.0029422581831555217
2021-08-11	13639	13834	13639	13794	996	0.01166116611661172
2021-08-12	13839	13898	13794	13854	379	0.004349717268377518
2021-08-13	13854	13978	13744	13764	364	-0.006496318752706842
2021-08-17	13779	13869	13515	13575	366946	-0.013731473408892803
2021-08-18	13569	13704	13569	13705	843	0.009576427255985287
2021-08-19	13594	13804	13594	13635	85	-0.005107624954396206
2021-08-20	13634	13719	13425	13485	135	-0.011001100110010986
2021-08-23	13619	13754	13619	13655	445	0.012606599925843565
2021-08-24	13734	13734	13445	13590	252	-0.004760161113145367
2021-08-25	13624	13679	13530	13680	219	0.0066225165562914245
2021-08-26	13569	13584	13380	13401	1088	-0.020394736842105243
2021-08-27	13360	13390	13290	13341	93	-0.004477277815088443
2021-08-30	13435	13435	13325	13386	418	0.003373060490218016
2021-08-31	13390	13659	13385	13660	486	0.02046914686986412
2021-09-01	13634	13634	13440	13490	170	-0.012445095168374776
2021-09-02	13455	13455	13290	13331	298	-0.011786508524833206
2021-09-03	13350	13395	13335	13376	218	0.0033755907283774533
2021-09-06	13365	13390	13360	13361	18	-0.0011214114832536204
2021-09-07	13430	13445	13285	13356	1014	-0.0003742234862660343
2021-09-08	13295	13295	12927	12942	925	-0.030997304582210283
2021-09-09	12857	12857	12702	12708	2790	-0.018080667593880384
2021-09-10	12707	12852	12707	12798	520	0.007082152974504208
2021-09-13	12692	12722	12553	12608	1206	-0.014846069698390418
2021-09-14	12568	12677	12528	12678	999	0.005552030456852819
2021-09-15	12742	12787	12593	12723	1530	0.0035494557501183355
2021-09-16	12677	12677	12503	12509	92	-0.01681993240587909
2021-09-17	12483	12598	12483	12598	808	0.0071148772883524725
2021-09-23	12583	12712	12583	12668	1195	0.005556437529766534
2021-09-24	12667	12682	12613	12653	88	-0.0011840858856962955
2021-09-27	12712	12742	12643	12678	66	0.00197581601201291
2021-09-28	12578	12593	12458	12489	44	-0.014907714150496965
2021-09-29	12234	12443	12219	12444	2064	-0.0036031707902954846
2021-09-30	12344	12518	12344	12484	193	0.0032144005143039944
2021-10-01	12453	12453	12259	12279	67	-0.016421018904197338
2021-10-05	12060	12060	11661	11666	498	-0.04992263213616743
2021-10-06	11840	11850	11471	11472	501	-0.01662952168695353
2021-10-07	11576	11721	11541	11706	388	0.02039748953974896
2021-10-08	11800	11880	11765	11826	77	0.01025115325474113
2021-10-12	11785	11785	11601	11666	375	-0.013529511246406223
2021-10-13	11726	11880	11726	11821	191	0.013286473512772234
2021-10-14	11930	12134	11900	12135	198	0.026562896540055725
2021-10-15	12239	12239	12169	12219	157	0.006922126081582158
2021-10-18	12179	12259	12124	12145	61	-0.006056142073819437
2021-10-19	12269	12359	12264	12359	186	0.01762041992589536
2021-10-20	12553	12553	12363	12409	386	0.004045634760093897
2021-10-21	12309	12378	12259	12289	190	-0.00967040051575474
2021-10-22	12309	12438	12254	12419	262	0.010578566197412265
2021-10-25	12334	12373	12229	12364	254	-0.004428697962798989
2021-10-26	12468	12568	12468	12553	146	0.015286315108379078
2021-10-27	12553	12558	12498	12543	515	-0.0007966223213574652
2021-10-28	12543	12578	12378	12379	27	-0.013075021924579433
2021-10-29	12378	12423	12164	12180	120	-0.016075611923418665
2021-11-01	12169	12244	12154	12244	195	0.00525451559934309
2021-11-02	12344	12408	12284	12314	330	0.005717085919634046
2021-11-03	12259	12349	12214	12229	1029	-0.006902712359915575
2021-11-04	12314	12314	12149	12229	123	0.0
2021-11-05	12204	12224	12079	12214	399	-0.0012265925259629107
2021-11-08	12114	12114	11930	12045	127	-0.013836580972654278
2021-11-09	12174	12174	12064	12155	1314	0.009132420091324311
2021-11-10	12154	12204	12020	12050	130	-0.008638420403126235
2021-11-11	11960	12368	11955	12329	312	0.023153526970954408
2021-11-12	12393	12398	12314	12319	492	-0.0008110957904128302
2021-11-15	12423	12672	12423	12543	248	0.01818329409854691
2021-11-16	12598	12667	12598	12633	226	0.007175316909830087
2021-11-17	12682	12682	12408	12464	785	-0.013377661679727648
2021-11-18	12418	12563	12363	12538	110	0.00593709884467275
2021-11-19	12578	12583	12538	12583	1864	0.003589089168926529
2021-11-22	12513	12568	12403	12568	412	-0.00119208455853137
2021-11-23	12408	12408	12204	12210	164	-0.028485041374920472
2021-11-24	12209	12279	12174	12234	32	0.0019656019656020263
2021-11-25	12239	12239	12229	12229	6	-0.0004086970737289253
2021-11-26	12214	12229	12069	12165	367	-0.0052334614441083005
2021-11-29	12064	12184	11980	12040	1724	-0.01027538018906704
2021-11-30	12060	12109	11785	11831	3451	-0.01735880398671097
2021-12-01	11925	12000	11890	12000	73	0.014284506804158603
2021-12-02	11850	11950	11760	11950	1012	-0.004166666666666652
2021-12-03	11905	12124	11885	12080	230	0.01087866108786617
2021-12-06	11890	11955	11840	11925	17	-0.012831125827814538
2021-12-07	11785	11840	11765	11841	41	-0.007044025157232681
2021-12-08	11990	12159	11990	12105	8	0.022295414238662215
2021-12-09	12104	12209	12104	12210	69	0.00867410161090465
2021-12-10	12139	12174	12129	12150	32	-0.004914004914004955
2021-12-13	12129	12149	11985	11995	11	-0.01275720164609051
2021-12-14	11950	11950	11835	11881	18	-0.009503959983326427
2021-12-15	11840	11840	11790	11821	187	-0.005050079959599385
2021-12-16	11925	11985	11925	11980	41	0.013450638693849992
2021-12-17	11945	11960	11860	11960	114	-0.0016694490818029983
2021-12-20	11890	11890	11641	11641	71	-0.026672240802675606
2021-12-21	11596	11596	11476	11577	94	-0.00549780946654066
2021-12-22	11576	11576	11447	11467	92	-0.009501597996026567
2021-12-23	11466	11496	11427	11492	439	0.0021801691811285107
2021-12-24	11491	11591	11491	11522	148	0.002610511660285475
2021-12-27	11521	11521	11501	11502	21	-0.0017358097552507834
2021-12-28	11516	11646	11516	11646	424	0.012519561815336422
2021-12-29	11726	11726	11631	11666	45	0.0017173278378841417
2021-12-30	11676	11676	11591	11592	173	-0.006343219612549245
2022-01-03	11760	11760	11596	11626	142	0.0029330572808834443
2022-01-04	11636	11636	11486	11517	272	-0.009375537588164451
2022-01-05	11312	11332	11187	11208	343	-0.026829903620734563
2022-01-06	11078	11078	10883	10889	2183	-0.028461812990720925
2022-01-07	10993	11018	10953	10964	47	0.0068876848195427165
2022-01-10	10849	10908	10779	10864	2060	-0.009120758847136035
2022-01-11	10938	10973	10839	10904	54	0.003681885125184081
2022-01-12	11053	11252	11053	11253	1499	0.0320066030814381
2022-01-13	11232	11232	11118	11133	425	-0.010663822980538473
2022-01-14	10933	10943	10634	10704	118	-0.03853408784694157
2022-01-17	10724	10724	10480	10545	421	-0.014854260089686044
2022-01-18	10574	10649	10475	10505	170	-0.003793266951161667
2022-01-19	10420	10460	10315	10366	130	-0.013231794383626871
2022-01-20	10410	10569	10330	10570	51	0.019679722168628233
2022-01-21	10495	10495	10400	10440	171	-0.012298959318826852
2022-01-24	10315	10340	10211	10291	221	-0.014272030651340972
2022-01-25	10221	10221	9897	9922	2401	-0.03585657370517925
2022-01-26	9932	9976	9752	9753	236	-0.017032856278975994
2022-01-27	9652	9652	9189	9190	556	-0.05772582795037429
2022-01-28	9189	9423	9094	9399	51	0.022742110990206843
2022-02-03	9643	9702	9553	9553	102	0.016384721778912592
2022-02-04	9558	9732	9558	9733	2472	0.018842248508321946
2022-02-07	9732	9732	9563	9628	109	-0.010788040686324885
2022-02-08	9618	9722	9563	9583	200	-0.004673867885334415
2022-02-09	9593	9593	9548	9568	223	-0.0015652718355421147
2022-02-10	9737	9737	9633	9638	173	0.007316053511705611
2022-02-11	9553	9553	9378	9419	139	-0.022722556547001505
2022-02-14	9264	9418	9204	9419	32087	0.0
2022-02-15	9373	9398	9214	9229	60	-0.02017199278054993
2022-02-16	9353	9443	9348	9444	31	0.023296131758587135
2022-02-17	9438	9563	9368	9464	67	0.0021177467174926523
2022-02-18	9348	9408	9319	9399	158	-0.006868131868131844
2022-02-21	9269	9433	9219	9434	488	0.0037238004042983164
2022-02-22	9289	9289	9194	9279	176	-0.016429934280262848
2022-02-23	9329	9329	9259	9304	28	0.002694255846535265
2022-02-24	9144	9144	8905	8945	175	-0.03858555460017199
2022-02-25	9054	9174	9054	9135	60	0.02124091671324768
2022-02-28	9139	9139	9134	9135	42	0.0
2022-03-02	9358	9378	9329	9329	107	0.021237000547345453
2022-03-03	9423	9603	9423	9598	20	0.028834816164647892
2022-03-04	9468	9468	9319	9349	90	-0.02594290477182748
2022-03-07	9194	9194	9045	9095	55	-0.027168681142368145
2022-03-08	9005	9154	9005	9100	10	0.0005497526113249496
2022-03-10	9309	9339	9279	9329	68	0.025164835164835253
2022-03-11	9339	9339	9169	9190	109	-0.014899774895487217
2022-03-14	9254	9324	9254	9264	69	0.00805223068552774
2022-03-15	9234	9259	9184	9195	67	-0.007448186528497436
2022-03-16	9264	9319	9204	9319	65	0.013485589994562286
2022-03-17	9568	9697	9568	9603	30	0.030475372894087416
2022-03-18	9648	9682	9608	9683	244	0.008330729980214446
2022-03-21	9767	9767	9583	9583	1174	-0.010327377878756594
2022-03-22	9548	9548	9488	9528	98	-0.0057393300636543465
2022-03-23	9667	9667	9608	9663	188	0.01416876574307313
2022-03-24	9583	9593	9473	9588	102	-0.007761564731449844
2022-03-25	9608	9608	9568	9588	36	0.0
2022-03-28	9458	9548	9443	9508	10	-0.008343763037129692
2022-03-29	9652	9652	9613	9628	7	0.01262095077829195
2022-03-30	9772	9777	9712	9738	79	0.011425010386373113
2022-03-31	9787	9842	9787	9827	205	0.009139453686588528
2022-04-01	9792	9792	9702	9708	245	-0.012109494250534203
2022-04-04	9628	9812	9628	9812	128	0.010712814173877261
2022-04-05	9847	9902	9837	9882	75	0.00713412148389736
2022-04-06	9817	9822	9742	9743	65	-0.014065978546852875
2022-04-07	9638	9638	9548	9553	25	-0.019501180334599244
2022-04-08	9618	9618	9498	9573	25	0.0020935831675912286
2022-04-11	9378	9383	9348	9384	76	-0.019743027264180535
2022-04-12	9289	9289	9189	9264	27	-0.012787723785166238
2022-04-13	9304	9443	9289	9444	100	0.01943005181347157
2022-04-14	9463	9533	9438	9528	31	0.008894536213468918
2022-04-15	9378	9478	9378	9429	18	-0.010390428211586866
2022-04-18	9348	9393	9329	9359	277	-0.007423904974016349
2022-04-19	9418	9463	9388	9464	148	0.011219147344801783
2022-04-20	9418	9433	9388	9399	36	-0.006868131868131844
2022-04-21	9393	9398	9358	9359	503	-0.004255771890626647
2022-04-22	9219	9219	9149	9190	285	-0.018057484774014365
2022-04-25	9054	9054	8970	8995	102	-0.021218715995647397
2022-04-26	9129	9209	9119	9140	53	0.016120066703724234
2022-04-27	8900	9045	8880	9045	91	-0.010393873085339123
2022-04-28	9125	9205	9100	9190	1258	0.01603095632946383
2022-04-29	9335	9335	9270	9305	35	0.012513601741022784
2022-05-02	9215	9215	9160	9205	51	-0.010746910263299325
2022-05-03	9260	9310	9240	9285	8	0.00869092884302014
2022-05-04	9340	9340	9180	9180	5	-0.011308562197092087
2022-05-06	9015	9055	9015	9055	106	-0.013616557734204782
2022-05-09	8980	9025	8905	8925	55	-0.014356709000552192
2022-05-10	8790	8860	8660	8815	179	-0.012324929971988752
2022-05-11	8820	8895	8820	8895	46	0.009075439591605283
2022-05-12	8745	8825	8600	8600	73	-0.03316469926925236
2022-05-13	8620	8675	8615	8675	108	0.008720930232558155
2022-05-16	8755	8755	8630	8630	47	-0.005187319884726205
2022-05-17	8630	8660	8620	8640	319	0.0011587485515642815
2022-05-18	8800	8800	8755	8795	7	0.01793981481481488
2022-05-19	8565	8650	8565	8635	23	-0.01819215463331436
2022-05-20	8785	8955	8785	8950	7	0.03647944412275628
2022-05-23	9005	9015	8955	8975	6	0.0027932960893854997
2022-05-24	8980	8980	8805	8805	25	-0.018941504178273005
2022-05-25	8815	8975	8815	8925	5	0.013628620102214661
2022-05-26	9035	9035	8955	8955	8	0.003361344537815114
2022-05-27	9060	9060	8980	8980	8	0.0027917364600782424
2022-05-30	9085	9145	9085	9145	14	0.01837416481069032
2022-05-31	9105	9210	9105	9195	266	0.005467468562055711
2022-06-02	9205	9205	9175	9175	33	-0.002175095160413254
2022-06-03	9255	9255	9125	9240	13	0.00708446866485013
2022-06-07	9195	9195	9075	9195	13	-0.004870129870129913
2022-06-08	9090	9230	9090	9150	601	-0.004893964110929905
2022-06-09	9150	9240	9150	9210	55	0.006557377049180246
2022-06-10	9145	9160	9125	9145	25	-0.007057546145494031
2022-06-13	8975	8975	8850	8885	228	-0.028430836522689962
2022-06-14	8745	8845	8700	8830	55	-0.006190208216094506
2022-06-15	8790	8790	8585	8600	21	-0.02604756511891282
2022-06-16	8785	8810	8620	8620	74	0.0023255813953488857
2022-06-17	8440	8660	8440	8625	1360	0.000580046403712231
2022-06-20	8730	8730	8545	8570	15	-0.006376811594202891
2022-06-21	8640	8690	8600	8640	6	0.008168028004667427
2022-06-22	8635	8635	8465	8465	463	-0.02025462962962965
2022-06-23	8470	8560	8395	8400	38	-0.007678676904902537
2022-06-24	8395	8750	8395	8750	33	0.04166666666666674
2022-06-27	8805	8860	8780	8780	25	0.0034285714285713365
2022-06-28	8825	8825	8730	8775	5	-0.0005694760820045275
2022-06-29	8685	8685	8590	8590	35	-0.021082621082621045
2022-06-30	8550	8550	8310	8310	30	-0.03259604190919674
2022-07-01	8345	8345	8060	8060	210	-0.030084235860409092
2022-07-04	8080	8145	8055	8145	21	0.010545905707195935
2022-07-05	8170	8395	8170	8395	205	0.030693677102516803
2022-07-06	8415	8535	8415	8440	11	0.005360333531864159
2022-07-07	8495	8555	8490	8530	6	0.010663507109004655
2022-07-08	8645	8645	8510	8565	8	0.004103165298944944
2022-07-11	8565	8565	8495	8495	7	-0.008172796263864579
2022-07-12	8475	8475	8405	8470	246	-0.002942907592701549
2022-07-13	8470	8540	8470	8540	63	0.008264462809917328
2022-07-14	8565	8630	8565	8590	13	0.005854800936768045
