Date	Open	High	Low	Close	Volume	Change
2020-11-10	12410	12410	12235	12237	538	
2020-11-11	12260	12270	12135	12272	30	0.002860178148238912
2020-11-12	12295	12295	12215	12217	80	-0.004481747066492847
2020-11-13	12155	12270	12071	12272	67	0.004501923549152798
2020-11-16	12230	12230	12130	12132	57	-0.011408083441981742
2020-11-17	12091	12195	12091	12192	30	0.004945598417408492
2020-11-18	12215	12400	12215	12402	31	0.017224409448818978
2020-11-19	12490	12525	12445	12516	79	0.00919206579583931
2020-11-20	12535	12535	12535	12536	65	0.0015979546180888704
2020-11-23	12650	12710	12650	12665	54	0.010290363752393006
2020-11-24	12685	12865	12685	12865	96	0.01579155151993694
2020-11-25	12944	13218	12944	12945	532	0.0062184220753984665
2020-11-26	12994	13173	12944	13175	67	0.017767477790652686
2020-11-27	13233	13298	13228	13300	83	0.009487666034155628
2020-11-30	13443	13443	13223	13225	466	-0.005639097744360888
2020-12-01	13393	13488	13338	13470	54	0.018525519848771266
2020-12-02	13563	13613	13463	13614	1051	0.010690423162583507
2020-12-03	13648	13763	13648	13763	797	0.01094461583663886
2020-12-04	13833	14112	13833	14113	227	0.025430502070769467
2020-12-07	14296	14411	14112	14413	296	0.02125699709487705
2020-12-08	14421	14436	13798	13798	2104	-0.042669811975300065
2020-12-09	13943	14018	13943	14018	519	0.015944339759385473
2020-12-10	13833	14117	13818	14098	105	0.005706948209444951
2020-12-11	14281	14281	14122	14123	888	0.0017733011774718754
2020-12-14	14161	14161	14008	14008	86	-0.008142745875522217
2020-12-15	14072	14072	13813	13983	2958	-0.001784694460308378
2020-12-16	14057	14057	13983	14058	535	0.005363655867839601
2020-12-17	14018	14087	13973	14078	74	0.0014226774790155883
2020-12-18	14117	14117	13993	14058	1032	-0.0014206563432305197
2020-12-21	14087	14251	14087	14253	140	0.013871105420401264
2020-12-22	14246	14301	14008	14023	475	-0.016136953623798522
2020-12-23	14136	14136	13913	13978	463	-0.003209013763103452
2020-12-24	14037	14042	13868	13983	27	0.00035770496494480497
2020-12-28	14042	14047	13768	13783	284	-0.014303082314238713
2020-12-29	14266	14366	14087	14353	1789	0.04135529275194072
2020-12-30	14381	14576	14286	14558	2898	0.014282728349473972
2021-01-04	14596	14971	14461	14971	4218	0.02836928149471074
2021-01-05	14966	15081	14771	15076	216	0.007013559548460391
2021-01-06	15199	15324	15051	15056	663	-0.0013266118333775667
2021-01-07	15254	15404	15031	15381	616	0.021586078639745043
2021-01-08	15634	16099	15499	16099	1829	0.04668097002795646
2021-01-11	16347	16712	15874	16239	2265	0.008696192310081452
2021-01-12	16187	16222	15719	16054	1773	-0.011392327113738498
2021-01-13	16054	16222	16054	16174	1055	0.007474772642332095
2021-01-14	16029	16163	15879	15879	1127	-0.018239149251885745
2021-01-15	15859	15964	15459	15461	1151	-0.02632407582341456
2021-01-18	15284	15509	14921	14921	593	-0.03492658948321581
2021-01-19	15036	15384	14996	15376	1516	0.030493934722873872
2021-01-20	15544	15544	15274	15466	1854	0.005853277835587978
2021-01-21	15659	15689	15514	15601	1080	0.00872882451829815
2021-01-22	15659	16019	15659	15909	4845	0.01974232420998656
2021-01-25	15974	16168	15889	16169	1324	0.016342950531145872
2021-01-26	16267	16267	15879	15994	2886	-0.010823180159564627
2021-01-27	16124	16277	15979	16064	808	0.004376641240465107
2021-01-28	15659	15969	15654	15904	1197	-0.009960159362549792
2021-01-29	15909	15984	15394	15521	205	-0.024081991951710235
2021-02-01	15624	16079	15499	16064	485	0.03498485922298822
2021-02-02	16222	16347	16173	16194	2193	0.00809262948207179
2021-02-03	16412	16462	16232	16464	1381	0.016672841793256676
2021-02-04	16377	16377	16089	16199	327	-0.016095724003887257
2021-02-05	16422	16477	16124	16319	1223	0.007407864683005139
2021-02-08	16272	16307	16178	16179	298	-0.00857895704393652
2021-02-09	16247	16247	16064	16064	195	-0.007107979479572313
2021-02-10	16163	16317	15964	16304	620	0.014940239043824688
2021-02-15	16452	16527	16377	16459	2219	0.00950686947988233
2021-02-16	16547	16547	16382	16429	1631	-0.0018227109787958273
2021-02-17	16342	16427	16297	16429	205	0.0
2021-02-18	16427	16427	16227	16229	1356	-0.012173595471422494
2021-02-19	16173	16272	15959	16274	936	0.0027728140982192784
2021-02-22	16232	16232	15764	15784	525	-0.03010937692024085
2021-02-23	15614	15614	15424	15506	191	-0.017612772427774925
2021-02-24	15419	15474	14891	14981	362	-0.0338578614729782
2021-02-25	15239	15484	15184	15486	552	0.03370936519591483
2021-02-26	15179	15179	14831	15036	170	-0.0290585044556374
2021-03-02	15424	15424	15061	15201	53	0.010973663208300177
2021-03-03	15184	15334	15169	15336	1016	0.008880994671403242
2021-03-04	15254	15384	15169	15186	60	-0.009780907668231587
2021-03-05	15046	15046	14826	15041	57	-0.009548268141709504
2021-03-08	15081	15081	14631	14631	115	-0.027258825875939086
2021-03-09	14481	14481	14082	14333	106	-0.020367712391497483
2021-03-10	14681	14681	14461	14463	50	0.00906997837158996
2021-03-11	14536	14986	14536	14986	34	0.0361612390237156
2021-03-12	15219	15219	15149	15161	99	0.011677565728012818
2021-03-15	15036	15056	15026	15056	47	-0.006925664534001674
2021-03-16	15021	15021	14911	14976	27	-0.005313496280552554
2021-03-17	14991	14991	14626	14746	64	-0.015357905982905984
2021-03-18	14981	15011	14961	14961	102	0.014580225145802261
2021-03-19	14686	14821	14661	14811	32	-0.010026067776218173
2021-03-22	14811	14811	14606	14711	257	-0.00675173857268252
2021-03-23	14831	14831	14441	14513	101	-0.01345931615797702
2021-03-24	14491	14636	14491	14636	115	0.008475160201198984
2021-03-25	14656	14656	14591	14597	31	-0.0026646624760863213
2021-03-26	14666	14736	14536	14736	219	0.00952250462423776
2021-03-29	14771	14771	14666	14671	211	-0.004410966340933742
2021-03-30	14681	14896	14681	14866	103	0.013291527503237699
2021-03-31	14916	14931	14861	14861	1025	-0.00033633795237453246
2021-04-01	14921	15006	14921	15006	147	0.009757082295942299
2021-04-02	15105	15105	14966	15031	113	0.0016660002665600526
2021-04-05	14946	14946	14826	14871	39	-0.010644667686780629
2021-04-06	14926	14961	14911	14961	23	0.0060520476094412246
2021-04-07	15026	15026	14921	15001	50	0.0026736180736581794
2021-04-08	15056	15139	15026	15141	27	0.009332711152589823
2021-04-09	15249	15249	15184	15251	139	0.007265041939105821
2021-04-12	15454	15454	15414	15441	526	0.012458199462330288
2021-04-13	15509	15744	15509	15744	218	0.019623081406644705
2021-04-14	15889	15899	15819	15899	179	0.00984502032520318
2021-04-15	16442	16442	15774	15969	97	0.0044027926284671
2021-04-16	15979	16069	15919	16069	497	0.006262132882459692
2021-04-19	16024	16024	15919	15999	789	-0.004356213827867328
2021-04-20	15969	15969	15849	15929	271	-0.004375273454590878
2021-04-21	15789	15789	15569	15601	75	-0.020591374223115078
2021-04-22	15639	15639	15424	15426	344	-0.011217229664765127
2021-04-23	15359	15519	15359	15521	22	0.0061584338130429295
2021-04-26	15504	15514	15444	15516	100	-0.000322144191740259
2021-04-27	15564	15624	15524	15526	59	0.0006444960041247505
2021-04-28	15429	15429	15135	15136	425	-0.0251191549658637
2021-04-29	15325	15410	15135	15216	40	0.005285412262156397
2021-04-30	15096	15096	14886	15011	2015	-0.013472660357518373
2021-05-03	14891	14921	14521	14601	96	-0.027313303577376602
2021-05-04	14556	14836	14486	14836	98	0.016094788028217177
2021-05-06	14771	14806	14716	14806	42	-0.002022108385009491
2021-05-07	14901	15011	14901	15006	24	0.013508037282182972
2021-05-10	15140	15225	15076	15226	75	0.014660802345728419
2021-05-11	15091	15100	14886	14911	70	-0.020688296335216072
2021-05-12	14951	14951	14666	14716	140	-0.013077593722754965
2021-05-13	14511	14581	14461	14497	49	-0.014881761348192413
2021-05-14	14646	14791	14601	14791	221	0.020280057943022678
2021-05-17	14831	14831	14671	14691	70	-0.006760868095463501
2021-05-18	14821	14926	14821	14926	20	0.015996188142400003
2021-05-20	14941	15016	14941	15016	27	0.0060297467506365
2021-05-21	15190	15190	15061	15136	29	0.007991475759190125
2021-05-24	15021	15021	14936	14951	57	-0.012222515856236793
2021-05-25	14996	15115	14981	15116	29	0.011036051100260957
2021-05-26	15120	15120	14961	15031	430	-0.005623180735644384
2021-05-27	14971	15105	14811	15106	235	0.0049896879781783365
2021-05-28	15041	15150	15041	15101	186	-0.00033099430689786935
2021-05-31	15096	15096	14976	15071	54	-0.001986623402423726
2021-06-01	15091	15125	15091	15126	101	0.0036493928737311165
2021-06-02	15165	15165	14981	14981	254	-0.009586143064921337
2021-06-03	15001	15071	14971	15066	183	0.0056738535478273455
2021-06-04	14936	14966	14876	14966	176	-0.00663746183459446
2021-06-07	15115	15115	14961	15066	260	0.006681812107443452
2021-06-08	15150	15150	15105	15106	20	0.0026549847338377397
2021-06-09	15125	15125	15001	15046	66	-0.003971931682775098
2021-06-10	15120	15295	15120	15296	279	0.016615711817094203
2021-06-11	15370	15475	15370	15471	390	0.011440899581590003
2021-06-14	15470	15825	15470	15825	94	0.022881520263719146
2021-06-15	15785	15795	15725	15795	428	-0.0018957345971564177
2021-06-16	15685	15705	15640	15705	659	-0.005698005698005715
2021-06-17	15645	15760	15645	15760	24	0.003502069404648145
2021-06-18	15865	15975	15865	15975	174	0.013642131979695327
2021-06-21	15915	16040	15845	16040	126	0.0040688575899843205
2021-06-22	16060	16060	15950	16005	235	-0.00218204488778051
2021-06-23	16105	16424	16105	16425	1229	0.026241799437675795
2021-06-24	16484	16484	16239	16270	644	-0.009436834094368352
2021-06-25	16239	16239	15980	15980	84	-0.0178242163491088
2021-06-28	16015	16015	15920	15935	74	-0.0028160200250313405
2021-06-29	15945	16045	15945	16045	1051	0.006903043614684634
2021-06-30	16155	16259	16155	16205	235	0.009971953879713391
2021-07-01	16374	16394	16239	16265	77	0.003702560937982158
2021-07-02	16254	16274	16204	16205	48	-0.0036889025514909024
2021-07-05	16374	16404	16314	16385	156	0.011107682813946251
2021-07-06	16374	16384	16344	16385	1119	0.0
2021-07-07	16409	16519	16334	16470	65	0.005187671650900283
2021-07-08	16474	16594	16474	16475	23	0.00030358227079529954
2021-07-09	16334	16374	16095	16295	33	-0.010925644916540245
2021-07-12	16294	16294	16219	16270	31	-0.0015342129487573297
2021-07-13	16269	16429	16269	16430	60	0.009834050399508243
2021-07-14	16424	16424	16344	16360	305	-0.004260499087035963
2021-07-15	16384	16449	16309	16450	383	0.005501222493887514
2021-07-16	16319	16554	16319	16555	661	0.006382978723404209
2021-07-19	16464	16464	16394	16395	51	-0.009664753850800345
2021-07-20	16369	16379	16264	16360	459	-0.002134797194266569
2021-07-21	16419	16419	16085	16150	160	-0.012836185819070867
2021-07-22	16209	16229	16175	16230	80	0.004953560371516952
2021-07-23	16314	16454	16304	16455	53	0.013863216266173817
2021-07-26	16479	16544	16299	16300	25	-0.009419629292008458
2021-07-27	16274	16389	16274	16390	2433	0.005521472392638005
2021-07-28	16359	16359	16239	16270	328	-0.007321537522879784
2021-07-29	16329	16339	16329	16340	22	0.004302397049784856
2021-07-30	16279	16279	16060	16070	97	-0.01652386780905757
2021-08-02	16055	16234	16055	16235	20	0.010267579340385913
2021-08-03	16204	16209	16045	16110	130	-0.007699414844471786
2021-08-04	16025	16224	15975	16225	31	0.007138423339540623
2021-08-05	16369	16419	16339	16340	30	0.007087827426810467
2021-08-06	16379	16379	16239	16325	95	-0.0009179926560587415
2021-08-09	16239	16284	16194	16285	138	-0.00245022970903519
2021-08-10	16409	16409	16359	16360	93	0.004605465151980459
2021-08-11	16364	16519	16364	16445	287	0.005195599022004949
2021-08-12	16614	16629	16534	16600	39	0.009425357251444222
2021-08-13	16694	16694	16539	16540	30	-0.0036144578313253017
2021-08-17	16554	16554	16254	16265	46	-0.01662636033857312
2021-08-18	16249	16419	16249	16420	30	0.009529664924684988
2021-08-19	16254	16554	16254	16315	39	-0.006394640682095054
2021-08-20	16349	16384	16175	16175	25	-0.00858106037388906
2021-08-23	16269	16429	16269	16360	42	0.011437403400309076
2021-08-24	16444	16444	16209	16210	147	-0.00916870415647919
2021-08-25	16314	16369	16209	16370	247	0.009870450339296788
2021-08-26	16239	16299	16035	16080	104	-0.017715332926084293
2021-08-27	15990	16030	15950	16030	44	-0.003109452736318463
2021-08-30	16179	16179	15955	16055	841	0.001559575795383683
2021-08-31	16025	16294	16025	16295	151	0.014948614138897476
2021-09-01	16279	16279	16150	16160	56	-0.008284749923289314
2021-09-02	16030	16030	15925	15945	312983	-0.013304455445544594
2021-09-03	15990	16020	15990	16020	20	0.00470366886171214
2021-09-06	16030	16040	16015	16040	23	0.0012484394506866447
2021-09-07	16105	16105	15980	16005	320	-0.00218204488778051
2021-09-08	15875	15875	15520	15531	143	-0.02961574507966258
2021-09-09	15400	15400	15190	15246	326	-0.018350395982229095
2021-09-10	15300	15315	15240	15316	42	0.0045913682277318735
2021-09-13	15190	15190	15041	15056	408	-0.016975711674066307
2021-09-14	15056	15190	14996	15191	627	0.008966524973432533
2021-09-15	15255	15280	15140	15236	391	0.0029622802975446394
2021-09-16	15230	15230	14966	14981	594	-0.01673667629299025
2021-09-17	14981	15071	14951	15071	36	0.0060076096388759215
2021-09-23	15076	15200	15076	15176	885	0.0069670227589411216
2021-09-24	15330	15330	15130	15191	79	0.0009884027411701801
2021-09-27	15220	15220	15165	15201	44	0.0006582845105653767
2021-09-28	15125	15125	14946	14946	380	-0.016775212157094876
2021-09-29	14706	14841	14691	14841	909	-0.007025291047771942
2021-09-30	14811	14991	14781	14991	387	0.010107135637760223
2021-10-01	14871	14911	14691	14701	46	-0.01934494029751188
2021-10-05	14496	14496	13972	13972	891	-0.0495884633698388
2021-10-06	14126	14126	13742	13742	280	-0.016461494417406186
2021-10-07	13922	14021	13822	14022	52	0.020375491194877027
2021-10-08	14161	14161	14076	14157	34	0.00962772785622601
2021-10-12	14116	14116	13877	13967	32	-0.013420922511831579
2021-10-13	14031	14166	14031	14167	350	0.014319467315815793
2021-10-14	14291	14531	14291	14532	107	0.025764099668243112
2021-10-15	14646	14646	14566	14631	252	0.006812551610239526
2021-10-18	14651	14656	14546	14547	147	-0.005741234365388537
2021-10-19	14686	14836	14666	14836	33	0.019866639169588307
2021-10-20	14966	15011	14856	14856	349	0.0013480722566729941
2021-10-21	14841	14841	14731	14761	458	-0.0063947226709747396
2021-10-22	14761	14871	14721	14871	21	0.007452069642978065
2021-10-25	14916	14916	14681	14816	39	-0.003698473539102909
2021-10-26	14946	14986	14936	14986	147	0.011474082073434033
2021-10-27	15051	15051	14976	15031	165	0.00300280261577468
2021-10-28	15155	15155	14871	14871	37	-0.010644667686780629
2021-10-29	14866	14866	14586	14596	154	-0.018492367695514766
2021-11-01	14601	14651	14601	14651	33	0.0037681556590847265
2021-11-02	14661	14826	14661	14751	185	0.006825472663982035
2021-11-03	14901	14901	14576	14626	767	-0.008474001762592387
2021-11-04	14746	14746	14571	14636	39	0.0006837139340900578
2021-11-05	14771	14771	14486	14646	29	0.0006832467887400995
2021-11-08	14526	14526	14301	14432	52	-0.014611498019937219
2021-11-09	14526	14566	14436	14566	54	0.009284922394678485
2021-11-10	14591	14591	14451	14452	30	-0.007826445146230987
2021-11-11	14336	14761	14336	14741	626	0.01999723221699412
2021-11-12	14926	14926	14736	14821	408	0.00542704022793572
2021-11-15	14956	15115	14956	15006	259	0.012482288644490858
2021-11-16	15026	15115	15026	15116	33	0.007330401172864098
2021-11-17	15115	15280	14886	14936	237	-0.011907912146070343
2021-11-18	14946	15026	14816	15026	38	0.006025709694697401
2021-11-19	15021	15071	14996	15071	40	0.002994808997737186
2021-11-22	14976	15056	14876	15056	823	-0.0009952889655630015
2021-11-23	14916	14916	14626	14641	103	-0.027563761955366584
2021-11-24	14701	14701	14551	14661	172	0.001366026910730067
2021-11-25	14691	14741	14651	14651	31	-0.0006820817133892376
2021-11-26	14701	14701	14496	14571	338	-0.005460378131185606
2021-11-29	14531	14531	14356	14357	314	-0.014686706471758959
2021-11-30	14506	14536	14141	14182	293	-0.012189176011701663
2021-12-01	14311	14361	14311	14362	35	0.012692144972500374
2021-12-02	14161	14301	14061	14302	51	-0.004177691129369165
2021-12-03	14251	14501	14251	14497	21	0.013634456719340049
2021-12-06	14331	14331	14201	14317	44	-0.012416362005932213
2021-12-07	14236	14256	14121	14152	54	-0.011524760773905185
2021-12-08	14416	14541	14416	14512	497	0.02543810062182028
2021-12-09	14571	14611	14541	14611	39	0.006821940463064946
2021-12-10	14491	14546	14491	14547	20	-0.004380261446855105
2021-12-13	14561	14561	14366	14367	51	-0.012373685295937298
2021-12-14	14286	14286	14171	14222	37	-0.010092573258161042
2021-12-15	14181	14181	14131	14152	27	-0.0049219519054984895
2021-12-16	14371	14371	14286	14332	25	0.01271905031091003
2021-12-17	14271	14311	14271	14312	20	-0.0013954786491766624
2021-12-20	14261	14261	13962	13962	30	-0.02445500279485746
2021-12-21	13892	13902	13862	13902	34	-0.0042973785990545466
2021-12-22	13892	13892	13722	13722	58	-0.01294777729823049
2021-12-23	13752	13752	13692	13752	54	0.0021862702229995534
2021-12-24	13817	13857	13792	13792	45	0.002908667830133771
2021-12-27	13807	13807	13737	13787	112	-0.0003625290023201444
2021-12-28	13807	13947	13807	13947	55	0.01160513527235807
2021-12-29	14071	14071	13977	13982	23	0.002509500250950092
2021-12-30	13972	13972	13867	13902	33	-0.005721642111285896
2022-01-03	14101	14101	13962	13962	46	0.004315925766076756
2022-01-04	13882	13957	13792	13792	151	-0.01217590603065466
2022-01-05	13597	13597	13412	13448	78	-0.02494199535962882
2022-01-06	13192	13282	13022	13038	103	-0.030487804878048808
2022-01-07	13177	13177	13127	13148	21	0.008436876821598327
2022-01-10	13087	13087	12967	13018	24	-0.009887435351384255
2022-01-11	13162	13162	13012	13053	23	0.0026885850361038077
2022-01-12	13292	13472	13292	13473	25	0.03217651114686282
2022-01-13	13362	13362	13332	13363	23	-0.008164477102352907
2022-01-14	12977	12977	12753	12788	308	-0.04302925989672979
2022-01-17	12843	12843	12553	12613	146	-0.013684704410384718
2022-01-18	12683	12723	12543	12543	23	-0.005549829540949847
2022-01-19	12423	12423	12288	12408	43	-0.010762975364745242
2022-01-20	12458	12623	12373	12623	25	0.017327530625403043
2022-01-21	12563	12563	12408	12493	773	-0.010298661174047319
2022-01-24	12393	12393	12248	12324	27	-0.013527575442247697
2022-01-25	12228	12228	11849	11849	230	-0.03854268094774427
2022-01-26	11883	11883	11679	11679	46	-0.01434720229555242
2022-01-27	11484	11554	11044	11045	966	-0.05428546964637382
2022-01-28	11024	11254	10979	11255	124844	0.019013128112268074
2022-02-03	11544	11579	11414	11459	5819	0.018125277654375882
2022-02-04	11439	11639	11429	11639	39	0.015708176978793897
2022-02-07	11634	11634	11439	11514	67	-0.010739754274422197
2022-02-08	11544	11564	11494	11494	22	-0.0017370158068438224
2022-02-09	11474	11474	11419	11449	29	-0.0039150861318949515
2022-02-10	11604	11604	11554	11554	21	0.00917110664686871
2022-02-11	11274	11279	11239	11280	26	-0.0237147308291501
2022-02-14	11154	11184	11079	11155	19569	-0.011081560283687897
2022-02-15	11229	11229	11024	11030	24	-0.011205737337516841
2022-02-16	11199	11289	11199	11290	22	0.02357207615593837
2022-02-17	11374	11399	11129	11320	10837	0.0026572187776794376
2022-02-18	11204	11244	11149	11245	31	-0.006625441696113121
2022-02-21	11124	11264	10989	11265	159	0.0017785682525566227
2022-02-22	11094	11094	11009	11095	45	-0.015090989791389231
2022-02-23	11179	11179	11129	11130	20	0.003154574132492094
2022-02-24	10949	10949	10660	10705	29	-0.03818508535489673
2022-02-25	10864	10994	10864	10995	22	0.027090144792153215
2022-02-28	10954	11164	10954	11165	21	0.015461573442473897
2022-03-02	11219	11219	11159	11200	23	0.0031347962382444194
2022-03-03	11294	11474	11294	11474	51	0.024464285714285605
2022-03-04	11314	11314	11174	11185	205	-0.025187380163848694
2022-03-07	10994	10994	10829	10890	59	-0.026374608851139958
2022-03-08	10760	10884	10760	10875	27	-0.0013774104683195176
2022-03-10	11124	11154	11109	11110	23	0.021609195402298775
2022-03-11	11194	11194	11029	11030	25	-0.007200720072007227
2022-03-14	11064	11084	11064	11080	33	0.00453309156844961
2022-03-15	11014	11059	10959	10990	121	-0.008122743682310474
2022-03-16	11104	11159	11014	11160	63	0.015468607825295688
2022-03-17	11474	11574	11474	11489	54	0.029480286738351236
2022-03-18	11549	11589	11494	11589	30	0.008703977717817057
2022-03-21	11589	11589	11464	11464	320	-0.010786090258003256
2022-03-22	11344	11409	11344	11409	20	-0.004797627355198841
2022-03-23	11564	11564	11494	11544	791	0.011832763607678043
2022-03-24	11499	11509	11379	11509	106	-0.003031878031877988
2022-03-25	11504	11504	11459	11459	21	-0.004344426101312027
2022-03-28	11319	11389	11319	11389	20	-0.00610873549175317
2022-03-29	11559	11559	11469	11529	160	0.012292562999385304
2022-03-30	11654	11689	11649	11649	26	0.01040853499869887
2022-03-31	11689	11759	11689	11754	25	0.009013649240278143
2022-04-01	11679	11679	11624	11634	33	-0.010209290454313402
2022-04-04	11514	11729	11514	11729	33	0.008165721162111117
2022-04-05	11834	11868	11834	11869	20	0.01193622644726755
2022-04-06	11744	11744	11659	11659	36	-0.01769315022327067
2022-04-07	11509	11509	11414	11444	28	-0.018440689596020188
2022-04-08	11489	11489	11434	11434	20	-0.000873820342537579
2022-04-11	11304	11304	11219	11220	33	-0.018716109847822238
2022-04-12	11159	11159	10999	11065	27	-0.013814616755793208
2022-04-13	11124	11289	11124	11290	20	0.02033438770899232
2022-04-14	11319	11384	11319	11384	20	0.008325952170062045
2022-04-15	11219	11274	11219	11275	20	-0.009574841883345009
2022-04-18	11269	11269	11189	11190	21	-0.007538802660753907
2022-04-19	11329	11329	11284	11305	23	0.010277033065236862
2022-04-20	11264	11264	11244	11245	34	-0.005307386112339718
2022-04-21	11254	11254	11184	11185	61	-0.00533570475767009
2022-04-22	11024	11024	10939	10990	24	-0.01743406347787213
2022-04-25	10819	10819	10755	10755	25	-0.021383075523202955
2022-04-26	10874	10934	10874	10935	20	0.01673640167364021
2022-04-27	10680	10799	10680	10785	120	-0.013717421124828544
2022-04-28	10895	11000	10895	11000	20	0.019935095039406603
2022-04-29	11045	11130	11045	11130	20	0.011818181818181728
2022-05-02	11055	11055	11000	11040	21	-0.008086253369272267
2022-05-03	11070	11095	11070	11095	20	0.004981884057970953
2022-05-04	11165	11165	10970	10970	23	-0.01126633618747186
2022-05-06	10750	10815	10750	10815	20	-0.014129443938012742
2022-05-09	10770	10770	10655	10655	279	-0.014794267221451718
2022-05-10	10490	10575	10385	10575	21	-0.0075082121069920404
2022-05-11	10575	10675	10575	10675	20	0.009456264775413725
2022-05-12	10505	10505	10275	10300	23	-0.03512880562060894
2022-05-13	10375	10410	10355	10410	35	0.010679611650485477
2022-05-16	10550	10550	10305	10315	122	-0.009125840537944296
2022-05-17	10335	10365	10335	10365	20	0.004847309743092554
2022-05-18	10495	10510	10465	10510	21	0.013989387361312167
2022-05-19	10275	10365	10275	10365	49	-0.013796384395813543
2022-05-20	10420	10700	10420	10700	20	0.03232030873130731
2022-05-23	10740	10775	10740	10775	20	0.007009345794392496
2022-05-24	10720	10720	10485	10485	1622	-0.02691415313225054
2022-05-25	10600	10695	10575	10695	21	0.02002861230329045
2022-05-26	10800	10805	10675	10700	32	0.0004675081813931836
2022-05-27	10880	10880	10770	10770	21	0.006542056074766434
2022-05-30	10855	10925	10855	10925	20	0.014391829155060432
2022-05-31	10895	11020	10895	11020	20	0.008695652173912993
2022-06-02	10990	10990	10960	10960	20	-0.005444646098003658
2022-06-03	11105	11105	11085	11085	20	0.011405109489051046
2022-06-07	10940	10940	10810	10840	137	-0.022101939557961248
2022-06-08	10910	11035	10905	10965	231952	0.011531365313653064
2022-06-09	10925	11000	10925	11000	21	0.0031919744642043835
2022-06-10	10965	10970	10965	10970	20	-0.0027272727272726893
2022-06-13	10720	10720	10615	10615	21	-0.03236098450319047
2022-06-14	10445	10550	10445	10550	20	-0.00612341026848795
2022-06-15	10550	10550	10280	10290	22	-0.024644549763033208
2022-06-16	10505	10515	10300	10300	36	0.0009718172983479434
2022-06-17	10110	10350	10110	10350	20	0.004854368932038833
2022-06-20	10510	10510	10180	10250	21	-0.009661835748792313
2022-06-21	10365	10365	10320	10355	22	0.0102439024390244
2022-06-22	10320	10320	10105	10110	123	-0.023660067600193124
2022-06-23	10135	10210	10045	10045	120	-0.00642927794263104
2022-06-24	10160	10445	10160	10445	20	0.03982080637132901
2022-06-27	10540	10595	10525	10525	23	0.0076591670655816735
2022-06-28	10545	10545	10480	10480	20	-0.004275534441805173
2022-06-29	10400	10400	10295	10295	20	-0.017652671755725158
2022-06-30	10215	10215	9955	9955	138	-0.03302574065080133
2022-07-01	10030	10030	9675	9675	32	-0.02812656956303361
2022-07-04	9660	9725	9660	9725	20	0.0051679586563306845
2022-07-05	9845	10070	9845	10070	36	0.03547557840616977
2022-07-06	10050	10205	10035	10065	26	-0.0004965243296921606
2022-07-07	10200	10230	10200	10230	20	0.016393442622950838
2022-07-08	10360	10360	10235	10235	31	0.0004887585532746819
2022-07-11	10235	10235	10190	10190	21	-0.004396678065461623
2022-07-12	10160	10160	10125	10125	20	-0.006378802747791901
2022-07-13	10170	10245	10170	10245	20	0.01185185185185178
2022-07-14	10230	10280	10230	10280	38	0.00341630063445586
