Date	Open	High	Low	Close	Volume	Change
2020-11-06	10127	10532	9992	9993	560257	
2020-11-09	10212	10307	10177	10243	498383	0.025017512258580954
2020-11-10	9888	9892	9723	9748	628124	-0.04832568583422825
2020-11-11	9648	9693	9618	9653	303643	-0.009745588838736108
2020-11-12	9863	9863	9778	9828	185552	0.0181290790427846
2020-11-13	10152	10162	9803	9863	211491	0.0035612535612534746
2020-11-16	9987	9987	9907	9938	257205	0.007604177228023978
2020-11-17	9942	9952	9883	9908	229148	-0.003018716039444591
2020-11-18	9873	9878	9813	9813	201413	-0.009588211546225245
2020-11-19	9813	9878	9808	9873	328121	0.0061143381228983
2020-11-20	9932	9957	9907	9943	253090	0.007090043553124703
2020-11-23	9907	9907	9878	9878	586392	-0.006537262395655219
2020-11-24	9912	9912	9878	9888	702472	0.001012350678274876
2020-11-25	10002	10037	9967	9988	680399	0.010113268608414216
2020-11-26	10042	10062	10017	10028	414776	0.004004805766920194
2020-11-27	10017	10022	9982	10018	460696	-0.0009972078181093025
2020-11-30	10122	10122	10042	10048	588872	0.002994609702535511
2020-12-01	10187	10222	10172	10198	399896	0.014928343949044631
2020-12-02	10252	10252	10172	10198	510499	0.0
2020-12-03	10197	10222	10182	10188	355121	-0.0009805844283192755
2020-12-04	10192	10192	10072	10073	403918	-0.0112877895563408
2020-12-07	10077	10122	10077	10093	168855	0.001985505807604593
2020-12-08	10202	10207	10132	10163	162098	0.006935499851382199
2020-12-09	10202	10232	10177	10208	161438	0.004427826429203918
2020-12-10	10007	10032	9957	9993	344558	-0.021061912225705304
2020-12-11	10057	10087	10017	10053	170586	0.0060042029420595
2020-12-14	10082	10097	10067	10078	79723	0.0024868198547696174
2020-12-15	10137	10157	10117	10128	51702	0.004961301845604282
2020-12-16	10177	10272	10177	10268	74061	0.013823064770932092
2020-12-17	10302	10337	10302	10332	86712	0.006232956758862596
2020-12-18	10387	10422	10387	10422	59644	0.008710801393728262
2020-12-21	10457	10492	10417	10487	65485	0.006236806754941426
2020-12-22	10447	10487	10442	10452	71910	-0.0033374654333937492
2020-12-23	10487	10502	10437	10482	57777	0.002870264064293915
2020-12-24	10427	10432	10382	10387	184951	-0.00906315588628126
2020-12-28	10387	10487	10387	10432	177010	0.004332338500048216
2020-12-29	10452	10527	10452	10487	48326	0.005272239263803602
2020-12-30	10462	10462	10417	10437	81340	-0.004767807761991039
2021-01-04	10407	10412	10357	10387	91242	-0.004790648653827723
2021-01-05	10277	10292	10252	10288	216188	-0.009531144700105854
2021-01-06	10347	10387	10187	10248	234156	-0.0038880248833592645
2021-01-07	10227	10322	10227	10298	82843	0.004879000780640075
2021-01-08	10587	10607	10397	10532	206964	0.02272285880753544
2021-01-11	10637	10682	10637	10652	783801	0.011393847322445971
2021-01-12	10577	10597	10547	10587	1317565	-0.006102140443109305
2021-01-13	10522	10547	10502	10537	1233767	-0.004722773212430309
2021-01-14	10592	10652	10592	10592	839377	0.005219702002467574
2021-01-15	10552	10557	10487	10512	1235378	-0.007552870090634434
2021-01-18	10487	10512	10477	10507	693208	-0.0004756468797564306
2021-01-19	10532	10622	10532	10612	635106	0.009993337774816702
2021-01-20	10687	10702	10657	10702	698964	0.008480964945344782
2021-01-21	10901	10966	10876	10927	427638	0.02102410764343121
2021-01-22	10966	10996	10941	10972	379885	0.004118239223940723
2021-01-25	11031	11076	11011	11032	336704	0.0054684651841050425
2021-01-26	11046	11051	10996	11027	756615	-0.0004532269760696428
2021-01-27	11121	11151	11116	11141	495916	0.010338260632991814
2021-01-28	10736	10871	10721	10872	534228	-0.024145049815994968
2021-01-29	10911	11531	10771	10817	797694	-0.005058866813833718
2021-02-01	10667	10796	10642	10772	504695	-0.004160118332254825
2021-02-02	11031	11096	11001	11072	436610	0.027849981433345716
2021-02-03	11206	11246	11176	11241	792321	0.015263728323699377
2021-02-04	11146	11166	11121	11156	615673	-0.0075616048394271385
2021-02-05	11466	11466	11221	11386	628530	0.02061670849766939
2021-02-08	11351	11406	11336	11401	532967	0.0013174073423503074
2021-02-09	11386	11391	11341	11371	612201	-0.0026313481273572137
2021-02-10	11326	11366	11316	11326	437884	-0.003957435581742996
2021-02-15	11371	11396	11351	11351	472176	0.002207310612749369
2021-02-16	11366	11396	11351	11376	511277	0.002202449123425154
2021-02-17	11336	11356	11301	11356	461902	-0.0017580872011251358
2021-02-18	11281	11286	11196	11251	588662	-0.009246213455442076
2021-02-19	11226	11226	11166	11211	373882	-0.003555239534263621
2021-02-22	11321	11321	11156	11171	617419	-0.003567924360003527
2021-02-23	10951	11091	10921	10997	599322	-0.015576045116820314
2021-02-24	10861	10936	10796	10797	635719	-0.018186778212239685
2021-02-25	11136	11136	10951	10992	784886	0.018060572381217055
2021-02-26	10786	10786	10577	10672	611229	-0.02911208151382827
2021-03-02	11041	11081	11026	11067	1321709	0.03701274362818596
2021-03-03	10951	10981	10921	10962	722360	-0.009487666034155628
2021-03-04	10781	10781	10502	10557	688809	-0.036945812807881784
2021-03-05	10407	10462	10362	10427	412593	-0.012314104385715674
2021-03-08	10766	10846	10387	10567	580633	0.013426680732713248
2021-03-09	10477	10572	10472	10522	715701	-0.004258540740039729
2021-03-10	10836	10851	10786	10827	704812	0.028986884622695275
2021-03-11	10791	10866	10786	10862	330055	0.0032326590930082943
2021-03-12	11101	11101	10936	10942	284935	0.007365126127784949
2021-03-15	10941	10966	10901	10902	291044	-0.003655638822884333
2021-03-16	10991	11076	10991	11037	233862	0.012383048981838174
2021-03-17	11051	11071	11036	11062	241633	0.002265108272175409
2021-03-18	11066	11091	11016	11052	266156	-0.0009039956608207778
2021-03-19	10741	10801	10702	10737	200283	-0.028501628664495127
2021-03-22	10821	10886	10811	10857	241898	0.0111763062307908
2021-03-23	10991	10991	10916	10932	167132	0.006907985631389835
2021-03-24	10981	11016	10981	11002	185110	0.006403219904866475
2021-03-25	10826	10836	10786	10817	470637	-0.016815124522814084
2021-03-26	10821	10866	10791	10827	110074	0.000924470740501171
2021-03-29	10981	10981	10806	10832	479932	0.0004618084418583912
2021-03-30	10921	10926	10891	10892	235588	0.005539143279172931
2021-03-31	10891	10896	10841	10857	144389	-0.0032133676092545027
2021-04-01	11026	11076	10991	11077	411866	0.020263424518743633
2021-04-02	11236	11236	11196	11211	456895	0.012097138214318015
2021-04-05	11211	11216	11176	11186	208320	-0.00222995272500226
2021-04-06	11401	11401	11301	11301	296824	0.010280708027891938
2021-04-07	11311	11316	11256	11286	117611	-0.0013273161667108901
2021-04-08	11286	11416	11286	11416	428621	0.01151869572922215
2021-04-09	11471	11486	11441	11456	308618	0.0035038542396637062
2021-04-12	11476	11565	11476	11556	473700	0.008729050279329575
2021-04-13	11560	11585	11545	11556	329469	0.0
2021-04-14	11645	11680	11610	11611	333298	0.004759432329525692
2021-04-15	11481	11516	11471	11516	258333	-0.008181896477478245
2021-04-16	11655	11660	11595	11601	415422	0.007381035081625464
2021-04-19	11615	11705	11615	11676	450141	0.006464959917248603
2021-04-20	11565	11570	11506	11511	608880	-0.014131551901336081
2021-04-21	11436	11461	11396	11461	423455	-0.004343671270958249
2021-04-22	11521	11585	11516	11581	383164	0.0104702905505627
2021-04-23	11486	11486	11431	11431	433086	-0.012952249373974656
2021-04-26	11531	11565	11516	11521	408163	0.00787332691803
2021-04-27	11570	11605	11570	11591	526039	0.006075861470358435
2021-04-28	11570	11580	11540	11556	297259	-0.0030195841601242668
2021-04-29	11531	11565	11516	11556	205441	0.0
2021-04-30	11481	11511	11451	11511	274990	-0.003894080996884708
2021-05-03	11516	11585	11516	11586	170061	0.006515506906437318
2021-05-04	11585	11630	11461	11511	228653	-0.006473329880890777
2021-05-06	11426	11426	11271	11316	330328	-0.016940317956737005
2021-05-07	11341	11401	11341	11356	171249	0.003534817956875269
2021-05-10	11381	11421	11351	11351	247364	-0.00044029587883054333
2021-05-11	11236	11236	10981	11057	299880	-0.0259008016914809
2021-05-12	11056	11141	11036	11112	251292	0.004974224473184519
2021-05-13	10956	10996	10946	10972	281686	-0.012598992080633531
2021-05-14	11006	11101	11001	11067	199039	0.008658403208166243
2021-05-17	11241	11301	11211	11296	219510	0.020692147826872676
2021-05-18	11276	11286	11231	11271	189268	-0.0022131728045325927
2021-05-20	11271	11271	11106	11141	210983	-0.011534025374855816
2021-05-21	11321	11351	11176	11326	389789	0.016605331657840505
2021-05-24	11206	11286	11206	11266	212762	-0.005297545470598575
2021-05-25	11416	11456	11391	11451	223251	0.016421090005325656
2021-05-26	11446	11451	11351	11381	182285	-0.00611300323115882
2021-05-27	11381	11411	11356	11361	190574	-0.0017573148229504953
2021-05-28	11386	11396	11346	11346	179507	-0.0013203063110641677
2021-05-31	11356	11386	11316	11326	185410	-0.001762735765908685
2021-06-01	11291	11296	11251	11271	196157	-0.0048560833480487675
2021-06-02	11266	11301	11241	11301	176114	0.0026616981634282055
2021-06-03	11306	11341	11306	11336	195360	0.0030970710556588177
2021-06-04	11221	11241	11206	11216	204863	-0.010585744530698604
2021-06-07	11366	11381	11341	11361	73207	0.012927960057061316
2021-06-08	11416	11476	11416	11466	82237	0.009242144177449063
2021-06-09	11471	11491	11451	11461	54276	-0.00043607186464333925
2021-06-10	11461	11476	11456	11461	40713	0.0
2021-06-11	11545	11565	11531	11546	70506	0.007416455806648736
2021-06-14	11625	11655	11615	11636	47500	0.0077949073272129965
2021-06-15	11715	11765	11715	11746	84746	0.009453420419388125
2021-06-16	11695	11695	11670	11681	79132	-0.005533798739996598
2021-06-17	11675	11725	11645	11711	66006	0.0025682732642753336
2021-06-18	11770	12160	11770	11955	97455	0.02083511228759294
2021-06-21	11840	11875	11825	11866	119549	-0.007444583856127118
2021-06-22	11915	11940	11890	11916	99584	0.004213719871902999
2021-06-23	12020	12105	12015	12105	121441	0.015861027190332333
2021-06-24	12090	12105	12065	12065	288111	-0.00330441966129702
2021-06-25	12085	12105	12045	12060	139691	-0.0004144218814753353
2021-06-28	12060	12090	12045	12085	85630	0.0020729684908789014
2021-06-29	12205	12210	12175	12180	109942	0.007860984691766548
2021-06-30	12275	12300	12225	12225	164213	0.003694581280788256
2021-07-01	12230	12290	12230	12285	118441	0.004907975460122671
2021-07-02	12285	12290	12260	12275	83575	-0.0008140008140008481
2021-07-05	12399	12399	12360	12375	61082	0.008146639511201537
2021-07-06	12399	12424	12355	12365	59673	-0.0008080808080808133
2021-07-07	12464	12544	12459	12530	99415	0.013344116457743693
2021-07-08	12614	12614	12569	12595	99027	0.0051875498802873565
2021-07-09	12559	12579	12519	12580	130122	-0.0011909487892021176
2021-07-12	12649	12659	12629	12655	119956	0.0059618441971383
2021-07-13	12784	13473	12669	12685	116635	0.002370604504148499
2021-07-14	12704	12749	12704	12725	109016	0.0031533307055577886
2021-07-15	12714	12729	12664	12685	108264	-0.003143418467583481
2021-07-16	12564	12574	12514	12560	168588	-0.009854158454867923
2021-07-19	12469	12529	12459	12530	96876	-0.0023885350318471055
2021-07-20	12494	12534	12494	12530	75727	0.0
2021-07-21	12594	12654	12589	12655	54229	0.00997605746209107
2021-07-22	12714	12744	12699	12710	77576	0.00434610825760573
2021-07-23	12839	12839	12804	12829	93737	0.009362706530291032
2021-07-26	12964	12989	12944	12979	77593	0.011692259724062737
2021-07-27	12979	12979	12924	12929	93181	-0.0038523769165574873
2021-07-28	12819	12864	12819	12849	126198	-0.006187640188722976
2021-07-29	12844	12854	12764	12819	100936	-0.002334812047630197
2021-07-30	12694	12719	12664	12715	124520	-0.008112957328964776
2021-08-02	12854	12909	12844	12884	137967	0.01329138812426267
2021-08-03	12834	12864	12804	12819	102454	-0.0050450170754423596
2021-08-04	12854	12874	12814	12839	84821	0.0015601841017240936
2021-08-05	12854	12884	12829	12844	52832	0.00038943842978422794
2021-08-06	12894	12914	12884	12899	136669	0.004282155091871687
2021-08-09	12834	12849	12814	12839	115879	-0.004651523373904953
2021-08-10	12894	12929	12894	12924	80422	0.006620453306332319
2021-08-11	12914	12959	12909	12949	43641	0.0019343856391209613
2021-08-12	12889	12979	12889	12974	64427	0.0019306510155223666
2021-08-13	13059	13124	13039	13119	98751	0.01117619855094798
2021-08-17	13159	13263	13149	13239	96179	0.009147038646238226
2021-08-18	13134	13139	13059	13069	179588	-0.012840849006722554
2021-08-19	12984	13014	12934	12934	156018	-0.010329788048052624
2021-08-20	13054	13109	13034	13094	83793	0.012370496366166606
2021-08-23	13228	13248	13203	13229	73759	0.010310065678936997
2021-08-24	13358	13363	13308	13319	169970	0.00680323531635052
2021-08-25	13323	13358	13298	13354	124533	0.002627824911780152
2021-08-26	13328	13368	13298	13359	105382	0.0003744196495432117
2021-08-27	13323	13358	13308	13344	100026	-0.0011228385358185156
2021-08-30	13383	13398	13358	13394	129147	0.003747002398081456
2021-08-31	13553	13553	13498	13534	159100	0.01045244139166801
2021-09-01	13468	13468	13428	13469	180485	-0.004802719077877882
2021-09-02	13458	13513	13448	13504	140634	0.0025985596555051504
2021-09-03	13458	13463	13428	13454	144460	-0.0037026066350710485
2021-09-06	13453	13508	13453	13509	81128	0.004088003567712217
2021-09-07	13508	13543	13503	13529	49379	0.0014804944851580792
2021-09-08	13568	13618	13548	13618	84749	0.006578461083598164
2021-09-09	13558	13593	13548	13564	127433	-0.003965339991188088
2021-09-10	13558	13598	13533	13569	112113	0.00036862282512539757
2021-09-13	13568	13568	13488	13544	201301	-0.0018424349620458358
2021-09-14	13493	13518	13463	13464	135997	-0.005906674542232704
2021-09-15	13453	13463	13403	13414	151920	-0.0037136066547831525
2021-09-16	13533	13553	13458	13504	121182	0.006709408081109203
2021-09-17	13543	13603	13543	13589	81365	0.006294431279620927
2021-09-23	13483	13563	13308	13309	462007	-0.020604901022886146
2021-09-24	13403	13423	13363	13384	94481	0.005635284394019058
2021-09-27	13468	13483	13448	13479	71120	0.007098027495517023
2021-09-28	13333	13378	13318	13339	105283	-0.010386527190444417
2021-09-29	13074	13114	13059	13074	225201	-0.019866556713396766
2021-09-30	13074	13124	13049	13104	92953	0.0022946305644790943
2021-10-01	12984	13019	12889	12899	150322	-0.0156440781440782
2021-10-05	12774	12839	12739	12799	136013	-0.0077525389565082925
2021-10-06	13054	13054	12889	12924	73260	0.009766387999062376
2021-10-07	13129	13208	13124	13209	66974	0.022051996285979536
2021-10-08	13223	13273	13203	13234	79633	0.0018926489514725642
2021-10-12	13104	13109	13049	13074	67225	-0.01209007102916726
2021-10-13	13049	13054	12989	13004	66423	-0.00535413798378459
2021-10-14	13119	13139	13089	13114	49080	0.008458935712088556
2021-10-15	13293	13313	13243	13274	72179	0.012200701540338477
2021-10-18	13343	13353	13293	13319	74034	0.0033900858821755975
2021-10-19	13563	13563	13438	13449	54538	0.0097604925294692
2021-10-20	13493	13508	13423	13444	75314	-0.0003717748531489873
2021-10-21	13478	13478	13408	13444	59604	0.0
2021-10-22	13488	13538	13488	13494	101620	0.0037191312109490227
2021-10-25	13448	13448	13358	13374	136811	-0.008892841262783446
2021-10-26	13513	13563	13498	13549	87612	0.01308509047405404
2021-10-27	13553	13588	13493	13584	96497	0.0025832164735404284
2021-10-28	13658	13658	13608	13618	211510	0.002502944640753846
2021-10-29	13648	13658	13603	13618	112653	0.0
2021-11-01	13663	13938	13663	13898	333892	0.020561022176531107
2021-11-02	13933	13933	13873	13893	302275	-0.00035976399481940646
2021-11-03	13938	14047	13938	14038	249854	0.010436910674440414
2021-11-04	14212	14242	14182	14243	156190	0.01460321983188484
2021-11-05	14422	14437	14402	14432	203823	0.013269676332233304
2021-11-08	14577	14577	14352	14373	232784	-0.004088137472283759
2021-11-09	14372	14372	14297	14313	207020	-0.004174493842621585
2021-11-10	14227	14242	14202	14238	150258	-0.005239991616013406
2021-11-11	14097	14167	14092	14093	235286	-0.010184014608793368
2021-11-12	14142	14157	14067	14113	155637	0.001419144256013638
2021-11-15	14287	14302	14237	14238	108499	0.008857082122865512
2021-11-16	14237	14272	14197	14223	107196	-0.0010535187526338197
2021-11-17	14352	14392	14342	14363	116613	0.009843211699360088
2021-11-18	14362	14397	14347	14378	133156	0.001044350066142119
2021-11-19	14522	14632	14492	14612	270885	0.016274864376130127
2021-11-22	14687	14722	14667	14672	174346	0.004106214070626946
2021-11-23	14582	14582	14452	14462	234873	-0.014312977099236623
2021-11-24	14447	14452	14407	14442	131157	-0.0013829345871940735
2021-11-25	14477	14547	14472	14547	118690	0.007270461154964769
2021-11-26	14517	14542	14447	14472	274761	-0.005155702206640522
2021-11-29	14182	14442	14142	14403	261661	-0.0047678275290216066
2021-11-30	14552	14562	14377	14427	217565	0.0016663195167674338
2021-12-01	14307	14397	14252	14398	110369	-0.0020101199140500903
2021-12-02	14372	14372	13958	13968	301301	-0.02986525906375881
2021-12-03	13998	14082	13943	14083	112136	0.008233104238258848
2021-12-06	13908	13908	13843	13878	148753	-0.014556557551658078
2021-12-07	13943	14032	13933	14018	98073	0.010087908920593636
2021-12-08	14352	14387	14307	14368	73652	0.024967898416321965
2021-12-09	14327	14352	14302	14318	111528	-0.003479955456570205
2021-12-10	14207	14222	14157	14208	81525	-0.007682637239837975
2021-12-13	14377	14432	14362	14388	47082	0.012668918918918859
2021-12-14	14217	14227	14167	14183	79852	-0.014247984431470684
2021-12-15	14172	14172	14042	14083	118512	-0.007050694493407561
2021-12-16	14387	14447	14357	14447	127218	0.02584676560391963
2021-12-17	14302	14302	13938	13938	256562	-0.03523222814425142
2021-12-20	13913	14182	13808	13828	327762	-0.00789209355718179
2021-12-21	13953	14042	13903	14038	111031	0.0151865779577669
2021-12-22	14412	14412	14127	14183	78527	0.010329106710357694
2021-12-23	14317	14342	14287	14303	48347	0.008460833392089029
2021-12-24	14397	14437	14367	14432	77477	0.009019086904845208
2021-12-27	14432	14467	14422	14442	94730	0.0006929046563193264
2021-12-28	14612	14657	14487	14647	81404	0.01419470987397875
2021-12-29	14637	14647	14592	14632	98439	-0.0010241004983956303
2021-12-30	14552	14602	14502	14602	78965	-0.002050300710770947
2022-01-03	14562	14602	14522	14567	93142	-0.0023969319271333056
2022-01-04	14592	14717	14592	14712	93511	0.009954005629161822
2022-01-05	14482	14522	14447	14447	180301	-0.018012506797172367
2022-01-06	14122	14142	13988	14038	463478	-0.02831037585657925
2022-01-07	14182	14217	14127	14138	128130	0.007123521869212057
2022-01-10	13918	14003	13898	13988	174147	-0.010609704342905646
2022-01-11	13973	13973	13878	13878	144747	-0.007863883328567356
2022-01-12	14027	14097	14012	14083	135984	0.014771580919440863
2022-01-13	14077	14077	14017	14038	50320	-0.0031953419015834372
2022-01-14	13738	13753	13658	13733	168509	-0.021726741701097008
2022-01-17	13808	13848	13788	13823	81702	0.006553557125172915
2022-01-18	13823	13833	13673	13698	64031	-0.009042899515300573
2022-01-19	13533	13533	13368	13419	150722	-0.02036793692509853
2022-01-20	13313	13428	13298	13429	94506	0.000745212012817742
2022-01-21	13139	13139	12984	13084	342772	-0.025690669446719827
2022-01-24	12924	12969	12914	12969	184951	-0.008789361051666167
2022-01-25	12914	12919	12699	12779	205538	-0.014650319993831484
2022-01-26	12669	12709	12584	12710	119556	-0.0053994835276626185
2022-01-27	12754	12799	12419	12480	248831	-0.01809598741148699
2022-01-28	12634	12734	12614	12730	99596	0.020032051282051322
2022-02-03	13253	13298	13223	13294	128076	0.0443047918303221
2022-02-04	13223	13243	13164	13214	119642	-0.0060177523694899815
2022-02-07	13149	13164	13054	13154	80422	-0.004540638716512779
2022-02-08	13059	13059	12989	13014	69339	-0.01064315037251029
2022-02-09	13188	13213	13144	13199	41580	0.014215460273551583
2022-02-10	13373	13398	13353	13394	66489	0.01477384650352298
2022-02-11	13198	13198	12984	13019	117455	-0.02799761087053909
2022-02-14	12744	12764	12689	12695	197781	-0.02488670404792992
2022-02-15	12774	12789	12714	12770	137660	0.005907837731390364
2022-02-16	13009	13019	12979	13019	68386	0.019498825371965456
2022-02-17	13004	13014	12884	12964	117676	-0.004224594822951122
2022-02-18	12664	12744	12614	12715	170381	-0.019207034865782124
2022-02-21	12704	12709	12345	12520	137044	-0.015336217066456936
2022-02-22	12484	12484	11486	12200	120657	-0.025559105431309903
2022-02-23	12419	12439	12364	12425	85256	0.018442622950819665
2022-02-24	12035	12055	11735	11801	489609	-0.05022132796780687
2022-02-25	12285	12484	12285	12405	362826	0.05118210321159222
2022-02-28	12444	12684	12384	12435	207945	0.002418379685610539
2022-03-02	12619	12659	12554	12630	168757	0.01568154402895061
2022-03-03	12984	12984	12729	12784	151969	0.012193190815518617
2022-03-04	12684	12699	12429	12650	388937	-0.010481852315394224
2022-03-07	12649	12649	12360	12455	231463	-0.015415019762845872
2022-03-08	12170	12300	12125	12125	323100	-0.026495383380168658
2022-03-10	12624	12624	12534	12540	96676	0.03422680412371126
2022-03-11	12469	12489	12394	12485	189526	-0.004385964912280715
2022-03-14	12345	12384	12285	12385	127446	-0.00800961153384061
2022-03-15	12155	12160	12090	12120	196234	-0.021396851029471087
2022-03-16	12434	12529	12424	12495	148483	0.030940594059405857
2022-03-17	12784	12889	12634	12655	330501	0.01280512204881945
2022-03-18	12679	12699	12574	12645	302336	-0.00079020150138287
2022-03-21	13004	13019	12959	12994	160240	0.027599841834717198
2022-03-22	13034	13059	13014	13024	95638	0.00230875788825613
2022-03-23	13283	13293	13228	13269	138366	0.01881142506142508
2022-03-24	13149	13208	13139	13189	132658	-0.006029090360991751
2022-03-25	13393	13438	13368	13434	156252	0.01857608613238315
2022-03-28	13433	13448	13398	13434	107290	0.0
2022-03-29	13643	13668	13598	13638	149302	0.01518535060294779
2022-03-30	13728	13778	13693	13738	695789	0.00733245343892075
2022-03-31	13648	13688	13628	13673	74421	-0.004731401950793468
2022-04-01	13513	13543	13498	13534	99437	-0.010166020624588601
2022-04-04	13463	13503	13438	13479	125700	-0.0040638392197428486
2022-04-05	13698	13733	13678	13688	94935	0.015505601305734862
2022-04-06	13473	13483	13428	13464	280947	-0.016364699006429007
2022-04-07	13134	13193	13114	13194	122061	-0.020053475935828846
2022-04-08	13258	13313	13223	13314	130738	0.009095043201455155
2022-04-11	13094	13129	13039	13109	204751	-0.015397326122878141
2022-04-12	12894	12894	12819	12869	155679	-0.0183080326493249
2022-04-13	12824	12889	12809	12869	286824	0.0
2022-04-14	12979	13034	12964	13019	320156	0.011655917320693154
2022-04-15	13004	13004	12774	12839	63517	-0.0138259466932944
2022-04-18	12624	12689	12609	12685	96403	-0.011994703637354887
2022-04-19	12894	12909	12809	12904	76371	0.017264485612928704
2022-04-20	12994	13024	12944	12959	64104	0.004262244265344162
2022-04-21	12969	13014	12949	12994	43393	0.0027008256809939457
2022-04-22	12674	12694	12604	12670	82139	-0.024934585193166048
2022-04-25	12369	12374	12290	12365	134232	-0.024072612470402488
2022-04-26	12949	12949	12564	12625	337815	0.021027092600080843
2022-04-27	12240	12360	12200	12360	165359	-0.02099009900990101
2022-04-28	12445	12530	12360	12530	26533	0.013754045307443397
2022-04-29	12600	12740	12510	12525	148427	-0.0003990422984836428
2022-05-02	12120	12240	12115	12215	156552	-0.024750499001995996
2022-05-03	12370	12410	12310	12375	287206	0.013098649201801038
2022-05-04	12350	12375	12305	12375	54207	0.0
2022-05-06	12330	12330	12130	12180	222202	-0.015757575757575748
2022-05-09	12100	12100	11885	11940	88672	-0.019704433497536922
2022-05-10	11590	11770	11520	11770	114110	-0.014237855946398703
2022-05-11	11640	11865	11640	11840	84955	0.005947323704333041
2022-05-12	11435	11555	11400	11475	98841	-0.03082770270270274
2022-05-13	11560	11610	11545	11575	68000	0.008714596949890963
2022-05-16	11940	11940	11600	11745	45209	0.014686825053995767
2022-05-17	11730	11745	11680	11720	60013	-0.002128565346956157
2022-05-18	11900	11900	11820	11820	39889	0.008532423208191142
2022-05-19	11270	11350	11240	11330	119163	-0.04145516074450084
2022-05-20	11700	11700	11280	11335	81848	0.00044130626654892424
2022-05-23	11335	11345	11290	11325	67339	-0.0008822232024702226
2022-05-24	11190	11475	11130	11155	69932	-0.015011037527593807
2022-05-25	11155	11195	11105	11165	62791	0.0008964589870013029
2022-05-26	11235	11315	11205	11225	44475	0.0053739364084191
2022-05-27	11530	11590	11455	11480	89019	0.022717149220490063
2022-05-30	11510	11910	11510	11880	91658	0.03484320557491283
2022-05-31	11840	11840	11715	11750	69578	-0.01094276094276092
2022-06-02	11750	11750	11640	11725	56334	-0.0021276595744680327
2022-06-03	11985	11985	11910	11940	56278	0.018336886993603363
2022-06-07	11805	11815	11700	11740	54020	-0.01675041876046901
2022-06-08	11880	11885	11835	11855	40259	0.009795570698466705
2022-06-09	11835	11855	11755	11785	36824	-0.005904681568958292
2022-06-10	11610	11675	11565	11665	75429	-0.010182435299109005
2022-06-13	11155	11185	11075	11085	142268	-0.04972138876982424
2022-06-14	10945	11040	10895	11020	118638	-0.0058637798827243515
2022-06-15	10975	10990	10920	10965	69522	-0.004990925589836714
2022-06-16	11110	11210	11060	11060	54003	0.008663930688554533
2022-06-17	10890	10890	10710	10765	111419	-0.02667269439421338
2022-06-20	10940	10980	10835	10925	81532	0.014862981885740867
2022-06-21	10935	11025	10935	11020	28978	0.008695652173912993
2022-06-22	11120	11120	11005	11020	60453	0.0
2022-06-23	11060	11210	11060	11170	92495	0.013611615245008979
2022-06-24	11280	11445	11280	11410	47215	0.0214861235452104
2022-06-27	11590	11655	11555	11605	221738	0.017090271691498682
2022-06-28	11560	11570	11455	11560	41132	-0.0038776389487289453
2022-06-29	11400	11400	11200	11300	59945	-0.02249134948096887
2022-06-30	11325	11325	11155	11155	64547	-0.012831858407079677
2022-07-01	11110	11720	10985	11040	59271	-0.010309278350515427
2022-07-04	11160	11185	11115	11155	40977	0.01041666666666674
2022-07-05	11285	11310	11260	11310	36689	0.013895114298520861
2022-07-06	11455	11535	11415	11430	70205	0.010610079575596787
2022-07-07	11530	11550	11495	11530	24052	0.008748906386701671
2022-07-08	11705	11710	11665	11685	58555	0.013443191673894184
2022-07-11	11680	11700	11615	11660	36474	-0.0021394950791613354
2022-07-12	11585	11620	11510	11520	49960	-0.012006861063464824
2022-07-13	11475	11495	11450	11480	61008	-0.00347222222222221
2022-07-14	11360	11460	11325	11430	24763	-0.004355400696864131
