Date	Open	High	Low	Close	Volume	Change
2020-11-10	10358	10358	10169	10185	243804	
2020-11-11	10174	10283	10095	10220	25883	0.0034364261168384758
2020-11-12	10174	10253	10154	10180	2944	-0.003913894324853229
2020-11-13	10135	10233	10015	10155	25660	-0.0024557956777996326
2020-11-16	10213	10213	10100	10120	3532	-0.003446578040374182
2020-11-17	10120	10154	10060	10155	5324	0.0034584980237153395
2020-11-18	10218	10323	10218	10319	896	0.016149679960610452
2020-11-19	10323	10412	10313	10413	2300	0.009109409826533632
2020-11-20	10432	10462	10398	10418	3654	0.00048016901949488044
2020-11-23	10562	10592	10472	10562	6366	0.013822230754463538
2020-11-24	10650	10735	10607	10737	5629	0.016568831660670247
2020-11-25	10785	11148	10730	10791	13420	0.005029337803855727
2020-11-26	10869	10994	10740	10994	4411	0.018811972940413257
2020-11-27	10994	11113	10979	11114	12145	0.01091504456976522
2020-11-30	11187	11207	11014	11014	10759	-0.008997660608241809
2020-12-01	11232	11257	11128	11253	7771	0.021699654984565164
2020-12-02	11311	11326	11187	11323	13837	0.006220563405314072
2020-12-03	11341	11496	11287	11476	14306	0.013512320056522142
2020-12-04	11516	11763	11516	11730	10292	0.022133147438131662
2020-12-07	11963	11968	11704	11968	14219	0.020289855072463725
2020-12-08	11973	12027	11486	11496	16181	-0.03943850267379678
2020-12-09	11540	11674	11406	11646	12596	0.013048016701461274
2020-12-10	11545	11813	11481	11765	4871	0.010218100635411398
2020-12-11	11893	11923	11694	11775	6338	0.0008499787505311662
2020-12-14	11858	11858	11650	11705	4767	-0.005944798301486198
2020-12-15	11734	11734	11511	11626	4243	-0.006749252456215271
2020-12-16	11635	11739	11560	11730	4859	0.008945467056597378
2020-12-17	11714	11734	11635	11735	1367	0.0004262574595055302
2020-12-18	11768	11773	11699	11710	5669	-0.0021303792074989225
2020-12-21	11768	11883	11709	11874	11069	0.014005123825789889
2020-12-22	11878	11933	11674	11675	9866	-0.016759306046824962
2020-12-23	11803	11803	11625	11670	7713	-0.0004282655246252709
2020-12-24	11704	11724	11461	11680	3292	0.0008568980291345785
2020-12-28	11709	11709	11466	11481	8217	-0.017037671232876694
2020-12-29	11778	11928	11714	11918	13758	0.03806288650814382
2020-12-30	12007	12152	11893	12132	8940	0.017956032891424778
2021-01-04	12225	12479	11987	12465	24661	0.027448071216617187
2021-01-05	12474	12594	12320	12594	10733	0.01034897713598082
2021-01-06	12727	12916	12569	12579	11010	-0.0011910433539781273
2021-01-07	12742	12852	12559	12833	17676	0.02019238413228397
2021-01-08	13046	13413	12882	13415	19491	0.04535182732019005
2021-01-11	13662	13940	13180	13543	41819	0.009541557957510216
2021-01-12	13503	13508	12936	13420	14915	-0.00908218267739791
2021-01-13	13413	13577	13324	13454	11676	0.002533532041728792
2021-01-14	13363	13468	13224	13245	20261	-0.015534413557306337
2021-01-15	13244	13279	12847	12868	16587	-0.028463571158927947
2021-01-18	12649	12916	12360	12361	8619	-0.03940006216972336
2021-01-19	12514	12822	12444	12764	9830	0.032602540247552714
2021-01-20	13011	13011	12727	12838	13056	0.005797555625195905
2021-01-21	13016	13051	12931	13006	18175	0.013086150490730697
2021-01-22	13071	13339	13001	13265	14513	0.01991388589881593
2021-01-25	13368	13488	13244	13478	28667	0.016057293629853087
2021-01-26	13558	13558	13254	13305	21889	-0.012835732304496195
2021-01-27	13418	13563	13289	13370	10824	0.0048853814355505065
2021-01-28	13051	13368	12360	13310	26935	-0.004487658937920691
2021-01-29	13413	13413	12867	12928	20177	-0.028700225394440282
2021-02-01	12966	13373	12916	13360	46953	0.033415841584158334
2021-02-02	13548	13652	13393	13493	55978	0.009955089820359309
2021-02-03	13647	14243	13523	13732	218485	0.01771288816423322
2021-02-04	13696	13696	13408	13503	375252	-0.01667637634721819
2021-02-05	13701	13701	13423	13583	310385	0.005924609346071197
2021-02-08	13577	13950	13453	13463	372392	-0.008834572627549164
2021-02-09	13513	13513	13363	13365	20927	-0.007279209685805532
2021-02-10	13363	13513	13304	13478	10905	0.008454919566030616
2021-02-15	13682	13766	13607	13712	40618	0.017361626354058357
2021-02-16	13766	13800	13652	13692	17383	-0.0014585764294049453
2021-02-17	13706	13706	13563	13653	14957	-0.0028483786152497803
2021-02-18	13667	13761	13498	13503	14467	-0.010986596352450029
2021-02-19	13458	13567	13254	13568	47799	0.004813745093682931
2021-02-22	13910	13910	13115	13116	24184	-0.03331367924528306
2021-02-23	12936	13041	12797	12918	66838	-0.015096065873742015
2021-02-24	12862	13026	12454	12455	50016	-0.0358414615265521
2021-02-25	12663	13582	12624	12908	54633	0.03637093536732228
2021-02-26	12584	12663	12340	12500	28732	-0.03160830492717692
2021-03-02	12832	12951	12499	12644	18797	0.011519999999999975
2021-03-03	12644	12877	12579	12878	42774	0.018506801645049142
2021-03-04	12747	12872	12619	12719	360646	-0.01234663767665789
2021-03-05	12539	12539	12290	12525	33611	-0.015252771444295932
2021-03-08	12589	12589	12142	12167	6110	-0.028582834331337348
2021-03-09	12052	12052	11694	11933	18633	-0.01923234979863564
2021-03-10	12210	12235	11992	11993	5151	0.005028073409871769
2021-03-11	12102	12519	12072	12470	7091	0.039773201033936445
2021-03-12	12717	12717	12574	12629	9108	0.012750601443464404
2021-03-15	12604	12629	12484	12545	12515	-0.006651357985588691
2021-03-16	12504	12534	12350	12470	451090	-0.005978477481068167
2021-03-17	12494	12499	12181	12287	11992	-0.014675220529270283
2021-03-18	12435	12564	12415	12460	18499	0.014079921868641598
2021-03-19	12230	12350	12201	12351	8837	-0.008747993579454216
2021-03-22	12360	12360	12122	12262	3478	-0.007205894259574075
2021-03-23	12365	12395	12067	12068	3986	-0.015821236339911948
2021-03-24	12027	12220	12017	12222	2086	0.012761020881670637
2021-03-25	12206	12210	12092	12167	3398	-0.0045000818196694325
2021-03-26	12127	12280	12072	12282	4109	0.00945179584120992
2021-03-29	12425	12425	12176	12217	1599	-0.005292297671389057
2021-03-30	12215	12439	12196	12366	4499	0.012196120160432145
2021-03-31	12504	12504	12385	12386	3252	0.0016173378618793421
2021-04-01	12425	12524	12385	12525	7763	0.011222347812045896
2021-04-02	12549	12599	12499	12535	6088	0.0007984031936127955
2021-04-05	12524	12524	12320	12386	6899	-0.011886717191862739
2021-04-06	12385	12454	12385	12455	4006	0.005570805748425611
2021-04-07	12514	12574	12439	12500	8385	0.0036130068245685543
2021-04-08	12494	12599	12459	12594	8149	0.007519999999999971
2021-04-09	12614	12702	12614	12659	22600	0.005161187867238404
2021-04-12	12891	12916	12792	12858	9757	0.01572004107749425
2021-04-13	12887	13115	12857	13106	36815	0.01928760304868571
2021-04-14	13194	13314	12991	13235	242812	0.009842820082405002
2021-04-15	13309	13518	13264	13335	79969	0.0075557234605212464
2021-04-16	13378	13388	13269	13365	38255	0.0022497187851517886
2021-04-19	13339	13418	13289	13320	30871	-0.0033670033670033517
2021-04-20	13309	13314	13224	13265	21291	-0.0041291291291291055
2021-04-21	13165	13165	12951	12987	9265	-0.020957406709385618
2021-04-22	13041	13041	12896	12913	22446	-0.005698005698005715
2021-04-23	12872	12981	12722	12923	10692	0.000774413381863237
2021-04-26	12857	12996	12807	12952	37722	0.002244060976553497
2021-04-27	12981	13006	12877	12908	6450	-0.0033971587399629355
2021-04-28	12852	12852	12663	12674	20746	-0.01812829253176329
2021-04-29	12743	12863	12609	12644	7092	-0.002367050654883962
2021-04-30	12683	12688	12425	12485	21514	-0.012575134451123016
2021-05-03	12459	12459	12146	12171	8757	-0.025150180216259477
2021-05-04	12106	12355	12026	12355	7916	0.015117903212554351
2021-05-06	12305	12345	12235	12301	4718	-0.0043707001214083885
2021-05-07	12400	12554	12400	12490	804391	0.015364604503698809
2021-05-10	12629	12703	12529	12689	4521	0.015932746196957615
2021-05-11	12599	12599	12355	12440	638896	-0.019623295767988047
2021-05-12	12479	12509	12186	12271	3725	-0.01358520900321547
2021-05-13	12006	12181	11991	12072	101792	-0.016217097221090326
2021-05-14	12166	12320	12121	12321	2029	0.020626242544731666
2021-05-17	12345	12400	12181	12261	8456	-0.0048697345994643815
2021-05-18	12295	12444	12295	12440	1654	0.014599135470189983
2021-05-20	12474	12514	12415	12510	5710	0.00562700964630225
2021-05-21	12624	12663	12539	12609	13603	0.007913669064748108
2021-05-24	12589	12594	12415	12475	3349	-0.01062732968514557
2021-05-25	12514	12594	12444	12579	8176	0.008336673346693413
2021-05-26	12579	12624	12489	12535	6447	-0.003497893314253875
2021-05-27	12534	12609	12340	12559	2753	0.0019146390107698252
2021-05-28	12564	12634	12509	12545	3853	-0.0011147384345887579
2021-05-31	12594	12594	12345	12520	179543	-0.0019928258270227595
2021-06-01	12589	12668	12559	12574	3269	0.004313099041533652
2021-06-02	12654	12654	12469	12470	2668	-0.008271035470017507
2021-06-03	12469	12614	12469	12564	3475	0.007538091419406534
2021-06-04	12464	12509	12345	12495	2861	-0.005491881566380141
2021-06-07	12534	12649	12449	12535	878	0.003201280512204807
2021-06-08	12569	12644	12564	12564	9397	0.002313522138013502
2021-06-09	12564	12594	12514	12515	16946	-0.0039000318369946108
2021-06-10	12609	12763	12579	12734	7513	0.017499001198561626
2021-06-11	12793	12922	12788	12898	6537	0.012878906863514894
2021-06-14	12942	13146	12942	13147	26947	0.019305318654054826
2021-06-15	13176	13196	13072	13167	18332	0.0015212596029512415
2021-06-16	13136	13136	13037	13057	9786	-0.00835421888053467
2021-06-17	12992	13151	12987	13117	6718	0.00459523627173164
2021-06-18	13141	13301	13141	13227	17378	0.00838606388655938
2021-06-21	13216	13370	13146	13371	8001	0.010886822408709529
2021-06-22	13390	13410	13276	13331	188378	-0.0029915488744297614
2021-06-23	13370	13744	13370	13684	66954	0.026479633935938773
2021-06-24	13729	13803	13500	13510	64391	-0.01271558023969599
2021-06-25	13545	13584	13296	13351	11004	-0.011769059955588412
2021-06-28	13350	13360	13236	13281	15820	-0.005243052954834848
2021-06-29	13321	13395	13306	13381	108823	0.007529553497477526
2021-06-30	13455	13555	13430	13505	8003	0.009266870936402327
2021-07-01	13569	13689	13500	13540	13078	0.0025916327286190644
2021-07-02	13530	13560	13470	13525	16830	-0.0011078286558345862
2021-07-05	13639	13714	13609	13610	11341	0.0062846580406654695
2021-07-06	13644	13714	13619	13680	18772	0.005143277002204183
2021-07-07	13649	13779	13644	13680	13313	0.0
2021-07-08	13764	13808	13659	13660	28576	-0.0014619883040936088
2021-07-09	13584	13584	13380	13555	37147	-0.007686676427525629
2021-07-12	13604	13629	13141	13510	14914	-0.0033198081888602404
2021-07-13	13629	13704	13599	13670	78197	0.011843079200592133
2021-07-14	13669	13674	13609	13640	12208	-0.002194586686174116
2021-07-15	13644	13739	13584	13724	7697	0.006158357771260947
2021-07-16	13709	13843	13649	13814	50502	0.006557854852812683
2021-07-19	13769	13769	13669	13670	5432	-0.010424207325901214
2021-07-20	13525	13764	13525	13660	23239	-0.000731528895391409
2021-07-21	13764	13764	13445	13460	25448	-0.014641288433382083
2021-07-22	13480	13569	13465	13525	4468	0.004829123328380369
2021-07-23	13555	13749	13555	13680	40824	0.01146025878003698
2021-07-26	13774	13808	13515	13580	10394	-0.007309941520467822
2021-07-27	13634	13719	13594	13655	28570	0.005522827687776122
2021-07-28	13609	13674	13505	13545	17883	-0.008055657268399852
2021-07-29	13609	13649	13560	13640	11359	0.007013658176448834
2021-07-30	13619	13619	13375	13376	3352	-0.01935483870967747
2021-08-02	13410	13560	13331	13560	49270	0.013755980861243966
2021-08-03	13530	13535	13395	13416	19840	-0.010619469026548645
2021-08-04	13415	13540	13311	13500	13135	0.0062611806797854275
2021-08-05	13540	13709	13540	13590	11114	0.006666666666666599
2021-08-06	13664	13789	13565	13605	36211	0.001103752759381793
2021-08-09	13565	13584	13465	13545	15815	-0.004410143329658167
2021-08-10	13594	13664	13594	13625	3573	0.005906238464377989
2021-08-11	13629	13848	13629	13769	7763	0.010568807339449648
2021-08-12	13873	13898	13749	13859	21480	0.006536422398140784
2021-08-13	13933	13938	13734	13819	79574	-0.002886211126343907
2021-08-17	13808	13808	13565	13620	6849	-0.014400463130472496
2021-08-18	13599	13719	13525	13665	7757	0.0033039647577093323
2021-08-19	13584	13769	13555	13570	17151	-0.0069520673252835286
2021-08-20	13609	13734	13410	13460	11773	-0.008106116433308719
2021-08-23	13589	13729	13520	13665	31834	0.015230312035661164
2021-08-24	13714	13724	13460	13590	8030	-0.005488474204171201
2021-08-25	13619	13639	13490	13640	15610	0.003679175864606421
2021-08-26	13535	13560	13331	13376	28745	-0.01935483870967747
2021-08-27	13341	13425	13301	13391	19602	0.0011214114832536204
2021-08-30	13465	13465	13311	13371	1013	-0.0014935404376072992
2021-08-31	13395	13599	13341	13600	7933	0.017126617306110203
2021-09-01	13599	13614	13425	13475	3419	-0.009191176470588203
2021-09-02	13450	13450	13276	13301	1984	-0.012912801484230019
2021-09-03	13301	13370	13301	13331	1364	0.002255469513570363
2021-09-06	13331	13380	13321	13356	1023	0.0018753281824319679
2021-09-07	13390	13390	13306	13331	7963	-0.001871817909553708
2021-09-08	13291	13291	12892	12928	67790	-0.030230290300802598
2021-09-09	12858	12892	12639	12714	16007	-0.016553217821782207
2021-09-10	12698	12833	12693	12764	13676	0.0039326726443291715
2021-09-13	12703	12733	12534	12569	7702	-0.015277342525853999
2021-09-14	12544	12673	12509	12664	3695	0.007558278303763322
2021-09-15	12663	12793	12624	12694	14622	0.0023689197725837996
2021-09-16	12723	12723	12469	12500	3050	-0.01528281077674487
2021-09-17	12474	12584	12439	12574	3255	0.005919999999999925
2021-09-23	12584	12703	12569	12654	10575	0.006362334976936612
2021-09-24	12723	12723	12604	12674	84531	0.001580527896317463
2021-09-27	12708	12733	12629	12669	2153	-0.00039450844248067884
2021-09-28	12639	12639	12454	12480	9930	-0.014918304522851034
2021-09-29	12220	12435	12215	12435	16304	-0.0036057692307692735
2021-09-30	12345	12504	12310	12470	1660	0.0028146361077603377
2021-10-01	12444	12444	12240	12271	3791	-0.015958299919807573
2021-10-05	12056	12056	11648	11673	5174	-0.048732784614130886
2021-10-06	11738	11847	11424	11459	249935	-0.01833290499443163
2021-10-07	11583	11703	11538	11653	1836	0.016929924077144554
2021-10-08	11787	11872	11748	11748	1804	0.008152407105466386
2021-10-12	11817	11817	11563	11653	1890	-0.008086482805583883
2021-10-13	11623	11827	11623	11813	1807	0.013730369861838065
2021-10-14	11907	12171	11907	12171	9903	0.03030559553034795
2021-10-15	12220	12220	12131	12206	1541	0.0028756881110836297
2021-10-18	12345	12345	12111	12126	1978	-0.006554153694904197
2021-10-19	12220	12345	12206	12345	1074	0.018060366155368657
2021-10-20	12494	12544	12385	12385	6697	0.003240178209801492
2021-10-21	12380	12380	12260	12330	478	-0.004440855874041194
2021-10-22	12280	12449	12280	12380	326	0.0040551500405514584
2021-10-25	12330	12365	12215	12350	3024	-0.0024232633279482885
2021-10-26	12464	12529	12444	12530	48889	0.014574898785425061
2021-10-27	12519	12539	12454	12540	6439	0.0007980845969672856
2021-10-28	12579	12579	12365	12365	2213	-0.013955342902711276
2021-10-29	12400	12400	12141	12156	4455	-0.016902547513141908
2021-11-01	12176	12255	12136	12231	3872	0.006169792694965537
2021-11-02	12325	12405	12285	12286	2205	0.004496770501185576
2021-11-03	12310	12310	12151	12171	1218	-0.009360247436106084
2021-11-04	12310	12310	12141	12176	7459	0.0004108125872976931
2021-11-05	12225	12225	12076	12221	96848	0.003695795006570357
2021-11-08	12096	12096	11917	12027	3435	-0.015874314704197645
2021-11-09	12021	12146	11982	12131	9378	0.008647210443169628
2021-11-10	12131	12151	12001	12012	1888	-0.009809578765147098
2021-11-11	11932	12330	11932	12330	10042	0.02647352647352652
2021-11-12	12539	12564	12290	12316	19622	-0.001135442011354404
2021-11-15	12405	12678	12405	12540	3562	0.018187723286781532
2021-11-16	12524	12639	12524	12624	3887	0.006698564593301537
2021-11-17	12619	12619	12415	12440	1702	-0.01457541191381495
2021-11-18	12454	12529	12330	12500	2514	0.004823151125401992
2021-11-19	12474	12609	12474	12525	3738	0.0020000000000000018
2021-11-22	12499	12554	12201	12515	32683	-0.0007984031936127955
2021-11-23	12415	12415	12186	12211	10487	-0.02429085097882544
2021-11-24	12161	12265	12131	12221	3501	0.0008189337482598091
2021-11-25	12240	12270	12176	12221	10326	0.0
2021-11-26	12225	12240	12086	12151	2957	-0.005727845511823926
2021-11-29	12046	12151	11996	12032	2468	-0.009793432639289001
2021-11-30	12101	12116	11762	11798	1375	-0.019448138297872286
2021-12-01	11892	11962	11847	11962	3469	0.013900661129004899
2021-12-02	12544	12544	11733	11902	2298	-0.00501588363149974
2021-12-03	11902	12066	11872	12047	108	0.012182826415728432
2021-12-06	11892	11902	11822	11902	687	-0.01203619158296676
2021-12-07	11907	11907	11772	11783	39441	-0.00999831961014952
2021-12-08	11977	12136	11977	12062	27210	0.02367818042943215
2021-12-09	12116	12196	12116	12196	1228	0.011109268777980352
2021-12-10	12096	12171	12081	12101	549	-0.00778943916038044
2021-12-13	12146	12146	11932	11947	15506	-0.012726220973473312
2021-12-14	11922	11922	11822	11868	429	-0.006612538712647553
2021-12-15	11832	11832	11743	11808	22676	-0.005055611729019249
2021-12-16	11927	12006	11912	11937	415	0.010924796747967536
2021-12-17	11902	11957	11847	11922	2054	-0.0012565971349585148
2021-12-20	11917	11917	11603	11629	2566	-0.024576413353464166
2021-12-21	11628	11628	11484	11574	366	-0.004729555421790321
2021-12-22	11588	11588	11424	11439	10899	-0.011664074650077794
2021-12-23	11464	11474	11399	11474	3757	0.003059708016434959
2021-12-24	11499	11573	11499	11504	682	0.002614606937423769
2021-12-27	11494	11524	11449	11484	1506	-0.001738525730180851
2021-12-28	11484	11638	11484	11639	4315	0.013497039359108287
2021-12-29	11718	11718	11603	11653	1122	0.0012028524787353057
2021-12-30	11653	11653	11543	11574	1781	-0.006779370119282535
2022-01-03	11613	11787	11593	11639	543	0.005616035942630049
2022-01-04	11658	11658	11454	11469	1240	-0.01460606581321422
2022-01-05	11379	11379	11160	11205	6069	-0.023018571802249532
2022-01-06	11026	11056	10852	10857	4732	-0.03105756358768408
2022-01-07	10951	10996	10936	10947	3707	0.00828958275766789
2022-01-10	10941	10941	10747	10847	594	-0.009134922809902246
2022-01-11	10906	10931	10837	10847	18744	0.0
2022-01-12	11066	11220	11061	11210	1666	0.03346547432469804
2022-01-13	11155	11155	11026	11131	225225	-0.0070472792149866015
2022-01-14	10931	10931	10642	10688	7796	-0.039798760219207585
2022-01-17	10593	10647	10458	10523	5649	-0.015437874251497008
2022-01-18	10548	10623	10443	10444	3758	-0.007507364819918316
2022-01-19	10359	10443	10279	10344	1876	-0.009574875526618176
2022-01-20	10284	10548	10279	10548	3335	0.019721577726218076
2022-01-21	10508	10508	10354	10419	1925	-0.012229806598407333
2022-01-24	10314	10329	10189	10270	2898	-0.01430079662155681
2022-01-25	10269	10269	9866	9901	2045	-0.03592989289191817
2022-01-26	9926	9955	9707	9732	1562	-0.017068982931017107
2022-01-27	9577	9577	9189	9199	3985	-0.05476777640772712
2022-01-28	9194	9398	9059	9379	3682	0.019567344276551824
2022-02-03	9617	9707	9547	9563	1282	0.019618296193623985
2022-02-04	9532	9717	9507	9717	1655	0.016103733138136622
2022-02-07	9702	9702	9547	9612	1118	-0.010805804260574203
2022-02-08	9612	9726	9507	9573	1017	-0.00405742821473154
2022-02-09	9577	9577	9502	9563	1215	-0.0010446046171523893
2022-02-10	9652	9731	9592	9642	4149	0.008261005960472634
2022-02-11	9438	9512	9358	9403	97117	-0.024787388508608177
2022-02-14	9234	9323	9214	9309	391	-0.009996809528873718
2022-02-15	9353	9378	9179	9209	659	-0.010742292405199305
2022-02-16	9363	9418	9328	9384	392	0.01900314909327827
2022-02-17	9408	9537	9303	9458	609	0.00788576300085242
2022-02-18	9338	9408	9283	9384	833	-0.007824064284203902
2022-02-21	9239	9418	9169	9408	1256	0.002557544757033181
2022-02-22	9219	9308	9159	9239	1300	-0.017963435374149683
2022-02-23	9303	9308	9239	9284	447	0.004870656997510547
2022-02-24	9139	9149	8890	8935	3213	-0.03759155536406722
2022-02-25	9094	9184	9035	9184	2589	0.02786793508673746
2022-02-28	9149	9323	9109	9324	5480	0.015243902439024293
2022-03-02	9373	9373	9283	9354	4381	0.003217503217503248
2022-03-03	9423	9582	9423	9548	2836	0.020739790463972563
2022-03-04	9522	9522	9288	9299	1071	-0.026078759949727637
2022-03-07	9164	9169	9000	9070	8633	-0.024626303903645508
2022-03-08	8895	9169	8895	9055	449	-0.001653803748621785
2022-03-10	9229	9328	9229	9329	1083	0.030259525124240794
2022-03-11	9318	9413	9184	9184	17791	-0.015542930646371578
2022-03-14	9244	9313	9229	9274	2860	0.009799651567944156
2022-03-15	9234	9234	9149	9184	469	-0.009704550355833508
2022-03-16	9298	9298	9189	9279	2408	0.010344076655052215
2022-03-17	9562	9672	9522	9583	1813	0.03276215109386782
2022-03-18	9602	9677	9602	9667	1839	0.008765522279035709
2022-03-21	9662	9692	9542	9568	1483	-0.010241026171511347
2022-03-22	9478	9547	9478	9523	222	-0.004703177257525115
2022-03-23	9622	9672	9557	9608	669	0.008925758689488639
2022-03-24	9602	9627	9473	9627	1390	0.0019775187343880063
2022-03-25	9622	9622	9557	9578	1047	-0.005089851459436967
2022-03-28	9547	9547	9413	9538	1524	-0.004176237210273492
2022-03-29	9597	9632	9587	9603	119	0.00681484587963932
2022-03-30	9731	9756	9702	9702	2007	0.010309278350515427
2022-03-31	9722	9856	9702	9812	4206	0.01133786848072571
2022-04-01	9776	9776	9682	9717	1080	-0.009682022013860592
2022-04-04	9672	9796	9612	9757	1196	0.004116496861171104
2022-04-05	9836	9911	9831	9911	10493	0.015783540022547893
2022-04-06	9786	9826	9697	9732	11209	-0.01806074059126228
2022-04-07	9632	9637	9502	9523	25040	-0.021475544595149998
2022-04-08	9577	9577	9458	9508	821	-0.0015751338863803088
2022-04-11	9478	9478	9358	9388	5644	-0.01262095077829195
2022-04-12	9249	9358	9159	9249	8220	-0.014806135492117622
2022-04-13	9269	9443	9249	9443	120	0.02097524056654776
2022-04-14	9448	9527	9398	9528	6805	0.009001376681139428
2022-04-15	9418	9468	9333	9408	794	-0.012594458438287104
2022-04-18	9368	9398	9318	9324	226	-0.008928571428571397
2022-04-19	9483	9488	9403	9458	718	0.014371514371514404
2022-04-20	9453	9453	9358	9393	1639	-0.006872488898287177
2022-04-21	9388	9393	9338	9354	538	-0.004152028106036432
2022-04-22	9249	9249	9144	9174	597	-0.019243104554201418
2022-04-25	9035	9040	8955	8990	541	-0.02005668192718557
2022-04-26	9089	9164	9089	9145	287	0.01724137931034475
2022-04-27	8875	9045	8875	9045	2262	-0.010934937124111532
2022-04-28	9090	9180	9030	9180	435	0.014925373134328401
2022-04-29	9200	9310	9200	9310	1757	0.014161220043573008
2022-05-02	9190	9235	9190	9225	917	-0.009129967776584369
2022-05-03	9225	9295	9215	9245	290	0.0021680216802169028
2022-05-04	9335	9345	9145	9145	368	-0.010816657652785278
2022-05-06	9030	9045	8970	9025	17416	-0.013121924548933794
2022-05-09	8960	8960	8890	8890	155	-0.014958448753462639
2022-05-10	8785	8850	8650	8850	1093	-0.004499437570303688
2022-05-11	8800	8900	8800	8890	634	0.004519774011299438
2022-05-12	8795	8805	8590	8590	2081	-0.03374578177727783
2022-05-13	8625	8680	8625	8680	204	0.010477299185098987
2022-05-16	8810	8815	8615	8615	251	-0.00748847926267282
2022-05-17	8615	8670	8615	8670	87	0.006384213580963527
2022-05-18	8775	8775	8705	8750	1217	0.009227220299884653
2022-05-19	8560	8665	8555	8625	1300	-0.014285714285714235
2022-05-20	8725	8970	8725	8970	1290	0.040000000000000036
2022-05-23	8990	9060	8960	9020	211	0.00557413600891854
2022-05-24	8980	8980	8790	8790	388	-0.0254988913525499
2022-05-25	8800	8995	8800	8950	208	0.018202502844141044
2022-05-26	8995	9085	8945	8960	64	0.0011173184357542443
2022-05-27	9060	9060	8990	9015	106	0.006138392857142794
2022-05-30	9020	9140	9020	9140	50	0.01386577925679422
2022-05-31	9130	9210	9075	9190	892	0.00547045951859948
2022-06-02	9190	9190	9150	9170	146	-0.0021762785636560977
2022-06-03	9245	9270	9225	9240	300	0.007633587786259444
2022-06-07	9215	9215	9040	9040	70	-0.02164502164502169
2022-06-08	9080	9225	9080	9155	212	0.012721238938053103
2022-06-09	9155	9275	9145	9275	2319	0.013107591480065572
2022-06-10	9155	9210	9140	9140	446	-0.014555256064689992
2022-06-13	8940	8940	8850	8860	735	-0.03063457330415753
2022-06-14	8665	8850	8665	8810	812	-0.0056433408577878375
2022-06-15	8805	8825	8560	8615	755	-0.022133938706015877
2022-06-16	8715	8825	8580	8615	456	0.0
2022-06-17	8435	8675	8435	8670	2086	0.006384213580963527
2022-06-20	8700	8730	8490	8560	1064	-0.012687427912341454
2022-06-21	8595	8680	8595	8680	318	0.014018691588784993
2022-06-22	8610	8625	8440	8440	194	-0.027649769585253448
2022-06-23	8405	8560	8355	8355	735	-0.010071090047393372
2022-06-24	8430	8730	8430	8730	3967	0.044883303411131115
2022-06-27	8850	8890	8775	8805	610	0.00859106529209619
2022-06-28	8825	8825	8715	8725	32	-0.009085746734809774
2022-06-29	8735	8735	8595	8595	540	-0.014899713467048659
2022-06-30	8490	8490	8305	8305	522	-0.033740546829552076
2022-07-01	8375	8375	8030	8105	3741	-0.0240818783865141
2022-07-04	8130	8130	8030	8100	4606	-0.0006169031462059937
2022-07-05	8175	8405	8175	8380	3652	0.03456790123456788
2022-07-06	8375	8520	8375	8430	199	0.005966587112171906
2022-07-07	8490	8555	8490	8545	88	0.013641755634638209
2022-07-08	8605	8605	8520	8535	349	-0.001170275014628408
2022-07-11	8535	8590	8490	8520	791	-0.0017574692442882123
2022-07-12	8480	8500	8380	8465	902	-0.006455399061032874
2022-07-13	8460	8550	8460	8550	45	0.010041346721795685
2022-07-14	8560	8565	8560	8560	52	0.0011695906432749315
