Date	Open	High	Low	Close	Volume	Change
2020-12-08	10010	10450	9995	10375	1048978	
2020-12-09	10470	10585	10315	10330	775168	-0.00433734939759034
2020-12-10	10270	10270	10035	10215	278461	-0.011132623426911903
2020-12-11	10210	10220	9990	10035	449881	-0.017621145374449365
2020-12-14	10035	10385	10035	10385	165223	0.03487792725460892
2020-12-15	10460	10625	10400	10595	418493	0.020221473278767554
2020-12-16	10770	10870	10650	10785	527895	0.01793298725814063
2020-12-17	10865	10865	10560	10730	497866	-0.005099675475197074
2020-12-18	10770	11180	10730	11080	392843	0.032618825722273925
2020-12-21	11250	11900	11075	11700	817886	0.05595667870036092
2020-12-22	11920	11975	11570	11570	842614	-0.011111111111111072
2020-12-23	11550	11850	11440	11535	599122	-0.0030250648228176136
2020-12-24	11605	11775	11500	11605	304825	0.006068487212830487
2020-12-28	11875	11900	11560	11750	456384	0.012494614390349046
2020-12-29	11890	11890	11120	11190	1074048	-0.04765957446808511
2020-12-30	11395	11760	11230	11705	423626	0.04602323503127792
2021-01-04	12000	13055	11995	13015	1006268	0.11191798376762074
2021-01-05	13050	13320	12610	13240	1137313	0.017287744909719516
2021-01-06	13470	13640	12905	13060	1968305	-0.013595166163142047
2021-01-07	13345	13680	12995	13490	1264086	0.032924961715160794
2021-01-08	13725	14300	13380	13475	2553849	-0.0011119347664937385
2021-01-11	13755	13755	12950	13100	1754160	-0.0278293135435993
2021-01-12	13005	13485	12835	13345	843926	0.018702290076335837
2021-01-13	13495	13780	12975	13040	1919135	-0.02285500187336076
2021-01-14	13200	13200	12670	12745	1363328	-0.022622699386503076
2021-01-15	12800	12800	12365	12800	1424782	0.004315417810906164
2021-01-18	12780	12945	12505	12905	895957	0.008203125000000089
2021-01-19	12950	13175	12535	12535	1900128	-0.028671057729562133
2021-01-20	12760	13090	12615	13015	1413693	0.03829278021539695
2021-01-21	13075	13475	12895	13370	1383822	0.02727621974644645
2021-01-22	13440	13870	13380	13815	1604833	0.033283470456245245
2021-01-25	14000	14640	14000	14045	6886044	0.01664857039449874
2021-01-26	14340	14365	13550	13780	5027577	-0.018867924528301883
2021-01-27	13910	13915	13220	13610	3575800	-0.012336719883889735
2021-01-28	13340	13590	13060	13315	2576485	-0.02167523879500366
2021-01-29	13480	13625	12830	12830	2775964	-0.03642508449117532
2021-02-01	12830	13150	12755	12900	2858189	0.005455962587685104
2021-02-02	13120	13525	13010	13450	2509373	0.04263565891472876
2021-02-03	13555	13750	13455	13660	2201792	0.015613382899628325
2021-02-04	13700	13700	13085	13285	3269765	-0.027452415812591502
2021-02-05	13405	13490	13080	13110	2328257	-0.013172751223184065
2021-02-08	13135	13265	12755	13230	2190683	0.009153318077803174
2021-02-09	13260	13545	13260	13520	1565462	0.02191987906273618
2021-02-10	13565	13740	13495	13740	1650000	0.016272189349112454
2021-02-15	13775	14080	13775	14005	1883325	0.019286754002911133
2021-02-16	14075	14180	13990	14000	1841028	-0.000357015351660106
2021-02-17	14055	14055	13880	14015	1461551	0.001071428571428612
2021-02-18	14050	14180	13400	13580	3891698	-0.031038173385658174
2021-02-19	13570	13680	12840	13160	4193739	-0.030927835051546393
2021-02-22	13215	13245	12765	12765	2700177	-0.030015197568389107
2021-02-23	12600	12705	12350	12375	2678541	-0.03055229142185667
2021-02-24	12460	12615	11720	11795	3560738	-0.04686868686868684
2021-02-25	12100	12145	11600	11635	3075500	-0.013565069944891928
2021-02-26	11280	11450	11080	11440	2622440	-0.016759776536312887
2021-03-02	11955	12060	11635	11795	1799369	0.031031468531468542
2021-03-03	11720	11840	11550	11755	1223879	-0.003391267486222982
2021-03-04	11600	11710	11135	11170	2390998	-0.04976605699702252
2021-03-05	10970	11305	10710	11205	1661308	0.003133393017009878
2021-03-08	11400	11400	10545	10545	2304985	-0.058902275769745605
2021-03-09	10280	10595	9970	10295	2062775	-0.0237079184447605
2021-03-10	10750	10820	10490	10545	1116867	0.024283632831471502
2021-03-11	10555	10970	10555	10850	1444034	0.028923660502607973
2021-03-12	11165	11315	10795	10990	2124073	0.012903225806451646
2021-03-15	10990	11005	10460	10490	1835471	-0.04549590536851689
2021-03-16	10635	10760	10430	10530	1527830	0.0038131553860820677
2021-03-17	10535	10875	10480	10860	1289466	0.031339031339031376
2021-03-18	10935	11150	10930	11040	1200748	0.016574585635359185
2021-03-19	10760	10885	10540	10620	1545195	-0.03804347826086951
2021-03-22	10635	10825	10555	10720	875480	0.009416195856873921
2021-03-23	10760	10840	10210	10240	2194810	-0.04477611940298509
2021-03-24	10180	10335	9995	10055	1806263	-0.01806640625
2021-03-25	9970	10195	9845	10140	1707694	0.008453505718547971
2021-03-26	10175	10605	10140	10570	1428644	0.04240631163708097
2021-03-29	10585	10635	10405	10500	918918	-0.0066225165562914245
2021-03-30	10485	10645	10425	10555	1049497	0.005238095238095264
2021-03-31	10580	10630	10315	10415	1000961	-0.013263855992420637
2021-04-01	10520	10600	10495	10595	752142	0.01728276524243877
2021-04-02	10650	10915	10650	10910	878435	0.029731005191127924
2021-04-05	10910	10985	10900	10985	780379	0.006874427131072336
2021-04-06	11025	11115	10890	10915	854749	-0.006372325898953091
2021-04-07	11000	11035	10550	10650	1525461	-0.024278515803939582
2021-04-08	10670	10670	10490	10565	1024626	-0.007981220657277022
2021-04-09	10590	10620	10265	10325	1983644	-0.022716516800757258
2021-04-12	10400	10400	10070	10135	1953939	-0.01840193704600479
2021-04-13	10140	10315	10080	10185	1597888	0.0049333991119882015
2021-04-14	10210	10555	10210	10540	1700266	0.03485517918507619
2021-04-15	10525	10525	10385	10520	1102955	-0.00189753320683117
2021-04-16	10550	10565	10275	10460	1505213	-0.005703422053231932
2021-04-19	10460	10990	10385	10990	2771581	0.05066921606118546
2021-04-20	10950	11085	10895	10965	1791560	-0.0022747952684258888
2021-04-21	10870	11035	10790	11035	1176810	0.006383948928408545
2021-04-22	11055	11200	10990	11055	1344511	0.0018124150430449681
2021-04-23	10995	11185	10945	11100	906191	0.004070556309362372
2021-04-26	11180	11275	10940	10965	1284917	-0.012162162162162149
2021-04-27	10960	11000	10700	10805	1206303	-0.01459188326493388
2021-04-28	10755	11155	10715	11045	1582609	0.022211938917167995
2021-04-29	11050	11085	10875	11010	960981	-0.0031688546853779753
2021-04-30	11000	11280	10900	11230	2080716	0.019981834695731227
2021-05-03	11230	11275	11150	11160	595128	-0.006233303650934996
2021-05-04	11160	11245	11155	11215	536762	0.0049283154121864126
2021-05-06	11185	11310	10960	11160	1029243	-0.00490414623272406
2021-05-07	11170	11225	10790	10805	1598561	-0.031810035842293916
2021-05-10	10870	10920	10705	10810	1246707	0.0004627487274408981
2021-05-11	10720	10795	10530	10710	1107911	-0.009250693802035137
2021-05-12	10720	10840	10660	10775	907242	0.0060690943043884005
2021-05-13	10490	10600	10450	10490	905863	-0.02645011600928071
2021-05-14	10510	10880	10495	10870	901812	0.036224976167778866
2021-05-17	10895	11375	10880	11375	2813118	0.04645814167433304
2021-05-18	11370	11415	11280	11305	874368	-0.006153846153846176
2021-05-20	11405	11935	11405	11935	4018344	0.05572755417956654
2021-05-21	11950	12320	11800	11865	2849954	-0.0058651026392961825
2021-05-24	11865	12025	11735	12000	1280560	0.011378002528444897
2021-05-25	12020	12270	12020	12225	1076368	0.018750000000000044
2021-05-26	12300	12360	12120	12140	1227329	-0.006952965235173858
2021-05-27	12225	12310	12075	12270	951400	0.010708401976935678
2021-05-28	12285	12930	12285	12740	3758546	0.03830480847595763
2021-05-31	12790	13250	12770	13220	3355142	0.03767660910518056
2021-06-01	13220	13320	12780	13050	2488103	-0.012859304084720136
2021-06-02	13105	13275	12945	13000	1775607	-0.003831417624521105
2021-06-03	13035	13255	12850	13045	2329143	0.003461538461538405
2021-06-04	13000	13680	12930	13315	4990841	0.020697585281717057
2021-06-07	13400	13530	13060	13180	2380765	-0.010138941043935423
2021-06-08	13215	13530	13040	13125	2105992	-0.004172989377845271
2021-06-09	13150	13250	13060	13145	1660449	0.0015238095238094829
2021-06-10	13150	13695	13150	13640	4626301	0.03765690376569042
2021-06-11	13715	13990	13585	13895	3858707	0.018695014662756693
2021-06-14	13900	13990	13890	13950	1019275	0.003958258366318912
2021-06-15	13995	14120	13625	13900	3495517	-0.0035842293906810374
2021-06-16	13895	13895	12945	12945	6961315	-0.06870503597122302
2021-06-17	12910	13290	12650	13250	2822945	0.023561220548474315
2021-06-18	13365	13985	13365	13985	5307767	0.05547169811320751
2021-06-21	13745	14220	13740	13990	4087623	0.0003575259206292092
2021-06-22	14155	14160	13765	13915	2021006	-0.005360972122944951
2021-06-23	13915	14245	13840	14180	3569602	0.01904419690980963
2021-06-24	14200	14245	13890	13930	3000877	-0.017630465444287702
2021-06-25	13945	14040	13780	13995	2385050	0.004666188083273459
2021-06-28	14045	14385	13970	14210	3380073	0.015362629510539572
2021-06-29	14285	14570	14175	14390	3173591	0.012667135819845132
2021-06-30	14375	14650	14250	14545	3065150	0.010771369006254305
2021-07-01	14615	14680	14360	14595	1946997	0.0034376074252320254
2021-07-02	14595	14610	14180	14300	2721222	-0.020212401507365585
2021-07-05	14340	14690	14190	14600	3323029	0.020979020979021046
2021-07-06	14650	15195	14400	14590	5746423	-0.00068493150684934
2021-07-07	14650	15570	14475	15560	7681651	0.06648389307745028
2021-07-08	15550	16330	15530	16300	6134176	0.04755784061696655
2021-07-09	16180	16660	15860	16565	4899277	0.01625766871165646
2021-07-12	16475	17485	16470	17280	6156177	0.04316329610624803
2021-07-13	17440	17715	16960	17240	9097884	-0.0023148148148147696
2021-07-14	17380	17415	16625	16825	6134072	-0.024071925754060364
2021-07-15	16770	16920	16290	16640	6491349	-0.01099554234769684
2021-07-16	16630	16680	16100	16130	5003664	-0.030649038461538436
2021-07-19	15790	16250	15650	15690	5245102	-0.027278363298202102
2021-07-20	15500	16080	15470	16075	4142657	0.02453792224346718
2021-07-21	16100	16975	16100	16900	5596942	0.051321928460342114
2021-07-22	16920	17230	16725	17000	5755492	0.00591715976331364
2021-07-23	17090	17310	16755	16850	4088235	-0.008823529411764675
2021-07-26	16850	17025	16200	16580	4991868	-0.016023738872403603
2021-07-27	16610	16990	16000	16000	4942029	-0.0349819059107358
2021-07-28	15510	15910	15115	15635	9686350	-0.022812500000000013
2021-07-29	15860	16600	15860	16590	6050849	0.061080908218740015
2021-07-30	16450	16920	16450	16595	6616481	0.0003013863773357883
2021-08-02	16650	17585	16650	17260	9613806	0.04007231093702912
2021-08-03	17380	17475	16760	16880	7414820	-0.022016222479721903
2021-08-04	16950	17855	16840	17850	10094009	0.05746445497630326
2021-08-05	17825	17975	17530	17840	6725749	-0.0005602240896358524
2021-08-06	17960	18530	17870	18110	7695694	0.015134529147982079
2021-08-09	18230	18235	17155	17505	15481216	-0.033406957482054134
2021-08-10	17510	17800	17050	17170	9156066	-0.019137389317337883
2021-08-11	17455	17850	17240	17725	6631422	0.03232382061735595
2021-08-12	17770	17970	17540	17930	6161257	0.011565585331452688
2021-08-13	17890	18485	17715	17895	10408773	-0.0019520356943669714
2021-08-17	17100	17365	16880	16910	11432506	-0.05504330818664427
2021-08-18	16750	17280	16675	16805	6759998	-0.006209343583678306
2021-08-19	16900	17635	16755	17520	10907575	0.042546861053258
2021-08-20	17410	17565	17100	17310	5966828	-0.011986301369863006
2021-08-23	17435	17600	17170	17540	4617027	0.013287117273252491
2021-08-24	17600	18085	17540	17790	9206115	0.01425313568985187
2021-08-25	17910	18030	17515	17775	4739603	-0.000843170320404707
2021-08-26	17860	18100	17585	17685	4687752	-0.005063291139240533
2021-08-27	17535	17875	17495	17800	4138999	0.006502685891998761
2021-08-30	17905	18200	17690	17880	7173356	0.004494382022471877
2021-08-31	18025	18045	17510	17615	8929142	-0.014821029082774051
2021-09-01	17690	17815	16770	17120	12615612	-0.02810105024127163
2021-09-02	17085	17335	17000	17150	4243917	0.0017523364485980686
2021-09-03	17180	17285	16445	16480	12461544	-0.039067055393586014
2021-09-06	16560	17140	16430	17060	6573664	0.03519417475728148
2021-09-07	17125	17840	17100	17785	13618257	0.04249706916764362
2021-09-08	17835	17920	17535	17650	5881121	-0.007590666291818926
2021-09-09	17625	18055	17490	17740	5554328	0.005099150141643083
2021-09-10	17820	17980	17620	17950	4707358	0.01183765501691103
2021-09-13	17875	18055	17580	17610	5211304	-0.018941504178273005
2021-09-14	17730	18385	17480	18095	15041915	0.027541169789892184
2021-09-15	18050	18270	17990	18175	4148041	0.0044211108040894675
2021-09-16	18235	18250	17590	17805	8425184	-0.020357634112792344
2021-09-17	17725	17925	17430	17790	8664835	-0.0008424599831508006
2021-09-23	17375	17730	17320	17450	5375040	-0.019111860595840358
2021-09-24	17500	17830	17125	17505	6894670	0.003151862464183308
2021-09-27	17470	17755	16945	17220	10264560	-0.016281062553556103
2021-09-28	17195	17435	16995	17025	4209286	-0.011324041811846652
2021-09-29	16800	17050	16595	16620	6305614	-0.023788546255506637
2021-09-30	16690	17355	16620	17320	5941244	0.042117930204572884
2021-10-01	17280	17340	17175	17210	1412563	-0.006351039260970026
2021-10-05	17000	17080	16885	16985	1968348	-0.013073794305636266
2021-10-06	17125	17195	16930	16990	1157653	0.00029437739181625844
2021-10-07	17195	17300	17000	17275	1662123	0.01677457327839904
2021-10-08	17350	17725	17100	17210	5393186	-0.003762662807525352
2021-10-12	17220	17340	16770	16835	3258602	-0.021789657176060406
2021-10-13	16900	17405	16850	17400	3952982	0.03356103356103346
2021-10-14	17400	17530	17330	17410	2315181	0.0005747126436781436
2021-10-15	17520	17890	17045	17850	8425200	0.0252728317059161
2021-10-18	17850	18140	17770	18140	9033802	0.016246498599439718
2021-10-19	18165	18535	18135	18360	12237462	0.012127894156560126
2021-10-20	18450	18900	18305	18670	9512272	0.01688453159041403
2021-10-21	18670	18670	18290	18350	2966083	-0.017139796464917034
2021-10-22	18445	18770	18365	18460	3851099	0.0059945504087193235
2021-10-25	18455	18995	18400	18960	4860144	0.027085590465872222
2021-10-26	19050	19510	18960	19140	7220616	0.009493670886076
2021-10-27	19105	19750	19055	19600	5024716	0.024033437826541215
2021-10-28	19660	20005	19340	19340	7934177	-0.013265306122449028
2021-10-29	19500	19695	19000	19470	6467365	0.006721820062047579
2021-11-01	19570	19645	19045	19315	6113849	-0.007960965588084234
2021-11-02	19435	19865	19350	19475	5971170	0.008283717318146477
2021-11-03	19580	19700	19120	19315	6298318	-0.008215661103979421
2021-11-04	19440	19825	19350	19670	5653786	0.018379497799637656
2021-11-05	19750	19925	19555	19635	4923689	-0.001779359430605032
2021-11-08	19595	20450	19500	20390	8359075	0.03845174433409726
2021-11-09	20400	20725	20355	20425	7614626	0.001716527709661575
2021-11-10	20400	20535	19940	20085	8582030	-0.016646266829865364
2021-11-11	20080	20380	20075	20130	6165503	0.0022404779686333587
2021-11-12	20200	20375	20095	20280	5754234	0.007451564828613977
2021-11-15	20350	20465	19540	19650	21679589	-0.031065088757396442
2021-11-16	19645	19765	19270	19300	13760882	-0.01781170483460559
2021-11-17	19320	19725	19255	19610	6793817	0.016062176165803077
2021-11-18	19605	19615	19140	19365	7346570	-0.01249362570117285
2021-11-19	19350	19585	19270	19400	4866911	0.0018073844564936437
2021-11-22	19465	20320	19445	20320	12782552	0.04742268041237119
2021-11-23	20320	20375	20065	20325	4764401	0.0002460629921259283
2021-11-24	20270	20445	19935	19935	4439756	-0.01918819188191878
2021-11-25	19995	20085	19710	19900	5761685	-0.0017557060446451445
2021-11-26	19915	20335	19865	20100	4964263	0.01005025125628145
2021-11-29	19800	20535	19600	20375	10368445	0.013681592039801016
2021-11-30	20500	20560	20200	20280	4314350	-0.00466257668711656
2021-12-01	20280	20485	19865	20000	7014831	-0.013806706114398382
2021-12-02	19950	20150	19870	20000	3034798	0.0
2021-12-03	19980	20125	19850	20010	3506820	0.0004999999999999449
2021-12-06	19940	20110	19690	19710	4176310	-0.014992503748125885
2021-12-07	19770	19830	18850	18940	13611281	-0.039066463723998024
2021-12-08	19155	19440	19075	19375	4838203	0.02296726504751856
2021-12-09	19445	19540	19225	19290	3891685	-0.004387096774193577
2021-12-10	19170	19585	19065	19585	3682075	0.015292897874546352
2021-12-13	19640	19715	19285	19435	3889561	-0.0076589226448813275
2021-12-14	19375	19395	19155	19225	3278325	-0.010805248263442202
2021-12-15	19225	19450	19225	19255	2136304	0.001560468140442195
2021-12-16	19390	19395	19015	19160	4804220	-0.004933783432874539
2021-12-17	19025	19150	18740	18745	6036568	-0.021659707724425936
2021-12-20	18790	18830	18030	18030	6438176	-0.03814350493464924
2021-12-21	18010	18340	17935	18160	5777274	0.007210205213532994
2021-12-22	18300	18490	18245	18370	2885603	0.01156387665198233
2021-12-23	18450	18520	18080	18150	4553291	-0.0119760479041916
2021-12-24	18190	18325	17610	17610	8557706	-0.02975206611570247
2021-12-27	17685	17795	17330	17390	4250410	-0.01249290176036344
2021-12-28	17475	17815	17440	17815	5173088	0.02443933294997125
2021-12-29	17860	17975	17600	17750	4103791	-0.0036486107213022922
2021-12-30	17715	17815	17525	17730	2529035	-0.0011267605633802358
2022-01-03	17780	18055	17780	17870	2001480	0.007896221094190636
2022-01-04	18020	18235	17440	17455	8715790	-0.023223279238947958
2022-01-05	17460	17500	16700	16795	9075118	-0.037811515325121725
2022-01-06	16565	16765	16370	16605	6077287	-0.011312890741292048
2022-01-07	16710	16890	16290	16500	6734252	-0.006323396567298967
2022-01-10	16500	16500	16120	16210	4270657	-0.017575757575757578
2022-01-11	16270	16415	15965	16015	4055923	-0.012029611351017877
2022-01-12	16070	16685	16070	16685	4804511	0.041835778957227676
2022-01-13	16740	16815	16210	16370	4655008	-0.01887923284387172
2022-01-14	16200	16615	16135	16500	2995964	0.007941356139279154
2022-01-17	16560	16965	16500	16815	3877503	0.019090909090909047
2022-01-18	16880	16910	16590	16630	3669392	-0.011002081474873582
2022-01-19	16480	16635	15835	15910	6809219	-0.043295249549007764
2022-01-20	15900	16095	15795	15910	4502883	0.0
2022-01-21	15825	16190	15675	15980	4125450	0.004399748585795171
2022-01-24	15865	16495	15805	16415	5173237	0.027221526908635774
2022-01-25	16425	16630	16240	16255	3356682	-0.009747182455071557
2022-01-26	16200	16425	16000	16270	3025869	0.0009227929867732243
2022-01-27	16320	16370	15830	15835	2826789	-0.026736324523663146
2022-01-28	15770	16100	15420	15785	3538107	-0.003157562361856603
2022-02-03	16065	16095	15795	16070	1673613	0.0180551156160913
2022-02-04	16030	16090	15895	15940	1682491	-0.008089607965152457
2022-02-07	15965	16285	15715	15735	3526994	-0.012860727728983723
2022-02-08	15755	15795	14740	14995	9805691	-0.0470289164283445
2022-02-09	15080	15225	14710	15225	5069059	0.015338446148716267
2022-02-10	15275	15315	14575	14690	8719006	-0.035139573070607555
2022-02-11	14655	15030	14450	14585	5780745	-0.007147719537100028
2022-02-14	14415	14830	14330	14510	4748733	-0.005142269454919468
2022-02-15	14535	15195	14535	15175	4769985	0.04583046175051697
2022-02-16	15360	15515	15200	15270	3888379	0.00626029654036242
2022-02-17	15310	15970	15290	15750	5593572	0.03143418467583503
2022-02-18	15645	15730	15375	15385	3199624	-0.02317460317460318
2022-02-21	15285	15550	15220	15265	2357990	-0.007799805004874871
2022-02-22	15080	15270	15000	15100	3243741	-0.010809040288241034
2022-02-23	15205	15935	15205	15925	4639042	0.054635761589403975
2022-02-24	15820	16155	15605	15605	5003934	-0.020094191522762928
2022-02-25	16005	16435	15945	16190	4262967	0.037487984620314
2022-02-28	16180	16470	16135	16325	3451249	0.008338480543545357
2022-03-02	16255	16270	15795	15915	4992961	-0.025114854517610974
2022-03-03	15990	16045	15535	15535	5704041	-0.023876845743009745
2022-03-04	15535	15565	15060	15095	4087172	-0.028323141293852605
2022-03-07	14965	15075	14470	14485	5977677	-0.04041073203047363
2022-03-08	14250	14655	13950	14180	7517393	-0.021056265101829452
2022-03-10	14500	14925	14335	14740	5352814	0.03949224259520445
2022-03-11	14690	15065	14285	14750	5973578	0.0006784260515604323
2022-03-14	14675	14690	14260	14375	4856750	-0.025423728813559365
2022-03-15	14050	14610	13925	14235	6831238	-0.009739130434782584
2022-03-16	14160	15025	14060	14900	7655975	0.04671584123638928
2022-03-17	15215	15510	15010	15010	5282281	0.007382550335570448
2022-03-18	15050	15080	14580	14775	4618329	-0.01565622918054632
2022-03-21	14990	15390	14915	15180	4981512	0.02741116751269046
2022-03-22	15180	15400	15085	15090	4598331	-0.005928853754940677
2022-03-23	15305	15320	14940	15040	4025416	-0.0033134526176276102
2022-03-24	14950	15105	14715	15005	4509444	-0.002327127659574435
2022-03-25	15115	15135	14620	14650	5926830	-0.023658780406531132
2022-03-28	14600	14640	14135	14150	5795998	-0.03412969283276446
2022-03-29	14270	14515	14190	14235	5042363	0.0060070671378091856
2022-03-30	14330	14805	14290	14795	5763014	0.039339655778011906
2022-03-31	14750	14905	14400	14545	7671014	-0.0168976005407232
2022-04-01	14415	14875	14385	14670	4861734	0.008594018563080175
2022-04-04	14675	14780	14650	14715	1776943	0.0030674846625766694
2022-04-05	14850	14945	14675	14720	2383703	0.0003397893306149591
2022-04-06	14645	14770	14275	14285	5051621	-0.029551630434782594
2022-04-07	14155	14370	14055	14210	4373002	-0.005250262513125659
2022-04-08	14260	14360	13975	14180	5572334	-0.002111189303307559
2022-04-11	14175	14175	13360	13385	10058920	-0.05606488011283495
2022-04-12	13280	13585	13150	13520	5424080	0.010085917071348538
2022-04-13	13525	13690	13220	13430	6541795	-0.006656804733727761
2022-04-14	13555	13560	13235	13345	4730907	-0.006329113924050667
2022-04-15	13290	13300	12895	13025	5661236	-0.0239790183589359
2022-04-18	12960	13180	12685	13170	4581165	0.011132437619961522
2022-04-19	13270	13570	13200	13200	4704514	0.002277904328018332
2022-04-20	13325	13325	12730	12750	6029557	-0.03409090909090906
2022-04-21	12695	12770	12190	12205	12372538	-0.04274509803921567
2022-04-22	12055	12190	11925	11980	7075429	-0.018435067595247823
2022-04-25	11800	11825	11090	11180	11981188	-0.06677796327212016
2022-04-26	11160	11265	10860	10890	8896055	-0.025939177101967803
2022-04-27	10580	11795	10530	11795	10857737	0.08310376492194682
2022-04-28	11820	12210	11710	11890	8983744	0.008054260279779513
2022-04-29	11885	12270	11730	12270	8552248	0.03195962994112689
2022-05-02	12040	12145	12005	12060	1532364	-0.017114914425427896
2022-05-03	12150	12225	12090	12130	1453830	0.005804311774461057
2022-05-04	12185	12220	12105	12130	956895	0.0
2022-05-06	11920	12210	11840	11975	2935458	-0.012778235779060232
2022-05-09	11895	12015	11725	11755	1924141	-0.018371607515657584
2022-05-10	11560	12235	11450	12160	5058361	0.03445342407486174
2022-05-11	12150	13200	12100	12950	10788745	0.06496710526315796
2022-05-12	12670	12940	12645	12740	4066814	-0.01621621621621616
2022-05-13	12835	13050	12700	12865	5189333	0.00981161695447419
2022-05-16	13070	13240	12855	12905	5127500	0.003109211037699122
2022-05-17	12880	13455	12830	13375	7332652	0.036419992251065514
2022-05-18	13550	13595	13290	13435	6558190	0.004485981308411269
2022-05-19	13030	13575	13030	13550	5835461	0.008559732043170731
2022-05-20	13655	13960	13540	13770	8691869	0.01623616236162362
2022-05-23	13860	13945	13650	13895	5014489	0.009077705156136595
2022-05-24	13885	13890	13360	13360	6537212	-0.038503058654192124
2022-05-25	13300	13355	12935	13080	5619372	-0.020958083832335328
2022-05-26	13180	13270	12830	13035	5926471	-0.0034403669724770714
2022-05-27	13220	13385	12900	12950	4481045	-0.006520905255082421
2022-05-30	13130	13280	13070	13170	4249220	0.01698841698841691
2022-05-31	13215	13320	12940	13285	6229899	0.008731966590736606
2022-06-02	13505	14120	13490	14095	9532056	0.060971019947309024
2022-06-03	14155	14400	14155	14285	2714783	0.013479957431713263
2022-06-07	14900	15065	14725	14870	8623882	0.04095204760238014
2022-06-08	14995	15185	14660	15035	8729119	0.01109616677874925
2022-06-09	15105	15150	14655	14765	8880544	-0.017958097771865633
2022-06-10	14560	15540	14525	15505	14289580	0.050118523535387816
2022-06-13	15190	16230	15190	15910	15983560	0.026120606256046397
2022-06-14	15800	16080	15565	15995	10128095	0.005342551854179867
2022-06-15	16175	16510	15935	16195	12080754	0.012503907471084652
2022-06-16	16195	16305	15990	16120	8880777	-0.004631058968817547
2022-06-17	15860	16805	15830	16745	18335765	0.038771712158808924
2022-06-20	16760	17390	16755	17250	13749285	0.030158256195879307
2022-06-21	17310	17420	16675	16755	11307001	-0.02869565217391301
2022-06-22	17035	17370	16900	17000	11498663	0.014622500746045874
2022-06-23	17005	17700	17000	17700	13757429	0.04117647058823537
2022-06-24	17730	18140	17570	18070	13790900	0.020903954802259817
2022-06-27	18120	18165	17810	18010	9533147	-0.003320420586607642
2022-06-28	17915	18180	17705	18160	9818767	0.008328706274292053
2022-06-29	17980	18225	17440	17580	10156829	-0.0319383259911894
2022-06-30	17400	17745	17190	17515	8087811	-0.0036973833902161912
2022-07-01	17485	17585	17130	17295	5234381	-0.012560662289466173
2022-07-04	17340	17885	17085	17830	9188757	0.030933795894767302
2022-07-05	17925	18205	17540	17700	7754991	-0.007291082445316843
2022-07-06	17950	18110	17695	17695	7049117	-0.00028248587570622874
2022-07-07	17835	18425	17760	18395	11776131	0.03955919751342196
2022-07-08	18470	18590	17780	17865	7696604	-0.02881217722207119
2022-07-11	17860	17860	16730	16925	9046438	-0.052616848586621856
2022-07-12	16900	17220	16365	16685	14173150	-0.01418020679468246
2022-07-13	16535	17080	16140	16910	12128975	0.013485166317051211
2022-07-14	16800	17525	16745	17355	10432498	0.026315789473684292
