Date	Open	High	Low	Close	Volume	Change
2021-08-17	16050	17600	12650	12800	18180282	
2021-08-18	12800	14050	12300	13350	8180963	0.04296875
2021-08-19	14050	14350	13050	13100	6622770	-0.01872659176029967
2021-08-20	13100	13400	12450	12600	2181148	-0.03816793893129766
2021-08-23	12800	12950	11800	11850	3205289	-0.059523809523809534
2021-08-24	11750	12050	11200	11750	2437240	-0.008438818565400852
2021-08-25	12400	13400	12000	12000	6539760	0.02127659574468077
2021-08-26	11950	12250	11650	12100	1065680	0.008333333333333304
2021-08-27	11950	12250	11600	11650	1041470	-0.037190082644628086
2021-08-30	11750	11950	11500	11650	750159	0.0
2021-08-31	11600	11700	11300	11650	949975	0.0
2021-09-01	12050	12200	11550	11550	1434891	-0.008583690987124415
2021-09-02	11550	11600	11300	11350	534508	-0.017316017316017285
2021-09-03	11500	11550	11250	11300	624609	-0.004405286343612369
2021-09-06	11250	11400	11200	11250	377008	-0.004424778761061954
2021-09-07	11250	11300	10700	10700	795882	-0.04888888888888887
2021-09-08	10750	10850	10250	10300	555927	-0.03738317757009346
2021-09-09	10300	10400	10000	10100	409260	-0.01941747572815533
2021-09-10	10100	10350	10050	10050	349961	-0.004950495049504955
2021-09-13	10150	10150	9930	10000	330580	-0.00497512437810943
2021-09-14	10000	10100	9920	9940	310755	-0.006000000000000005
2021-09-15	9990	10450	9970	10150	550125	0.021126760563380254
2021-09-16	10250	10300	9970	9970	276797	-0.017733990147783207
2021-09-17	9970	10000	9860	9900	270138	-0.007021063189568744
2021-09-23	9830	9940	9760	9770	236891	-0.013131313131313105
2021-09-24	9850	9850	9540	9540	402342	-0.023541453428863823
2021-09-27	9550	9550	9130	9150	401022	-0.04088050314465408
2021-09-28	9120	9380	8970	9000	368494	-0.016393442622950838
2021-09-29	8800	8930	8610	8650	419778	-0.03888888888888886
2021-09-30	8700	8940	8650	8750	284558	0.011560693641618602
2021-10-01	8790	8950	8600	8600	269186	-0.017142857142857126
2021-10-05	8580	8610	8160	8210	357659	-0.04534883720930227
2021-10-06	8270	8380	7820	7830	373222	-0.04628501827040199
2021-10-07	7870	8040	7840	7920	155076	0.011494252873563315
2021-10-08	7950	8270	7880	8250	278206	0.04166666666666674
2021-10-12	8330	8330	7880	7920	178944	-0.040000000000000036
2021-10-13	7800	7930	7710	7820	190379	-0.012626262626262652
2021-10-14	7880	8050	7820	7970	161390	0.019181585677749302
2021-10-15	8090	8250	8000	8170	202854	0.025094102885821812
2021-10-18	8190	8200	8090	8150	119352	-0.002447980416156681
2021-10-19	8190	8240	8100	8180	114784	0.0036809815950920033
2021-10-20	8210	8480	8140	8360	234824	0.022004889975550057
2021-10-21	8340	8830	8340	8470	425698	0.013157894736842035
2021-10-22	8470	8570	8270	8340	149664	-0.015348288075560768
2021-10-25	8350	8520	8340	8400	155856	0.007194244604316502
2021-10-26	8320	8720	8250	8350	155424	-0.005952380952380931
2021-10-27	8350	8400	8250	8260	76269	-0.010778443113772407
2021-10-28	8260	8300	8080	8100	135174	-0.01937046004842613
2021-10-29	8130	8140	7930	7990	99927	-0.013580246913580285
2021-11-01	8000	8010	7830	7880	109480	-0.013767209011264048
2021-11-02	7850	8090	7830	7970	86719	0.011421319796954377
2021-11-03	7960	8020	7880	7890	68713	-0.010037641154328703
2021-11-04	7920	7970	7770	7820	107970	-0.008871989860583018
2021-11-05	7830	7860	7700	7780	111317	-0.005115089514066473
2021-11-08	7750	7800	7670	7790	86835	0.0012853470437017567
2021-11-09	7790	7810	7730	7750	70799	-0.005134788189987138
2021-11-10	7720	7780	7530	7600	111073	-0.01935483870967747
2021-11-11	7510	7690	7480	7520	98820	-0.010526315789473717
2021-11-12	7510	7780	7510	7660	97571	0.018617021276595702
2021-11-15	7640	7700	7570	7690	80945	0.003916449086161844
2021-11-16	7700	7920	7620	7890	136185	0.026007802340702213
2021-11-17	7940	9190	7780	8310	2134157	0.05323193916349811
2021-11-18	8250	8320	8070	8150	278295	-0.019253910950661868
2021-11-19	8120	8470	8110	8220	325605	0.008588957055214674
2021-11-22	8290	8310	8040	8280	158597	0.007299270072992803
2021-11-23	8210	8440	8190	8200	212392	-0.009661835748792313
2021-11-24	8190	8270	8130	8130	73705	-0.008536585365853666
2021-11-25	8250	8250	8030	8050	91635	-0.009840098400983988
2021-11-26	8080	8120	7720	7740	196062	-0.03850931677018632
2021-11-29	7600	9200	7600	8970	4659674	0.1589147286821706
2021-11-30	8760	8910	8290	8290	1152584	-0.07580824972129319
2021-12-01	8360	8620	8300	8510	563280	0.026537997587454676
2021-12-02	8550	8760	8290	8290	519609	-0.025851938895417148
2021-12-03	8350	8380	7880	7990	480221	-0.03618817852834744
2021-12-06	7990	8000	7850	7860	182982	-0.016270337922402955
2021-12-07	7930	8020	7850	7860	136019	0.0
2021-12-08	7980	8240	7880	8120	394856	0.0330788804071247
2021-12-09	8140	10550	8130	10550	10786616	0.2992610837438423
2021-12-10	10850	11050	10400	10500	6322914	-0.004739336492891044
2021-12-13	10550	10600	9840	10350	3537305	-0.014285714285714235
2021-12-14	10300	11500	9730	9940	10138106	-0.03961352657004835
2021-12-15	10000	10250	9710	10200	1797827	0.026156941649899457
2021-12-16	10050	10200	9450	9570	1284261	-0.061764705882352944
2021-12-17	9560	9640	9210	9210	860429	-0.037617554858934144
2021-12-20	9280	9660	9060	9080	1022315	-0.014115092290988063
2021-12-21	9100	9290	8930	9200	672846	0.013215859030837107
2021-12-22	9220	9430	8990	8990	518799	-0.022826086956521774
2021-12-23	8990	9690	8680	9230	1880089	0.026696329254727535
2021-12-24	9150	9330	9090	9150	362989	-0.008667388949079036
2021-12-27	9140	9160	8800	8800	331458	-0.03825136612021862
2021-12-28	8800	8970	8510	8560	293781	-0.027272727272727226
2021-12-29	8660	8820	8580	8750	158886	0.02219626168224309
2021-12-30	8770	8970	8660	8870	175216	0.01371428571428579
2022-01-03	8870	9050	8860	9030	120261	0.018038331454340417
2022-01-04	9030	9030	8760	9000	161637	-0.0033222591362126463
2022-01-05	8990	9000	8500	8560	267534	-0.04888888888888887
2022-01-06	8380	8530	8340	8460	159408	-0.011682242990654235
2022-01-07	8530	8910	8520	8860	326281	0.047281323877068626
2022-01-10	8910	8910	8640	8680	123182	-0.020316027088036148
2022-01-11	8650	8780	8160	8370	115520	-0.0357142857142857
2022-01-12	8450	8570	8290	8360	124928	-0.0011947431302270495
2022-01-13	8310	8380	8140	8200	151187	-0.019138755980861233
2022-01-14	8090	8190	8040	8060	107002	-0.017073170731707332
2022-01-17	8070	8130	7820	7870	150354	-0.023573200992555776
2022-01-18	7780	8050	7700	7770	137640	-0.01270648030495558
2022-01-19	7610	7740	7500	7560	177745	-0.027027027027026973
2022-01-20	7450	7770	7450	7770	129193	0.02777777777777768
2022-01-21	7730	7940	7600	7780	106841	0.0012870012870012104
2022-01-24	7770	7890	7450	7470	138718	-0.03984575835475579
2022-01-25	7510	7610	6950	7000	215001	-0.06291834002677377
2022-01-26	7040	7190	6950	6970	91266	-0.004285714285714337
2022-01-27	6980	7090	6400	6510	238131	-0.06599713055954093
2022-01-28	6550	6890	6260	6710	182649	0.030721966205837115
2022-02-03	6670	7150	6600	6970	180439	0.03874813710879277
2022-02-04	6950	7050	6850	6930	80123	-0.0057388809182209455
2022-02-07	7040	7110	6860	7030	103369	0.01443001443001446
2022-02-08	7100	7230	6930	6940	96808	-0.012802275960170695
2022-02-09	6990	8280	6990	7330	2064187	0.05619596541786742
2022-02-10	7420	7440	7220	7230	207581	-0.013642564802182844
2022-02-11	7160	7200	7020	7030	140824	-0.02766251728907332
2022-02-14	6860	7010	6730	6750	96854	-0.03982930298719778
2022-02-15	6750	6810	6560	6560	131347	-0.028148148148148144
2022-02-16	6700	6780	6690	6760	69641	0.030487804878048808
2022-02-17	6750	6900	6650	6730	74791	-0.004437869822485174
2022-02-18	6600	6790	6570	6780	43089	0.007429420505200568
2022-02-21	6720	6840	6680	6820	35881	0.005899705014749346
2022-02-22	6720	6780	6600	6670	82263	-0.021994134897360684
2022-02-23	6700	6750	6630	6680	45937	0.0014992503748125774
2022-02-24	6670	6670	6440	6450	124764	-0.034431137724550864
2022-02-25	6510	6600	6480	6490	65786	0.006201550387596955
2022-02-28	6470	6600	6430	6490	61717	0.0
2022-03-02	6490	6580	6470	6550	51212	0.009244992295839749
2022-03-03	6580	6740	6580	6700	63094	0.022900763358778553
2022-03-04	6700	7360	6650	7050	620591	0.052238805970149294
2022-03-07	7340	7470	7050	7080	259049	0.004255319148936065
2022-03-08	7140	7140	6650	6750	136177	-0.04661016949152541
2022-03-10	6790	6880	6660	6780	93936	0.004444444444444473
2022-03-11	6800	6830	6710	6730	63191	-0.007374631268436627
2022-03-14	6730	6800	6620	6620	94062	-0.01634472511144136
2022-03-15	6550	6780	6540	6700	95057	0.012084592145015005
2022-03-16	6720	7420	6720	7040	798443	0.05074626865671639
2022-03-17	7090	7180	7000	7150	135808	0.015625
2022-03-18	7190	7240	7040	7080	83758	-0.009790209790209836
2022-03-21	7160	7210	7040	7080	101427	0.0
2022-03-22	7150	7330	7100	7310	193443	0.03248587570621475
2022-03-23	7320	7380	7140	7190	164866	-0.01641586867305067
2022-03-24	7190	7290	7050	7160	95916	-0.004172461752433909
2022-03-25	7160	7460	7160	7230	218340	0.009776536312849249
2022-03-28	7250	7270	7140	7200	85345	-0.004149377593360981
2022-03-29	7200	7240	7100	7120	49845	-0.011111111111111072
2022-03-30	7120	7200	7050	7100	73423	-0.002808988764044895
2022-03-31	7110	7180	7050	7090	58047	-0.0014084507042253502
2022-04-01	7090	7110	7020	7080	61081	-0.0014104372355430161
2022-04-04	7050	7340	7050	7310	148447	0.03248587570621475
2022-04-05	7380	7550	7190	7500	232720	0.025991792065663377
2022-04-06	7400	7460	7360	7370	121261	-0.01733333333333331
2022-04-07	7260	7330	7150	7190	83698	-0.024423337856173677
2022-04-08	7200	7280	7110	7170	45271	-0.0027816411682892728
2022-04-11	7180	7260	7140	7140	45766	-0.004184100418409997
2022-04-12	7140	7250	6950	6960	88400	-0.025210084033613467
2022-04-13	6960	7090	6960	7070	42348	0.015804597701149392
2022-04-14	7050	7090	7020	7070	36431	0.0
2022-04-15	7070	7100	7010	7020	37811	-0.007072135785007094
2022-04-18	7000	7090	6890	6940	50150	-0.01139601139601143
2022-04-19	6940	6990	6940	6960	38606	0.0028818443804035088
2022-04-20	6960	7070	6940	6970	42063	0.001436781609195359
2022-04-21	6940	7030	6940	6950	26963	-0.0028694404591105283
2022-04-22	6920	6960	6720	6780	74979	-0.024460431654676262
2022-04-25	6680	6770	6610	6640	47857	-0.020648967551622377
2022-04-26	6700	6760	6640	6660	33883	0.003012048192771122
2022-04-27	6500	6570	6460	6490	59307	-0.02552552552552556
2022-04-28	6550	6560	6430	6450	42001	-0.006163328197226536
2022-04-29	6530	6570	6430	6440	78776	-0.0015503875968991832
2022-05-02	6390	6500	6360	6450	49611	0.0015527950310558758
2022-05-03	6440	6540	6440	6460	31171	0.0015503875968991832
2022-05-04	6470	6540	6450	6470	25449	0.001547987616099089
2022-05-06	6400	6470	6350	6430	43539	-0.0061823802163832875
2022-05-09	6430	6430	6220	6260	73429	-0.026438569206842955
2022-05-10	6190	6190	5970	6100	84990	-0.025559105431309903
2022-05-11	6070	6340	6070	6190	62103	0.014754098360655776
2022-05-12	6080	6230	5750	5800	116411	-0.06300484652665594
2022-05-13	5820	6150	5710	6000	92374	0.034482758620689724
2022-05-16	6150	6150	5910	5950	51327	-0.008333333333333304
2022-05-17	5910	5990	5850	5900	46039	-0.008403361344537785
2022-05-18	5900	5940	5800	5830	44811	-0.011864406779661052
2022-05-19	5710	5780	5650	5780	38462	-0.00857632933104635
2022-05-20	5790	5880	5710	5840	29369	0.01038062283737018
2022-05-23	5860	5900	5790	5890	46234	0.008561643835616417
2022-05-24	5870	5900	5750	5770	45003	-0.02037351443123936
2022-05-25	5780	5840	5690	5800	28787	0.005199306759098743
2022-05-26	5770	6070	5770	5840	119391	0.006896551724137945
2022-05-27	5830	5900	5790	5810	29777	-0.005136986301369828
2022-05-30	5820	5890	5820	5830	18739	0.0034423407917383297
2022-05-31	5830	5940	5830	5910	33800	0.013722126929674117
2022-06-02	5760	5870	5760	5810	26835	-0.016920473773265665
2022-06-03	5850	7190	5850	6640	7759417	0.1428571428571428
2022-06-07	6690	6920	6540	6730	1121965	0.013554216867469826
2022-06-08	6650	6690	6400	6480	333032	-0.03714710252600295
2022-06-09	6470	6760	6370	6370	397796	-0.016975308641975273
2022-06-10	6370	6370	6200	6260	146579	-0.017268445839874413
2022-06-13	6100	6110	5760	5760	196850	-0.07987220447284349
2022-06-14	5600	5730	5420	5460	176904	-0.05208333333333337
2022-06-15	5440	5520	5250	5260	152130	-0.03663003663003661
2022-06-16	5330	5490	5210	5210	107394	-0.009505703422053258
2022-06-17	5120	5340	5080	5240	94043	0.0057581573896352545
2022-06-20	5200	5280	4935	4970	114046	-0.05152671755725191
2022-06-21	4970	5460	4900	5340	170427	0.07444668008048283
2022-06-22	5270	5270	4960	4960	111413	-0.07116104868913853
2022-06-23	4920	4975	4555	4555	143614	-0.08165322580645162
2022-06-24	4455	4750	4455	4740	69361	0.040614709110867286
2022-06-27	4800	4940	4700	4900	68655	0.03375527426160341
2022-06-28	5020	5020	4850	4855	50491	-0.009183673469387754
2022-06-29	4830	4960	4700	4910	40077	0.011328527291452062
2022-06-30	4980	4985	4705	4715	46833	-0.03971486761710796
2022-07-01	4700	5580	4600	5550	1991470	0.17709437963944863
2022-07-04	5140	5350	4960	4980	376095	-0.10270270270270265
2022-07-05	5080	5090	4870	4940	185697	-0.008032128514056214
2022-07-06	4940	5130	4940	4980	130959	0.00809716599190291
2022-07-07	5000	5420	5000	5230	322536	0.050200803212851364
2022-07-08	5240	5490	5180	5190	250269	-0.007648183556405397
2022-07-11	5320	5320	5120	5210	54090	0.003853564547206201
2022-07-12	5200	5250	5020	5100	81067	-0.021113243761996192
2022-07-13	5400	5410	5150	5150	172849	0.009803921568627416
2022-07-14	5120	5260	5100	5260	68138	0.021359223300970953
