Date	Open	High	Low	Close	Volume	Change
2020-12-24	9920	10032	9890	10014	254315	
2020-12-28	10067	10146	9988	9994	56742	-0.0019972039145196296
2020-12-29	10141	10319	10141	10319	40293	0.03251951170702427
2020-12-30	10294	10525	10269	10526	42738	0.020060083341409074
2021-01-04	10643	10953	10564	10945	285181	0.03980619418582565
2021-01-05	10860	11077	10835	11077	95840	0.012060301507537785
2021-01-06	11121	11239	10939	10974	412505	-0.00929854653787121
2021-01-07	11082	11309	11057	11221	99135	0.02250774558046298
2021-01-08	11516	11919	11446	11880	129192	0.058729168523304454
2021-01-11	12160	12496	11713	11974	260165	0.007912457912457871
2021-01-12	11855	11973	11421	11802	212955	-0.014364456322031094
2021-01-13	11771	11934	11688	11827	68993	0.0021182850364345196
2021-01-14	11776	11830	11708	11753	85706	-0.006256869874017079
2021-01-15	11766	11870	11471	11481	60746	-0.023143027312175657
2021-01-18	11323	11486	11200	11231	68855	-0.02177510669802285
2021-01-19	11249	11673	11239	11654	48232	0.037663609651856556
2021-01-20	11963	11963	11599	11767	41198	0.009696241633773806
2021-01-21	11830	11890	11766	11890	60774	0.010452961672473782
2021-01-22	12017	12047	11890	11945	28204	0.004625735912531459
2021-01-25	11973	12165	11860	12157	49061	0.017748011720385204
2021-01-26	12160	12160	11870	11945	55734	-0.017438512790984628
2021-01-27	11939	12047	11781	11827	30587	-0.0098786102971955
2021-01-28	11446	11732	11446	11654	35260	-0.014627547137904817
2021-01-29	11771	11771	11219	11274	72297	-0.032606830272867704
2021-02-01	11274	11623	11180	11625	43795	0.031133581692389667
2021-02-02	11825	11948	11643	11807	41369	0.01565591397849464
2021-02-03	11968	11993	11806	11994	173006	0.01583806216651129
2021-02-04	11973	11973	11713	11787	45000	-0.01725862931465738
2021-02-05	11914	11934	11751	11920	20499	0.0112836175447526
2021-02-08	11860	11870	11673	11693	33816	-0.019043624161073858
2021-02-09	11761	11855	11638	11640	23569	-0.004532626357649838
2021-02-10	11678	11796	11569	11763	27788	0.010567010309278313
2021-02-15	11939	11973	11870	11935	43281	0.014622120207430145
2021-02-16	12027	12112	11973	12063	185848	0.010724759111855997
2021-02-17	12012	12012	11845	11895	14906	-0.013926883859736394
2021-02-18	11895	11910	11658	11738	22314	-0.013198823034888618
2021-02-19	11722	11801	11530	11772	16236	0.0028965752257625876
2021-02-22	11919	11919	11623	11644	11966	-0.010873258579680578
2021-02-23	11511	11614	11367	11541	23387	-0.008845757471659277
2021-02-24	11516	11633	11185	11186	14656	-0.030759899488779108
2021-02-25	11491	11623	11382	11610	18321	0.037904523511532284
2021-02-26	11289	11382	11190	11319	12912	-0.025064599483204164
2021-03-02	11589	11673	11338	11418	8999	0.008746355685131268
2021-03-03	11417	11535	11377	11536	7966	0.010334559467507498
2021-03-04	11436	11481	11318	11408	4444	-0.01109570041608876
2021-03-05	11185	11328	11052	11309	16742	-0.008678120617110818
2021-03-08	11333	11392	11052	11097	14541	-0.018746131399770105
2021-03-09	11032	11032	10718	10950	22308	-0.013246823465801527
2021-03-10	11215	11215	10915	10940	4485	-0.0009132420091324533
2021-03-11	10948	11219	10948	11221	4201	0.025685557586837326
2021-03-12	11357	11426	11323	11344	3302	0.010961589876125055
2021-03-15	11357	11456	11309	11339	3910	-0.00044076163610717867
2021-03-16	11338	11357	11279	11329	4968	-0.0008819119851838364
2021-03-17	11338	11338	11155	11294	7145	-0.0030894165416188724
2021-03-18	11352	11476	11352	11368	7807	0.006552151584912291
2021-03-19	11175	11338	11175	11226	20072	-0.012491203377902882
2021-03-22	11314	11314	11165	11171	8296	-0.004899340815962994
2021-03-23	11279	11289	11037	11058	3136	-0.010115477575866061
2021-03-24	11003	11027	10885	11009	4756	-0.00443118104539697
2021-03-25	11032	11126	10973	11053	7178	0.003996729948224198
2021-03-26	11092	11092	10944	11072	3102	0.0017189903193703948
2021-03-29	11072	11072	10998	11014	4764	-0.005238439306358367
2021-03-30	11052	11200	11052	11181	12137	0.01516252042854549
2021-03-31	11234	11269	11131	11157	7420	-0.002146498524282281
2021-04-01	11304	11328	11254	11299	5631	0.012727435690597755
2021-04-02	11402	11511	11402	11471	6517	0.015222586069563615
2021-04-05	11525	11530	11431	11476	8229	0.0004358817888587829
2021-04-06	11511	11535	11431	11506	5749	0.0026141512722202
2021-04-07	11544	11554	11471	11506	4671	0.0
2021-04-08	11506	11544	11446	11546	7125	0.0034764470710932915
2021-04-09	11544	11564	11436	11501	5310	-0.0038974536636064983
2021-04-12	11544	11544	11451	11452	4483	-0.004260499087035963
2021-04-13	11446	11614	11446	11600	17864	0.012923506811037377
2021-04-14	11658	11703	11638	11673	14011	0.0062931034482758275
2021-04-15	11717	11781	11693	11728	28335	0.004711727919129549
2021-04-16	11820	11820	11717	11763	6680	0.002984311050477473
2021-04-19	11820	11820	11722	11772	13349	0.0007651109410864443
2021-04-20	11746	11761	11703	11758	5561	-0.0011892626571525788
2021-04-21	11663	11703	11511	11541	3517	-0.018455519646198293
2021-04-22	11609	11663	11549	11580	4192	0.003379256563555977
2021-04-23	11476	11564	11417	11536	6216	-0.0037996545768566037
2021-04-26	11614	11614	11516	11556	10612	0.0017337031900139799
2021-04-27	11574	11618	11511	11575	22619	0.001644167532018015
2021-04-28	11525	11540	11402	11418	1760	-0.013563714902807722
2021-04-29	11442	11442	11303	11323	4007	-0.008320196181467843
2021-04-30	11323	11323	11144	11209	4833	-0.0100680031793694
2021-05-03	11153	11352	11089	11114	5344	-0.00847533232224107
2021-05-04	11124	11253	11084	11234	3672	0.010797192729890215
2021-05-06	11144	11263	11144	11263	25727	0.0025814491721558586
2021-05-07	11263	11357	11238	11288	1434	0.002219657284915133
2021-05-10	11303	11477	11298	11462	27688	0.01541459957476965
2021-05-11	11352	11362	11109	11164	15984	-0.02599895306229283
2021-05-12	11163	11213	10920	11005	5805	-0.014242207094231407
2021-05-13	10860	10974	10780	10821	9519	-0.01671967287596543
2021-05-14	10880	11004	10880	11005	1014	0.017003973754736057
2021-05-17	11004	11004	10865	10920	1344	-0.007723761926397121
2021-05-18	10945	11079	10945	11074	4045	0.014102564102564052
2021-05-20	11094	11094	10999	11079	2210	0.000451508036843018
2021-05-21	11129	11243	11099	11169	11620	0.008123476848090894
2021-05-24	11178	11178	11034	11064	1008	-0.009401020682245464
2021-05-25	11144	11144	11064	11144	7165	0.007230657989877098
2021-05-26	11153	11193	11074	11104	6487	-0.003589375448671883
2021-05-27	11104	11114	10979	11099	2404	-0.0004502881844380413
2021-05-28	11144	11203	11099	11179	4822	0.007207856563654413
2021-05-31	11213	11213	11144	11189	3609	0.0008945343948474349
2021-06-01	11223	11293	11188	11253	8574	0.005719903476628874
2021-06-02	11253	11323	11213	11273	6072	0.0017773038300896715
2021-06-03	11328	11387	11278	11353	3677	0.007096602501552418
2021-06-04	11387	11387	11263	11363	2555	0.0008808244516866903
2021-06-07	11432	11462	11347	11363	4798	0.0
2021-06-08	11377	11402	11333	11358	3278	-0.00044002464137993247
2021-06-09	11362	11362	11258	11258	3562	-0.008804366966015165
2021-06-10	11258	11308	11213	11288	7203	0.0026647717178895913
2021-06-11	11347	11377	11328	11373	3354	0.0075301204819278045
2021-06-14	11422	11422	11347	11403	1232	0.002637826431020729
2021-06-15	11437	11477	11397	11433	5899	0.0026308866087871863
2021-06-16	11457	11487	11437	11467	3839	0.0029738476340417375
2021-06-17	11437	11452	11382	11438	30164	-0.00252899625010905
2021-06-18	11472	11512	11452	11512	7945	0.006469662528413966
2021-06-21	11427	11452	11328	11423	2588	-0.007731063238359925
2021-06-22	11442	11522	11432	11472	5961	0.00428959117569816
2021-06-23	11546	11611	11541	11607	14576	0.01176778242677834
2021-06-24	11666	11790	11606	11666	290451	0.005083139484793664
2021-06-25	11721	11731	11651	11651	7244	-0.0012857877593005496
2021-06-28	11671	11701	11601	11666	7138	0.0012874431379281681
2021-06-29	11736	11736	11601	11637	4962	-0.002485856334647707
2021-06-30	11651	11721	11651	11721	8218	0.0072183552461975165
2021-07-01	11745	11745	11611	11642	2819	-0.006740039245798135
2021-07-02	11611	11656	11576	11632	6477	-0.0008589589417625776
2021-07-05	11651	11681	11566	11632	5980	0.0
2021-07-06	11681	11686	11606	11637	1652	0.0004298486932599044
2021-07-07	11636	11651	11581	11592	1362	-0.003866976024748614
2021-07-08	11666	11666	11477	11477	24099	-0.009920634920634885
2021-07-09	11437	11437	11263	11408	12655	-0.006012024048096198
2021-07-12	11507	11507	11422	11467	6576	0.005171809256661941
2021-07-13	11497	11586	11497	11587	7078	0.010464812069416629
2021-07-14	11576	11616	11551	11592	4343	0.0004315180806075958
2021-07-15	11601	11671	11566	11671	11297	0.006815044858523134
2021-07-16	11656	11656	11551	11597	6175	-0.006340502099220324
2021-07-19	11527	11532	11442	11452	5720	-0.012503233594895247
2021-07-20	11387	11447	11352	11423	3326	-0.0025323087670275912
2021-07-21	11447	11477	11293	11323	3471	-0.008754267705506469
2021-07-22	11392	11452	11343	11408	4595	0.007506844475845709
2021-07-23	11437	11482	11437	11457	4105	0.004295231416549861
2021-07-26	11542	11542	11392	11433	5743	-0.0020947892118355904
2021-07-27	11492	11492	11387	11438	3089	0.00043733053441785685
2021-07-28	11402	11402	11293	11353	5047	-0.007431369120475595
2021-07-29	11372	11437	11362	11383	2082	0.002642473355060293
2021-07-30	11333	11333	11243	11244	5472	-0.01221119212861288
2021-08-02	11248	11313	11223	11283	2375	0.003468516542155742
2021-08-03	11328	11417	11313	11358	8201	0.00664716830630141
2021-08-04	11412	11482	11367	11472	8045	0.010036978341257274
2021-08-05	11497	11576	11497	11527	7403	0.004794281729428196
2021-08-06	11546	11551	11492	11542	3596	0.0013012926173332495
2021-08-09	11442	11537	11432	11512	6767	-0.002599202911107268
2021-08-10	11512	11517	11417	11462	6740	-0.004343293954134797
2021-08-11	11402	11477	11288	11353	8685	-0.00950968417379161
2021-08-12	11338	11397	11323	11343	2362	-0.0008808244516868013
2021-08-13	11347	11347	11124	11244	9909	-0.008727849775191698
2021-08-17	11198	11198	10974	11035	3401	-0.01858769121309145
2021-08-18	10974	11114	10915	11074	3055	0.0035342093339374436
2021-08-19	11014	11079	10885	10900	3654	-0.01571247968213829
2021-08-20	10964	10964	10711	10746	11874	-0.014128440366972472
2021-08-23	10855	10944	10830	10935	2546	0.017587939698492372
2021-08-24	11044	11044	10940	11005	2545	0.006401463191586743
2021-08-25	11049	11109	10964	11045	779	0.0036347114947750114
2021-08-26	11049	11074	10984	11015	539	-0.0027161611588953916
2021-08-27	10974	11014	10880	11010	3723	-0.00045392646391284597
2021-08-30	11114	11114	10954	10995	4294	-0.0013623978201634523
2021-08-31	10994	11248	10984	11248	15755	0.023010459299681596
2021-09-01	11253	11268	11158	11268	5033	0.0017780938833571458
2021-09-02	11208	11208	11099	11124	821	-0.012779552715655007
2021-09-03	11104	11203	11104	11179	1106	0.004944264653002461
2021-09-06	11193	11273	11188	11248	4208	0.006172287324447634
2021-09-07	11283	11283	11218	11224	577	-0.002133712660028486
2021-09-08	11208	11208	11094	11114	7564	-0.00980042765502498
2021-09-09	11074	11074	10954	10960	1329	-0.013856397336692416
2021-09-10	10999	11039	10910	11005	1496	0.0041058394160584655
2021-09-13	10964	11024	10949	10980	313	-0.002271694684234493
2021-09-14	11034	11119	11019	11079	3062	0.00901639344262306
2021-09-15	11059	11114	11044	11099	1941	0.0018052170773534826
2021-09-16	11134	11134	10979	11025	932	-0.0066672673213803435
2021-09-17	11014	11044	10959	11040	4234	0.0013605442176871652
2021-09-23	11039	11064	10979	11054	2978	0.0012681159420289134
2021-09-24	11099	11124	11069	11104	2898	0.004523249502442539
2021-09-27	11109	11129	11059	11119	90981	0.001350864553314013
2021-09-28	11074	11178	10954	10970	355871	-0.013400485655184813
2021-09-29	10731	10860	10731	10860	92214	-0.010027347310847756
2021-09-30	10835	10915	10775	10890	3298	0.0027624309392264568
2021-10-01	10835	10835	10646	10706	1749	-0.016896235078053268
2021-10-05	10571	10571	10382	10443	2336	-0.024565664113581187
2021-10-06	10512	10551	10243	10268	6971	-0.016757636694436417
2021-10-07	10348	10442	10298	10423	1397	0.015095442150370175
2021-10-08	10547	10547	10457	10457	1836	0.0032620166938501782
2021-10-12	10477	10477	10308	10338	1146	-0.011379936884383657
2021-10-13	10362	10507	10362	10472	11635	0.012961888179531922
2021-10-14	10586	10681	10586	10681	722	0.01995798319327724
2021-10-15	10790	10805	10721	10796	10398	0.01076678213650406
2021-10-18	10825	10845	10696	10791	158308	-0.0004631344942571669
2021-10-19	10845	10945	10845	10900	3195	0.010101010101010166
2021-10-20	10959	10994	10850	10905	6409	0.0004587155963302614
2021-10-21	10905	10905	10800	10821	3534	-0.007702888583218659
2021-10-22	10810	10830	10746	10821	719	0.0
2021-10-25	10795	10845	10701	10846	4014	0.002310322521023922
2021-10-26	10944	10994	10885	10935	3662	0.008205790153051895
2021-10-27	10945	10954	10850	10900	9458	-0.0032007315957933713
2021-10-28	10935	10959	10900	10915	1030	0.0013761467889907841
2021-10-29	10969	10969	10765	10781	1638	-0.01227668346312416
2021-11-01	10775	10785	10716	10731	383031	-0.004637788702346768
2021-11-02	10825	10910	10825	10850	2592	0.01108936725375087
2021-11-03	10905	10974	10830	10875	4282	0.0023041474654377225
2021-11-04	10979	11114	10979	11020	12901	0.01333333333333342
2021-11-05	11129	11163	11074	11164	4411	0.01306715063520869
2021-11-08	11139	11188	11064	11189	6478	0.002239340738086737
2021-11-09	11148	11288	11148	11288	11197	0.008847975690410292
2021-11-10	11228	11238	11059	11079	1996	-0.01851523742026928
2021-11-11	11019	11228	11019	11229	19963	0.013539128080151563
2021-11-12	11352	11422	11263	11398	15204	0.015050316145694076
2021-11-15	11477	11532	11457	11502	4977	0.00912440779084056
2021-11-16	11492	11541	11437	11522	8937	0.0017388280299077685
2021-11-17	11561	11586	11447	11497	6263	-0.002169762194063507
2021-11-18	11497	11527	11437	11492	3011	-0.0004348960598417051
2021-11-19	11512	11561	11497	11497	2453	0.00043508527671431985
2021-11-22	11556	11556	11377	11522	6224	0.0021744802992085255
2021-11-23	11462	11527	11377	11393	5944	-0.01119597292136787
2021-11-24	11427	11467	11303	11457	1012	0.005617484420258112
2021-11-25	11462	11517	11347	11368	1012	-0.007768176660556847
2021-11-26	11367	11367	11139	11144	2850	-0.019704433497536922
2021-11-29	11024	11253	11024	11149	2691	0.00044867193108388825
2021-11-30	11248	11323	10870	10945	4448	-0.01829760516638268
2021-12-01	11044	11069	10870	11069	3505	0.011329374143444593
2021-12-02	10935	10989	10860	10950	4172	-0.01075074532478093
2021-12-03	10969	11129	10920	11119	7234	0.015433789954337973
2021-12-06	11049	11049	10915	11040	3479	-0.007104955481608055
2021-12-07	11039	11099	10949	11074	1564	0.003079710144927583
2021-12-08	11193	11278	11094	11094	1545	0.001806032147372294
2021-12-09	11178	11218	11158	11219	4437	0.011267351721651275
2021-12-10	11158	11203	11114	11124	3801	-0.008467777876816074
2021-12-13	11188	11263	11109	11139	4321	0.0013484358144553177
2021-12-14	11054	11084	10974	11030	3049	-0.00978543854924141
2021-12-15	10974	11039	10949	11040	2930	0.0009066183136898776
2021-12-16	11158	11183	11119	11144	8572	0.009420289855072372
2021-12-17	11064	11148	11014	11114	3418	-0.0026920315865039957
2021-12-20	11059	11059	10905	10910	1227	-0.018355227640813432
2021-12-21	10999	11044	10875	11000	3129	0.008249312557286892
2021-12-22	11104	11158	11099	11099	4878	0.008999999999999897
2021-12-23	11193	11213	11153	11189	1557	0.00810883863411127
2021-12-24	11248	11303	11248	11283	2898	0.008401108231298693
2021-12-27	11268	11313	11263	11288	387	0.0004431445537533829
2021-12-28	11288	11457	11283	11457	9716	0.014971651311126877
2021-12-29	11512	11556	11362	11438	7547	-0.0016583747927031434
2021-12-30	11457	11482	11417	11447	2283	0.0007868508480504133
2022-01-03	11447	11556	11328	11408	1831	-0.0034070062024984527
2022-01-04	11407	11407	11193	11199	4326	-0.018320476858345036
2022-01-05	11139	11139	10900	10995	5871	-0.018215912135012058
2022-01-06	10760	10885	10666	10691	5554	-0.027648931332423854
2022-01-07	10721	10890	10721	10816	4903	0.011692077448321125
2022-01-10	10760	10780	10661	10691	1153	-0.011556952662721942
2022-01-11	10845	10845	10686	10731	244	0.0037414647834628223
2022-01-12	10815	11054	10815	10975	3587	0.022737862268194853
2022-01-13	11034	11094	11019	11054	586	0.0071981776765375205
2022-01-14	10974	10999	10925	10925	688	-0.01166998371630179
2022-01-17	10855	10969	10775	10776	86	-0.013638443935926725
2022-01-18	10865	10865	10770	10771	99	-0.00046399406087604955
2022-01-19	10681	10746	10651	10671	1317	-0.009284189026088518
2022-01-20	10790	10845	10755	10811	630	0.013119670134008166
2022-01-21	10746	10746	10576	10607	2178	-0.018869669780778864
2022-01-24	10547	10551	10357	10408	1325	-0.01876119543697563
2022-01-25	10407	10407	10124	10144	12135	-0.025365103766333608
2022-01-26	10228	10238	10054	10059	1192	-0.008379337539432208
2022-01-27	10019	10114	9631	9632	2055	-0.042449547668754306
2022-01-28	9636	9915	9576	9915	780	0.02938122923588038
2022-02-03	10094	10158	10009	10010	1316	0.009581442259203321
2022-02-04	10009	10193	10009	10189	780	0.0178821178821178
2022-02-07	10188	10188	9979	10020	301	-0.016586514868976332
2022-02-08	10129	10158	9999	10084	2303	0.006387225548902142
2022-02-09	10109	10193	10109	10194	542	0.010908369694565545
2022-02-10	10228	10243	10163	10214	2066	0.001961938395134366
2022-02-11	10099	10119	10054	10059	286	-0.015175249657333079
2022-02-14	9915	9925	9850	9870	943	-0.018789144050104345
2022-02-15	9870	9900	9770	9851	235	-0.0019250253292806274
2022-02-16	9989	10124	9989	10084	70	0.02365242107400256
2022-02-17	10193	10248	10024	10194	2048	0.010908369694565545
2022-02-18	10059	10149	10044	10149	265	-0.004414361389052379
2022-02-21	9870	10044	9805	10045	1826	-0.010247315006404523
2022-02-22	9865	9954	9865	9955	1473	-0.008959681433549083
2022-02-23	9984	10024	9954	10025	446	0.007031642390758375
2022-02-24	9925	9925	9770	9771	1272	-0.025336658354114694
2022-02-25	9895	10039	9895	10040	633	0.027530447241838063
2022-02-28	10004	10183	10004	10184	385	0.014342629482071656
2022-03-02	10193	10338	10183	10338	3366	0.015121759622938047
2022-03-03	10402	10522	10397	10522	1573	0.017798413619655618
2022-03-04	10487	10487	10318	10348	1047	-0.016536780079832725
2022-03-07	10163	10203	10084	10169	385	-0.01729802860456131
2022-03-08	10009	10149	10004	10025	1608	-0.014160684433080939
2022-03-10	10213	10273	10213	10263	506	0.02374064837905232
2022-03-11	10243	10243	10149	10214	439	-0.004774432427165576
2022-03-14	10158	10158	10004	10099	158	-0.011259056197376105
2022-03-15	10039	10064	9984	10010	140	-0.00881275373799384
2022-03-16	10129	10183	10074	10184	447	0.017382617382617482
2022-03-17	10382	10442	10362	10418	10317	0.022977219167321206
2022-03-18	10417	10477	10387	10477	482	0.005663275100787013
2022-03-21	10477	10497	10407	10457	299	-0.0019089433998281669
2022-03-22	10482	10566	10482	10547	2487	0.0086066749545759
2022-03-23	10616	10616	10556	10602	161	0.005214753010334583
2022-03-24	10542	10566	10467	10567	455	-0.003301263912469321
2022-03-25	10626	10626	10586	10622	3028	0.005204883126715298
2022-03-28	10576	10586	10517	10577	1536	-0.004236490303144436
2022-03-29	10631	10631	10576	10632	402	0.005199962182093287
2022-03-30	10716	10736	10651	10721	946	0.008370955605718544
2022-03-31	10641	10775	10641	10751	2293	0.002798246432235807
2022-04-01	10755	10780	10716	10781	2418	0.0027904380987815447
2022-04-04	10701	10755	10671	10756	519	-0.002318894351173384
2022-04-05	10760	10760	10681	10736	391	-0.0018594272963926572
2022-04-06	10606	10631	10576	10617	371	-0.011084202682563382
2022-04-07	10537	10537	10452	10452	344	-0.015541113308844334
2022-04-08	10452	10512	10432	10512	135	0.00574052812858783
2022-04-11	10457	10537	10357	10378	78	-0.012747336377473384
2022-04-12	10313	10367	10263	10318	170	-0.0057814607824243636
2022-04-13	10338	10472	10268	10472	1072	0.014925373134328401
2022-04-14	10527	10527	10527	10527	104	0.005252100840336116
2022-04-15	10412	10437	10387	10408	61	-0.011304265222760512
2022-04-18	10352	10352	10248	10268	90	-0.013451191391237516
2022-04-19	10367	10377	10333	10378	61	0.010712894429294906
2022-04-20	10348	10348	10273	10313	49	-0.0062632491809597735
2022-04-21	10397	10412	10343	10348	18	0.0033937748472800955
2022-04-22	10238	10238	10144	10229	74	-0.011499806725937423
2022-04-25	10074	10074	9979	9990	440	-0.02336494280965884
2022-04-26	10024	10099	10024	10045	533	0.005505505505505548
2022-04-27	9785	9950	9785	9950	7252	-0.009457441513190612
2022-04-28	9965	9970	9890	9930	289	-0.0020100502512563345
2022-04-29	10000	10115	10000	10115	44	0.018630412890231707
2022-05-02	10005	10095	9995	10095	691	-0.001977261492832394
2022-05-03	10145	10155	10140	10140	38	0.004457652303120341
2022-05-04	10200	10200	10065	10130	220	-0.0009861932938856066
2022-05-06	9980	10010	9945	9950	257	-0.017769002961500524
2022-05-09	9900	9900	9740	9740	916	-0.021105527638190957
2022-05-10	9610	9740	9515	9730	3036	-0.0010266940451745254
2022-05-11	9765	9810	9690	9810	133	0.008221993833504637
2022-05-12	9660	9690	9515	9525	411	-0.02905198776758411
2022-05-13	9625	9795	9625	9795	1637	0.02834645669291347
2022-05-16	9895	9895	9790	9790	60	-0.0005104645227156368
2022-05-17	9875	9925	9870	9925	172	0.013789581205311485
2022-05-18	10005	10065	9995	10050	720	0.012594458438287104
2022-05-19	9805	9980	9805	9980	1023	-0.006965174129353269
2022-05-20	10035	10150	10035	10120	371	0.014028056112224352
2022-05-23	10210	10215	10130	10205	142	0.008399209486166015
2022-05-24	10180	10180	9940	9940	75	-0.02596766291033803
2022-05-25	9910	10030	9900	9990	1994	0.005030181086519203
2022-05-26	10015	10100	9910	9910	380	-0.00800800800800805
2022-05-27	10065	10095	10010	10060	4560	0.015136226034308864
2022-05-30	10110	10195	10110	10195	76	0.013419483101391627
2022-05-31	10235	10290	10235	10290	447	0.009318293281020074
2022-06-02	10260	10260	10185	10200	974	-0.008746355685131157
2022-06-03	10300	10300	10245	10280	272	0.007843137254901933
2022-06-07	10175	10200	10040	10090	206	-0.018482490272373586
2022-06-08	10080	10120	10060	10100	447	0.0009910802775023875
2022-06-09	10090	10135	10080	10135	84	0.0034653465346534684
2022-06-10	10030	10070	10025	10040	36	-0.009373458312777472
2022-06-13	9815	9815	9685	9685	747	-0.03535856573705176
2022-06-14	9510	9625	9460	9625	1098	-0.00619514713474445
2022-06-15	9600	9600	9345	9405	387	-0.02285714285714291
2022-06-16	9520	9675	9445	9450	417	0.004784688995215225
2022-06-17	9250	9420	9250	9420	612	-0.0031746031746031633
2022-06-20	9370	9370	9205	9295	176	-0.013269639065817462
2022-06-21	9295	9425	9245	9375	354	0.008606777837547153
2022-06-22	9325	9330	9010	9010	568	-0.038933333333333375
2022-06-23	9000	9040	8790	8825	1148	-0.020532741398446186
2022-06-24	8830	9090	8830	9090	1959	0.03002832861189808
2022-06-27	9135	9260	9135	9215	460	0.013751375137513788
2022-06-28	9315	9340	9255	9340	1568	0.013564839934888662
2022-06-29	9240	9290	9215	9285	988	-0.005888650963597475
2022-06-30	9235	9235	9005	9005	4075	-0.03015616585891223
2022-07-01	8985	9030	8845	8880	765	-0.013881177123820088
2022-07-04	8810	8810	8680	8755	224	-0.014076576576576572
2022-07-05	8845	8985	8845	8985	110	0.026270702455739592
2022-07-06	8915	8915	8775	8790	83	-0.02170283806343909
2022-07-07	8880	8935	8870	8935	160	0.016496018202502905
2022-07-08	9035	9110	9020	9040	350	0.01175153889199776
2022-07-11	9040	9060	8955	8990	50	-0.00553097345132747
2022-07-12	8920	8920	8810	8860	86	-0.014460511679644017
2022-07-13	8840	8905	8840	8905	65	0.005079006772009009
2022-07-14	8965	9050	8965	9035	138	0.014598540145985384
