Date	Open	High	Low	Close	Volume	Change
2021-04-09	10090	10115	10035	10045	4830	
2021-04-12	10065	10065	10025	10040	10747	-0.0004977600796416404
2021-04-13	10045	10045	10015	10035	1795	-0.0004980079681274896
2021-04-14	10070	10070	10010	10045	723	0.0009965122072745913
2021-04-15	10060	10060	10020	10030	1699	-0.00149328023892481
2021-04-16	10030	10105	10030	10100	1570	0.006979062811565351
2021-04-19	10090	10220	10080	10220	7073	0.011881188118811892
2021-04-20	10220	10220	10150	10165	819	-0.005381604696673148
2021-04-21	10065	10065	9945	9995	4075	-0.016724053123462812
2021-04-22	10070	10120	10065	10120	11122	0.012506253126563172
2021-04-23	10120	10140	10095	10110	2099	-0.0009881422924901129
2021-04-26	10220	10220	10110	10145	1620	0.0034619188921860555
2021-04-27	10200	10200	10130	10160	7988	0.0014785608674223738
2021-04-28	10210	10210	10130	10130	789	-0.0029527559055118058
2021-04-29	10225	10225	10100	10175	360	0.0044422507403751865
2021-04-30	10175	10175	10095	10135	1651	-0.0039312039312039415
2021-05-03	10050	10115	10050	10090	6688	-0.004440059200789381
2021-05-04	10120	10120	10015	10040	1665	-0.0049554013875123815
2021-05-06	10200	10200	10120	10150	2649	0.010956175298804771
2021-05-07	10175	10215	10165	10205	2141	0.005418719211822687
2021-05-10	10300	10300	10255	10260	7535	0.005389514943655138
2021-05-11	10260	10260	10090	10105	13348	-0.015107212475633514
2021-05-12	10100	10100	9950	9985	3766	-0.011875309252845079
2021-05-13	9985	10005	9945	9955	2929	-0.003004506760140191
2021-05-14	10030	10130	10030	10125	1338	0.017076845806127672
2021-05-17	10285	10285	10135	10230	1908	0.010370370370370363
2021-05-18	10250	10295	10240	10295	4660	0.006353861192570864
2021-05-20	10200	10200	10065	10100	4965	-0.018941233608547825
2021-05-21	10170	10210	10170	10210	2218	0.0108910891089109
2021-05-24	10545	10545	10215	10255	1374	0.004407443682663992
2021-05-25	10280	10375	10240	10375	3455	0.011701608971233624
2021-05-26	10335	10360	10325	10345	1345	-0.0028915662650602636
2021-05-27	10345	10345	10280	10295	8196	-0.004833252779120389
2021-05-28	10370	10370	10335	10340	3833	0.004371053909664857
2021-05-31	10445	10445	10360	10370	17149	0.0029013539651836506
2021-06-01	10400	10400	10305	10335	12831	-0.0033751205400193163
2021-06-02	10365	10415	10360	10395	7287	0.005805515239477588
2021-06-03	10430	10480	10430	10445	8166	0.00481000481000482
2021-06-04	10440	10445	10385	10415	4101	-0.002872187649593072
2021-06-07	10590	10590	10420	10430	4671	0.001440230436869916
2021-06-08	10460	10465	10445	10460	8090	0.0028763183125599667
2021-06-09	10525	10525	10450	10470	7822	0.0009560229445506607
2021-06-10	10520	10520	10440	10475	14375	0.00047755491881562584
2021-06-11	10525	10525	10460	10470	7053	-0.0004773269689737347
2021-06-14	10595	10600	10520	10540	16730	0.006685768863419206
2021-06-15	10575	10610	10570	10590	24765	0.004743833017077703
2021-06-16	10645	10645	10565	10580	30808	-0.0009442870632672129
2021-06-17	10670	10670	10510	10535	15551	-0.0042533081285444085
2021-06-18	10675	10675	10100	10605	3561	0.006644518272425293
2021-06-21	10500	10500	10290	10310	11619	-0.027817067421027852
2021-06-22	10580	10580	10480	10525	8392	0.020853540252182334
2021-06-23	10600	10600	10505	10525	12099	0.0
2021-06-24	10485	10485	10420	10460	8559	-0.006175771971496435
2021-06-25	10595	10595	10505	10530	3358	0.006692160611854625
2021-06-28	10600	10600	10470	10505	4331	-0.0023741690408357607
2021-06-29	10510	10510	10395	10455	19408	-0.004759638267491706
2021-06-30	10465	10475	10445	10465	4828	0.0009564801530368428
2021-07-01	10450	10450	10380	10440	13571	-0.0023889154323937234
2021-07-02	10510	10510	10410	10425	3269	-0.001436781609195359
2021-07-05	10465	10465	10390	10405	2982	-0.0019184652278178005
2021-07-06	10465	10465	10380	10380	4867	-0.0024026910139356428
2021-07-07	10380	10400	10300	10360	3296	-0.0019267822736031004
2021-07-08	10470	10470	10355	10375	3118	0.0014478764478764727
2021-07-09	10245	10245	10140	10245	8839	-0.012530120481927698
2021-07-12	10440	10440	10365	10410	7870	0.016105417276720324
2021-07-13	10450	10450	10275	10450	3581	0.003842459173871271
2021-07-14	10445	10445	10395	10420	13406	-0.002870813397129135
2021-07-15	10440	10440	10380	10425	1757	0.0004798464491362342
2021-07-16	10420	10420	10315	10350	3357	-0.007194244604316502
2021-07-19	10350	10350	10200	10215	2189	-0.013043478260869601
2021-07-20	10140	10140	10010	10055	12102	-0.01566324033284383
2021-07-21	10170	10170	10080	10120	5415	0.006464445549477782
2021-07-22	10290	10315	10250	10315	7625	0.019268774703557368
2021-07-23	10410	10410	10350	10375	4411	0.00581677169171102
2021-07-26	10495	10495	10405	10420	8970	0.004337349397590451
2021-07-27	10470	10470	10420	10430	2276	0.0009596928982724684
2021-07-28	10375	10410	10355	10410	2624	-0.0019175455417066445
2021-07-29	10470	10490	10425	10490	3414	0.007684918347742542
2021-07-30	10430	10465	10405	10430	2883	-0.0057197330791229906
2021-08-02	10430	10490	10430	10490	16218	0.0057526366251199335
2021-08-03	10490	10520	10360	10500	3035	0.0009532888465204614
2021-08-04	10500	10535	10500	10535	2063	0.0033333333333334103
2021-08-05	10580	10580	10520	10575	3686	0.0037968675842430244
2021-08-06	10575	10605	10575	10600	3216	0.0023640661938533203
2021-08-09	10750	10750	10600	10620	1722	0.0018867924528302993
2021-08-10	10715	10715	10625	10635	2763	0.0014124293785311437
2021-08-11	10640	10700	10585	10685	7464	0.004701457451810054
2021-08-12	10400	10755	10400	10725	9794	0.0037435657463733563
2021-08-13	10755	10765	10725	10740	5674	0.0013986013986013734
2021-08-17	10685	10765	10685	10685	6474	-0.005121042830540046
2021-08-18	10775	10775	10675	10740	3321	0.005147402901263476
2021-08-19	10740	10740	10590	10590	4973	-0.013966480446927387
2021-08-20	10490	10575	10490	10540	996	-0.0047214353163361755
2021-08-23	10665	10670	10540	10670	14260	0.012333965844402384
2021-08-24	10670	10720	10670	10720	1671	0.004686035613870709
2021-08-25	10690	10770	10650	10700	14529	-0.001865671641791078
2021-08-26	10650	10685	10605	10655	3744	-0.0042056074766355644
2021-08-27	10680	10680	10635	10680	644	0.002346316283434957
2021-08-30	10715	10735	10685	10735	33486	0.005149812734082326
2021-08-31	10735	10775	10705	10775	23571	0.0037261294829995517
2021-09-01	10775	10780	10640	10780	15323	0.00046403712296982924
2021-09-02	10775	10870	10770	10780	10751	0.0
2021-09-03	10780	10840	10780	10825	12173	0.004174397031539989
2021-09-06	10770	10770	10670	10770	2244	-0.005080831408776021
2021-09-07	10840	10870	10820	10870	7597	0.00928505106778088
2021-09-08	10690	10820	10690	10795	4271	-0.006899724011039554
2021-09-09	10795	10795	10685	10685	2197	-0.01018990273274667
2021-09-10	10710	10710	10630	10710	53559	0.0023397285914834587
2021-09-13	10705	10705	10640	10685	957	-0.002334267040149385
2021-09-14	10785	10785	10700	10740	43428	0.005147402901263476
2021-09-15	10765	10765	10695	10705	9000	-0.0032588454376163423
2021-09-16	10625	10640	10590	10600	4206	-0.009808500700607237
2021-09-17	10610	10695	10610	10695	8971	0.008962264150943478
2021-09-23	10660	10700	10620	10700	20673	0.0004675081813931836
2021-09-24	10760	10795	10700	10755	3573	0.005140186915887801
2021-09-27	10690	10755	10665	10755	51517	0.0
2021-09-28	10730	10730	10610	10685	908	-0.006508600650860119
2021-09-29	10435	10465	10385	10450	13582	-0.0219934487599438
2021-09-30	10525	10525	10430	10525	9783	0.0071770334928229484
2021-10-01	10445	10445	10250	10250	9286	-0.026128266033254133
2021-10-05	10290	10290	10010	10265	40432	0.0014634146341463428
2021-10-06	10440	10440	10290	10345	35671	0.007793472966390658
2021-10-07	10305	10450	10305	10445	3847	0.009666505558240779
2021-10-08	10445	10520	10445	10475	1714	0.002872187649593183
2021-10-12	10485	10485	10345	10345	24658	-0.012410501193317436
2021-10-13	10345	10410	10345	10400	752	0.0053165780570323395
2021-10-14	10490	10530	10490	10530	6407	0.012499999999999956
2021-10-15	10640	10710	10640	10695	7127	0.015669515669515688
2021-10-18	10725	10745	10685	10685	58286	-0.0009350163627863672
2021-10-19	10660	10795	10660	10690	1985	0.00046794571829678056
2021-10-20	10690	10690	10205	10635	28430	-0.005144995322731494
2021-10-21	10045	10700	10045	10655	33713	0.0018805829807240215
2021-10-22	10680	10720	10670	10700	4213	0.004223369310182967
2021-10-25	10700	10785	10700	10785	793	0.007943925233644844
2021-10-26	10760	10795	10760	10780	29607	-0.00046360686138158247
2021-10-27	10830	10830	10735	10790	2663	0.0009276437847867136
2021-10-28	10830	10830	10790	10815	14154	0.0023169601482855295
2021-10-29	10820	10840	10795	10795	1033	-0.001849283402681423
2021-11-01	10865	10875	10780	10845	18646	0.004631773969430375
2021-11-02	10890	11000	10890	10955	6327	0.01014292300599351
2021-11-03	11155	11155	10980	10995	23700	0.003651300775901367
2021-11-04	11055	11110	11055	11105	7188	0.010004547521600626
2021-11-05	11180	11180	11110	11140	4917	0.0031517334533994745
2021-11-08	11200	11275	11160	11200	11756	0.0053859964093356805
2021-11-09	11220	11220	11150	11165	9919	-0.0031250000000000444
2021-11-10	11200	11200	11095	11135	2180	-0.00268696820420955
2021-11-11	11105	11200	11100	11150	903	0.0013471037269869868
2021-11-12	11220	11220	11195	11210	658	0.0053811659192826156
2021-11-15	11290	11290	11135	11220	14466	0.000892060660124816
2021-11-16	11220	11250	11220	11245	4799	0.002228163992869847
2021-11-17	11290	11320	11265	11290	16571	0.0040017785682524565
2021-11-18	11280	11310	11275	11310	698	0.001771479185119551
2021-11-19	11250	11310	11250	11305	582	-0.0004420866489831532
2021-11-22	11320	11320	11160	11195	980	-0.009730207872622687
2021-11-23	11150	11150	11055	11055	12660	-0.01250558284948633
2021-11-24	11045	11045	10980	11045	14685	-0.0009045680687471691
2021-11-25	10990	11035	10650	11025	4105	-0.001810774105930335
2021-11-26	11195	11195	10755	10790	7627	-0.021315192743764144
2021-11-29	10515	10900	10010	10640	26173	-0.013901760889712733
2021-11-30	10565	10680	10260	10395	3364	-0.023026315789473673
2021-12-01	10445	10580	10440	10555	1622	0.01539201539201529
2021-12-02	10990	10990	10475	10550	27544	-0.000473709142586487
2021-12-03	10560	10645	10525	10645	1730	0.009004739336492928
2021-12-06	10525	10585	10515	10560	686	-0.007984969469234438
2021-12-07	10920	10920	10640	10705	10056	0.013731060606060552
2021-12-08	11005	11050	10805	10970	22861	0.02475478748248472
2021-12-09	10885	10945	10805	10890	39578	-0.007292616226071136
2021-12-10	10825	10825	10745	10760	3094	-0.011937557392102893
2021-12-13	10965	10965	10805	10845	2666	0.007899628252788116
2021-12-14	10910	10910	10740	10770	351	-0.006915629322268302
2021-12-15	10770	10770	10690	10710	3608	-0.005571030640668551
2021-12-16	10715	10925	10715	10865	5930	0.014472455648926186
2021-12-17	11115	11115	10700	10740	21402	-0.011504832029452405
2021-12-20	10790	10790	10510	10510	4684	-0.02141527001862198
2021-12-21	10575	10690	10490	10675	1561	0.015699333967649887
2021-12-22	10725	10800	10720	10780	74989	0.009836065573770592
2021-12-23	11050	11050	10860	10915	19599	0.012523191094619746
2021-12-24	11100	11100	10895	10955	1412	0.003664681630783262
2021-12-27	10955	10970	10850	10955	982	0.0
2021-12-28	11010	11070	11005	11030	1136	0.006846188954815258
2021-12-29	11085	11095	11045	11080	16190	0.00453309156844961
2021-12-30	11080	11115	11010	11030	932	-0.004512635379061325
2022-01-03	11100	11110	11050	11090	2891	0.005439709882139709
2022-01-04	11100	11220	11100	11210	2532	0.010820559062218127
2022-01-05	11195	11235	11175	11215	2497	0.000446030330062408
2022-01-06	11215	11215	11070	11130	6161	-0.007579135086937083
2022-01-07	11220	11260	11105	11155	2549	0.002246181491464494
2022-01-10	11225	11225	10570	11125	21900	-0.0026893769610040197
2022-01-11	11045	11105	10970	11025	20081	-0.008988764044943864
2022-01-12	11155	11155	11025	11095	1131	0.006349206349206327
2022-01-13	11155	11155	11070	11120	44383	0.0022532672374944163
2022-01-14	11055	11055	10975	11025	2492	-0.008543165467625902
2022-01-17	11005	11070	11005	11040	988	0.0013605442176871652
2022-01-18	11090	11120	11000	11055	14258	0.0013586956521738358
2022-01-19	10995	11040	10855	10925	32372	-0.011759384893713198
2022-01-20	10970	10985	10915	10985	14422	0.005491990846681949
2022-01-21	10985	11160	10875	10930	15994	-0.005006827492034627
2022-01-24	10930	10930	10800	10850	18725	-0.007319304666056681
2022-01-25	10745	10745	10530	10595	2408	-0.023502304147465458
2022-01-26	10525	10560	10465	10535	2233	-0.005663048607833843
2022-01-27	11000	11000	10400	10405	2577	-0.012339819648789718
2022-01-28	10735	10770	10695	10735	58284	0.03171552138394995
2022-02-03	10885	10945	10850	10850	6432	0.010712622263623572
2022-02-04	10645	10705	10630	10680	1081	-0.015668202764976935
2022-02-07	10595	10595	10500	10550	39146	-0.01217228464419473
2022-02-08	10620	10660	10570	10625	2271	0.007109004739336511
2022-02-09	10680	10705	10625	10700	4007	0.007058823529411784
2022-02-10	10825	10880	10700	10870	31937	0.015887850467289688
2022-02-11	10735	10735	10645	10670	985	-0.01839926402943881
2022-02-14	10490	10670	10475	10530	516	-0.013120899718837897
2022-02-15	10475	10515	10400	10420	59869	-0.010446343779677125
2022-02-16	10695	10720	10660	10715	5120	0.02831094049904026
2022-02-17	10725	10740	10600	10620	32777	-0.008866075594960332
2022-02-18	10540	10650	10515	10610	1228	-0.0009416195856873921
2022-02-21	10530	10570	10425	10540	8635	-0.006597549481621057
2022-02-22	10135	10200	10080	10165	7307	-0.03557874762808344
2022-02-23	10300	10350	10290	10310	981	0.014264633546483108
2022-02-24	10185	10185	9835	9835	3214	-0.046071774975751656
2022-02-25	10000	10100	9500	10100	23757	0.02694458566344693
2022-02-28	10100	10110	9770	9900	3638	-0.01980198019801982
2022-03-02	9670	9765	9610	9715	6217	-0.01868686868686864
2022-03-03	9860	9885	9720	9870	2914	0.015954709212557816
2022-03-04	9610	9610	9330	9400	8109	-0.04761904761904767
2022-03-07	9210	9625	8850	8955	12149	-0.047340425531914865
2022-03-08	8840	9005	8820	8820	34076	-0.015075376884422065
2022-03-10	9640	9675	9600	9675	8622	0.09693877551020402
2022-03-11	9560	9675	9350	9500	26792	-0.018087855297157618
2022-03-14	9565	9710	9430	9645	17191	0.015263157894736867
2022-03-15	9645	9655	9540	9540	24011	-0.010886469673405896
2022-03-16	9750	9815	9650	9810	6407	0.028301886792452935
2022-03-17	10085	10110	9615	10055	10644	0.024974515800203934
2022-03-18	10020	10055	9915	10055	21195	0.0
2022-03-21	10095	10095	9975	10015	14837	-0.0039781203381402674
2022-03-22	10075	10075	9990	10040	690	0.0024962556165750716
2022-03-23	10120	10180	10120	10180	14986	0.013944223107569709
2022-03-24	9985	10030	9940	10025	897	-0.015225933202357544
2022-03-25	10025	10040	9975	10005	1676	-0.001995012468827939
2022-03-28	10000	10035	9930	9990	20718	-0.0014992503748125774
2022-03-29	10235	10235	9550	10165	20042	0.01751751751751751
2022-03-30	10345	10345	10250	10290	28695	0.012297097884899078
2022-03-31	10280	10280	10190	10250	59518	-0.0038872691933916625
2022-04-01	10130	10140	10085	10125	9509	-0.012195121951219523
2022-04-04	10160	10175	10090	10160	34391	0.0034567901234567877
2022-04-05	10350	10350	10190	10200	918	0.003937007874015741
2022-04-06	10125	10125	10020	10085	4419	-0.011274509803921529
2022-04-07	9880	9950	9815	9950	22106	-0.013386217154189417
2022-04-08	9935	9935	9880	9920	912	-0.0030150753768843908
2022-04-11	10010	10010	9855	9955	13158	0.0035282258064515126
2022-04-12	9895	9895	9810	9815	806	-0.01406328478151686
2022-04-13	10350	10350	9855	9895	56055	0.008150789607743292
2022-04-14	9895	9955	9895	9955	51534	0.006063668519454168
2022-04-15	9955	9975	9955	9970	378	0.0015067805123054612
2022-04-18	9985	9990	9970	9990	179	0.0020060180541625616
2022-04-19	9990	10035	9845	9870	29688	-0.012012012012011963
2022-04-20	9920	9960	9920	9935	142	0.006585612968591725
2022-04-21	10010	10120	10010	10105	994	0.01711122294916967
2022-04-22	10095	10185	9950	10045	70894	-0.005937654626422595
2022-04-25	9925	9925	9740	9800	26633	-0.024390243902439046
2022-04-26	9900	9925	9795	9910	3309	0.011224489795918391
2022-04-27	9630	9700	9600	9700	2415	-0.021190716448032276
2022-04-28	9620	9715	9620	9705	396	0.0005154639175257714
2022-04-29	9800	9970	9730	9905	8036	0.020607934054611032
2022-05-02	9810	9815	9740	9800	36215	-0.010600706713780883
2022-05-03	9795	9835	9785	9835	751	0.0035714285714285587
2022-05-04	9890	9890	9815	9825	240	-0.0010167768174885738
2022-05-06	9690	9690	9580	9620	51932	-0.020865139949109435
2022-05-09	9545	9545	9395	9445	628	-0.01819126819126815
2022-05-10	9310	9325	9095	9315	2534	-0.01376389624139751
2022-05-11	9300	9400	9280	9360	2424	0.004830917874396157
2022-05-12	9360	9445	9340	9360	65814	0.0
2022-05-13	9610	9650	9560	9595	21491	0.025106837606837518
2022-05-16	9890	9890	9655	9675	982	0.008337675872850392
2022-05-17	9665	9775	9660	9700	68581	0.0025839793281654533
2022-05-18	9905	9910	9810	9850	1330	0.015463917525773141
2022-05-19	9445	9645	9445	9610	170409	-0.024365482233502544
2022-05-20	9610	9665	9565	9665	1678	0.00572320499479706
2022-05-23	9770	9775	9665	9725	26685	0.006207966890843242
2022-05-24	9725	9740	9605	9670	34915	-0.005655526992287885
2022-05-25	9670	9800	9670	9690	669	0.0020682523267838704
2022-05-26	9690	9740	9675	9675	541	-0.001547987616099089
2022-05-27	9855	9865	9765	9780	8538	0.010852713178294504
2022-05-30	10330	10930	9720	10030	3719	0.02556237218813906
2022-05-31	10125	10130	10040	10095	10312	0.006480558325024921
2022-06-02	9825	9935	9810	9920	5570	-0.01733531451213477
2022-06-03	10040	10125	10020	10025	995	0.01058467741935476
2022-06-07	10030	10050	9955	10030	17952	0.0004987531172069293
2022-06-08	10030	10085	9985	10085	5875	0.0054835493519440615
2022-06-09	9955	9955	9920	9935	376	-0.014873574615765994
2022-06-10	9775	9790	9670	9790	7979	-0.014594866633115267
2022-06-13	9520	9520	9280	9325	3275	-0.04749744637385089
2022-06-14	9280	9365	9220	9355	320	0.0032171581769437907
2022-06-15	9190	9270	9080	9270	2004	-0.009086050240513122
2022-06-16	9300	9435	9300	9315	2770	0.004854368932038833
2022-06-17	9025	9175	9015	9110	29416	-0.022007514761137936
2022-06-20	9085	9085	8960	9040	306	-0.007683863885839748
2022-06-21	9170	9220	9160	9205	183	0.018252212389380462
2022-06-22	9255	9255	9030	9045	685	-0.01738185768604017
2022-06-23	9060	9110	9025	9050	804	0.0005527915975678255
2022-06-24	9115	9165	9105	9165	366	0.012707182320441879
2022-06-27	9320	9370	9265	9285	22693	0.013093289689034338
2022-06-28	9330	9375	9275	9375	11987	0.009693053311793154
2022-06-29	9255	9255	9230	9250	70	-0.013333333333333308
2022-06-30	9255	9255	9150	9150	255	-0.010810810810810811
2022-07-01	9100	9100	8980	9015	897	-0.014754098360655776
2022-07-04	9110	9160	9085	9105	1002	0.009983361064891838
2022-07-05	9105	9215	9105	9190	136	0.009335529928610642
2022-07-06	8990	9015	8905	8945	1178	-0.026659412404787863
2022-07-07	9010	9160	9000	9150	591	0.022917831190609306
2022-07-08	9225	9245	9180	9195	490	0.004918032786885185
2022-07-11	9195	9215	9095	9095	643	-0.010875475802066381
2022-07-12	9095	9095	9000	9095	790	0.0
2022-07-13	9095	9155	9090	9115	406	0.0021990104452995762
2022-07-14	9120	9120	9020	9020	6764	-0.01042238069116841
