Date	Open	High	Low	Close	Volume	Change
2021-05-21	2075	2120	2045	2100	9331212	
2021-05-24	2110	2290	2110	2205	3965268	0.050000000000000044
2021-05-25	2210	2270	2160	2205	1431315	0.0
2021-05-26	2245	2245	2170	2195	1147157	-0.0045351473922902175
2021-05-27	2210	2300	2200	2270	1602216	0.034168564920273425
2021-05-28	2295	2445	2270	2390	2983295	0.052863436123347984
2021-05-31	2500	2570	2315	2470	8108065	0.03347280334728042
2021-06-01	2490	2540	2230	2270	5365638	-0.08097165991902833
2021-06-02	2285	2285	2140	2180	2004736	-0.03964757709251099
2021-06-03	2220	2225	2165	2195	643565	0.006880733944954143
2021-06-04	2180	2225	2160	2170	544700	-0.011389521640091105
2021-06-07	2160	2195	2120	2135	732138	-0.016129032258064502
2021-06-08	2125	2160	2100	2155	602717	0.00936768149882905
2021-06-09	2155	2175	2140	2160	253993	0.002320185614849146
2021-06-10	2160	2210	2155	2200	389095	0.0185185185185186
2021-06-11	2200	2205	2170	2175	243754	-0.011363636363636354
2021-06-14	2175	2190	2155	2170	138711	-0.0022988505747126853
2021-06-15	2170	2175	2150	2160	215867	-0.004608294930875556
2021-06-16	2160	2160	2145	2160	192383	0.0
2021-06-17	2170	2205	2150	2195	445736	0.01620370370370372
2021-06-18	2195	2200	2175	2175	219479	-0.009111617312072884
2021-06-21	2180	2275	2175	2210	901324	0.016091954022988464
2021-06-22	2190	2210	2180	2185	218964	-0.011312217194570096
2021-06-23	2185	2190	2170	2170	150184	-0.006864988558352381
2021-06-24	2200	2215	2175	2195	239514	0.011520737327188835
2021-06-25	2195	2200	2175	2180	300686	-0.006833712984054663
2021-06-28	2165	2180	2165	2175	140852	-0.002293577981651418
2021-06-29	2175	2175	2155	2165	257791	-0.0045977011494252595
2021-06-30	2160	2170	2155	2170	152888	0.002309468822170979
2021-07-01	2165	2170	2160	2170	96131	0.0
2021-07-02	2170	2180	2165	2170	176689	0.0
2021-07-05	2170	2210	2165	2200	277202	0.01382488479262678
2021-07-06	2205	2205	2185	2190	225472	-0.004545454545454519
2021-07-07	2190	2400	2170	2230	6171951	0.0182648401826484
2021-07-08	2245	2260	2185	2195	797493	-0.015695067264574036
2021-07-09	2195	2220	2180	2185	652417	-0.004555808656036442
2021-07-12	2185	2245	2185	2220	460837	0.016018306636155666
2021-07-13	2210	2320	2200	2290	1904248	0.03153153153153143
2021-07-14	2300	2320	2260	2300	980102	0.004366812227074135
2021-07-15	2290	2315	2235	2240	1041809	-0.02608695652173909
2021-07-16	2250	2250	2215	2230	467411	-0.004464285714285698
2021-07-19	2230	2245	2215	2230	462342	0.0
2021-07-20	2225	2235	2210	2210	393690	-0.008968609865470878
2021-07-21	2210	2225	2200	2210	327839	0.0
2021-07-22	2200	2225	2190	2220	279537	0.004524886877828038
2021-07-23	2220	2240	2200	2225	188190	0.0022522522522523403
2021-07-26	2220	2250	2220	2245	230557	0.008988764044943753
2021-07-27	2245	2275	2220	2250	552502	0.00222717149220486
2021-07-28	2260	2260	2225	2255	233545	0.0022222222222221255
2021-07-29	2250	2250	2230	2235	226639	-0.008869179600886956
2021-07-30	2220	2245	2220	2225	190421	-0.004474272930648726
2021-08-02	2220	2235	2210	2225	161906	0.0
2021-08-03	2225	2240	2210	2225	286068	0.0
2021-08-04	2220	2240	2215	2230	304541	0.0022471910112360494
2021-08-05	2240	2245	2220	2230	190086	0.0
2021-08-06	2220	2255	2215	2235	308315	0.0022421524663676085
2021-08-09	2230	2240	2215	2220	210077	-0.006711409395973145
2021-08-10	2220	2225	2210	2210	360528	-0.0045045045045044585
2021-08-11	2205	2225	2205	2215	181245	0.002262443438914019
2021-08-12	2215	2225	2210	2220	160644	0.0022573363431150906
2021-08-13	2220	2220	2200	2220	281665	0.0
2021-08-17	2220	2220	2200	2205	234831	-0.006756756756756799
2021-08-18	2210	2215	2195	2210	331028	0.0022675736961450532
2021-08-19	2200	2210	2185	2195	429944	-0.006787330316742057
2021-08-20	2205	2205	2180	2190	400490	-0.002277904328018221
2021-08-23	2200	2205	2185	2200	146028	0.004566210045662045
2021-08-24	2205	2210	2200	2205	159728	0.002272727272727204
2021-08-25	2205	2240	2205	2230	396851	0.01133786848072571
2021-08-26	2225	2265	2210	2230	488395	0.0
2021-08-27	2235	2250	2230	2245	306193	0.006726457399103047
2021-08-30	2245	2245	2215	2225	199431	-0.008908685968819552
2021-08-31	2235	2235	2215	2220	144921	-0.0022471910112359383
2021-09-01	2220	2230	2210	2225	132410	0.0022522522522523403
2021-09-02	2220	2230	2215	2220	98353	-0.0022471910112359383
2021-09-03	2220	2225	2215	2225	102153	0.0022522522522523403
2021-09-06	2225	2235	2210	2215	95444	-0.004494382022471877
2021-09-07	2230	2230	2210	2220	147172	0.0022573363431150906
2021-09-08	2215	2225	2215	2215	75332	-0.0022522522522522292
2021-09-09	2210	2240	2205	2220	203829	0.0022573363431150906
2021-09-10	2230	2230	2210	2215	71813	-0.0022522522522522292
2021-09-13	2215	2215	2185	2210	173452	-0.0022573363431150906
2021-09-14	2205	2210	2185	2200	272882	-0.004524886877828038
2021-09-15	2200	2200	2185	2200	110875	0.0
2021-09-16	2200	2200	2180	2185	53518	-0.006818181818181834
2021-09-17	2200	2200	2180	2180	73503	-0.0022883295194507935
2021-09-23	2175	2190	2165	2180	159190	0.0
2021-09-24	2180	2190	2170	2185	98507	0.002293577981651307
2021-09-27	2180	2180	2155	2170	204605	-0.006864988558352381
2021-09-28	2160	2165	2145	2145	227932	-0.011520737327188946
2021-09-29	2145	2150	2130	2150	212925	0.002331002331002363
2021-09-30	2160	2160	2150	2160	76878	0.0046511627906977715
2021-10-01	2145	2160	2140	2155	126850	-0.0023148148148147696
2021-10-05	2130	2140	2100	2110	286264	-0.02088167053364265
2021-10-06	2120	2120	2090	2095	167089	-0.007109004739336511
2021-10-07	2095	2110	2085	2085	170223	-0.004773269689737458
2021-10-08	2085	2100	2085	2090	59363	0.0023980815347721673
2021-10-12	2110	2110	2080	2090	44932	0.0
2021-10-13	2085	2105	2085	2105	59343	0.0071770334928229484
2021-10-14	2105	2125	2105	2125	15957	0.009501187648456089
2021-10-15	2125	2135	2110	2135	42883	0.004705882352941115
2021-10-18	2135	2180	2085	2110	151012	-0.011709601873536313
2021-10-19	2110	2115	2080	2115	125501	0.0023696682464455776
2021-10-20	2115	2115	2090	2095	57972	-0.009456264775413725
2021-10-21	2100	2105	2090	2090	55533	-0.0023866348448687846
2021-10-22	2095	2105	2090	2095	88504	0.0023923444976077235
2021-10-25	2105	2105	2090	2095	41968	0.0
2021-10-26	2095	2120	2080	2095	213685	0.0
2021-10-27	2100	2115	2090	2110	121263	0.007159904534606243
2021-10-28	2100	2105	2090	2095	29510	-0.007109004739336511
2021-10-29	2095	2100	2085	2095	92695	0.0
2021-11-01	2090	2100	2080	2095	171711	0.0
2021-11-02	2085	2105	2080	2100	77918	0.0023866348448686736
2021-11-03	2100	2105	2090	2100	70850	0.0
2021-11-04	2100	2100	2085	2085	115537	-0.0071428571428571175
2021-11-05	2095	2105	2085	2100	89955	0.007194244604316502
2021-11-08	2095	2100	2085	2090	50653	-0.004761904761904745
2021-11-09	2095	2100	2085	2100	123873	0.004784688995215225
2021-11-10	2100	2105	2090	2090	103702	-0.004761904761904745
2021-11-11	2095	2100	2085	2090	48963	0.0
2021-11-12	2095	2100	2085	2095	40669	0.0023923444976077235
2021-11-15	2095	2095	2085	2085	59865	-0.004773269689737458
2021-11-16	2085	2095	2080	2095	68846	0.004796163069544335
2021-11-17	2095	2095	2080	2090	73167	-0.0023866348448687846
2021-11-18	2090	2095	2080	2090	83046	0.0
2021-11-19	2085	2095	2080	2085	97608	-0.0023923444976076125
2021-11-22	2085	2095	2075	2085	137125	0.0
2021-11-23	2080	2110	2075	2090	102987	0.0023980815347721673
2021-11-24	2085	2095	2080	2085	51363	-0.0023923444976076125
2021-11-25	2085	2095	2080	2095	68678	0.004796163069544335
2021-11-26	2080	2090	2080	2085	43989	-0.004773269689737458
2021-11-29	2075	2090	2075	2085	92325	0.0
2021-11-30	2085	2090	2070	2075	114619	-0.004796163069544335
2021-12-01	2070	2080	2065	2075	89776	0.0
2021-12-02	2070	2085	2070	2085	66168	0.004819277108433662
2021-12-03	2090	2090	2065	2075	37558	-0.004796163069544335
2021-12-06	2070	2075	2060	2075	250856	0.0
2021-12-07	2070	2075	2055	2070	218104	-0.002409638554216831
2021-12-08	2070	2075	2065	2070	111452	0.0
2021-12-09	2070	2080	2060	2080	125417	0.004830917874396157
2021-12-10	2070	2080	2065	2080	63844	0.0
2021-12-13	2070	2080	2070	2080	67374	0.0
2021-12-14	2070	2080	2065	2075	206374	-0.0024038461538461453
2021-12-15	2075	2080	2060	2080	75562	0.002409638554216942
2021-12-16	2070	2080	2060	2065	422705	-0.007211538461538436
2021-12-17	2075	2075	2060	2070	70044	0.002421307506053294
2021-12-20	2065	2075	2060	2070	98589	0.0
2021-12-21	2065	2070	2060	2070	187811	0.0
2021-12-22	2065	2070	2050	2065	302388	-0.0024154589371980784
2021-12-23	2060	2070	2055	2070	185958	0.002421307506053294
2021-12-24	2070	2070	2060	2070	144946	0.0
2021-12-27	2065	2070	2060	2060	77362	-0.004830917874396157
2021-12-28	2060	2065	2060	2060	76907	0.0
2021-12-29	2065	2065	2060	2065	45634	0.0024271844660195274
2021-12-30	2065	2070	2055	2065	111624	0.0
2022-01-03	2065	2070	2045	2070	248024	0.002421307506053294
2022-01-04	2075	2075	2060	2070	84036	0.0
2022-01-05	2065	2100	2065	2085	103814	0.007246376811594235
2022-01-06	2075	2090	2070	2085	77909	0.0
2022-01-07	2085	2085	2065	2080	100759	-0.0023980815347721673
2022-01-10	2075	2080	2065	2080	57866	0.0
2022-01-11	2080	2095	2065	2090	83611	0.004807692307692291
2022-01-12	2085	2110	2075	2100	54524	0.004784688995215225
2022-01-13	2100	2105	2070	2080	210731	-0.00952380952380949
2022-01-14	2080	2085	2065	2080	179435	0.0
2022-01-17	2080	2080	2060	2065	314101	-0.007211538461538436
2022-01-18	2070	2090	2060	2085	211379	0.009685230024213176
2022-01-19	2080	2090	2075	2085	107411	0.0
2022-01-20	2080	2100	2080	2080	44796	-0.0023980815347721673
2022-01-21	2090	2090	2080	2085	136533	0.0024038461538462563
2022-01-24	2090	2095	2085	2090	113824	0.0023980815347721673
2022-01-25	2090	2090	2080	2085	221183	-0.0023923444976076125
2022-01-26	2090	2100	2085	2085	96334	0.0
2022-01-27	2080	2085	2075	2085	35378	0.0
2022-01-28	2085	2090	2080	2090	58382	0.0023980815347721673
2022-02-03	2090	2095	2085	2090	57971	0.0
2022-02-04	2095	2095	2080	2085	31135	-0.0023923444976076125
2022-02-07	2090	2100	2075	2100	125501	0.007194244604316502
2022-02-08	2100	2105	2085	2090	56483	-0.004761904761904745
2022-02-09	2090	2100	2085	2100	27520	0.004784688995215225
2022-02-10	2100	2145	2085	2145	155408	0.021428571428571352
2022-02-11	2145	2145	2115	2125	50334	-0.009324009324009341
2022-02-14	2125	2130	2095	2120	263707	-0.0023529411764705577
2022-02-15	2100	2130	2100	2105	38764	-0.007075471698113178
2022-02-16	2095	2115	2095	2110	8043	0.002375296912114022
2022-02-17	2100	2115	2095	2095	32519	-0.007109004739336511
2022-02-18	2085	2105	2085	2105	22470	0.004773269689737569
2022-02-21	2105	2105	2085	2100	44043	-0.002375296912114022
2022-02-22	2085	2100	2075	2090	40578	-0.004761904761904745
2022-02-23	2090	2095	2080	2090	10770	0.0
2022-02-24	2090	2090	2070	2085	65498	-0.0023923444976076125
2022-02-25	2085	2085	2075	2075	19692	-0.004796163069544335
2022-02-28	2070	2080	2065	2075	28613	0.0
2022-03-02	2075	2080	2070	2075	43390	0.0
2022-03-03	2070	2080	2065	2080	67232	0.002409638554216942
2022-03-04	2070	2085	2070	2080	58403	0.0
2022-03-07	2075	2090	2070	2080	58568	0.0
2022-03-08	2085	2090	2065	2090	219350	0.004807692307692291
2022-03-10	2080	2085	2070	2080	8392	-0.004784688995215336
2022-03-11	2080	2085	2060	2080	433309	0.0
2022-03-14	2080	2085	2070	2085	46726	0.0024038461538462563
2022-03-15	2085	2085	2075	2085	11735	0.0
2022-03-16	2080	2085	2070	2085	72634	0.0
2022-03-17	2085	2090	2075	2090	59123	0.0023980815347721673
2022-03-18	2090	2090	2080	2090	48359	0.0
2022-03-21	2090	2115	2085	2100	32577	0.004784688995215225
2022-03-22	2100	2110	2095	2105	18015	0.0023809523809523725
2022-03-23	2105	2105	2095	2095	20787	-0.004750593824228044
2022-03-24	2075	2105	2075	2105	187350	0.004773269689737569
2022-03-25	2085	2110	2085	2110	38147	0.002375296912114022
2022-03-28	2100	2115	2090	2105	57118	-0.0023696682464454666
2022-03-29	2090	2105	2090	2105	33537	0.0
2022-03-30	2100	2125	2100	2100	38116	-0.002375296912114022
2022-03-31	2100	2125	2100	2110	16922	0.004761904761904745
2022-04-01	2100	2115	2095	2115	53693	0.0023696682464455776
2022-04-04	2115	2115	2100	2110	50207	-0.0023640661938534313
2022-04-05	2110	2125	2100	2120	37035	0.004739336492890933
2022-04-06	2110	2135	2105	2135	98500	0.007075471698113178
2022-04-07	2135	2140	2110	2120	185307	-0.007025761124121788
2022-04-08	2120	2130	2115	2130	27262	0.004716981132075526
2022-04-11	2115	2140	2115	2130	64605	0.0
2022-04-12	2130	2145	2125	2130	230177	0.0
2022-04-13	2130	2155	2125	2130	228786	0.0
2022-04-14	2130	2155	2125	2150	148259	0.009389671361502261
2022-04-15	2140	2165	2130	2165	226532	0.006976744186046435
2022-04-18	2165	2175	2150	2170	56301	0.002309468822170979
2022-04-19	2175	2175	2160	2170	22616	0.0
2022-04-20	2165	2180	2160	2165	109073	-0.0023041474654378336
2022-04-21	2175	2175	2135	2170	171811	0.002309468822170979
2022-04-22	2170	2170	2150	2170	67722	0.0
2022-04-25	2170	2170	2140	2160	146733	-0.004608294930875556
2022-04-26	2150	2160	2145	2160	31520	0.0
2022-04-27	2155	2155	2140	2150	39467	-0.00462962962962965
2022-04-28	2150	2165	2140	2165	91534	0.006976744186046435
2022-04-29	2150	2165	2150	2165	41525	0.0
2022-05-02	2165	2170	2145	2150	48755	-0.006928406466512715
2022-05-03	2155	2155	2140	2150	73755	0.0
2022-05-04	2150	2165	2140	2165	29963	0.006976744186046435
2022-05-06	2165	2165	2145	2155	38493	-0.004618937644341847
2022-05-09	2150	2150	2125	2140	121553	-0.00696055684454755
2022-05-10	2130	2140	2120	2140	39402	0.0
2022-05-11	2130	2150	2130	2150	135476	0.004672897196261738
2022-05-12	2140	2150	2125	2140	68263	-0.0046511627906976605
2022-05-13	2140	2140	2130	2140	12872	0.0
2022-05-16	2135	2140	2120	2140	62675	0.0
2022-05-17	2135	2140	2125	2130	11976	-0.004672897196261627
2022-05-18	2135	2135	2125	2130	4945	0.0
2022-05-19	2125	2130	2125	2130	7816	0.0
2022-05-20	2125	2125	2115	2125	29463	-0.0023474178403756207
2022-05-23	2125	2130	2115	2120	30368	-0.0023529411764705577
2022-05-24	2125	2125	2110	2120	102941	0.0
2022-05-25	2115	2120	2115	2115	37788	-0.002358490566037763
2022-05-26	2125	2130	2115	2120	79462	0.0023640661938533203
2022-05-27	2130	2130	2115	2120	43246	0.0
2022-05-30	2120	2140	2120	2140	59239	0.009433962264151052
2022-05-31	2140	2145	2120	2145	49903	0.002336448598130758
2022-06-02	2145	2145	2125	2140	30537	-0.002331002331002363
2022-06-03	2140	2140	2125	2135	69925	-0.002336448598130869
2022-06-07	2125	2135	2115	2130	87030	-0.0023419203747072626
2022-06-08	2135	2135	2120	2125	34662	-0.0023474178403756207
2022-06-09	2115	2130	2115	2125	101569	0.0
2022-06-10	2125	2130	2115	2130	63914	0.0023529411764706687
2022-06-13	2125	2130	2110	2120	148805	-0.0046948356807511304
2022-06-14	2120	2120	2105	2110	147213	-0.004716981132075526
2022-06-15	2110	2125	2105	2110	104503	0.0
2022-06-16	2105	2115	2105	2105	104824	-0.0023696682464454666
2022-06-17	2110	2110	2095	2110	163705	0.002375296912114022
2022-06-20	2110	2110	2080	2090	304080	-0.009478672985781977
2022-06-21	2090	2100	2080	2085	65124	-0.0023923444976076125
2022-06-22	2085	2095	2080	2080	91372	-0.0023980815347721673
2022-06-23	2090	2095	2075	2085	111923	0.0024038461538462563
2022-06-24	2095	2095	2080	2080	45968	-0.0023980815347721673
2022-06-27	2090	2095	2085	2090	43027	0.004807692307692291
2022-06-28	2090	2095	2080	2090	54239	0.0
2022-06-29	2090	2090	2080	2085	48489	-0.0023923444976076125
2022-06-30	2080	2115	2080	2115	84733	0.014388489208633004
2022-07-01	2120	2120	2095	2115	47440	0.0
2022-07-04	2115	2115	2090	2100	55211	-0.007092198581560294
2022-07-05	2100	2100	2085	2100	46506	0.0
2022-07-06	2100	2100	2090	2100	15080	0.0
2022-07-07	2100	2105	2095	2100	32208	0.0
2022-07-08	2115	2115	2100	2100	86390	0.0
2022-07-11	2100	2105	2090	2095	75328	-0.0023809523809523725
2022-07-12	2105	2105	2095	2100	37670	0.0023866348448686736
2022-07-13	2100	2105	2095	2105	49224	0.0023809523809523725
2022-07-14	2100	2110	2095	2110	72324	0.002375296912114022
