Date	Open	High	Low	Close	Volume	Change
2021-04-09	10015	10035	9990	10011	3428585	
2021-04-12	10005	10005	9925	9997	2193364	-0.0013984616921386417
2021-04-13	9896	9896	9851	9867	2729877	-0.013003901170351106
2021-04-14	9851	9851	9756	9757	2998902	-0.01114827201783719
2021-04-15	9662	9682	9622	9672	1732654	-0.00871169416828943
2021-04-16	9811	9831	9761	9782	2658092	0.011373035566583978
2021-04-19	9761	9801	9736	9782	1994527	0.0
2021-04-20	9552	9552	9477	9493	2961567	-0.029544060519321236
2021-04-21	9313	9333	9283	9314	3496406	-0.018855999157273762
2021-04-22	9587	9627	9562	9628	1634609	0.033712690573330484
2021-04-23	9413	9432	9383	9429	2506237	-0.02066888242625675
2021-04-26	9542	9587	9512	9533	1556436	0.01102980167568135
2021-04-27	9647	9687	9642	9682	1684715	0.01562991712996964
2021-04-28	9637	9637	9597	9628	1581975	-0.005577360049576541
2021-04-29	9517	9547	9492	9538	1454159	-0.00934773577066883
2021-04-30	9512	9512	9452	9503	1520673	-0.0036695323967288473
2021-05-03	9338	9398	9333	9394	955462	-0.011470062085657151
2021-05-04	9278	9288	9233	9269	1695095	-0.013306365765382133
2021-05-06	9194	9238	9174	9239	1541377	-0.003236595101952733
2021-05-07	9238	9268	9228	9259	1271050	0.0021647364433379224
2021-05-10	9323	9333	9293	9294	635263	0.0037801058429636214
2021-05-11	8895	8900	8800	8831	2241584	-0.04981708629223158
2021-05-12	8915	8974	8850	8925	1029444	0.010644321141433544
2021-05-13	8576	8705	8566	8681	1235837	-0.027338935574229728
2021-05-14	8755	8845	8755	8841	466074	0.01843105632991593
2021-05-17	8979	9064	8979	9025	592240	0.02081212532518939
2021-05-18	9009	9044	8979	9030	434070	0.0005540166204986985
2021-05-20	9054	9084	9034	9075	438405	0.004983388704318914
2021-05-21	9268	9303	9253	9284	619169	0.023030303030302957
2021-05-24	9213	9263	9198	9224	494110	-0.00646273158121502
2021-05-25	9422	9457	9368	9444	562089	0.02385082393755411
2021-05-26	9452	9462	9403	9419	483207	-0.00264718339686576
2021-05-27	9417	9422	9368	9419	441311	0.0
2021-05-28	9462	9497	9457	9478	379806	0.006263934600275967
2021-05-31	9512	9572	9502	9523	713458	0.004747837096433782
2021-06-01	9532	9532	9457	9513	679326	-0.0010500892575868725
2021-06-02	9447	9467	9403	9459	483444	-0.0056764427625354275
2021-06-03	9517	9572	9517	9563	419120	0.010994819748387785
2021-06-04	9348	9422	9348	9409	967485	-0.016103733138136622
2021-06-07	9587	9592	9542	9558	543083	0.015835901796152685
2021-06-08	9517	9562	9512	9538	495300	-0.0020924879681941677
2021-06-09	9512	9512	9477	9478	413257	-0.006290626965820945
2021-06-10	9462	9472	9447	9473	542461	-0.0005275374551593215
2021-06-11	9542	9542	9492	9508	472092	0.0036947112847038888
2021-06-14	9512	9637	9512	9638	552945	0.013672696676482854
2021-06-15	9692	9776	9692	9757	1015439	0.012346959950197078
2021-06-16	9697	9697	9677	9692	606927	-0.006661883775750721
2021-06-17	9672	9692	9597	9677	702009	-0.0015476681799422298
2021-06-18	9796	9826	9791	9812	850629	0.01395060452619612
2021-06-21	9652	9662	9587	9662	1390176	-0.015287403179779835
2021-06-22	9662	9682	9617	9633	969997	-0.003001448975367471
2021-06-23	9672	9771	9672	9747	716613	0.01183431952662728
2021-06-24	9746	9806	9746	9782	596641	0.0035908484661946183
2021-06-25	9876	9891	9856	9872	757180	0.00920057248006545
2021-06-28	9831	9881	9821	9882	755206	0.0010129659643436373
2021-06-29	10015	10045	10000	10011	1247313	0.013054037644201655
2021-06-30	10075	10165	10075	10141	1322650	0.012985715712716006
2021-07-01	10140	10190	10135	10175	795810	0.003352726555566621
2021-07-02	10040	10050	10015	10031	1577951	-0.01415233415233419
2021-07-05	10085	10085	10045	10081	954428	0.004984547901505376
2021-07-06	10085	10115	10050	10056	836298	-0.0024799127070727067
2021-07-07	10065	10105	10065	10086	758362	0.002983293556085842
2021-07-08	10015	10040	9980	10036	1358193	-0.0049573666468372135
2021-07-09	9925	9975	9896	9972	1291649	-0.006377042646472653
2021-07-12	10090	10120	10085	10106	873834	0.013437625350982696
2021-07-13	10190	10245	10190	10240	1191313	0.013259449831783066
2021-07-14	10195	10205	10170	10200	1083185	-0.00390625
2021-07-15	10160	10170	10080	10126	1186616	-0.007254901960784266
2021-07-16	9886	9896	9846	9887	2523953	-0.023602607149911137
2021-07-19	9642	9712	9632	9712	1734179	-0.017700010114291453
2021-07-20	9717	9776	9717	9777	1113379	0.006692751235584771
2021-07-21	9866	9876	9821	9862	897887	0.00869387337629135
2021-07-22	10080	10145	10080	10116	1837808	0.025755424863110887
2021-07-23	10090	10090	10050	10081	928372	-0.0034598655595097227
2021-07-26	10130	10130	10090	10111	893918	0.0029758952484872925
2021-07-27	10110	10110	10070	10091	545777	-0.0019780437147660646
2021-07-28	9901	9995	9896	9997	820366	-0.009315231394311785
2021-07-29	10060	10105	10020	10021	553236	0.0024007202160647445
2021-07-30	10090	10165	10090	10160	1413414	0.013870871170541754
2021-08-02	10265	10408	10255	10410	1988016	0.02460629921259838
2021-08-03	10418	10443	10394	10445	936407	0.00336215177713739
2021-08-04	10448	10473	10438	10470	890157	0.002393489707994245
2021-08-05	10513	10583	10513	10584	1516795	0.010888252148997024
2021-08-06	10538	10538	10498	10530	1866535	-0.005102040816326481
2021-08-09	10493	10493	10443	10490	1402914	-0.003798670465337106
2021-08-10	10473	10508	10458	10510	839365	0.0019065776930409228
2021-08-11	10423	10443	10359	10445	1292698	-0.006184586108468171
2021-08-12	10443	10443	10359	10400	1003387	-0.004308281474389664
2021-08-13	10294	10364	10289	10365	1432920	-0.0033653846153846034
2021-08-17	10379	10458	10354	10450	864462	0.008200675349734787
2021-08-18	10359	10359	10235	10255	1329330	-0.01866028708133971
2021-08-19	10095	10130	10090	10106	1018619	-0.014529497805948366
2021-08-20	10190	10245	10190	10200	622366	0.009301405105877736
2021-08-23	10270	10324	10260	10310	823083	0.010784313725490158
2021-08-24	10473	10528	10468	10470	751033	0.015518913676042745
2021-08-25	10468	10478	10433	10460	598893	-0.0009551098376313627
2021-08-26	10513	10553	10493	10554	647725	0.008986615678776344
2021-08-27	10558	10578	10548	10574	592038	0.001895016107636982
2021-08-30	10648	10733	10598	10733	1487444	0.015036882920370642
2021-08-31	10753	10798	10738	10783	1541709	0.004658529768005293
2021-09-01	10673	10673	10623	10673	1009311	-0.010201242696837642
2021-09-02	10573	10613	10558	10614	893817	-0.00552796776913711
2021-09-03	10623	10638	10588	10639	719895	0.002355379687205561
2021-09-06	10643	10688	10633	10688	440812	0.004605696024062356
2021-09-07	10703	10708	10673	10703	508562	0.0014034431137723846
2021-09-08	10678	10698	10663	10698	598873	-0.00046715874054004125
2021-09-09	10628	10628	10558	10589	702827	-0.010188820340250482
2021-09-10	10613	10683	10613	10683	484220	0.008877136651241901
2021-09-13	10723	10788	10723	10783	842505	0.009360666479453439
2021-09-14	10832	10857	10827	10828	992489	0.004173235648706308
2021-09-15	10827	10857	10818	10818	545355	-0.0009235315847802017
2021-09-16	10857	10862	10822	10848	482242	0.002773155851358844
2021-09-17	10882	10951	10882	10918	1576096	0.006452802359881993
2021-09-23	10803	10887	10758	10823	955482	-0.008701227331012973
2021-09-24	10936	10936	10877	10908	521656	0.007853645015245325
2021-09-27	10911	10966	10911	10968	796425	0.005500550055005604
2021-09-28	10901	10946	10892	10918	717901	-0.0045587162654996405
2021-09-29	10593	10603	10528	10559	2046538	-0.03288148012456493
2021-09-30	10473	10523	10413	10485	1475585	-0.007008239416611439
2021-10-01	10423	10433	10309	10335	921717	-0.014306151645207432
2021-10-05	10160	10205	10090	10151	869920	-0.017803580067730973
2021-10-06	10284	10309	10210	10235	422710	0.008275046793419394
2021-10-07	10369	10458	10344	10460	638921	0.02198339032730834
2021-10-08	10498	10528	10448	10495	509326	0.0033460803059273125
2021-10-12	10329	10364	10309	10310	709607	-0.01762744163887564
2021-10-13	10275	10275	10190	10225	897258	-0.008244422890397618
2021-10-14	10255	10270	10225	10250	644202	0.0024449877750611915
2021-10-15	10478	10523	10433	10500	802108	0.024390243902439046
2021-10-18	10503	10538	10498	10515	658117	0.0014285714285713347
2021-10-19	10593	10618	10578	10594	554046	0.007513076557299048
2021-10-20	10678	10683	10598	10614	566092	0.0018878610534265317
2021-10-21	10613	10618	10573	10614	431484	0.0
2021-10-22	10698	10733	10698	10708	494068	0.008856227623893043
2021-10-25	10648	10648	10553	10559	971964	-0.013914830033619707
2021-10-26	10633	10673	10633	10653	617422	0.008902358177857783
2021-10-27	10653	10663	10588	10663	542689	0.0009387027128509029
2021-10-28	10638	10638	10578	10619	860088	-0.004126418456344316
2021-10-29	10733	10758	10673	10673	577911	0.00508522459741978
2021-11-01	10808	10906	10808	10903	943956	0.021549704862737773
2021-11-02	10991	11021	10986	11008	1176491	0.009630376960469533
2021-11-03	11091	11216	11091	11206	1593695	0.01798691860465107
2021-11-04	11336	11434	11336	11436	1314953	0.020524718900589045
2021-11-05	11774	11819	11729	11819	2091854	0.0334907310248338
2021-11-08	11898	11962	11884	11904	1743454	0.007191809797783222
2021-11-09	12087	12097	11997	12089	2019066	0.01554099462365599
2021-11-10	12047	12072	12002	12074	1454581	-0.001240797419141404
2021-11-11	11719	11834	11719	11794	2892013	-0.02319032632102036
2021-11-12	12007	12012	11927	11969	1602431	0.01483805324741394
2021-11-15	12022	12082	12022	12064	1195892	0.007937171025148348
2021-11-16	12062	12067	11992	12044	1266280	-0.0016578249336870465
2021-11-17	12227	12267	12212	12237	1414592	0.016024576552640335
2021-11-18	12182	12247	12167	12232	1802233	-0.0004085968783198446
2021-11-19	12352	12465	12337	12467	1875652	0.01921190320470889
2021-11-22	12490	12600	12475	12582	2469372	0.009224352290045701
2021-11-23	12347	12372	12312	12342	3423790	-0.01907486886027654
2021-11-24	12292	12292	12192	12267	2444381	-0.006076810889645068
2021-11-25	12367	12445	12352	12442	1235904	0.014265916687046465
2021-11-26	12401	12401	12307	12362	2222324	-0.0064298344317633704
2021-11-29	12092	12272	11967	12257	2163721	-0.008493771234428071
2021-11-30	12550	12555	12312	12362	1621836	0.008566533409480215
2021-12-01	12257	12396	12202	12357	1760100	-0.00040446529687754307
2021-12-02	12152	12212	12132	12153	2350644	-0.016508861374119888
2021-12-03	12052	12132	12012	12114	2225962	-0.0032090841767464795
2021-12-06	12087	12117	12047	12084	1404104	-0.0024764735017335227
2021-12-07	12077	12147	12042	12148	1469263	0.005296259516716306
2021-12-08	12585	12605	12555	12582	1795239	0.03572604543957847
2021-12-09	12500	12530	12465	12492	1022605	-0.007153075822603716
2021-12-10	12297	12372	12257	12372	1443625	-0.009606147934678178
2021-12-13	12465	12475	12421	12437	950090	0.0052537989007435115
2021-12-14	12172	12217	12167	12202	1808830	-0.01889523196912435
2021-12-15	12177	12177	12087	12139	1333202	-0.005163088018357631
2021-12-16	12505	12530	12450	12532	1433290	0.03237498970261132
2021-12-17	12002	12107	11997	12019	4335045	-0.040935205872965175
2021-12-20	11997	12002	11824	11844	1404213	-0.014560279557367495
2021-12-21	11922	12117	11912	12119	1136670	0.02321850726106045
2021-12-22	12302	12327	12267	12287	856837	0.013862529911708776
2021-12-23	12377	12411	12357	12377	651128	0.007324814844958061
2021-12-24	12465	12510	12411	12432	720960	0.004443726266462056
2021-12-27	12485	12520	12470	12502	806404	0.005630630630630629
2021-12-28	12680	12815	12680	12805	3052782	0.0242361222204448
2021-12-29	12740	12790	12720	12775	1034114	-0.0023428348301445245
2021-12-30	12740	12775	12680	12775	844646	0.0
2022-01-03	12740	12775	12685	12760	1406455	-0.0011741682974559797
2022-01-04	12870	12929	12845	12930	2132602	0.013322884012539227
2022-01-05	12825	12884	12790	12830	1487486	-0.007733952049497339
2022-01-06	12510	12535	12411	12452	2654709	-0.029462197973499582
2022-01-07	12670	12690	12590	12646	1658962	0.015579826533890229
2022-01-10	12252	12362	12202	12317	2549256	-0.026016131583109336
2022-01-11	12307	12307	12192	12192	2177842	-0.010148575140050298
2022-01-12	12401	12450	12357	12447	1280946	0.02091535433070857
2022-01-13	12455	12465	12406	12447	1671852	0.0
2022-01-14	12172	12192	12102	12192	2575455	-0.020486864304651742
2022-01-17	12411	12440	12362	12387	1020440	0.015994094488188892
2022-01-18	12411	12416	12267	12292	1303729	-0.007669330749979775
2022-01-19	11962	11967	11809	11879	2943645	-0.03359908883826879
2022-01-20	11564	11664	11509	11664	2250917	-0.018099166596514893
2022-01-21	11191	11191	11061	11142	3040148	-0.04475308641975306
2022-01-24	11056	11116	11056	11083	2061972	-0.005295279124035157
2022-01-25	11131	11136	10906	10983	2557406	-0.009022827754218143
2022-01-26	10852	10852	10708	10818	1957988	-0.01502321770008197
2022-01-27	10947	10997	10668	10773	2102928	-0.004159733777038266
2022-01-28	10528	10703	10498	10688	1985585	-0.00789009560939391
2022-02-03	11357	11436	11352	11422	1684571	0.06867514970059885
2022-02-04	11277	11302	11177	11267	1910864	-0.013570302924181377
2022-02-07	11127	11177	11072	11167	823220	-0.008875477056891845
2022-02-08	11177	11197	11087	11133	1101795	-0.0030446852332766117
2022-02-09	11357	11416	11347	11407	877834	0.024611515314829857
2022-02-10	11676	11706	11656	11696	1611285	0.0253353204172877
2022-02-11	11347	11387	11257	11292	1577579	-0.034541723666210666
2022-02-14	10858	10898	10828	10858	1850616	-0.03843428976266383
2022-02-15	10898	10922	10848	10908	1117245	0.00460489961318844
2022-02-16	11342	11392	11342	11372	1199317	0.042537587092042584
2022-02-17	11367	11411	11282	11357	1522695	-0.0013190291945128774
2022-02-18	11042	11142	10992	11143	1618889	-0.018843004314519685
2022-02-21	10798	11022	10758	10993	1000409	-0.013461365879924636
2022-02-22	10668	10738	10568	10579	2315448	-0.037660329300463924
2022-02-23	10778	10883	10778	10883	944416	0.028736175441913314
2022-02-24	10568	10583	10264	10364	2627325	-0.04768905632638054
2022-02-25	10798	10888	10793	10833	1461868	0.045252798147433326
2022-02-28	10758	10942	10758	10883	1060232	0.004615526631588596
2022-03-02	10758	10813	10703	10788	1291587	-0.008729210695580303
2022-03-03	10997	11037	10977	11038	815771	0.0231738969225066
2022-03-04	10922	10922	10658	10878	1619194	-0.014495379597753266
2022-03-07	10533	10578	10478	10549	1286457	-0.03024453024453022
2022-03-08	10249	10324	10219	10239	1724838	-0.02938667172243814
2022-03-10	10698	10788	10698	10728	1259669	0.04775857017286844
2022-03-11	10583	10663	10538	10663	951455	-0.006058911260253597
2022-03-14	10463	10578	10463	10579	802400	-0.007877707962111957
2022-03-15	10329	10379	10214	10259	1616970	-0.03024860572832966
2022-03-16	10588	10678	10543	10663	985514	0.03938005653572474
2022-03-17	10977	11027	10888	10913	1318706	0.023445559411047645
2022-03-18	10927	10927	10793	10883	852688	-0.00274901493631452
2022-03-21	11077	11147	11067	11148	1310356	0.02434990351925026
2022-03-22	11147	11207	11142	11187	671219	0.0034983853606027626
2022-03-23	11257	11272	11217	11257	728193	0.00625726289443107
2022-03-24	11017	11112	11012	11113	856735	-0.012792040508128322
2022-03-25	11526	11556	11496	11557	1538832	0.03995320795464763
2022-03-28	11546	11561	11501	11537	984794	-0.0017305529116552476
2022-03-29	11606	11661	11596	11642	963969	0.009101152812689639
2022-03-30	11761	11816	11751	11816	1366320	0.014945885586668872
2022-03-31	11466	11571	11461	11567	1802860	-0.02107312119160465
2022-04-01	11282	11342	11262	11317	1724620	-0.021613209993948335
2022-04-04	11047	11087	10997	11073	2089545	-0.02156048422726875
2022-04-05	11172	11202	11142	11162	1084510	0.008037568861194
2022-04-06	10758	10778	10708	10773	2895781	-0.034850385235620895
2022-04-07	10468	10503	10453	10464	2640847	-0.02868281815650242
2022-04-08	10493	10563	10423	10564	1635571	0.009556574923547334
2022-04-11	10329	10334	10259	10274	2397386	-0.027451722832260494
2022-04-12	10154	10169	10089	10145	1821006	-0.012555966517422634
2022-04-13	10124	10234	10109	10199	1921983	0.00532281912272059
2022-04-14	10264	10334	10224	10319	1080848	0.011765859397980138
2022-04-15	10069	10099	10044	10100	1525932	-0.021222986723519743
2022-04-18	9954	9984	9914	9965	1484985	-0.013366336633663378
2022-04-19	10274	10324	10229	10324	1447458	0.03602609131961865
2022-04-20	10399	10413	10354	10369	1078889	0.004358775668345638
2022-04-21	10423	10518	10423	10494	1056150	0.012055164432442922
2022-04-22	10189	10204	10119	10179	1403511	-0.030017152658662116
2022-04-25	9939	10004	9919	9970	1538444	-0.020532468808330928
2022-04-26	10179	10234	10164	10209	1034790	0.02397191574724178
2022-04-27	9845	9919	9805	9910	2181195	-0.0292878832402782
2022-04-28	9995	10070	9915	10065	704411	0.01564076690211902
2022-04-29	10240	10355	10240	10300	1238744	0.023348236462990668
2022-05-02	9980	10060	9945	10045	1501504	-0.02475728155339807
2022-05-03	10215	10335	10200	10290	1257657	0.024390243902439046
2022-05-04	10340	10390	10330	10390	849688	0.009718172983479212
2022-05-06	10255	10310	10235	10280	1019832	-0.010587102983638075
2022-05-09	10150	10150	10050	10085	677597	-0.018968871595330783
2022-05-10	9790	9925	9655	9920	3090479	-0.01636093207734257
2022-05-11	9990	10070	9925	10055	1668225	0.013608870967741993
2022-05-12	9750	9820	9685	9725	2092141	-0.0328194927896569
2022-05-13	9810	9955	9810	9910	1802518	0.01902313624678653
2022-05-16	10265	10270	10065	10115	2017414	0.0206861755802219
2022-05-17	10090	10145	10040	10110	1659480	-0.0004943153732080985
2022-05-18	10380	10425	10350	10375	1622537	0.02621167161226512
2022-05-19	9975	9990	9880	9945	3164259	-0.04144578313253011
2022-05-20	9940	10015	9920	10010	1933594	0.006535947712418277
2022-05-23	10010	10015	9930	10010	1559173	0.0
2022-05-24	9805	9810	9670	9685	2455470	-0.03246753246753242
2022-05-25	9670	9710	9605	9660	1213338	-0.0025813113061434745
2022-05-26	9705	9795	9670	9700	968274	0.0041407867494824835
2022-05-27	10080	10140	10040	10080	2586616	0.039175257731958846
2022-05-30	10380	10510	10380	10490	2197812	0.04067460317460325
2022-05-31	10490	10500	10350	10355	712702	-0.012869399428026673
2022-06-02	10170	10275	10135	10240	808080	-0.011105746016417228
2022-06-03	10520	10560	10470	10485	1045370	0.02392578125
2022-06-07	10315	10335	10190	10250	1546917	-0.022412970910824948
2022-06-08	10370	10390	10330	10335	1057339	0.008292682926829276
2022-06-09	10180	10230	10150	10200	1611878	-0.013062409288824406
2022-06-10	10045	10100	9990	10100	1009976	-0.009803921568627416
2022-06-13	9675	9745	9495	9515	3316541	-0.05792079207920797
2022-06-14	9225	9490	9225	9490	2524639	-0.0026274303730950965
2022-06-15	9420	9440	9370	9415	1328417	-0.007903055848261342
2022-06-16	9530	9560	9410	9410	1651619	-0.0005310674455656361
2022-06-17	8995	9030	8925	8990	3145146	-0.04463336875664192
2022-06-20	9030	9040	8925	9010	1164272	0.0022246941045607205
2022-06-21	9025	9120	9025	9105	824121	0.010543840177580366
2022-06-22	9180	9190	9055	9070	1628079	-0.0038440417353102774
2022-06-23	9065	9195	9065	9145	1017866	0.008269018743109147
2022-06-24	9105	9215	9045	9215	1389447	0.007654455986878084
2022-06-27	9400	9465	9380	9395	1432051	0.01953336950623985
2022-06-28	9395	9455	9325	9440	732487	0.0047897817988291624
2022-06-29	9205	9235	9155	9235	1229596	-0.021716101694915224
2022-06-30	9070	9075	8925	8940	1939769	-0.03194369247428264
2022-07-01	8935	8935	8780	8815	1931669	-0.013982102908277394
2022-07-04	8625	8625	8540	8600	1740067	-0.024390243902439046
2022-07-05	8660	8700	8655	8675	1235172	0.008720930232558155
2022-07-06	8685	8765	8655	8660	1427950	-0.0017291066282421053
2022-07-07	8735	8820	8735	8810	1498770	0.01732101616628179
2022-07-08	9050	9100	9045	9055	1730828	0.027809307604994338
2022-07-11	9090	9115	9000	9000	986024	-0.006073992269464368
2022-07-12	8975	8995	8905	8915	874524	-0.009444444444444478
2022-07-13	8965	9025	8950	9020	855649	0.011777902411665764
2022-07-14	8985	9085	8975	9080	1034286	0.006651884700665134
