Date	Open	High	Low	Close	Volume	Change
2021-04-09	10050	10060	9990	10010	3105416	
2021-04-12	10085	10175	10060	10175	1616091	0.016483516483516425
2021-04-13	10175	10175	10115	10115	1088560	-0.005896805896805857
2021-04-14	10275	10275	10200	10210	1077280	0.009391992090953982
2021-04-15	10045	10060	10015	10055	1254245	-0.01518119490695402
2021-04-16	10220	10220	10155	10180	939124	0.012431626056688128
2021-04-19	10195	10230	10160	10210	1635077	0.0029469548133596035
2021-04-20	10130	10145	10085	10105	1747782	-0.010284035259549462
2021-04-21	10040	10040	9990	10015	783410	-0.008906481939633837
2021-04-22	10090	10120	10065	10120	512866	0.010484273589615567
2021-04-23	10005	10005	9950	9960	1031027	-0.015810276679841917
2021-04-26	10050	10085	10025	10045	742841	0.008534136546184845
2021-04-27	10080	10120	10070	10120	835958	0.0074664011946241615
2021-04-28	10080	10090	10055	10075	375720	-0.0044466403162055634
2021-04-29	10095	10125	10070	10110	964409	0.0034739454094292466
2021-04-30	10055	10065	10025	10065	675011	-0.004451038575667643
2021-05-03	10085	10155	10080	10140	808930	0.007451564828613977
2021-05-04	10100	10100	10015	10070	670767	-0.006903353057199246
2021-05-06	9875	9875	9820	9865	1049067	-0.020357497517378365
2021-05-07	9920	9960	9910	9930	1160781	0.006588950836289964
2021-05-10	9940	9955	9885	9885	463686	-0.004531722054380682
2021-05-11	9595	9610	9515	9580	783259	-0.030854830551340418
2021-05-12	9620	9650	9545	9620	510736	0.0041753653444676075
2021-05-13	9410	9500	9400	9485	549954	-0.014033264033263992
2021-05-14	9505	9605	9505	9590	299362	0.011070110701107083
2021-05-17	9750	9785	9675	9760	299827	0.01772679874869665
2021-05-18	9775	9810	9745	9800	482051	0.004098360655737654
2021-05-20	9665	9675	9605	9675	267148	-0.012755102040816313
2021-05-21	9830	9835	9770	9790	198680	0.011886304909560774
2021-05-24	9705	9740	9685	9710	280481	-0.008171603677221695
2021-05-25	9890	9935	9865	9915	336215	0.021112255406797065
2021-05-26	9925	9935	9855	9870	263055	-0.004538577912254205
2021-05-27	9880	9890	9835	9860	449106	-0.0010131712259371373
2021-05-28	9860	9865	9825	9825	214983	-0.003549695740365122
2021-05-31	9815	9825	9770	9775	408720	-0.0050890585241730735
2021-06-01	9800	9800	9710	9725	384128	-0.005115089514066473
2021-06-02	9725	9765	9705	9755	346180	0.0030848329048842604
2021-06-03	9785	9800	9770	9790	226457	0.0035879036391595065
2021-06-04	9675	9695	9660	9675	353221	-0.011746680286006117
2021-06-07	9815	9830	9790	9800	272740	0.012919896640826822
2021-06-08	9875	9910	9850	9900	425755	0.010204081632652962
2021-06-09	9920	9945	9910	9920	278358	0.002020202020202033
2021-06-10	9920	9945	9910	9925	269033	0.0005040322580645018
2021-06-11	9975	10015	9975	9995	505317	0.007052896725440849
2021-06-14	10030	10100	10030	10090	560843	0.009504752376188197
2021-06-15	10170	10235	10170	10220	653479	0.012884043607532147
2021-06-16	10150	10170	10145	10155	444047	-0.006360078277886538
2021-06-17	10160	10205	10140	10200	461983	0.004431314623338345
2021-06-18	10325	10485	10325	10460	844316	0.025490196078431282
2021-06-21	10415	10435	10355	10435	1183779	-0.002390057361376652
2021-06-22	10445	10475	10410	10470	571875	0.0033540967896501517
2021-06-23	10540	10645	10540	10645	871694	0.016714422158548237
2021-06-24	10635	10665	10615	10645	881432	0.0
2021-06-25	10610	10610	10555	10580	1002899	-0.006106153123532132
2021-06-28	10520	10565	10505	10555	948108	-0.0023629489603024245
2021-06-29	10655	10680	10640	10650	615024	0.009000473709142476
2021-06-30	10665	10745	10665	10715	782362	0.006103286384976592
2021-07-01	10700	10755	10690	10750	590469	0.003266448903406438
2021-07-02	10770	10775	10730	10775	616119	0.0023255813953488857
2021-07-05	10860	10935	10860	10910	868005	0.012529002320185612
2021-07-06	10930	10945	10890	10905	1045751	-0.00045829514207151867
2021-07-07	11015	11115	11015	11100	1437594	0.017881705639614776
2021-07-08	11170	11255	11170	11250	1756833	0.013513513513513598
2021-07-09	11170	11225	11140	11225	1491222	-0.0022222222222222365
2021-07-12	11280	11280	11240	11270	1774698	0.004008908685968926
2021-07-13	11270	11315	11260	11295	1781887	0.002218278615794045
2021-07-14	11300	11345	11295	11330	1305972	0.003098716246126676
2021-07-15	11345	11355	11300	11340	1523410	0.0008826125330980705
2021-07-16	11200	11210	11165	11195	1764843	-0.012786596119929494
2021-07-19	11065	11115	11045	11115	1040541	-0.007146047342563633
2021-07-20	11055	11150	11050	11150	1483175	0.0031488978857399097
2021-07-21	11200	11200	11150	11190	846121	0.0035874439461882623
2021-07-22	11245	11275	11230	11260	1260842	0.006255585344057124
2021-07-23	11365	11425	11365	11410	1267889	0.013321492007104752
2021-07-26	11520	11605	11520	11605	2269161	0.017090271691498682
2021-07-27	11625	11625	11585	11610	1822888	0.0004308487720809939
2021-07-28	11450	11515	11445	11515	1943441	-0.00818260120585701
2021-07-29	11505	11525	11405	11475	2261877	-0.0034737299174989467
2021-07-30	11285	11285	11235	11270	2970514	-0.017864923747276662
2021-08-02	11335	11400	11310	11400	1168644	0.011535048802129522
2021-08-03	11315	11340	11295	11325	1403239	-0.006578947368421018
2021-08-04	11375	11375	11320	11350	1201907	0.002207505518763808
2021-08-05	11345	11355	11315	11350	1188436	0.0
2021-08-06	11395	11405	11380	11405	1169313	0.004845814977973539
2021-08-09	11340	11345	11320	11345	1307566	-0.005260850504164805
2021-08-10	11380	11410	11365	11400	873047	0.004847950639047971
2021-08-11	11385	11430	11365	11405	862255	0.00043859649122812705
2021-08-12	11375	11440	11360	11435	872191	0.002630425252082347
2021-08-13	11550	11630	11545	11615	1460086	0.015741145605596918
2021-08-17	11645	11770	11645	11740	2311103	0.01076194575979339
2021-08-18	11670	11670	11600	11630	2018640	-0.009369676320272524
2021-08-19	11490	11560	11485	11495	1592030	-0.011607910576096336
2021-08-20	11605	11630	11570	11630	1181869	0.01174423662461943
2021-08-23	11780	11820	11730	11820	2173053	0.016337059329320613
2021-08-24	11850	11890	11845	11880	2457108	0.0050761421319796
2021-08-25	11875	11900	11845	11895	1546336	0.0012626262626262985
2021-08-26	11870	11910	11840	11910	1268780	0.0012610340479193294
2021-08-27	11855	11890	11845	11880	1500800	-0.0025188916876573986
2021-08-30	11930	11965	11905	11965	2024872	0.007154882154882136
2021-08-31	12085	12135	12075	12115	3599444	0.012536564981195042
2021-09-01	12090	12100	12030	12100	2699493	-0.0012381345439538283
2021-09-02	12075	12125	12065	12125	1871291	0.0020661157024792765
2021-09-03	12070	12070	12015	12065	2416183	-0.004948453608247472
2021-09-06	12045	12085	12040	12075	1826645	0.0008288437629506706
2021-09-07	12085	12120	12080	12120	1581993	0.003726708074534235
2021-09-08	12150	12220	12150	12220	1861582	0.008250825082508184
2021-09-09	12165	12200	12155	12170	1611238	-0.004091653027823217
2021-09-10	12150	12190	12145	12180	1605575	0.0008216926869351049
2021-09-13	12065	12090	12040	12090	2767948	-0.007389162561576401
2021-09-14	12075	12075	12025	12040	2043992	-0.0041356492969396585
2021-09-15	12010	12050	12000	12005	1602879	-0.0029069767441860517
2021-09-16	12095	12095	12060	12090	1080772	0.007080383173677651
2021-09-17	12100	12160	12100	12150	1587224	0.00496277915632759
2021-09-23	11865	11955	11860	11885	4352972	-0.021810699588477367
2021-09-24	11915	11920	11860	11885	2043735	0.0
2021-09-27	11900	12000	11900	11995	1815239	0.009255363904080882
2021-09-28	11850	11890	11845	11855	1604008	-0.011671529804085035
2021-09-29	11565	11630	11565	11600	1957407	-0.02150991142977643
2021-09-30	11600	11655	11575	11645	1248793	0.00387931034482758
2021-10-01	11520	11550	11430	11435	1552126	-0.018033490768570193
2021-10-05	11300	11390	11290	11345	1816025	-0.007870572802798459
2021-10-06	11520	11535	11450	11470	692307	0.011018069634200156
2021-10-07	11700	11775	11685	11775	1059295	0.026591107236268563
2021-10-08	11810	11815	11765	11775	870312	0.0
2021-10-12	11700	11700	11650	11660	684015	-0.009766454352441611
2021-10-13	11640	11640	11590	11620	818279	-0.0034305317324184736
2021-10-14	11680	11715	11665	11710	574501	0.007745266781411297
2021-10-15	11850	11865	11815	11860	972881	0.012809564474807855
2021-10-18	11885	11935	11885	11900	896932	0.003372681281618828
2021-10-19	12100	12105	12055	12065	1211418	0.013865546218487346
2021-10-20	12100	12110	12025	12030	911008	-0.0029009531703273472
2021-10-21	12025	12025	11965	12010	599737	-0.0016625103906899863
2021-10-22	12065	12080	12030	12035	871621	0.002081598667776907
2021-10-25	11895	11935	11855	11880	1320675	-0.012879102617366023
2021-10-26	11990	12030	11970	12015	928717	0.011363636363636465
2021-10-27	12030	12065	11990	12060	853343	0.0037453183520599342
2021-10-28	12240	12275	12225	12230	2302514	0.014096185737976885
2021-10-29	12270	12275	12215	12220	2279009	-0.0008176614881438837
2021-11-01	12360	12545	12355	12505	4265856	0.02332242225859238
2021-11-02	12520	12525	12460	12485	1342701	-0.001599360255897686
2021-11-03	12540	12595	12505	12590	1903244	0.008410092110532563
2021-11-04	12740	12795	12720	12795	2340588	0.01628276409849083
2021-11-05	12955	13035	12795	13035	3096047	0.01875732708089095
2021-11-08	13005	13025	12985	13000	2185537	-0.00268507863444567
2021-11-09	13025	13045	12910	12935	2623248	-0.0050000000000000044
2021-11-10	12810	12810	12775	12800	2047731	-0.010436799381522976
2021-11-11	12685	12710	12655	12675	2078827	-0.009765625
2021-11-12	12690	12705	12640	12675	1907367	0.0
2021-11-15	12805	12850	12790	12805	1195928	0.01025641025641022
2021-11-16	12815	12830	12760	12805	1293573	0.0
2021-11-17	12910	12920	12865	12890	1108557	0.00663803201874269
2021-11-18	12925	12960	12905	12960	1557492	0.005430566330488773
2021-11-19	13125	13255	13125	13255	2370045	0.022762345679012252
2021-11-22	13345	13395	13315	13375	2610460	0.009053187476423918
2021-11-23	13255	13255	13195	13220	2285333	-0.011588785046729
2021-11-24	13160	13180	13115	13160	1798467	-0.004538577912254205
2021-11-25	13200	13260	13190	13260	1707585	0.0075987841945288626
2021-11-26	13230	13255	13160	13205	1693813	-0.004147812971342368
2021-11-29	12985	13085	12950	13060	2209472	-0.010980689132904176
2021-11-30	13230	13230	13030	13075	1648969	0.0011485451761101828
2021-12-01	13035	13160	13000	13160	1435139	0.006500956022944537
2021-12-02	12840	12860	12780	12800	2870642	-0.027355623100303927
2021-12-03	12755	12800	12685	12800	1620441	0.0
2021-12-06	12590	12610	12565	12610	1600819	-0.014843750000000044
2021-12-07	12730	12740	12650	12740	1226017	0.010309278350515427
2021-12-08	13030	13100	13020	13075	1411006	0.026295133437990614
2021-12-09	13085	13120	13055	13085	1224624	0.000764818355640573
2021-12-10	12970	13000	12950	13000	1098104	-0.006495987772258349
2021-12-13	13175	13195	13150	13165	967215	0.01269230769230778
2021-12-14	12970	12995	12950	12975	1632957	-0.014432206608431475
2021-12-15	12820	12870	12805	12865	1300884	-0.008477842003853597
2021-12-16	13145	13175	13075	13175	1245113	0.024096385542168752
2021-12-17	12705	12755	12670	12675	3694072	-0.0379506641366224
2021-12-20	12610	12610	12480	12480	1367875	-0.01538461538461533
2021-12-21	12565	12690	12540	12690	1076889	0.016826923076923128
2021-12-22	12805	12815	12770	12815	821240	0.009850275807722575
2021-12-23	12980	13010	12950	12965	806798	0.011705033164260525
2021-12-24	13055	13085	13040	13040	864082	0.005784805244890112
2021-12-27	13090	13120	13075	13085	780547	0.0034509202453987253
2021-12-28	13260	13310	13260	13300	1543419	0.016431027894535655
2021-12-29	13300	13320	13260	13285	947247	-0.0011278195488721998
2021-12-30	13190	13265	13165	13265	887160	-0.0015054572826496138
2022-01-03	13190	13205	13145	13190	1540331	-0.005653976630229929
2022-01-04	13355	13395	13350	13390	1611064	0.015163002274450443
2022-01-05	13180	13210	13125	13140	2686598	-0.01867064973861088
2022-01-06	12755	12795	12670	12700	3364770	-0.0334855403348554
2022-01-07	12785	12815	12745	12770	2024930	0.005511811023622082
2022-01-10	12590	12650	12565	12650	1635742	-0.009397024275646038
2022-01-11	12655	12655	12575	12605	2497767	-0.0035573122529644063
2022-01-12	12705	12770	12680	12765	1704559	0.012693375644585503
2022-01-13	12765	12785	12725	12750	1345746	-0.001175088131609825
2022-01-14	12400	12430	12340	12430	2458070	-0.02509803921568632
2022-01-17	12500	12545	12485	12500	1211904	0.005631536604987941
2022-01-18	12530	12530	12375	12400	1331991	-0.008000000000000007
2022-01-19	12230	12275	12105	12160	1813505	-0.01935483870967747
2022-01-20	12050	12180	12035	12170	1260669	0.000822368421052655
2022-01-21	11925	11935	11795	11880	2081365	-0.023829087921117487
2022-01-24	11685	11725	11680	11720	1775353	-0.013468013468013518
2022-01-25	11685	11685	11450	11535	2288258	-0.015784982935153624
2022-01-26	11465	11490	11380	11485	1437919	-0.004334633723450332
2022-01-27	11600	11625	11280	11325	1744979	-0.013931214627775357
2022-01-28	11520	11665	11520	11660	1604877	0.029580573951434985
2022-02-03	12045	12140	12025	12060	1610172	0.03430531732418518
2022-02-04	12015	12110	12005	12080	1380555	0.0016583747927032544
2022-02-07	12050	12060	11940	12025	615308	-0.004552980132450313
2022-02-08	11900	11925	11825	11845	1218782	-0.01496881496881497
2022-02-09	11990	12005	11930	11995	860291	0.012663571127057738
2022-02-10	12145	12145	12085	12120	877708	0.010421008753647376
2022-02-11	11880	11880	11730	11750	1459088	-0.03052805280528048
2022-02-14	11500	11525	11460	11470	1103895	-0.0238297872340425
2022-02-15	11550	11595	11535	11575	858738	0.009154315605928609
2022-02-16	11770	11795	11740	11765	768134	0.016414686825054092
2022-02-17	11765	11790	11675	11730	1062347	-0.002974925626859304
2022-02-18	11445	11525	11395	11500	1231159	-0.019607843137254943
2022-02-21	11165	11315	11125	11290	901062	-0.01826086956521744
2022-02-22	11000	11010	10915	10935	1611218	-0.03144375553587242
2022-02-23	11130	11175	11105	11150	650005	0.019661636945587535
2022-02-24	10820	10895	10500	10560	2942608	-0.05291479820627798
2022-02-25	11150	11220	11125	11155	1661640	0.05634469696969702
2022-02-28	11140	11240	11065	11155	1081148	0.0
2022-03-02	11375	11430	11325	11405	803254	0.022411474675033682
2022-03-03	11525	11535	11470	11535	684137	0.01139850942569054
2022-03-04	11430	11460	11190	11395	880584	-0.012136974425661085
2022-03-07	11120	11225	11050	11165	835019	-0.020184291355857864
2022-03-08	10905	11010	10865	10865	1214818	-0.026869682042095833
2022-03-10	11335	11375	11250	11330	812749	0.04279797514956285
2022-03-11	11285	11295	11200	11295	620113	-0.0030891438658429138
2022-03-14	11110	11195	11095	11195	671191	-0.008853474988933185
2022-03-15	10990	10995	10880	10905	891664	-0.025904421616793183
2022-03-16	11240	11310	11195	11310	648936	0.037138927097661645
2022-03-17	11580	11580	11410	11425	1240284	0.010167992926613634
2022-03-18	11450	11450	11340	11405	559445	-0.0017505470459519001
2022-03-21	11700	11770	11700	11770	1106386	0.032003507233669515
2022-03-22	11805	11885	11805	11855	853751	0.007221750212404343
2022-03-23	12100	12135	12070	12135	843267	0.023618726275832946
2022-03-24	12040	12125	12040	12125	627526	-0.0008240626287597808
2022-03-25	12295	12325	12250	12325	871703	0.016494845360824684
2022-03-28	12315	12355	12305	12325	813256	0.0
2022-03-29	12515	12580	12515	12560	1359532	0.019066937119675442
2022-03-30	12585	12640	12560	12600	1072382	0.0031847133757962887
2022-03-31	12535	12595	12525	12595	919302	-0.0003968253968253954
2022-04-01	12400	12440	12380	12440	1217638	-0.012306470821754623
2022-04-04	12380	12410	12330	12410	972212	-0.002411575562700996
2022-04-05	12650	12655	12600	12635	891253	0.018130539887187824
2022-04-06	12415	12445	12390	12445	806091	-0.015037593984962405
2022-04-07	12030	12080	11990	12080	1660233	-0.029329047810365605
2022-04-08	12095	12185	12085	12185	925722	0.008692052980132425
2022-04-11	11920	11955	11860	11920	999368	-0.021748050882232306
2022-04-12	11635	11635	11570	11600	1052555	-0.02684563758389258
2022-04-13	11585	11645	11545	11645	1263366	0.00387931034482758
2022-04-14	11720	11775	11700	11775	1045282	0.011163589523400574
2022-04-15	11480	11520	11460	11510	829517	-0.022505307855626322
2022-04-18	11325	11390	11325	11375	737790	-0.011728931364031303
2022-04-19	11615	11660	11555	11640	838596	0.023296703296703303
2022-04-20	11715	11770	11670	11710	1057647	0.006013745704467333
2022-04-21	11725	11730	11670	11705	1014466	-0.000426985482493647
2022-04-22	11415	11435	11350	11405	1014688	-0.025630072618539113
2022-04-25	11130	11150	11055	11140	1075606	-0.023235423060061322
2022-04-26	11335	11370	11310	11345	575544	0.01840215439856374
2022-04-27	10955	11085	10900	11085	1356132	-0.022917584839136196
2022-04-28	11130	11265	11100	11260	1108080	0.015787099684257955
2022-04-29	11260	11275	11190	11200	1086434	-0.005328596802841923
2022-05-02	10885	10945	10830	10890	1334068	-0.02767857142857144
2022-05-03	10990	11095	10990	11055	622594	0.015151515151515138
2022-05-04	11050	11065	11020	11060	468743	0.0004522840343736956
2022-05-06	10900	10900	10810	10855	1048880	-0.018535262206148317
2022-05-09	10700	10715	10645	10670	1027252	-0.01704283740211887
2022-05-10	10385	10495	10285	10495	1198185	-0.01640112464854737
2022-05-11	10500	10610	10500	10600	808106	0.010004764173416003
2022-05-12	10225	10285	10155	10210	1373152	-0.03679245283018873
2022-05-13	10210	10250	10190	10210	822392	0.0
2022-05-16	10480	10505	10320	10355	655666	0.014201762977473109
2022-05-17	10315	10355	10280	10335	646613	-0.0019314340898116678
2022-05-18	10480	10480	10415	10425	628441	0.00870827285921627
2022-05-19	9970	10005	9905	9985	1888260	-0.04220623501199039
2022-05-20	9890	9975	9850	9925	1206597	-0.006009013520280382
2022-05-23	9925	9925	9845	9895	1037496	-0.003022670025188967
2022-05-24	9850	9850	9675	9685	951568	-0.021222839818089922
2022-05-25	9695	9720	9640	9690	780375	0.0005162622612286949
2022-05-26	9740	9800	9695	9695	708933	0.0005159958720331037
2022-05-27	9920	10010	9920	9945	1021552	0.02578648788035065
2022-05-30	10250	10375	10250	10365	598680	0.042232277526395245
2022-05-31	10335	10345	10205	10225	587689	-0.013506994693680663
2022-06-02	10215	10340	10215	10310	500856	0.00831295843520774
2022-06-03	10490	10550	10490	10515	507705	0.01988360814742962
2022-06-07	10400	10400	10280	10320	639721	-0.01854493580599148
2022-06-08	10365	10425	10365	10370	443196	0.004844961240310086
2022-06-09	10375	10425	10340	10360	281124	-0.0009643201542912649
2022-06-10	10190	10260	10160	10260	424277	-0.009652509652509633
2022-06-13	9780	9820	9665	9680	1401619	-0.05653021442495132
2022-06-14	9490	9675	9490	9670	887641	-0.0010330578512396382
2022-06-15	9600	9605	9560	9590	878150	-0.008273009307135482
2022-06-16	9785	9870	9720	9720	713739	0.01355578727841511
2022-06-17	9450	9515	9415	9505	844574	-0.022119341563786032
2022-06-20	9685	9685	9540	9600	555730	0.009994739610731163
2022-06-21	9610	9720	9610	9705	403097	0.010937500000000044
2022-06-22	9800	9840	9700	9715	1016166	0.0010303967027305294
2022-06-23	9765	9920	9765	9870	568698	0.015954709212557816
2022-06-24	10000	10145	9945	10135	687160	0.02684903748733536
2022-06-27	10300	10365	10280	10325	876197	0.018746916625554944
2022-06-28	10275	10275	10150	10215	398318	-0.010653753026634405
2022-06-29	9930	9930	9855	9930	758292	-0.027900146842878115
2022-06-30	9960	9990	9835	9840	573003	-0.009063444108761365
2022-07-01	9785	9785	9640	9645	1005432	-0.01981707317073167
2022-07-04	9770	9825	9770	9820	630712	0.018144116122343235
2022-07-05	9945	9945	9820	9930	592223	0.011201629327902252
2022-07-06	10105	10225	10105	10130	679737	0.020140986908358416
2022-07-07	10260	10290	10235	10285	684540	0.01530108588351431
2022-07-08	10430	10450	10395	10395	583080	0.010695187165775444
2022-07-11	10485	10485	10350	10365	490841	-0.0028860028860029363
2022-07-12	10290	10320	10215	10225	402723	-0.013506994693680663
2022-07-13	10150	10170	10125	10170	420852	-0.005378973105134466
2022-07-14	10040	10125	10020	10125	426182	-0.004424778761061954
