Date	Open	High	Low	Close	Volume	Change
2021-10-13	22500	25100	20850	23000	10932453	
2021-10-14	23300	24950	22850	24500	3038083	0.0652173913043479
2021-10-15	24600	24850	24050	24700	756712	0.008163265306122547
2021-10-18	24700	24700	23850	23900	358923	-0.03238866396761131
2021-10-19	23700	23750	23300	23350	295798	-0.023012552301255207
2021-10-20	23600	24350	23300	23850	672744	0.021413276231263323
2021-10-21	24100	25100	23800	24850	392107	0.04192872117400426
2021-10-22	25050	25850	24800	25400	808007	0.02213279678068414
2021-10-25	25700	26100	24800	25850	430618	0.017716535433070835
2021-10-26	25750	26000	24800	24800	335921	-0.04061895551257255
2021-10-27	24850	25400	24450	24900	187601	0.0040322580645162365
2021-10-28	25000	25800	24600	25050	198171	0.006024096385542244
2021-10-29	25100	25450	24500	24500	150899	-0.021956087824351322
2021-11-01	24500	25400	24250	24600	118914	0.004081632653061273
2021-11-02	25100	25250	24700	25150	258641	0.022357723577235866
2021-11-03	25550	25600	24850	25150	264590	0.0
2021-11-04	25600	26000	23800	24300	443552	-0.03379721669980118
2021-11-05	24400	24600	22550	23150	375831	-0.04732510288065839
2021-11-08	23250	23250	21900	22400	289548	-0.03239740820734338
2021-11-09	22750	26700	22300	25050	477046	0.1183035714285714
2021-11-10	24850	25200	23800	23900	353226	-0.04590818363273452
2021-11-11	23450	23800	22850	23400	210992	-0.02092050209205021
2021-11-12	23250	24000	23250	23700	89693	0.012820512820512775
2021-11-15	23800	24550	23700	24400	138192	0.029535864978903037
2021-11-16	24250	24800	23800	23900	104115	-0.020491803278688492
2021-11-17	23700	24100	22950	23200	153636	-0.029288702928870314
2021-11-18	23550	23550	22950	23200	50331	0.0
2021-11-19	23200	25400	23200	25000	463156	0.07758620689655182
2021-11-22	25000	25650	24600	25500	366558	0.020000000000000018
2021-11-23	27650	33150	26700	33150	5057849	0.30000000000000004
2021-11-24	35500	41650	33500	34700	10452257	0.046757164404223284
2021-11-25	34800	37400	33500	36050	3854472	0.03890489913544659
2021-11-26	35350	36600	34300	36050	1480646	0.0
2021-11-29	34450	35500	31950	32500	1106739	-0.09847434119278775
2021-11-30	32900	34150	31600	31850	1209027	-0.020000000000000018
2021-12-01	32300	34250	30500	34000	1039096	0.0675039246467819
2021-12-02	33150	34300	32550	33350	373437	-0.019117647058823573
2021-12-03	33700	35300	31050	32350	1129868	-0.02998500749625188
2021-12-06	33200	37450	32000	35950	2844211	0.11128284389489962
2021-12-07	35750	39400	35000	36650	3930184	0.01947148817802513
2021-12-08	36650	38850	36000	37550	1635208	0.024556616643929052
2021-12-09	37700	38550	36750	37400	648597	-0.003994673768308976
2021-12-10	37050	43200	36850	41700	4621502	0.11497326203208558
2021-12-13	41600	42800	39400	40000	1191179	-0.04076738609112707
2021-12-14	39400	39800	37100	37800	712065	-0.05500000000000005
2021-12-15	37250	38050	36600	36600	532639	-0.031746031746031744
2021-12-16	36700	38100	36100	37800	469109	0.032786885245901676
2021-12-17	37200	37600	35050	35300	642235	-0.06613756613756616
2021-12-20	34950	35500	33100	33400	644051	-0.053824362606232246
2021-12-21	33150	33350	31400	32400	794404	-0.029940119760479056
2021-12-22	32750	34600	32650	33100	475682	0.021604938271605034
2021-12-23	33000	33200	31650	32550	353799	-0.0166163141993958
2021-12-24	32100	33100	31900	32250	223953	-0.009216589861751112
2021-12-27	32250	34700	32000	33000	412369	0.023255813953488413
2021-12-28	33150	34250	33100	33200	233812	0.0060606060606061
2021-12-29	33050	33750	32800	33250	97546	0.001506024096385561
2021-12-30	33600	34300	33050	34100	162369	0.02556390977443601
2022-01-03	34400	34400	32300	32350	284483	-0.0513196480938416
2022-01-04	32500	32550	30400	32500	339676	0.004636785162287493
2022-01-05	32600	32600	30150	30700	338285	-0.055384615384615365
2022-01-06	29850	30700	29200	29650	178709	-0.03420195439739415
2022-01-07	29450	29600	28750	28950	249204	-0.02360876897133224
2022-01-10	28850	28900	27700	28350	185546	-0.020725388601036232
2022-01-11	29200	29200	28050	28300	141498	-0.0017636684303351524
2022-01-12	28600	34100	28350	33000	1387834	0.16607773851590113
2022-01-13	32650	33000	31000	31000	354899	-0.06060606060606055
2022-01-14	30600	32200	30050	31650	381319	0.020967741935483897
2022-01-17	31350	34450	30950	33050	849016	0.04423380726698256
2022-01-18	32700	34700	31050	33800	702748	0.0226928895612708
2022-01-19	33200	34550	32850	33600	331426	-0.00591715976331364
2022-01-20	33400	34050	32050	32500	251605	-0.03273809523809523
2022-01-21	31650	32000	30250	30950	432965	-0.0476923076923077
2022-01-24	30750	30750	29100	29200	174870	-0.056542810985460434
2022-01-25	29200	29700	27350	27450	287162	-0.05993150684931503
2022-01-26	27450	28400	26950	27400	198007	-0.0018214936247723523
2022-01-27	27100	27900	26000	26750	164053	-0.02372262773722633
2022-01-28	27100	28400	26350	27650	199880	0.03364485981308407
2022-02-03	28100	28750	27800	28050	141886	0.014466546112115841
2022-02-04	27950	28750	27850	28700	133906	0.02317290552584672
2022-02-07	29000	29500	28700	29150	80637	0.015679442508710784
2022-02-08	29200	30250	28800	29500	136587	0.012006861063464935
2022-02-09	29850	29950	29000	29200	86894	-0.01016949152542368
2022-02-10	29500	29500	27800	28100	162238	-0.03767123287671237
2022-02-11	27950	29050	27500	28500	120347	0.014234875444839812
2022-02-14	28050	30450	26800	28850	152889	0.012280701754386003
2022-02-15	29000	29100	27050	27050	215415	-0.06239168110918547
2022-02-16	27900	31550	27650	30000	557613	0.10905730129390023
2022-02-17	30100	31300	28450	29600	308087	-0.013333333333333308
2022-02-18	29100	30300	28850	29400	155787	-0.006756756756756799
2022-02-21	28900	30700	28700	30100	211576	0.023809523809523725
2022-02-22	29150	30850	29150	30400	203780	0.009966777408637828
2022-02-23	30700	31500	30150	31000	267899	0.019736842105263053
2022-02-24	30550	30850	29750	29750	177635	-0.040322580645161255
2022-02-25	30750	31600	30400	30400	242271	0.02184873949579824
2022-02-28	30400	30950	30300	30850	107129	0.014802631578947345
2022-03-02	30950	33250	30750	33000	275724	0.06969205834683945
2022-03-03	33100	33300	32000	32950	179895	-0.0015151515151514694
2022-03-04	32950	34000	31950	33050	194156	0.003034901365705611
2022-03-07	33500	33550	31350	32050	293151	-0.030257186081694365
2022-03-08	31600	31850	30200	30300	341829	-0.0546021840873635
2022-03-10	30950	30950	28250	28250	318240	-0.06765676567656764
2022-03-11	28300	29250	28150	28650	153024	0.014159292035398341
2022-03-14	28950	30000	28650	29550	156137	0.03141361256544495
2022-03-15	29450	29450	28100	28100	128184	-0.04906937394247035
2022-03-16	28400	29100	28200	28850	65664	0.026690391459074814
2022-03-17	29050	30450	29050	30250	192353	0.048526863084922045
2022-03-18	32950	37300	31400	31400	6127363	0.0380165289256198
2022-03-21	31450	33450	31050	31700	1517876	0.009554140127388644
2022-03-22	31850	32200	30700	30800	567865	-0.028391167192429068
2022-03-23	30800	31100	30550	31050	229921	0.008116883116883189
2022-03-24	30900	31250	30300	31050	192634	0.0
2022-03-25	31250	31750	30800	30950	245853	-0.0032206119162641045
2022-03-28	31150	36550	31000	33550	5732701	0.08400646203554119
2022-03-29	33450	33950	31500	31900	729616	-0.049180327868852514
2022-03-30	32050	32350	31050	31300	324098	-0.018808777429467072
2022-03-31	30900	33900	30900	32650	794560	0.04313099041533541
2022-04-01	32500	33200	31150	31400	330431	-0.038284839203675314
2022-04-04	31000	31600	31000	31300	143714	-0.0031847133757961776
2022-04-05	31550	33150	31550	32350	415067	0.033546325878594185
2022-04-06	32050	33500	31900	33300	298714	0.029366306027820643
2022-04-07	32900	33900	32000	32350	253743	-0.028528528528528496
2022-04-08	32700	32800	31100	31550	179520	-0.02472952086553326
2022-04-11	31250	31900	31000	31150	83349	-0.01267828843106178
2022-04-12	30650	31100	30250	30800	95605	-0.011235955056179803
2022-04-13	31000	31200	30400	31200	110596	0.01298701298701288
2022-04-14	31200	31850	30800	31650	146167	0.014423076923076872
2022-04-15	31200	31600	31050	31200	64559	-0.014218009478673022
2022-04-18	31200	31950	31050	31550	83953	0.011217948717948678
2022-04-19	31800	32600	31000	31050	145021	-0.015847860538827252
2022-04-20	31050	31100	30200	30350	176160	-0.02254428341384862
2022-04-21	30500	30600	29650	30000	172868	-0.011532125205930832
2022-04-22	29700	29700	29050	29200	141658	-0.026666666666666616
2022-04-25	28500	30150	28250	29600	164798	0.013698630136986356
2022-04-26	29900	30100	29350	29450	104654	-0.0050675675675675436
2022-04-27	28500	28900	27800	28000	206851	-0.04923599320882854
2022-04-28	28450	28450	27200	27750	150629	-0.008928571428571397
2022-04-29	29000	30400	27500	27600	515282	-0.00540540540540535
2022-05-02	26750	27850	26450	27000	306011	-0.021739130434782594
2022-05-03	27050	27750	26950	27300	201681	0.011111111111111072
2022-05-04	27300	27450	26900	27000	138508	-0.01098901098901095
2022-05-06	26500	26900	25750	25850	281589	-0.042592592592592626
2022-05-09	25450	25750	24950	25000	237207	-0.03288201160541582
2022-05-10	24150	25300	23800	25200	367685	0.008000000000000007
2022-05-11	25100	25100	24100	24200	239634	-0.03968253968253965
2022-05-12	23950	24300	23000	23600	203735	-0.024793388429752095
2022-05-13	23600	24000	23350	23500	144875	-0.004237288135593209
2022-05-16	23650	24850	23650	24750	190335	0.05319148936170204
2022-05-17	24750	24900	24200	24550	125720	-0.008080808080808133
2022-05-18	24800	25150	24250	25100	146261	0.022403258655804503
2022-05-19	24400	25000	24150	24850	93944	-0.009960159362549792
2022-05-20	24850	25450	24650	25350	89408	0.02012072434607637
2022-05-23	25500	26050	24850	26000	108417	0.02564102564102555
2022-05-24	26000	26750	25450	25850	128407	-0.005769230769230749
2022-05-25	26100	26750	25900	26500	177009	0.025145067698259194
2022-05-26	26800	26900	26050	26050	82102	-0.016981132075471694
2022-05-27	26300	26400	25850	26050	81656	0.0
2022-05-30	26100	26300	25400	25800	97812	-0.009596928982725572
2022-05-31	25800	25800	25150	25150	310893	-0.025193798449612448
2022-06-02	25150	25850	24550	24800	102695	-0.013916500994035741
2022-06-03	25200	25400	25000	25300	63268	0.02016129032258074
2022-06-07	25200	25200	24150	24150	133713	-0.045454545454545414
2022-06-08	24200	24550	23750	23800	90750	-0.01449275362318836
2022-06-09	23700	23850	23150	23150	479604	-0.027310924369747913
2022-06-10	23050	23700	22550	22800	583271	-0.015118790496760237
2022-06-13	22100	22650	21350	21350	521436	-0.0635964912280702
2022-06-14	21000	21550	20350	21300	635359	-0.0023419203747072626
2022-06-15	20850	21450	20150	20450	335799	-0.039906103286385
2022-06-16	20700	21100	19850	20050	371591	-0.019559902200488977
2022-06-17	19350	20350	19050	19850	529181	-0.009975062344139696
2022-06-20	19900	20350	19600	20000	256136	0.007556675062972307
2022-06-21	20300	20950	20050	20550	234549	0.02750000000000008
2022-06-22	20600	20750	19650	19650	190140	-0.04379562043795615
2022-06-23	19600	20600	19600	19750	233234	0.0050890585241729624
2022-06-24	19750	20650	19750	20500	269245	0.03797468354430378
2022-06-27	20750	21000	20500	20550	126175	0.0024390243902439046
2022-06-28	20600	20800	20150	20750	201245	0.009732360097323589
2022-06-29	20250	20900	20100	20850	218147	0.004819277108433662
2022-06-30	20800	21050	20350	20450	175156	-0.01918465227817745
2022-07-01	20550	20600	19500	19750	120727	-0.03422982885085579
2022-07-04	19800	19850	18650	19150	175955	-0.03037974683544309
2022-07-05	19400	19950	19050	19850	109246	0.036553524804177506
2022-07-06	19800	21000	19450	20100	237833	0.012594458438287104
2022-07-07	20500	20500	19950	20250	98636	0.00746268656716409
2022-07-08	20300	20400	19800	20000	97058	-0.012345679012345734
2022-07-11	20000	20050	19350	19750	139328	-0.012499999999999956
2022-07-12	19750	19750	18650	18900	183755	-0.04303797468354431
2022-07-13	18850	19000	18050	18850	131002	-0.002645502645502673
2022-07-14	18500	19000	18400	18750	107019	-0.0053050397877983935
