Date	Open	High	Low	Close	Volume	Change
2021-05-26	97081	97354	97071	97072	3171	
2021-05-27	97650	97665	97090	97665	44	0.006108867644634808
2021-05-28	97130	97130	96555	97111	169	-0.005672451748323315
2021-05-31	96701	96701	96146	96148	116	-0.00991648731863537
2021-06-01	96331	96901	96068	96902	47	0.007842076798269426
2021-06-02	96429	96599	96141	96410	38	-0.005077294586283032
2021-06-03	96580	96580	96292	96580	106	0.0017633025619749887
2021-06-04	95961	97329	95961	97052	50	0.004887140194657302
2021-06-07	97981	97981	97407	97705	7	0.0067283518114000795
2021-06-08	97991	98273	97991	98215	32	0.0052197942786960105
2021-06-09	98240	99471	98240	99189	175	0.009917018785317921
2021-06-10	99471	100006	99174	99471	214	0.0028430571938420357
2021-06-11	99729	99743	97081	99160	51	-0.0031265393933910257
2021-06-14	99889	99889	99320	99603	42	0.004467527228721346
2021-06-15	98843	100556	98843	100557	55	0.009578024758290393
2021-06-16	100668	100668	99820	100669	72	0.0011137961554144038
2021-06-17	99757	100907	99757	100620	17	-0.00048674368474899143
2021-06-18	101008	101719	100994	101589	25	0.0096302921884317
2021-06-21	101801	103272	101801	102976	209	0.013653052988020331
2021-06-22	101359	101359	100779	100781	51	-0.021315646364201357
2021-06-23	100779	101320	100488	100781	2296	0.0
2021-06-24	100653	100653	100366	100654	52	-0.0012601581647334603
2021-06-25	99938	99938	98507	99077	236	-0.015667534325511157
2021-06-28	98730	98730	97869	98732	80	-0.0034821401536179186
2021-06-29	98599	99169	98599	98883	214	0.0015293926994288665
2021-06-30	99091	99091	98803	99092	62	0.0021136090126714357
2021-07-01	98901	100050	98901	99759	45	0.006731118556492888
2021-07-02	100211	100498	100211	100211	15557	0.004530919516033682
2021-07-05	100935	100935	100362	100649	86	0.004370777659139291
2021-07-06	100653	100653	99490	99792	458	-0.008514739341672573
2021-07-07	101593	101593	100721	101584	2434	0.017957351290684542
2021-07-08	102196	102780	102196	102781	25	0.011783351708930523
2021-07-09	102147	103029	102142	102441	24	-0.0033080043976999596
2021-07-12	101700	102283	99091	102285	65	-0.0015228277740357843
2021-07-13	102351	102507	101909	102509	204	0.0021899594270908818
2021-07-14	102225	103403	102225	103404	61	0.008730940697889933
2021-07-15	103870	103870	102688	102981	10	-0.004090750841360125
2021-07-16	104473	104473	102974	103287	15	0.0029714219127801034
2021-07-19	103885	104152	103617	103618	100	0.0032046627358719437
2021-07-20	103680	106114	103680	106115	20715	0.024098129668590484
2021-07-21	106040	106936	105101	106324	118	0.00196956132497772
2021-07-22	105773	105773	105457	105472	16	-0.008013242541665133
2021-07-23	106012	106620	106012	106314	43	0.007983161407767003
2021-07-26	106552	106552	106245	106552	86	0.0022386515416596975
2021-07-27	105954	106873	105954	106874	331	0.0030219986485471306
2021-07-28	107336	107336	106401	107030	54	0.0014596627804703832
2021-07-29	106844	106844	106231	106232	228	-0.007455853499019005
2021-07-30	105817	106727	105194	106728	177	0.004669026282099642
2021-08-02	106372	106999	106372	106388	272	-0.0031856682407616077
2021-08-03	106688	106990	106367	106689	206	0.0028292664586231364
2021-08-04	107067	107067	106746	107069	314	0.003561754257702221
2021-08-05	106941	107253	106941	106943	410	-0.0011768112151976373
2021-08-06	106732	107340	106411	107341	95	0.0037216087074423143
2021-08-09	106017	106323	105710	106324	195	-0.009474478531036556
2021-08-10	106187	106494	106187	106494	120	0.0015988864226326172
2021-08-11	106595	106595	106279	106597	46	0.0009671906398482921
2021-08-12	106912	106912	106245	106314	55	-0.002654858954754813
2021-08-13	105841	106469	105535	106158	340	-0.0014673514306676738
2021-08-17	106323	107228	106323	106626	10399	0.004408523144746601
2021-08-18	106946	106946	106946	106947	25	0.003010522761802914
2021-08-19	106756	107185	106449	106772	565	-0.0016363245345825117
2021-08-20	107287	107895	106976	107589	168	0.007651818828906531
2021-08-23	107589	107589	106825	106825	477	-0.007101097695861092
2021-08-24	106582	106582	105656	105658	338	-0.01092440908027148
2021-08-25	105243	105661	105243	105356	333	-0.002858278596982733
2021-08-26	105661	106683	105355	105779	144	0.004014958806332736
2021-08-27	105846	105846	105437	105540	202	-0.0022594276746802366
2021-08-30	105632	106231	105525	105813	210	0.002586696986924375
2021-08-31	106713	107014	106284	106412	497	0.005660930131458297
2021-09-01	106635	106635	105904	106017	85	-0.0037119873698454597
2021-09-02	106489	106489	105788	105789	81	-0.002150598488921629
2021-09-03	105982	106590	105866	106592	276	0.007590581251358808
2021-09-06	106294	106294	105676	105677	603	-0.008584133893725587
2021-09-07	105477	105895	105170	105487	430	-0.0017979314325727858
2021-09-08	105225	105225	104521	104605	176	-0.00836121986595506
2021-09-09	105142	105442	105142	105142	29	0.005133597820371927
2021-09-10	105393	105393	104447	104866	99	-0.0026250213996309446
2021-09-13	104629	104659	104018	104275	129	-0.005635763736578148
2021-09-14	104077	104077	103550	103683	108	-0.005677295612562916
2021-09-15	103841	104264	103550	104265	321	0.005613263505106936
2021-09-16	103895	104092	103683	103683	43	-0.0055819306574593774
2021-09-17	103565	103565	102845	103215	21	-0.004513758282457148
2021-09-23	104437	104466	102771	102929	30	-0.0027709150801724647
2021-09-24	101510	101761	101007	101200	589	-0.01679798696188639
2021-09-27	100800	101860	100800	100944	107	-0.0025296442687746667
2021-09-28	100435	100435	99199	99199	177	-0.01728681249009356
2021-09-29	98336	100036	98307	99731	929	0.005362957287875947
2021-09-30	99425	99608	98883	98953	118	-0.007800984648705045
2021-10-01	99065	100095	98859	99125	128	0.0017381989429325895
2021-10-05	99194	99455	99065	99165	41	0.00040353089533406994
2021-10-06	98785	98844	97967	97967	253	-0.012080875308828731
2021-10-07	98203	98499	98124	98371	289	0.004123837618789983
2021-10-08	97498	98405	97356	97721	100	-0.006607638430025098
2021-10-12	96784	97257	95971	96272	328	-0.014827928490293796
2021-10-13	96395	97070	96119	97070	82	0.00828901445903285
2021-10-14	97863	98449	97834	98450	276	0.01421654476151235
2021-10-15	98632	98632	97114	97804	119	-0.006561706449974558
2021-10-18	96291	97158	95650	97159	141	-0.006594822297656511
2021-10-19	97464	98129	97464	98031	32	0.008974979157875262
2021-10-20	96892	98203	96360	97696	98	-0.0034172863685977273
2021-10-21	97267	97912	97267	97662	59	-0.0003480183426137762
2021-10-22	96454	97222	96454	96760	1098	-0.009235936188077276
2021-10-25	95192	95749	94818	94818	1418	-0.020070276973956136
2021-10-26	93600	93960	92580	93719	607	-0.011590626252399372
2021-10-27	93566	93571	93147	93428	116	-0.0031050267288383893
2021-10-28	93349	93827	92551	93828	1446	0.004281371751509111
2021-10-29	93137	93201	92354	92428	442	-0.01492091912861837
2021-11-01	92053	93600	91467	93448	916	0.01103561691262378
2021-11-02	93645	94320	93295	94069	320	0.006645407071312448
2021-11-03	93896	94069	93684	93857	146	-0.002253664863026028
2021-11-04	94157	94689	94157	94518	67	0.007042628679800211
2021-11-05	95089	96385	94788	96385	167	0.01975285130874549
2021-11-08	97262	97917	97257	97637	484	0.012989573066348514
2021-11-09	97129	98725	97129	98140	1839	0.005151735510103839
2021-11-10	98149	98223	97173	97445	1020	-0.0070817199918483675
2021-11-11	96084	97341	96084	97228	375	-0.0022268972240750973
2021-11-12	96385	98316	96385	97381	1429	0.001573620767680195
2021-11-15	97577	98676	97577	98514	645	0.011634713137059549
2021-11-16	97272	97952	97163	97469	1514	-0.010607629372474947
2021-11-17	97006	97878	97006	97016	2325	-0.004647631554648091
2021-11-18	97508	97903	97316	97317	2065	0.003102581017564221
2021-11-19	96976	96976	96193	96351	356	-0.00992632325287468
2021-11-22	96350	96789	96340	96528	85	0.0018370333468256117
2021-11-23	95769	95769	94882	95681	289	-0.00877465605834582
2021-11-24	94596	95443	94458	95444	160	-0.002476980800785955
2021-11-25	95547	96138	95419	95956	45	0.00536440216252454
2021-11-26	96794	98790	96498	98790	162	0.0295343699195465
2021-11-29	98469	98469	96784	96972	506	-0.01840267233525661
2021-11-30	97055	100036	96606	98854	770	0.019407664067978336
2021-12-01	98489	101056	98489	100889	10839	0.020585914581099374
2021-12-02	102229	102343	101022	101022	1994	0.0013182804864753095
2021-12-03	100706	101150	99396	99396	13026	-0.01609550394963477
2021-12-06	99987	100598	99327	99692	122164	0.002977987041732133
2021-12-07	99514	99627	98863	99214	219	-0.004794767885086038
2021-12-08	99213	100051	99065	99510	552	0.0029834499163423622
2021-12-09	99021	99578	98824	99549	91	0.0003919204100091278
2021-12-10	99396	99760	99208	99647	36	0.0009844398236045215
2021-12-13	99711	99711	99401	99514	26	-0.0013347115317069447
2021-12-14	100204	100204	99893	100091	53	0.005798179150672267
2021-12-15	99065	99815	98809	99534	109	-0.0055649359083234096
2021-12-16	99450	100519	99420	100520	92	0.009906162718267053
2021-12-17	100297	100391	99617	100037	103	-0.004805013927576596
2021-12-20	101672	101756	100357	100978	259	0.009406519587752626
2021-12-21	100741	101194	100283	101003	60	0.0002475786805047342
2021-12-22	100519	100731	100519	100732	43	-0.002683088621130092
2021-12-23	100598	100598	99593	99593	80	-0.011307231068578005
2021-12-24	99553	99558	98992	99199	114	-0.003956101332422968
2021-12-27	98809	98809	98188	98484	88	-0.007207733948930928
2021-12-28	98829	98829	98149	98435	22	-0.0004975427480605754
2021-12-29	98553	98573	98016	98307	783	-0.0013003504850916947
2021-12-30	97237	97567	96784	97326	120	-0.009978943513686667
2022-01-03	95921	96464	95921	96016	618	-0.013459918213016064
2022-01-04	95567	96444	95567	96444	583	0.004457590401599765
2022-01-05	96202	96242	95715	95922	91	-0.005412467338559157
2022-01-06	95276	95596	94941	95010	371	-0.009507725026584146
2022-01-07	95350	95409	94596	95010	549	0.0
2022-01-10	94152	94798	94083	94789	381	-0.002326070939901115
2022-01-11	95079	95079	94616	94616	47	-0.001825106288704359
2022-01-12	95222	95379	94832	95380	44	0.008074744229305875
2022-01-13	95527	96168	95448	96168	56	0.008261690081778239
2022-01-14	96350	96355	95217	95375	56	-0.008245986190832721
2022-01-17	93990	94172	93581	93640	809	-0.018191349934469248
2022-01-18	94133	94133	92984	93537	278	-0.0010999572832123272
2022-01-19	92782	93936	92551	93936	362	0.004265691651432091
2022-01-20	93615	94221	93384	93764	140	-0.001831033895418166
2022-01-21	93763	94359	92827	93019	665	-0.00794548014163221
2022-01-24	92896	93098	92413	92842	32750	-0.0019028370547952145
2022-01-25	92812	93344	92014	92359	1132	-0.005202386850778784
2022-01-26	91999	92763	91959	92689	296	0.003573013999718544
2022-01-27	91950	92467	91950	92438	835	-0.00270798045075471
2022-01-28	91900	92122	91590	91625	1851	-0.008795084272701703
2022-02-03	92482	92482	92073	92221	1086	0.006504774897680754
2022-02-04	90826	91324	90826	91009	387	-0.013142342850326894
2022-02-07	90259	90456	89476	89575	1636	-0.015756683404937966
2022-02-08	88894	89343	88801	88959	1709	-0.0068769187831426715
2022-02-09	89259	89426	89200	89427	28	0.005260850504164916
2022-02-10	89451	89461	89229	89417	686	-0.00011182305120382985
2022-02-11	87914	88539	87815	88417	1571	-0.0111835556996992
2022-02-14	89057	89560	88870	89560	1868	0.012927378219120822
2022-02-15	89288	89890	89096	89097	508	-0.005169718624385866
2022-02-16	88544	89146	88352	89003	93	-0.0010550299112203065
2022-02-17	89481	89702	88939	89250	10851	0.002775187353235342
2022-02-18	89461	89461	88116	88791	31563	-0.005142857142857116
2022-02-21	88934	88934	87795	87875	537	-0.010316360892432819
2022-02-22	88766	89308	88677	89131	290	0.014293029871977225
2022-02-23	88712	89560	88712	89186	25	0.0006170692576095149
2022-02-24	89037	90895	88584	90895	593	0.01916220034534577
2022-02-25	89579	90895	89353	89427	188	-0.01615050332801582
2022-02-28	89914	89914	89200	89516	286	0.0009952251557137082
2022-03-02	90693	90693	90013	90344	2565	0.009249743062692772
2022-03-03	89476	89693	89072	89397	28147	-0.010482157088461896
2022-03-04	89298	89973	89185	89220	490	-0.001979932212490376
2022-03-07	89385	89600	88940	89050	42841	-0.0019054023761488903
2022-03-08	89005	89145	88595	89145	34	0.0010668163952836096
2022-03-10	89540	89540	88885	89070	25	-0.0008413259296651265
2022-03-11	88985	89600	88985	89600	171	0.005950376108678546
2022-03-14	88855	89130	88800	89100	19	-0.005580357142857095
2022-03-15	88080	88485	88035	88485	68	-0.006902356902356854
2022-03-16	88370	88800	88225	88310	83	-0.0019777363394926084
2022-03-17	88590	89240	88590	88795	257	0.005492016759143903
2022-03-18	88730	88910	88230	88365	168	-0.004842615012106588
2022-03-21	87960	88550	87960	88430	162	0.0007355853561930026
2022-03-22	87455	87790	87185	87505	473	-0.010460251046025104
2022-03-23	86870	87845	86780	87570	804	0.0007428146963031068
2022-03-24	88205	88205	87065	87140	90	-0.004910357428343004
2022-03-25	86435	86995	85965	86230	997	-0.010442965343126054
2022-03-28	85190	85425	82405	83495	1737	-0.031717499710077646
2022-03-29	83835	84705	82825	84285	934	0.009461644409844983
2022-03-30	84850	86450	84850	86150	793	0.022127306163611582
2022-03-31	86360	86565	85245	85470	721	-0.007893209518282096
2022-04-01	84920	84940	83755	83770	696	-0.019890019890019928
2022-04-04	82500	82705	79320	80220	3868	-0.04237793959651426
2022-04-05	80735	81390	80085	80085	1281	-0.0016828721017202453
2022-04-06	79745	79900	79570	79900	1661	-0.0023100455765748817
2022-04-07	79880	79930	79675	79835	1605	-0.0008135168961201922
2022-04-08	79725	80585	79630	80085	374	0.00313145863343145
2022-04-11	79160	79160	78200	78240	1520	-0.023038022101517175
2022-04-12	77185	77985	76495	77930	452	-0.003962167689161578
2022-04-13	78980	79465	78010	78570	5673	0.00821249839599636
2022-04-14	78800	79800	78540	78940	46944	0.004709176530482306
2022-04-15	77765	77830	77045	77830	2446	-0.01406131238915631
2022-04-18	77155	77155	74770	75685	5082	-0.02756006681228318
2022-04-19	76020	76990	75750	75930	2093	0.0032371011428948826
2022-04-20	76015	76745	75885	76275	20496	0.004543658632951475
2022-04-21	77370	77370	76505	76545	1813	0.003539823008849474
2022-04-22	75505	76260	75505	76030	318	-0.006728068456463565
2022-04-25	76810	77490	76005	77490	1011	0.01920294620544527
2022-04-26	77990	78700	77745	78035	3159	0.0070331655697508655
2022-04-27	79000	79965	78345	78815	3205	0.009995514833087693
2022-04-28	78005	79490	77960	79130	5971	0.003996701135570602
2022-04-29	78230	78540	77520	77685	14633	-0.01826108934664472
2022-05-02	79400	79400	74795	75315	12938	-0.030507820042479206
2022-05-03	74770	76305	74500	75275	17945	-0.0005311027019849757
2022-05-04	75355	75600	74925	74925	2785	-0.004649618067087302
2022-05-06	74475	75210	74115	75210	8861	0.0038038038038037403
2022-05-09	73745	75260	73710	74985	3799	-0.0029916234543279074
2022-05-10	75460	76145	75000	75210	15488	0.0030006001200240107
2022-05-11	76380	76915	76055	76910	5856	0.022603377210477227
2022-05-12	77445	78700	77100	78700	13789	0.023273956572617438
2022-05-13	78885	79200	78100	78945	11953	0.0031130876747140768
2022-05-16	77200	78815	76900	78150	6925	-0.010070302109063234
2022-05-17	78340	78575	77500	78105	14369	-0.000575815738963481
2022-05-18	77860	78005	77285	77615	13096	-0.006273606043147084
2022-05-19	78805	78805	77750	77850	3896	0.003027765251562231
2022-05-20	77970	78845	77970	78235	9282	0.004945407835581284
2022-05-23	78885	79275	77890	78230	9006	-6.391001469929769e-05
2022-05-24	77945	78635	77600	78475	11115	0.0031317908730665867
2022-05-25	79530	79530	78870	79455	28132	0.012488053520229414
2022-05-26	79490	79490	77845	78250	3291	-0.015165817129192627
2022-05-27	79080	79695	79000	79300	2157	0.013418530351437807
2022-05-30	78750	80090	78680	79835	7318	0.0067465321563682235
2022-05-31	79430	79660	78300	78645	16341	-0.014905743095133706
2022-06-02	77665	78650	77000	77115	25371	-0.019454510776273137
2022-06-03	77200	78035	76630	77845	3212	0.009466381378460786
2022-06-07	77065	77065	76325	76390	10292	-0.018690988502794048
2022-06-08	77085	77705	76855	77705	2204	0.0172142950647991
2022-06-09	77000	77980	76315	77340	2574	-0.004697252429058607
2022-06-10	76620	76920	75265	75615	6771	-0.022304111714507413
2022-06-13	74550	74645	72740	73495	13909	-0.02803676519209153
2022-06-14	71760	72740	71350	72690	7152	-0.010953126062997476
2022-06-15	74950	74950	71350	71460	12930	-0.016921172100701654
2022-06-16	72485	73005	71415	71415	3490	-0.0006297229219143219
2022-06-17	70490	71000	69855	70300	8175	-0.015612966463628086
2022-06-20	69830	70045	69450	69820	10004	-0.006827880512091045
2022-06-21	68665	70500	68460	70025	2838	0.002936121455170415
2022-06-22	69915	70985	69800	70985	4028	0.01370938950374856
2022-06-23	71805	72715	71365	71365	19084	0.005353243643023253
2022-06-24	72605	73755	71505	71890	31271	0.007356547327121099
2022-06-27	71580	71580	70420	70850	18779	-0.01446654611211573
2022-06-28	70295	71360	70160	71360	2250	0.007198306280875144
2022-06-29	71350	71480	70950	71245	8141	-0.0016115470852018365
2022-06-30	71450	71795	71035	71645	4399	0.005614429082742678
2022-07-01	72530	74680	72530	74615	23484	0.041454393188638416
2022-07-04	75450	75700	74985	75105	38458	0.006567044160021407
2022-07-05	75545	78495	75270	77495	40860	0.031822115704680076
2022-07-06	78475	79425	77715	79060	38103	0.020194851280727733
2022-07-07	78100	79060	78100	78835	12894	-0.002845939792562646
2022-07-08	78315	78315	77400	77400	20072	-0.018202574998414378
2022-07-11	76750	77050	76410	76790	10382	-0.007881136950904422
2022-07-12	77825	77825	76870	77715	9726	0.012045839301992434
2022-07-13	78075	79340	77935	79190	15209	0.018979604966866015
2022-07-14	79420	80065	78730	79930	27602	0.00934461421896704
