Date	Open	High	Low	Close	Volume	Change
2021-06-25	100015	100015	100005	100005	45	
2021-06-28	100035	100040	100035	100040	4	0.0003499825008750346
2021-06-29	100030	100040	100030	100040	3	0.0
2021-06-30	100040	100040	100040	100040	0	0.0
2021-07-01	100040	100040	100040	100040	0	0.0
2021-07-02	100040	100040	100040	100040	0	0.0
2021-07-05	100040	100040	100040	100040	0	0.0
2021-07-06	100045	100045	100045	100045	0	4.998000799671942e-05
2021-07-07	100050	100050	100050	100050	20	4.997751012036922e-05
2021-07-08	100070	100070	100070	100070	0	0.00019990004997505473
2021-07-09	100070	100070	100070	100070	0	0.0
2021-07-12	100075	100075	100075	100075	0	4.9965024482956366e-05
2021-07-13	100075	100075	100075	100075	0	0.0
2021-07-14	100075	100075	100075	100075	0	0.0
2021-07-15	100075	100075	100075	100075	0	0.0
2021-07-16	100075	100075	100075	100075	0	0.0
2021-07-19	100075	100075	100075	100075	0	0.0
2021-07-20	100080	100080	100080	100080	0	4.996252810385293e-05
2021-07-21	100080	100080	100080	100080	0	0.0
2021-07-22	100080	100080	100080	100080	20	0.0
2021-07-23	100085	100085	100085	100085	0	4.9960031974327634e-05
2021-07-26	100090	100090	100090	100090	0	4.995753609438047e-05
2021-07-27	100090	100090	100090	100090	0	0.0
2021-07-28	100090	100090	100090	100090	0	0.0
2021-07-29	100095	100105	100095	100095	2016	4.995504046356736e-05
2021-07-30	100095	100095	100095	100095	0	0.0
2021-08-02	100095	100095	100095	100095	0	0.0
2021-08-03	100095	100095	100095	100095	0	0.0
2021-08-04	100095	100095	100095	100095	0	0.0
2021-08-05	100100	100100	100100	100100	0	4.9952545082110333e-05
2021-08-06	100110	100110	100100	100100	2	0.0
2021-08-09	100110	100110	100100	100100	17	0.0
2021-08-10	100100	100100	100100	100100	1	0.0
2021-08-11	100100	100100	100100	100100	0	0.0
2021-08-12	100105	100115	100105	100105	2002	4.99500499500094e-05
2021-08-13	100110	100110	100110	100110	2000	4.994755506726456e-05
2021-08-17	100110	100110	100110	100110	0	0.0
2021-08-18	100110	100110	100110	100110	0	0.0
2021-08-19	100115	100115	100115	100115	2000	4.994506043343172e-05
2021-08-20	100115	100115	100115	100115	0	0.0
2021-08-23	100115	100115	100115	100115	0	0.0
2021-08-24	100120	100120	100110	100110	4	-4.9942566049065995e-05
2021-08-25	100110	100110	100110	100110	0	0.0
2021-08-26	100110	100110	100110	100110	0	0.0
2021-08-27	100110	100110	100110	100110	0	0.0
2021-08-30	100115	100115	100115	100115	0	4.994506043343172e-05
2021-08-31	100125	100125	100125	100125	100	9.988513209813199e-05
2021-09-01	100125	100125	100125	100125	0	0.0
2021-09-02	100125	100125	100125	100125	0	0.0
2021-09-03	100125	100125	100125	100125	0	0.0
2021-09-06	100125	100125	100125	100125	0	0.0
2021-09-07	100130	100130	100130	100130	0	4.993757802740362e-05
2021-09-08	100130	100130	100130	100130	0	0.0
2021-09-09	100140	100140	100140	100140	0	9.987016878065802e-05
2021-09-10	100140	100140	100140	100140	0	0.0
2021-09-13	100140	100140	100140	100140	0	0.0
2021-09-14	100150	100150	100150	100150	2	9.986019572605365e-05
2021-09-15	100150	100150	100150	100150	2	0.0
2021-09-16	100155	100155	100155	100155	0	4.992511233159469e-05
2021-09-17	100155	100155	100155	100155	0	0.0
2021-09-23	100160	100160	100160	100160	1	4.992261993908009e-05
2021-09-24	100165	100165	100165	100165	1	4.99201277954775e-05
2021-09-27	100165	100165	100165	100165	0	0.0
2021-09-28	100165	100165	100165	100165	0	0.0
2021-09-29	100170	100170	100170	100170	0	4.9917635900786905e-05
2021-09-30	100185	100185	100185	100185	200	0.0001497454327643588
2021-10-01	100190	100190	100190	100190	1	4.990767080892411e-05
2021-10-05	100190	100190	100190	100190	0	0.0
2021-10-06	100190	100190	100190	100190	0	0.0
2021-10-07	100190	100190	100190	100190	0	0.0
2021-10-08	100190	100190	100190	100190	0	0.0
2021-10-12	100190	100190	100190	100190	0	0.0
2021-10-13	100190	100190	100190	100190	0	0.0
2021-10-14	100195	100195	100195	100195	0	4.9905180157683304e-05
2021-10-15	100200	100210	100200	100200	13	4.990268975491041e-05
2021-10-18	100205	100205	100205	100205	1	4.990019960082748e-05
2021-10-19	100205	100205	100205	100205	0	0.0
2021-10-20	100205	100205	100205	100205	0	0.0
2021-10-21	100210	100210	100210	100210	0	4.9897709695212455e-05
2021-10-22	100210	100210	100210	100210	0	0.0
2021-10-25	100210	100210	100210	100210	0	0.0
2021-10-26	100210	100210	100210	100210	1	0.0
2021-10-27	100220	100220	100220	100220	5	9.979044007590865e-05
2021-10-28	100205	100205	100205	100205	2	-0.00014967072440630336
2021-10-29	100210	100220	100210	100220	2100	0.00014969312908541532
2021-11-01	100210	100210	100210	100210	5	-9.978048293757258e-05
2021-11-02	100215	100215	100215	100215	0	4.98952200378433e-05
2021-11-03	100220	100220	100220	100220	0	4.9892730629164106e-05
2021-11-04	100225	100225	100225	100225	2000	4.989024146873078e-05
2021-11-05	100225	100225	100225	100225	50000	0.0
2021-11-08	100230	100230	100230	100230	0	4.9887752556765363e-05
2021-11-09	100230	100230	100230	100230	0	0.0
2021-11-10	100235	100235	100235	100235	0	4.988526389304582e-05
2021-11-11	100240	100240	100240	100240	0	4.988277547757214e-05
2021-11-12	100245	100245	100245	100245	2000	4.988028731034433e-05
2021-11-15	100245	100245	100245	100245	3	0.0
2021-11-16	100245	100245	100245	100245	0	0.0
2021-11-17	100255	100255	100255	100255	0	9.975559878294682e-05
2021-11-18	100255	100255	100255	100255	0	0.0
2021-11-19	100255	100255	100255	100255	0	0.0
2021-11-22	100270	100270	100270	100270	1	0.00014961847289418628
2021-11-23	100265	100265	100265	100265	0	-4.986536351847537e-05
2021-11-24	100265	100265	100265	100265	0	0.0
2021-11-25	100260	100260	100260	100260	2000	-4.9867850197005126e-05
2021-11-26	100255	100255	100255	100255	2000	-4.987033712344768e-05
2021-11-29	100255	100255	100255	100255	0	0.0
2021-11-30	100260	100260	100260	100260	100	4.987282429813611e-05
2021-12-01	100265	100265	100265	100265	14	4.987033712344768e-05
2021-12-02	100265	100265	100265	100265	0	0.0
2021-12-03	100270	100270	100270	100270	0	4.9867850197005126e-05
2021-12-06	100285	100285	100285	100285	3	0.00014959609055553713
2021-12-07	100285	100285	100285	100285	0	0.0
2021-12-08	100290	100290	100290	100290	2	4.9857904970807e-05
2021-12-09	100290	100290	100290	100290	0	0.0
2021-12-10	100290	100290	100290	100290	0	0.0
2021-12-13	100295	100295	100295	100295	0	4.985541928403947e-05
2021-12-14	100300	100300	100300	100300	0	4.985293384507372e-05
2021-12-15	100300	100300	100300	100300	0	0.0
2021-12-16	100310	100310	100310	100310	2000	9.970089730804155e-05
2021-12-17	100315	100315	100315	100315	0	4.984547901498715e-05
2021-12-20	100315	100315	100315	100315	0	0.0
2021-12-21	100320	100320	100320	100320	0	4.984299456700647e-05
2021-12-22	100325	100325	100325	100325	0	4.984051036682757e-05
2021-12-23	100330	100330	100330	100330	0	4.983802641422841e-05
2021-12-24	100335	100335	100335	100335	2000	4.9835542708986935e-05
2021-12-27	100335	100335	100335	100335	0	0.0
2021-12-28	100345	100345	100345	100345	9	9.966611850309448e-05
2021-12-29	100345	100345	100345	100345	2000	0.0
2021-12-30	100355	100355	100355	100355	100	9.965618615770389e-05
2022-01-03	100355	100355	100355	100355	0	0.0
2022-01-04	100355	100355	100355	100355	0	0.0
2022-01-05	100355	100355	100355	100355	0	0.0
2022-01-06	100360	100360	100360	100360	0	4.9823127896031494e-05
2022-01-07	100360	100375	100360	100375	379	0.00014946193702680688
2022-01-10	100375	100375	100375	100375	5	0.0
2022-01-11	100375	100375	100375	100375	0	0.0
2022-01-12	100370	100370	100370	100370	2	-4.981320049812776e-05
2022-01-13	100370	100370	100370	100370	2000	0.0
2022-01-14	100375	100375	100375	100375	0	4.9815681976594917e-05
2022-01-17	100345	100345	100345	100345	0	-0.0002988792029887666
2022-01-18	100340	100340	100340	100340	2000	-4.982809307885194e-05
2022-01-19	100345	100345	100345	100345	0	4.9830576041465235e-05
2022-01-20	100355	100365	100355	100365	2010	0.00019931237231540777
2022-01-21	100355	100355	100355	100355	2000	-9.963632740495054e-05
2022-01-24	100355	100355	100355	100355	0	0.0
2022-01-25	100360	100360	100360	100360	0	4.9823127896031494e-05
2022-01-26	100365	100375	100365	100370	2015	9.964129135120459e-05
2022-01-27	100380	100380	100380	100380	5000	9.963136395341188e-05
2022-01-28	100380	100390	100380	100390	2001	9.962143853359251e-05
2022-02-03	100390	100390	100390	100390	2101	0.0
2022-02-04	100395	100395	100395	100395	0	4.9805757545540175e-05
2022-02-07	100415	100415	100415	100415	9	0.0001992131082224624
2022-02-08	100415	100415	100415	100415	0	0.0
2022-02-09	100425	100425	100425	100425	1	9.958671513210504e-05
2022-02-10	100420	100420	100420	100420	2000	-4.978839930291912e-05
2022-02-11	100445	100445	100420	100425	102	4.979087831102902e-05
2022-02-14	100435	100440	100425	100435	496792	9.957679860583823e-05
2022-02-15	100430	100440	100430	100435	154541	0.0
2022-02-16	100440	100440	100440	100440	0	4.978344202721807e-05
2022-02-17	100445	100455	100445	100450	377	9.956192751880977e-05
2022-02-18	100455	100455	100450	100450	11	0.0
2022-02-21	100460	100460	100460	100460	7	9.955201592837248e-05
2022-02-22	100460	100460	100455	100455	2	-4.977105315551178e-05
2022-02-23	100460	100460	100460	100460	6	4.9773530436558744e-05
2022-02-24	100470	100470	100470	100470	0	9.954210631102356e-05
2022-02-25	100485	100485	100480	100480	996	9.95321986663189e-05
2022-02-28	100485	100485	100485	100485	100	4.9761146496907216e-05
2022-03-02	100485	100490	100485	100490	104	4.9758670448429854e-05
2022-03-03	100500	100500	100500	100500	1	9.951238929239992e-05
2022-03-04	100500	100500	100500	100500	0	0.0
2022-03-07	100510	100510	100510	100510	0	9.95024875622974e-05
2022-03-08	100515	100515	100515	100515	0	4.974629390108731e-05
2022-03-10	100525	100525	100515	100520	242	4.974381933053884e-05
2022-03-11	100525	100525	100520	100525	12	4.974134500601579e-05
2022-03-14	100530	100530	100525	100525	181	0.0
2022-03-15	100530	100530	100530	100530	0	4.973887092774021e-05
2022-03-16	100535	100535	100535	100535	0	4.973639709549005e-05
2022-03-17	100550	100550	100525	100550	5011	0.00014920177052757388
2022-03-18	100540	100540	100540	100540	1	-9.945300845348726e-05
2022-03-21	100540	100540	100540	100540	0	0.0
2022-03-22	100565	100565	100535	100535	3	-4.9731450169065994e-05
2022-03-23	100545	100545	100545	100545	0	9.946784701853062e-05
2022-03-24	100555	100555	100555	100555	0	9.94579541497842e-05
2022-03-25	100565	100565	100555	100555	443350	0.0
2022-03-28	100560	100560	100550	100550	106106	-4.972403162450956e-05
2022-03-29	100545	100545	100545	100545	0	-4.972650422674363e-05
2022-03-30	100550	100550	100540	100540	357341	-4.97289770748921e-05
2022-03-31	100560	100560	100550	100560	108271	0.00019892580067626398
2022-04-01	100565	100565	100555	100555	243893	-4.972155926807886e-05
2022-04-04	100555	100555	100555	100555	0	0.0
2022-04-05	100560	100560	100560	100560	0	4.9724031624398535e-05
2022-04-06	100570	100570	100560	100570	84822	9.944311853615773e-05
2022-04-07	100580	100580	100570	100570	341390	0.0
2022-04-08	100570	100570	100570	100570	0	0.0
2022-04-11	100585	100585	100570	100570	224713	0.0
2022-04-12	100570	100580	100570	100570	222351	0.0
2022-04-13	100585	100585	100575	100575	151911	4.971661529284965e-05
2022-04-14	100595	100595	100585	100585	595800	9.942828734765818e-05
2022-04-15	100565	100565	100555	100565	208488	-0.00019883680469257037
2022-04-18	100570	100570	100560	100565	37713	0.0
2022-04-19	100575	100575	100555	100555	140322	-9.943817431512514e-05
2022-04-20	100575	100575	100560	100560	166649	4.9724031624398535e-05
2022-04-21	100590	100590	100575	100575	314829	0.0001491646778042366
2022-04-22	100580	100580	100580	100580	0	4.9714143673940114e-05
2022-04-25	100595	100605	100580	100580	335958	0.0
2022-04-26	100590	100590	100590	100590	0	9.942334460122382e-05
2022-04-27	100595	100595	100595	100595	5	4.970673029136563e-05
2022-04-28	100610	100610	100610	100610	0	0.00014911277896523245
2022-04-29	100625	100635	100610	100635	350605	0.00024848424609880126
2022-05-02	100630	100630	100615	100615	4	-0.00019873801361358634
2022-05-03	100620	100620	100620	100620	5	4.9694379565590197e-05
2022-05-04	100630	100650	100630	100635	473074	0.00014907573047118206
2022-05-06	100635	100655	100635	100640	269307	4.968450340347985e-05
2022-05-09	100655	100655	100635	100640	310758	0.0
2022-05-10	100645	100660	100645	100645	303998	4.9682034976239464e-05
2022-05-11	100665	100670	100650	100650	78608	4.967956679413632e-05
2022-05-12	100660	100660	100660	100660	0	9.935419771478493e-05
2022-05-13	100690	100690	100665	100670	1046889	9.934432743885502e-05
2022-05-16	100680	100685	100670	100670	62225	0.0
2022-05-17	100685	100685	100640	100685	561102	0.00014900168868581254
2022-05-18	100685	100685	100670	100670	32	-0.00014897949049019754
2022-05-19	100695	100695	100665	100665	430178	-4.9667229561900506e-05
2022-05-20	100700	100700	100685	100685	399571	0.00019867878607260359
2022-05-23	100700	100700	100685	100685	363710	0.0
2022-05-24	100705	100705	100690	100690	316411	4.965983016336217e-05
2022-05-25	100710	100710	100670	100695	269083	4.9657364187050135e-05
2022-05-26	100710	100710	100700	100700	36200	4.9654898455653296e-05
2022-05-27	100660	100670	100660	100660	218420	-0.0003972194637537063
2022-05-30	100680	100680	100670	100670	462613	9.934432743885502e-05
2022-05-31	100685	100700	100675	100700	393565	0.0002980033773716251
2022-06-02	100690	100700	100690	100690	4810	-9.930486593845433e-05
2022-06-03	100700	100710	100700	100700	7277	9.931472837432231e-05
2022-06-07	100715	100715	100705	100705	143711	4.9652432969171656e-05
2022-06-08	100720	100725	100715	100715	353110	9.929993545498839e-05
2022-06-09	100725	100735	100725	100725	58405	9.929007595688155e-05
2022-06-10	100740	100740	100730	100740	445110	0.000148920327624813
2022-06-13	100745	100745	100735	100740	136068	0.0
2022-06-14	100745	100745	100735	100735	443965	-4.963271788760437e-05
2022-06-15	100745	100745	100735	100740	458685	4.9635181416540775e-05
2022-06-16	100715	100740	100715	100740	329494	0.0
2022-06-17	100750	100755	100750	100755	46	0.00014889815366281312
2022-06-20	100760	100760	100725	100725	15	-0.00029775197260684116
2022-06-21	100730	100730	100730	100730	0	4.9640109208271e-05
2022-06-22	100770	100770	100740	100740	87763	9.927529038011862e-05
2022-06-23	100755	100785	100755	100755	372766	0.00014889815366281312
2022-06-24	100775	100775	100760	100760	73328	4.962532876784387e-05
2022-06-27	100765	100780	100755	100765	344705	4.9622866216791905e-05
2022-06-28	100780	100780	100765	100765	84672	0.0
2022-06-29	100770	100770	100770	100770	0	4.962040390998901e-05
2022-06-30	100795	100810	100780	100810	175210	0.00039694353478214595
2022-07-01	100795	100795	100765	100765	616115	-0.00044638428727306056
2022-07-04	100795	100795	100780	100780	86564	0.00014886121173018907
2022-07-05	100795	100795	100780	100780	9650	0.0
2022-07-06	100785	100805	100785	100790	835261	9.922603691214782e-05
2022-07-07	100820	100820	100805	100805	508472	0.00014882428812379445
2022-07-08	100815	100830	100800	100800	250006	-4.960071425030854e-05
2022-07-11	100815	100815	100800	100800	1047960	0.0
2022-07-12	100800	100800	100770	100785	288115	-0.0001488095238095788
2022-07-13	100780	100795	100780	100790	182802	4.961055712660034e-05
2022-07-14	100745	100745	100725	100725	1322710	-0.0006449052485365536
