Date	Open	High	Low	Close	Volume	Change
2021-07-30	9750	9750	9581	9596	274894	
2021-08-02	9576	9600	9521	9576	40866	-0.002084201750729431
2021-08-03	9605	9605	9401	9496	43097	-0.00835421888053467
2021-08-04	9496	9780	9466	9771	161518	0.02895956192080873
2021-08-05	9830	9895	9795	9796	48184	0.002558591751100181
2021-08-06	9820	9820	9690	9726	31292	-0.007145773785218412
2021-08-09	9695	9710	9645	9661	23843	-0.006683117417232154
2021-08-10	9670	9670	9496	9531	32276	-0.013456163958182388
2021-08-11	9501	9541	9436	9461	52275	-0.007344454936522915
2021-08-12	9496	9501	9421	9476	48331	0.001585456082866532
2021-08-13	9471	9471	9226	9356	35389	-0.012663571127057849
2021-08-17	9336	9341	8967	9052	38445	-0.03249251817015819
2021-08-18	8992	9216	8957	9177	25738	0.013809102960671726
2021-08-19	9121	9161	8907	8932	26540	-0.026697177726926036
2021-08-20	8977	9012	8672	8713	199661	-0.024518584863412407
2021-08-23	8772	8947	8772	8942	62702	0.026282566280270814
2021-08-24	9022	9196	9022	9182	89569	0.026839633191679813
2021-08-25	9231	9246	9111	9187	26747	0.000544543672402531
2021-08-26	9191	9231	9106	9172	19461	-0.001632741917927505
2021-08-27	9121	9226	9077	9172	37747	0.0
2021-08-30	9266	9336	9256	9292	79554	0.013083296990841653
2021-08-31	9361	9431	9281	9431	25571	0.014959104606112827
2021-09-01	9461	9571	9411	9571	40899	0.014844661223624156
2021-09-02	9581	9581	9481	9516	17796	-0.0057465259638491695
2021-09-03	9536	9591	9486	9521	11164	0.0005254308532998131
2021-09-06	9551	9561	9461	9526	142879	0.0005251549207017092
2021-09-07	9556	9556	9456	9501	33080	-0.0026243963888306077
2021-09-08	9466	9466	9057	9097	48738	-0.04252183980633617
2021-09-09	8992	9067	8902	8992	125398	-0.01154226668132352
2021-09-10	8927	9057	8907	9022	38944	0.0033362989323844072
2021-09-13	8957	8987	8817	8892	105352	-0.014409221902017322
2021-09-14	8867	8912	8772	8882	27202	-0.0011246063877642376
2021-09-15	8887	8982	8852	8907	20741	0.0028146813780680624
2021-09-16	8907	8952	8807	8828	18263	-0.00886942853935102
2021-09-17	8857	8857	8757	8852	11266	0.00271862256456723
2021-09-23	8852	9022	8802	9012	27126	0.01807501129688216
2021-09-24	9082	9156	9032	9142	43712	0.014425210830004476
2021-09-27	9206	9346	9181	9232	31021	0.009844672938087884
2021-09-28	9271	9286	9101	9147	22748	-0.00920710571923744
2021-09-29	8922	9082	8887	9022	25872	-0.013665682737509566
2021-09-30	8997	9311	8992	9257	41761	0.0260474395921082
2021-10-01	9291	9516	9256	9371	32867	0.012315004861186196
2021-10-05	9396	9411	9196	9307	31268	-0.006829580621064979
2021-10-06	9406	9476	9141	9232	28353	-0.008058450628559144
2021-10-07	9306	9780	9306	9781	88864	0.05946707105719229
2021-10-08	9880	9880	9630	9736	48470	-0.004600756568857944
2021-10-12	9720	9720	9331	9386	15012	-0.03594905505341006
2021-10-13	9376	9526	9376	9431	15776	0.0047943746004688315
2021-10-14	9476	9600	9466	9601	7651	0.01802566005725792
2021-10-15	9695	9695	9595	9656	13136	0.00572856994063109
2021-10-18	9670	10095	9630	10045	93964	0.0402858326429163
2021-10-19	10159	10229	10035	10230	73260	0.018417122946739584
2021-10-20	10314	10648	10274	10469	88973	0.023362658846529882
2021-10-21	10489	10584	10364	10399	46785	-0.006686407488776358
2021-10-22	10509	10589	10414	10589	48477	0.018270987594961152
2021-10-25	10569	10579	10199	10225	67789	-0.03437529511757487
2021-10-26	10229	10344	10224	10330	40328	0.010268948655256738
2021-10-27	10349	10564	10304	10539	55595	0.02023233301064864
2021-10-28	10539	10663	10239	10295	43984	-0.02315210171743054
2021-10-29	10329	10359	10179	10245	24682	-0.004856726566294323
2021-11-01	10304	10304	10179	10230	33417	-0.0014641288433382416
2021-11-02	10324	10394	10229	10369	80846	0.013587487781036245
2021-11-03	10374	10374	10020	10055	50280	-0.03028257305429649
2021-11-04	10100	10269	10010	10085	36006	0.002983590253605062
2021-11-05	10119	10119	9900	10030	24972	-0.005453644025780857
2021-11-08	9975	10159	9860	10155	28775	0.012462612163509412
2021-11-09	10149	10294	10114	10280	58327	0.01230920728705076
2021-11-10	10324	10359	10119	10235	34653	-0.0043774319066147704
2021-11-11	10134	10304	10095	10285	30942	0.00488519785051289
2021-11-12	10309	10534	10264	10404	82474	0.011570247933884392
2021-11-15	10449	10718	10379	10699	132414	0.028354479046520664
2021-11-16	10753	10768	10678	10729	56474	0.002804000373866744
2021-11-17	10823	11282	10743	11283	220611	0.05163575356510397
2021-11-18	11282	11562	11038	11377	86529	0.008331117610564487
2021-11-19	11367	11452	11187	11263	56345	-0.010020216225718581
2021-11-22	11557	11592	10708	10714	131790	-0.048743673976737956
2021-11-23	10579	10713	10384	10434	76175	-0.026134030240806405
2021-11-24	10419	10509	10129	10359	37490	-0.007188039102932753
2021-11-25	10439	10459	10319	10350	43224	-0.0008688097306689402
2021-11-26	10369	10369	10030	10060	28042	-0.02801932367149762
2021-11-29	9775	10045	9685	9925	29820	-0.013419483101391627
2021-11-30	10030	10060	9600	9621	34984	-0.03062972292191435
2021-12-01	9581	9755	9471	9731	22078	0.011433322939403467
2021-12-02	9600	9645	9486	9611	39152	-0.01233172335833932
2021-12-03	9715	9845	9630	9846	18281	0.024451149724274313
2021-12-06	9750	9750	9591	9661	13668	-0.018789356083688813
2021-12-07	9715	9785	9581	9596	19676	-0.006728081979091138
2021-12-08	9675	9710	9595	9596	27979	0.0
2021-12-09	9645	9750	9645	9726	20936	0.013547311379741522
2021-12-10	9665	9715	9610	9631	15046	-0.009767633148262345
2021-12-13	9700	9700	9491	9491	17498	-0.014536392897933736
2021-12-14	9461	9551	9426	9516	9421	0.002634074386260732
2021-12-15	9491	9491	9336	9431	27732	-0.008932324506095046
2021-12-16	9516	9546	9451	9461	21210	0.0031809988336337636
2021-12-17	9436	9436	9366	9401	64542	-0.006341824331466017
2021-12-20	9401	9476	9261	9272	33173	-0.01372194447399211
2021-12-21	9271	9276	9121	9267	17819	-0.0005392579810181708
2021-12-22	9321	9461	9311	9371	13334	0.011222617891442743
2021-12-23	9476	9521	9391	9391	17690	0.002134243944082792
2021-12-24	9436	9591	9431	9586	20166	0.020764561814503146
2021-12-27	9526	9526	9376	9391	17816	-0.020342165658251643
2021-12-28	9406	9496	9361	9496	51985	0.011180917900117215
2021-12-29	9546	9571	9496	9506	25551	0.001053074978938584
2021-12-30	9506	9536	9391	9536	8141	0.0031559015358719744
2022-01-03	9595	9735	9586	9736	43721	0.02097315436241609
2022-01-04	9735	9740	9556	9596	22232	-0.014379622021364002
2022-01-05	9556	9556	9316	9337	16056	-0.026990412671946684
2022-01-06	9156	9181	8862	8887	35430	-0.04819535182606838
2022-01-07	8892	9017	8892	8937	52103	0.005626195566557968
2022-01-10	8917	8917	8682	8768	15787	-0.01891014881951436
2022-01-11	8727	8742	8533	8623	16697	-0.016537408759124128
2022-01-12	8707	8797	8707	8793	15499	0.019714716455989878
2022-01-13	8812	8817	8672	8673	12656	-0.013647219379051556
2022-01-14	8597	8602	8473	8603	24773	-0.008071025020177536
2022-01-17	8587	8587	8443	8503	8810	-0.01162385214460071
2022-01-18	8503	8632	8363	8378	12609	-0.014700693872750747
2022-01-19	8253	8353	8223	8324	10994	-0.006445452375268612
2022-01-20	8348	8558	8313	8543	22608	0.026309466602594922
2022-01-21	8483	8677	8403	8603	38461	0.007023293924850682
2022-01-24	8553	8553	8228	8249	32931	-0.041148436591886606
2022-01-25	8268	8268	7879	7904	35538	-0.041823251303188314
2022-01-26	7894	7969	7789	7864	30357	-0.005060728744939236
2022-01-27	7859	7879	7565	7570	22724	-0.03738555442522884
2022-01-28	7579	7819	7445	7820	47591	0.03302509907529716
2022-02-03	8034	8079	7889	7899	26434	0.010102301790281265
2022-02-04	7844	8034	7844	8034	17684	0.017090770983668735
2022-02-07	8049	8049	7959	8004	8623	-0.0037341299477221535
2022-02-08	7999	8108	7944	8019	35328	0.0018740629685156662
2022-02-09	8158	8233	8128	8169	28979	0.01870557426112973
2022-02-10	8253	8353	8054	8069	31685	-0.012241400416207582
2022-02-11	7944	8088	7934	7959	7289	-0.013632420374271925
2022-02-14	7824	7864	7724	7730	11559	-0.028772458851614502
2022-02-15	7779	7859	7674	7700	4824	-0.0038809831824062613
2022-02-16	7819	8014	7819	8014	18208	0.040779220779220804
2022-02-17	8019	8128	7834	8004	27680	-0.001247816321437445
2022-02-18	7959	8074	7794	8054	3932	0.0062468765617191835
2022-02-21	7984	8218	7934	8189	16728	0.016761857462130658
2022-02-22	8039	8188	8039	8094	9274	-0.011600928074245953
2022-02-23	8133	8173	8083	8144	11209	0.006177415369409411
2022-02-24	8044	8044	7854	7884	33551	-0.03192534381139489
2022-02-25	8004	8128	8004	8104	43540	0.02790461694571289
2022-02-28	8103	8203	8064	8199	4456	0.011722606120434298
2022-03-02	8218	8383	8183	8358	27759	0.01939260885473848
2022-03-03	8428	8458	8388	8443	78259	0.010169897104570502
2022-03-04	8443	8443	8353	8418	21918	-0.0029610328082435577
2022-03-07	8293	8353	8233	8299	41308	-0.014136374435732901
2022-03-08	8118	8293	8118	8184	28294	-0.013857091215809136
2022-03-10	8298	8508	8298	8433	67293	0.030425219941349058
2022-03-11	8443	8597	8393	8533	27018	0.011858176212498517
2022-03-14	8568	8583	8343	8388	12693	-0.01699285128325323
2022-03-15	8368	8403	8318	8378	5883	-0.001192179303767249
2022-03-16	8468	8583	8448	8583	13354	0.024468846980186143
2022-03-17	8762	8832	8702	8778	26491	0.022719328905976832
2022-03-18	8797	8882	8747	8872	8878	0.010708589655958
2022-03-21	8902	8912	8767	8783	15571	-0.010031559963931458
2022-03-22	8787	8912	8787	8877	11637	0.010702493453262019
2022-03-23	8932	8992	8857	8897	9719	0.0022530134054297157
2022-03-24	8832	8832	8737	8828	7034	-0.0077554231763515835
2022-03-25	8897	8912	8797	8828	14982	0.0
2022-03-28	8792	8792	8583	8583	11901	-0.02775260534662438
2022-03-29	8672	8672	8607	8618	13838	0.004077828265175443
2022-03-30	8732	8732	8647	8683	6902	0.007542353214202935
2022-03-31	8677	8727	8652	8723	5449	0.004606702752504965
2022-04-01	8717	8732	8642	8728	5117	0.000573197294508665
2022-04-04	8727	8757	8692	8748	20832	0.0022914757103573713
2022-04-05	8807	8842	8787	8828	21876	0.009144947416552363
2022-04-06	8752	8752	8682	8683	9477	-0.016425011327593997
2022-04-07	8612	8612	8383	8383	18279	-0.034550270643786685
2022-04-08	8408	8443	8293	8368	10216	-0.0017893355600619998
2022-04-11	8318	8353	8223	8239	6114	-0.015415869980879515
2022-04-12	8143	8188	8054	8124	5667	-0.013958004612210195
2022-04-13	8138	8253	8123	8254	7763	0.0160019694731659
2022-04-14	8303	8323	8253	8289	35149	0.004240368306275721
2022-04-15	8228	8413	8208	8383	6142	0.011340330558571532
2022-04-18	8358	8358	8243	8259	10776	-0.014791840629846065
2022-04-19	8273	8398	8273	8304	14729	0.005448601525608332
2022-04-20	8263	8273	8173	8249	5492	-0.006623314065510644
2022-04-21	8153	8183	8133	8149	11914	-0.01212268153715601
2022-04-22	8069	8069	7944	7989	55930	-0.019634310958399848
2022-04-25	7824	7859	7764	7785	13084	-0.025535110777318848
2022-04-26	7774	7869	7774	7795	5252	0.0012845215157353262
2022-04-27	7560	7614	7530	7575	9318	-0.02822322001282873
2022-04-28	7680	7690	7535	7610	4963	0.004620462046204699
2022-04-29	7610	7680	7610	7675	15744	0.00854139290407363
2022-05-02	7565	7565	7520	7560	4077	-0.014983713355048889
2022-05-03	7570	7725	7570	7665	20361	0.01388888888888884
2022-05-04	7695	7700	7565	7600	8548	-0.008480104370515384
2022-05-06	7480	7480	7390	7415	14407	-0.024342105263157943
2022-05-09	7375	7380	7250	7280	11733	-0.018206338503034436
2022-05-10	7145	7175	7030	7170	55907	-0.015109890109890056
2022-05-11	7135	7210	7110	7165	4715	-0.0006973500697350365
2022-05-12	7060	7060	6725	6735	20061	-0.06001395673412424
2022-05-13	6740	6825	6740	6825	8820	0.013363028953229383
2022-05-16	6900	6980	6855	6865	16103	0.00586080586080584
2022-05-17	6865	6895	6840	6895	9114	0.004369992716678706
2022-05-18	6960	6965	6855	6885	7158	-0.0014503263234227903
2022-05-19	6710	6750	6665	6720	8311	-0.023965141612200425
2022-05-20	6740	7065	6740	7030	35801	0.04613095238095233
2022-05-23	7000	7035	6960	7035	4511	0.0007112375533429027
2022-05-24	7000	7030	6895	6895	3602	-0.01990049751243783
2022-05-25	6905	6990	6870	6930	1001	0.0050761421319796
2022-05-26	6985	7120	6915	6950	21096	0.0028860028860029363
2022-05-27	7055	7070	6950	6975	8211	0.003597122302158251
2022-05-30	7100	7195	7100	7185	6755	0.03010752688172036
2022-05-31	7210	7280	7150	7280	9082	0.013221990257480831
2022-06-02	7245	7255	7215	7220	12992	-0.008241758241758212
2022-06-03	7330	7390	7285	7285	6565	0.009002770083102574
2022-06-07	7275	7275	7035	7060	6974	-0.030885380919698058
2022-06-08	7085	7100	7035	7040	3821	-0.0028328611898017497
2022-06-09	6995	6995	6915	6970	10833	-0.009943181818181768
2022-06-10	6900	6915	6860	6885	9600	-0.012195121951219523
2022-06-13	6695	6700	6500	6500	14849	-0.05591866376180099
2022-06-14	6320	6480	6260	6390	8421	-0.01692307692307693
2022-06-15	6350	6350	6065	6080	20878	-0.04851330203442883
2022-06-16	6195	6270	6045	6055	7384	-0.004111842105263164
2022-06-17	5860	5980	5860	5940	15387	-0.018992568125516085
2022-06-20	5990	5990	5695	5770	18947	-0.028619528619528656
2022-06-21	5750	5900	5745	5865	10378	0.016464471403812908
2022-06-22	5860	5860	5585	5585	7788	-0.0477408354646206
2022-06-23	5595	5690	5440	5440	6200	-0.025962399283795845
2022-06-24	5525	5715	5500	5715	8766	0.05055147058823528
2022-06-27	5720	5895	5675	5845	22712	0.022747156605424257
2022-06-28	5820	5830	5715	5790	7519	-0.009409751924721932
2022-06-29	5655	5805	5635	5780	10526	-0.0017271157167529916
2022-06-30	5755	5785	5675	5675	14021	-0.018166089965397925
2022-07-01	5660	5750	5530	5595	6842	-0.014096916299559448
2022-07-04	5595	5700	5510	5595	9118	0.0
2022-07-05	5705	5815	5705	5815	5428	0.03932082216264532
2022-07-06	5795	6005	5775	5870	11669	0.009458297506448776
2022-07-07	5915	5930	5850	5930	10028	0.010221465076660996
2022-07-08	5990	6075	5965	6020	4758	0.015177065767284947
2022-07-11	6020	6115	6020	6065	30491	0.007475083056478482
2022-07-12	5950	5955	5845	5870	14976	-0.03215169002473206
2022-07-13	5910	6120	5910	6090	12409	0.03747870528109032
2022-07-14	6070	6160	6050	6100	18693	0.0016420361247948545
