Date	Open	High	Low	Close	Volume	Change
2021-07-30	9874	9874	9629	9630	2792	
2021-08-02	9604	9644	9510	9560	1866	-0.007268951194184803
2021-08-03	9669	9689	9171	9306	16745	-0.02656903765690377
2021-08-04	9300	9430	9231	9411	2047	0.011283043197936715
2021-08-05	9460	9540	9440	9440	1765	0.0030815003719051326
2021-08-06	9445	9445	9375	9416	1932	-0.0025423728813559476
2021-08-09	9415	9465	9320	9435	436	0.002017841971112988
2021-08-10	9405	9455	9330	9401	1947	-0.003603603603603567
2021-08-11	9415	9425	9275	9286	426	-0.012232741197744867
2021-08-12	9241	9266	9161	9221	1459	-0.006999784622011673
2021-08-13	9176	9176	8842	8882	1952	-0.03676390846979716
2021-08-17	8907	8907	8717	8723	1180	-0.01790137356451249
2021-08-18	8672	8937	8672	8897	20799	0.01994726584890527
2021-08-19	8852	9166	8852	9017	514	0.013487692480611546
2021-08-20	9101	9146	8882	8927	872	-0.00998114672285677
2021-08-23	9006	9036	8897	8952	583	0.002800492886747996
2021-08-24	9016	9121	8996	9121	5270	0.018878462913315408
2021-08-25	9141	9156	9041	9107	331	-0.0015349194167306734
2021-08-26	9056	9186	8907	9151	15539	0.004831448336444444
2021-08-27	9151	9241	8902	8927	1941	-0.024478199103923015
2021-08-30	9001	9151	8952	9151	1475	0.025092416265262596
2021-08-31	8991	9091	8922	9092	7834	-0.006447382799694035
2021-09-01	8996	8996	8892	8912	1946	-0.019797624285085802
2021-09-02	8872	8961	8852	8857	2398	-0.006171454219030537
2021-09-03	8877	8912	8827	8847	624	-0.0011290504685559366
2021-09-06	8822	8822	8702	8753	519	-0.010625070645416512
2021-09-07	8812	8822	8633	8663	804	-0.010282188963783856
2021-09-08	8628	8652	8518	8518	933	-0.016737850629112372
2021-09-09	8478	8548	8423	8459	420	-0.00692650857008692
2021-09-10	8343	8483	8299	8434	347	-0.002955432084170706
2021-09-13	8458	8483	8328	8354	504	-0.009485416172634542
2021-09-14	8333	8568	8333	8548	106	0.023222408427100882
2021-09-15	8548	8712	8548	8653	272	0.01228357510528788
2021-09-16	8598	8613	8538	8538	674	-0.013290188373974332
2021-09-17	8563	8608	8518	8608	2259	0.008198641368001969
2021-09-23	8478	8568	8473	8533	218	-0.008712825278810454
2021-09-24	8588	8603	8533	8588	771	0.006445564279854654
2021-09-27	8533	8553	8493	8493	1028	-0.011061946902654829
2021-09-28	8463	8528	8403	8424	612	-0.008124337689862204
2021-09-29	8254	8333	8179	8299	14241	-0.014838556505223144
2021-09-30	8353	8468	8353	8449	347	0.018074466803229328
2021-10-01	8448	8448	8373	8384	75	-0.007693218132323376
2021-10-05	8249	8249	8089	8120	935	-0.031488549618320594
2021-10-06	8194	8254	8089	8090	3376	-0.003694581280788145
2021-10-07	8279	8468	8254	8469	1848	0.04684796044499384
2021-10-08	8408	8423	8318	8369	263	-0.011807769512339084
2021-10-12	8343	8433	8264	8339	1469	-0.003584657665193003
2021-10-13	8403	8593	8388	8454	1911	0.013790622376783856
2021-10-14	8518	8628	8498	8593	903	0.01644192098414954
2021-10-15	8623	8647	8523	8638	332	0.005236820667985587
2021-10-18	8692	8807	8573	8753	1312	0.013313266959944503
2021-10-19	8857	9031	8837	9022	6829	0.03073232034730955
2021-10-20	9086	9201	8932	8957	85411	-0.007204610951008661
2021-10-21	8947	9285	8947	9286	18251	0.036731048342078854
2021-10-22	9295	9490	9295	9336	73035	0.00538444970923968
2021-10-25	9395	9410	9146	9231	24713	-0.01124678663239076
2021-10-26	9305	9490	9275	9431	39730	0.02166612501354126
2021-10-27	9430	9644	9350	9615	54709	0.019510126179620446
2021-10-28	9585	9609	9211	9226	141791	-0.04045761830473216
2021-10-29	9256	9345	9186	9236	64710	0.0010838933448948929
2021-11-01	9310	9674	9305	9655	169238	0.04536595928973575
2021-11-02	9654	9724	9575	9625	26600	-0.0031071983428275773
2021-11-03	9594	9724	9555	9655	17087	0.0031168831168830735
2021-11-04	9609	9654	9310	9411	103259	-0.02527187985499746
2021-11-05	9470	9545	9355	9545	40088	0.014238656890872337
2021-11-08	9440	9714	9415	9705	79115	0.01676270298585636
2021-11-09	9704	10008	9684	10009	165606	0.03132405976300867
2021-11-10	9983	10218	9983	10059	135008	0.00499550404635829
2021-11-11	9993	11095	9993	10996	330486	0.09315041256586132
2021-11-12	11070	11070	10422	10821	421654	-0.015914878137504584
2021-11-15	10801	10970	10626	10756	109057	-0.006006838554662219
2021-11-16	10786	11249	10781	11250	402201	0.045927854220900066
2021-11-17	11419	11648	11254	11449	678139	0.017688888888888865
2021-11-18	11513	11598	11070	11554	297701	0.00917110664686871
2021-11-19	11349	11504	11214	11265	456813	-0.025012982516877225
2021-11-22	11075	11115	10432	10712	521384	-0.04909010208610742
2021-11-23	10512	10771	10317	10368	295795	-0.03211351755041081
2021-11-24	10377	10512	10083	10512	105058	0.01388888888888884
2021-11-25	10561	10796	10537	10537	264518	0.002378234398782375
2021-11-26	10626	10811	10507	10647	112058	0.010439404004934927
2021-11-29	10352	10930	10352	10662	173961	0.0014088475626936603
2021-11-30	10836	11005	10337	10492	212411	-0.015944475708122297
2021-12-01	10522	10651	10213	10422	58528	-0.006671749904689328
2021-12-02	10317	10317	9933	10098	101906	-0.031088082901554404
2021-12-03	10198	10462	10113	10427	101042	0.032580709051297285
2021-12-06	10332	10332	9993	9999	63946	-0.04104728109715161
2021-12-07	10058	10183	9834	9914	28318	-0.008500850085008449
2021-12-08	10078	10232	10013	10098	43816	0.018559612668952896
2021-12-09	10228	10377	10228	10348	48142	0.02475737769855413
2021-12-10	10302	10377	10218	10318	105211	-0.002899110939311944
2021-12-13	10317	10317	10118	10148	9857	-0.016476061252180707
2021-12-14	10068	10203	9963	10049	22887	-0.009755616870319228
2021-12-15	9993	10118	9834	9939	10056	-0.010946362822171318
2021-12-16	9968	10103	9968	10024	5272	0.008552168226179768
2021-12-17	9993	10028	9943	9949	6903	-0.007482043096568192
2021-12-20	10013	10018	9864	9889	12520	-0.006030756859985886
2021-12-21	9889	10008	9799	10009	7028	0.012134695115785243
2021-12-22	10103	10183	10093	10138	2616	0.012888400439604375
2021-12-23	10138	10208	9998	10039	63408	-0.009765239692246963
2021-12-24	10068	10208	10058	10103	9678	0.006375136965833361
2021-12-27	10103	10148	9988	10093	4347	-0.0009898050084133914
2021-12-28	10093	10322	10043	10218	53905	0.012384821163182513
2021-12-29	10402	10452	10252	10298	50590	0.00782932080641996
2021-12-30	10287	10427	10208	10378	7019	0.0077684987376189785
2022-01-03	10457	10756	10412	10472	177613	0.009057621892464729
2022-01-04	10467	10467	10113	10158	135421	-0.029984721161191774
2022-01-05	10103	10103	9694	9720	73463	-0.04311872415829887
2022-01-06	9520	9520	9101	9107	143641	-0.06306584362139922
2022-01-07	9191	9335	9186	9191	62617	0.009223674096848544
2022-01-10	9106	9166	8922	9077	13956	-0.012403438146012413
2022-01-11	9036	9071	8772	8817	43350	-0.028643825052330096
2022-01-12	8902	9046	8902	9017	26540	0.022683452421458528
2022-01-13	8991	8991	8717	8733	66259	-0.03149606299212604
2022-01-14	8608	8637	8438	8548	51889	-0.021184014657048
2022-01-17	8518	8652	8478	8558	9942	0.0011698642957416183
2022-01-18	8498	8667	8388	8419	38499	-0.016242112643140905
2022-01-19	8338	8433	8254	8309	12590	-0.01306568476066039
2022-01-20	8264	8588	8264	8588	61028	0.033578047899867514
2022-01-21	8458	8623	8413	8483	53570	-0.012226362366092203
2022-01-24	8368	8428	8174	8289	61716	-0.022869267947659977
2022-01-25	8294	8353	8099	8115	9549	-0.02099167571480276
2022-01-26	8199	8229	8049	8055	2482	-0.007393715341959317
2022-01-27	8009	8009	7601	7621	72511	-0.053879577901924325
2022-01-28	7690	7705	7411	7656	9054	0.004592573153129553
2022-02-03	7740	7755	7516	7521	12265	-0.017633228840125414
2022-02-04	7466	7840	7466	7781	3954	0.03456987102778886
2022-02-07	7865	7960	7825	7960	25045	0.02300475517285694
2022-02-08	7990	8159	7925	7990	21835	0.0037688442211054607
2022-02-09	8084	8084	7930	7955	9930	-0.004380475594493172
2022-02-10	7955	7994	7740	7791	8409	-0.020615964802011333
2022-02-11	7531	7606	7416	7447	22884	-0.04415351046078808
2022-02-14	7297	7401	7212	7382	25374	-0.008728346985363289
2022-02-15	7386	7651	7371	7407	12749	0.003386616093199679
2022-02-16	7426	7531	7312	7531	12077	0.016740920750641264
2022-02-17	7461	7601	7292	7437	66283	-0.012481742132518958
2022-02-18	7287	7421	7282	7417	2932	-0.002689256420599695
2022-02-21	7297	7411	7237	7412	17402	-0.0006741270055278248
2022-02-22	7282	7307	7192	7247	2071	-0.0222611980572045
2022-02-23	7277	7386	7277	7387	5351	0.01931833862287835
2022-02-24	7307	7307	7142	7188	10597	-0.026939217544334593
2022-02-25	7332	7356	7222	7272	4939	0.011686143572620988
2022-02-28	7257	7396	7207	7397	652	0.01718921892189229
2022-03-02	7486	7606	7486	7571	14691	0.023523049885088465
2022-03-03	7601	7656	7561	7656	3079	0.011227050587769183
2022-03-04	7636	7636	7356	7362	4615	-0.03840125391849525
2022-03-07	7222	7282	7157	7202	7189	-0.02173322466720995
2022-03-08	7127	7391	7127	7292	5159	0.012496528742016011
2022-03-10	7501	7591	7501	7586	6480	0.04031815688425677
2022-03-11	7656	7656	7506	7551	20526	-0.004613762193514392
2022-03-14	7651	7651	7391	7407	8073	-0.019070321811680557
2022-03-15	7386	7396	7317	7342	6592	-0.008775482651545818
2022-03-16	7396	7441	7386	7437	36320	0.012939253609370649
2022-03-17	7626	7745	7626	7671	37846	0.03146430012101664
2022-03-18	7685	7785	7641	7786	566	0.0149915265284839
2022-03-21	7785	7800	7646	7651	36449	-0.017338813254559438
2022-03-22	7651	7730	7651	7686	47585	0.0045745654162854255
2022-03-23	7755	7895	7755	7796	23355	0.014311735623210975
2022-03-24	7700	7700	7571	7676	12733	-0.015392508978963604
2022-03-25	7685	7755	7685	7716	5351	0.005211047420531578
2022-03-28	7591	7591	7526	7561	9892	-0.020088128564022756
2022-03-29	7606	7661	7596	7631	7473	0.009258034651501212
2022-03-30	7680	7715	7621	7621	13691	-0.0013104442405975636
2022-03-31	7621	7715	7576	7601	15932	-0.0026243275160739987
2022-04-01	7581	7606	7491	7606	6135	0.0006578081831338789
2022-04-04	7571	7800	7546	7801	12491	0.025637654483302574
2022-04-05	7815	7860	7805	7845	8581	0.005640302525317331
2022-04-06	7780	7840	7760	7786	3861	-0.007520713830465264
2022-04-07	7685	7705	7566	7566	4526	-0.028255843822245108
2022-04-08	7591	7591	7401	7467	9102	-0.013084853291038812
2022-04-11	7426	7456	7366	7392	2310	-0.010044194455604671
2022-04-12	7416	7431	7187	7262	13343	-0.017586580086580095
2022-04-13	7262	7307	7197	7262	28623	0.0
2022-04-14	7352	7352	7232	7282	31872	0.002754062241806743
2022-04-15	7237	7277	7147	7262	1239	-0.0027464982147761274
2022-04-18	7217	7217	7102	7108	2751	-0.02120627926191132
2022-04-19	7152	7177	7107	7133	4721	0.0035171637591446814
2022-04-20	7132	7132	7018	7018	37329	-0.01612224870321044
2022-04-21	7028	7028	6988	6993	2744	-0.0035622684525505877
2022-04-22	7003	7003	6788	6844	5793	-0.021307021307021334
2022-04-25	6818	6818	6654	6654	40543	-0.027761542957334906
2022-04-26	6714	6838	6714	6794	38051	0.021039975954313173
2022-04-27	6529	6544	6335	6395	81695	-0.05872828966735355
2022-04-28	6415	6415	6285	6345	15294	-0.007818608287724738
2022-04-29	6415	6480	6340	6480	62483	0.02127659574468077
2022-05-02	6365	6440	6365	6440	2971	-0.006172839506172867
2022-05-03	6415	6500	6415	6475	16535	0.005434782608695565
2022-05-04	6470	6500	6380	6380	57329	-0.014671814671814665
2022-05-06	6290	6290	6230	6250	3844	-0.020376175548589393
2022-05-09	6175	6225	6130	6145	38355	-0.016800000000000037
2022-05-10	6015	6095	5910	6095	7013	-0.008136696501220508
2022-05-11	6050	6180	6025	6180	16272	0.013945857260049266
2022-05-12	6070	6070	5875	5885	57244	-0.047734627831715226
2022-05-13	6015	6105	5920	5980	3593	0.016142735768903904
2022-05-16	6035	6080	5850	5850	38477	-0.021739130434782594
2022-05-17	5845	5895	5845	5890	8126	0.006837606837606813
2022-05-18	5915	5990	5915	5990	10875	0.01697792869269943
2022-05-19	5825	5905	5805	5900	1949	-0.015025041736227096
2022-05-20	5925	6175	5925	6175	10230	0.04661016949152552
2022-05-23	6105	6265	6105	6240	5456	0.010526315789473717
2022-05-24	6190	6225	6075	6075	7808	-0.02644230769230771
2022-05-25	6175	6260	6175	6255	12329	0.029629629629629672
2022-05-26	6330	6425	6260	6270	12156	0.0023980815347721673
2022-05-27	6385	6385	6245	6265	20980	-0.0007974481658692412
2022-05-30	6320	6415	6320	6385	11863	0.019154030327214633
2022-05-31	6345	6415	6345	6400	12532	0.002349256068911565
2022-06-02	6320	6345	6270	6310	3480	-0.014062499999999978
2022-06-03	6330	6370	6300	6330	8357	0.0031695721077653616
2022-06-07	6320	6350	6265	6320	40242	-0.0015797788309637184
2022-06-08	6320	6460	6320	6425	20956	0.01661392405063289
2022-06-09	6400	6490	6375	6460	1172	0.005447470817120603
2022-06-10	6380	6460	6355	6420	1829	-0.006191950464396245
2022-06-13	6255	6255	6055	6055	5575	-0.05685358255451711
2022-06-14	5895	6025	5890	5995	26802	-0.009909165978530088
2022-06-15	5970	5970	5770	5820	36857	-0.029190992493744794
2022-06-16	5890	5930	5730	5750	26198	-0.012027491408934665
2022-06-17	5595	5800	5595	5795	1708	0.00782608695652165
2022-06-20	5795	5800	5565	5620	41656	-0.030198446937014678
2022-06-21	5725	5860	5725	5840	95834	0.039145907473309594
2022-06-22	5835	5835	5620	5620	4138	-0.03767123287671237
2022-06-23	5605	5685	5475	5535	38272	-0.015124555160142328
2022-06-24	5695	5810	5695	5810	1434	0.049683830171635135
2022-06-27	5870	5870	5695	5720	41176	-0.015490533562822706
2022-06-28	5675	5680	5570	5620	2329	-0.0174825174825175
2022-06-29	5550	5550	5430	5430	29831	-0.03380782918149461
2022-06-30	5430	5430	5125	5140	86281	-0.05340699815837935
2022-07-01	5230	5230	5020	5125	39311	-0.0029182879377431803
2022-07-04	5085	5115	4980	5065	21967	-0.011707317073170742
2022-07-05	5190	5260	5180	5235	71381	0.033563672260612076
2022-07-06	5210	5380	5210	5265	4258	0.005730659025787954
2022-07-07	5365	5415	5350	5410	612	0.02754036087369416
2022-07-08	5415	5450	5380	5380	12305	-0.00554528650646946
2022-07-11	5380	5395	5300	5345	18888	-0.006505576208178487
2022-07-12	5295	5300	5220	5255	141192	-0.016838166510757757
2022-07-13	5285	5420	5275	5400	11955	0.027592768791627087
2022-07-14	5375	5525	5375	5485	3133	0.015740740740740833
