Date	Open	High	Low	Close	Volume	Change
2021-10-21	10050	10070	9980	9980	48789	
2021-10-22	10095	10115	10075	10095	262437	0.011523046092184464
2021-10-25	10025	10025	9910	9940	204255	-0.01535413571074784
2021-10-26	10060	10070	10020	10060	453657	0.012072434607645954
2021-10-27	10170	10170	10005	10045	309816	-0.0014910536779324524
2021-10-28	10280	10355	10280	10320	137444	0.027376804380288666
2021-10-29	10625	10625	10580	10595	182138	0.026647286821705363
2021-11-01	10620	10725	10620	10710	250929	0.0108541764983483
2021-11-02	10890	10915	10840	10885	196731	0.016339869281045694
2021-11-03	10720	10785	10720	10780	363659	-0.009646302250803873
2021-11-04	10475	10485	10405	10485	394117	-0.027365491651205942
2021-11-05	10470	10535	10395	10510	170533	0.002384358607534498
2021-11-08	10400	10400	10325	10350	238709	-0.015223596574690745
2021-11-09	10405	10525	10405	10505	274394	0.01497584541062813
2021-11-10	10500	10500	10415	10450	461769	-0.005235602094240788
2021-11-11	10365	10405	10355	10360	427282	-0.008612440191387516
2021-11-12	10490	10600	10490	10595	259232	0.022683397683397777
2021-11-15	10595	10660	10595	10640	430219	0.004247286455875354
2021-11-16	10515	10600	10515	10550	324268	-0.008458646616541388
2021-11-17	10520	10570	10500	10535	283790	-0.0014218009478672577
2021-11-18	10470	10470	10400	10435	245345	-0.00949216896060745
2021-11-19	10375	10375	10300	10370	241839	-0.00622903689506471
2021-11-22	10475	10560	10475	10520	22742	0.014464802314368308
2021-11-23	10370	10370	10335	10370	16533	-0.014258555133079831
2021-11-24	10250	10250	10155	10180	45223	-0.018322082931533257
2021-11-25	10215	10230	10200	10230	11673	0.004911591355599265
2021-11-26	10335	10390	10290	10300	29132	0.006842619745845546
2021-11-29	10290	10290	10050	10180	18225	-0.011650485436893177
2021-11-30	10295	10295	10050	10080	15975	-0.00982318271119842
2021-12-01	10140	10140	9950	10005	14187	-0.007440476190476164
2021-12-02	9950	9950	9780	9840	15552	-0.016491754122938573
2021-12-03	9840	9840	9575	9700	20856	-0.014227642276422814
2021-12-06	9425	9455	9410	9415	15356	-0.02938144329896908
2021-12-07	9465	9495	9450	9465	17158	0.005310674455655917
2021-12-08	9720	9720	9570	9680	15391	0.022715266772319165
2021-12-09	9680	9765	9620	9765	9993	0.008780991735537258
2021-12-10	9555	9585	9530	9575	5599	-0.019457245263696854
2021-12-13	9480	9480	9450	9475	8337	-0.010443864229765065
2021-12-14	9430	9460	9410	9435	4694	-0.004221635883905006
2021-12-15	9200	9200	9150	9180	9547	-0.027027027027026973
2021-12-16	9185	9250	9185	9245	8138	0.007080610021786393
2021-12-17	9200	9200	9125	9140	9352	-0.011357490535424564
2021-12-20	9100	9215	9070	9070	10272	-0.007658643326039383
2021-12-21	8870	8925	8870	8925	27484	-0.015986769570010995
2021-12-22	9100	9100	9005	9100	18128	0.019607843137254832
2021-12-23	9140	9170	9140	9150	6241	0.005494505494505475
2021-12-24	9205	9205	9150	9205	8124	0.006010928961748707
2021-12-27	9235	9235	9110	9185	7220	-0.0021727322107549796
2021-12-28	9235	9235	9100	9190	6904	0.0005443658138268859
2021-12-29	9095	9095	9065	9085	10849	-0.011425462459194735
2021-12-30	9050	9075	9000	9075	3221	-0.0011007154650523043
2022-01-03	9220	9230	9115	9205	11111	0.014325068870523427
2022-01-04	9235	9265	9205	9255	8974	0.005431830526887671
2022-01-05	9130	9160	9035	9125	9431	-0.0140464613722312
2022-01-06	9125	9125	8770	8815	20931	-0.03397260273972602
2022-01-07	8695	8695	8595	8600	17127	-0.024390243902439046
2022-01-10	8590	8595	8495	8550	4172	-0.005813953488372103
2022-01-11	8550	8565	8495	8510	4423	-0.004678362573099393
2022-01-12	8595	8595	8495	8550	8897	0.004700352526439522
2022-01-13	8750	8750	8555	8585	4001	0.004093567251461927
2022-01-14	8585	8585	8465	8480	4521	-0.012230634828188647
2022-01-17	8430	8430	8400	8420	3940	-0.007075471698113178
2022-01-18	8420	8420	8330	8350	3337	-0.008313539192399078
2022-01-19	8110	8265	8110	8190	5617	-0.019161676646706538
2022-01-20	8165	8185	8140	8185	3935	-0.0006105006105006083
2022-01-21	8220	8245	8160	8235	4697	0.006108735491753281
2022-01-24	8055	8055	8000	8055	3612	-0.021857923497267784
2022-01-25	8070	8070	7725	7855	16752	-0.024829298572315306
2022-01-26	7775	7785	7730	7745	9427	-0.01400381922342453
2022-01-27	7935	7940	7700	7780	6773	0.004519044544867734
2022-01-28	7760	7795	7710	7790	4655	0.0012853470437017567
2022-02-03	8005	8055	7945	8045	3725	0.032734274711168077
2022-02-04	8025	8030	7930	8015	10275	-0.003729024238657508
2022-02-07	8065	8065	7960	8040	3044	0.003119151590767366
2022-02-08	7990	7990	7890	7950	6732	-0.011194029850746245
2022-02-09	8000	8005	7960	8000	3565	0.0062893081761006275
2022-02-10	8180	8250	8180	8235	7416	0.02937499999999993
2022-02-11	8120	8120	8030	8050	3097	-0.022465088038858494
2022-02-14	7905	7905	7855	7865	3246	-0.02298136645962734
2022-02-15	7815	7855	7780	7820	1945	-0.005721551176096629
2022-02-16	8300	8300	8070	8095	1590	0.03516624040920724
2022-02-17	8555	8555	8075	8130	293	0.004323656578134605
2022-02-18	8065	8080	8005	8075	8346	-0.006765067650676526
2022-02-21	7885	7950	7850	7930	1200	-0.017956656346749256
2022-02-22	7930	7930	7740	7815	2362	-0.014501891551071844
2022-02-23	7735	7735	7700	7735	3487	-0.010236724248240514
2022-02-24	7650	7655	7465	7580	3559	-0.020038784744667137
2022-02-25	7595	8130	7595	7985	3298	0.05343007915567277
2022-02-28	8055	8365	8055	8300	18046	0.03944896681277399
2022-03-02	8675	9000	8675	8920	30351	0.07469879518072298
2022-03-03	8805	8835	8750	8825	8984	-0.01065022421524664
2022-03-04	8690	8690	8420	8580	12754	-0.027762039660056637
2022-03-07	8490	8505	8450	8500	2683	-0.009324009324009341
2022-03-08	8400	8855	8400	8795	10897	0.03470588235294114
2022-03-10	9150	9390	9150	9285	15425	0.05571347356452527
2022-03-11	9360	9360	9215	9290	6111	0.000538502961766385
2022-03-14	9385	9385	9285	9385	8431	0.010226049515608127
2022-03-15	9000	9035	8930	9035	7235	-0.03729355354288755
2022-03-16	9035	9065	9035	9050	4930	0.0016602102933038765
2022-03-17	9100	9245	9100	9135	19234	0.00939226519337022
2022-03-18	9130	9245	9130	9205	7878	0.00766283524904221
2022-03-21	9205	9325	9185	9250	7941	0.004888647474198704
2022-03-22	9250	9260	9190	9195	15604	-0.005945945945945996
2022-03-23	9230	9370	9230	9330	11304	0.014681892332789603
2022-03-24	9275	9325	9235	9315	5250	-0.001607717041800627
2022-03-25	9290	9380	9290	9380	4944	0.006977992485238893
2022-03-28	9300	9310	9280	9300	4601	-0.008528784648187626
2022-03-29	9300	9335	9245	9275	12812	-0.0026881720430107503
2022-03-30	9275	9390	9275	9390	6119	0.012398921832884158
2022-03-31	9380	9450	9380	9450	3672	0.006389776357827559
2022-04-01	9450	9550	9450	9550	6779	0.010582010582010692
2022-04-04	9540	9570	9485	9560	15577	0.0010471204188482464
2022-04-05	9565	9725	9565	9720	11395	0.01673640167364021
2022-04-06	9720	9800	9705	9800	6049	0.008230452674897082
2022-04-07	9565	9565	9465	9520	7599	-0.02857142857142858
2022-04-08	9540	9545	9460	9530	4423	0.0010504201680672232
2022-04-11	9470	9505	9435	9505	8049	-0.002623294858342118
2022-04-12	9450	9450	9375	9420	20043	-0.008942661756970005
2022-04-13	9350	9370	9300	9370	7211	-0.005307855626326963
2022-04-14	9340	9365	9310	9365	4593	-0.0005336179295624133
2022-04-15	9355	9370	9220	9290	2576	-0.008008542445274935
2022-04-18	9385	9385	9200	9265	1703	-0.002691065662002168
2022-04-19	9285	9385	9285	9385	1562	0.012951969778737249
2022-04-20	9385	9420	9340	9345	1607	-0.004262120404901482
2022-04-21	9300	9400	9300	9400	2008	0.005885500267522659
2022-04-22	8920	8980	8920	8960	7944	-0.04680851063829783
2022-04-25	8785	8785	8680	8710	5260	-0.0279017857142857
2022-04-26	8710	8770	8690	8760	1132	0.00574052812858783
2022-04-27	8710	8730	8670	8730	2156	-0.003424657534246589
2022-04-28	8815	8880	8785	8860	466	0.014891179839633395
2022-04-29	8860	8860	8745	8750	3999	-0.01241534988713322
2022-05-02	8750	8850	8700	8835	4961	0.009714285714285786
2022-05-03	8715	8720	8625	8650	4776	-0.02093944538766268
2022-05-04	8885	8885	8775	8835	529	0.021387283236994126
2022-05-06	8830	8935	8830	8930	8671	0.010752688172043001
2022-05-09	8605	8610	8530	8540	3320	-0.043673012318029114
2022-05-10	8495	8495	8005	8220	3304	-0.0374707259953162
2022-05-11	8255	8255	8170	8250	23252	0.0036496350364962904
2022-05-12	8120	8120	7980	8110	1756	-0.016969696969696968
2022-05-13	8015	8015	7890	7985	3023	-0.015413070283600505
2022-05-16	7985	8270	7985	8220	1155	0.029430181590482052
2022-05-17	8235	8235	8205	8220	1488	0.0
2022-05-18	8395	8440	8395	8420	1866	0.024330900243308973
2022-05-19	8420	8555	8165	8475	4611	0.0065320665083135054
2022-05-20	8650	8805	8650	8780	8810	0.03598820058997054
2022-05-23	8820	8905	8820	8885	3735	0.011958997722095743
2022-05-24	8620	8830	8620	8720	8420	-0.01857062464828363
2022-05-25	8665	8800	8665	8790	2575	0.008027522935779796
2022-05-26	8785	8900	8785	8875	887	0.009670079635949902
2022-05-27	8635	9010	8635	8995	4605	0.013521126760563273
2022-05-30	9120	9190	9115	9185	1805	0.021122846025569686
2022-05-31	9135	9185	9070	9080	11145	-0.011431682090364714
2022-06-02	9080	9080	8925	9060	2006	-0.0022026431718061845
2022-06-03	9205	9295	9205	9275	11292	0.023730684326710882
2022-06-07	9060	9515	9060	9485	11705	0.02264150943396226
2022-06-08	9510	9550	9485	9530	21727	0.004744333157617353
2022-06-09	9500	9515	9430	9450	6398	-0.008394543546694666
2022-06-10	9355	9390	9245	9300	5698	-0.015873015873015928
2022-06-13	9220	9220	9125	9130	4208	-0.018279569892473146
2022-06-14	8735	8950	8695	8935	14154	-0.021358159912376773
2022-06-15	8700	8845	8690	8765	9810	-0.01902630106323444
2022-06-16	8800	8935	8800	8905	24877	0.01597261836851116
2022-06-17	8645	8695	8515	8575	6383	-0.037057832678270675
2022-06-20	8575	8965	8575	8950	7415	0.0437317784256559
2022-06-21	9020	9110	8995	9045	1810	0.010614525139664766
2022-06-22	9055	9130	9005	9100	11507	0.00608070757324497
2022-06-23	9035	9185	9035	9180	10413	0.00879120879120876
2022-06-24	9190	9325	9185	9305	12973	0.013616557734204893
2022-06-27	9305	9305	9140	9195	8165	-0.01182160128962928
2022-06-28	9315	9375	9315	9370	9256	0.01903208265361611
2022-06-29	9320	9320	9120	9220	3592	-0.016008537886872953
2022-06-30	9120	9120	8965	8970	37452	-0.027114967462039008
2022-07-01	9165	9165	8995	9030	2256	0.006688963210702337
2022-07-04	9190	9190	9065	9095	3129	0.007198228128460604
2022-07-05	9185	9280	9185	9205	2090	0.01209455744914778
2022-07-06	9190	9190	9050	9140	3639	-0.007061379684953795
2022-07-07	9135	9135	9085	9085	1584	-0.006017505470459539
2022-07-08	9090	9455	9090	9450	13058	0.040176114474408386
2022-07-11	9475	9530	9450	9450	3374	0.0
2022-07-12	9440	9440	9265	9265	1610	-0.01957671957671958
2022-07-13	9245	9245	9095	9115	1302	-0.016189962223421506
2022-07-14	9320	9320	9140	9265	518	0.01645639056500281
