Date	Open	High	Low	Close	Volume	Change
2021-09-30	10180	10185	10100	10100	112072	
2021-10-01	9985	10000	9950	9950	36587	-0.014851485148514865
2021-10-05	10260	10345	10210	10345	57831	0.03969849246231161
2021-10-06	10465	10465	10340	10410	95715	0.006283228612856462
2021-10-07	9745	10030	9580	9580	222559	-0.07973102785782904
2021-10-08	9700	9775	9700	9770	171623	0.019832985386221358
2021-10-12	9620	9620	9510	9510	30584	-0.026612077789150423
2021-10-13	9520	9535	9520	9535	5063	0.002628811777076745
2021-10-14	9535	9645	9515	9645	8053	0.011536444677503921
2021-10-15	9870	9950	9870	9930	26972	0.029548989113530322
2021-10-18	9650	9650	9455	9460	48346	-0.04733131923464251
2021-10-19	9200	9460	9200	9300	24104	-0.016913319238900604
2021-10-20	8930	9020	8860	9020	33119	-0.03010752688172047
2021-10-21	9315	9350	9250	9270	11758	0.027716186252771724
2021-10-22	9330	9545	9330	9525	20111	0.027508090614886793
2021-10-25	9475	9550	9450	9475	14268	-0.005249343832021025
2021-10-26	9585	9585	9520	9555	40110	0.008443271767810012
2021-10-27	9610	9650	9600	9600	19651	0.0047095761381474865
2021-10-28	9630	9680	9455	9455	17787	-0.015104166666666696
2021-10-29	9470	9485	9430	9450	11254	-0.0005288207297725611
2021-11-01	9455	9480	9430	9475	4946	0.002645502645502562
2021-11-02	9230	9230	9175	9205	33258	-0.02849604221635882
2021-11-03	9545	9570	9535	9560	11353	0.038565996740901776
2021-11-04	9600	9650	9600	9630	6996	0.007322175732217495
2021-11-05	9675	9675	9600	9650	8279	0.0020768431983384517
2021-11-08	9625	9625	9560	9575	3477	-0.007772020725388629
2021-11-09	9730	9780	9720	9730	7001	0.016187989556135873
2021-11-10	9745	9755	9685	9735	12993	0.0005138746145940676
2021-11-11	10095	10135	10090	10095	19126	0.036979969183358996
2021-11-12	10155	10260	10155	10220	41304	0.012382367508667613
2021-11-15	10220	10220	10135	10195	32529	-0.0024461839530333096
2021-11-16	10525	10630	10525	10595	108160	0.03923491907797949
2021-11-17	10770	10865	10770	10860	52107	0.025011798017932962
2021-11-18	10855	10855	10710	10760	15645	-0.009208103130755041
2021-11-19	11100	11100	11015	11030	26167	0.025092936802973975
2021-11-22	11150	11155	11110	11155	35328	0.011332728921124247
2021-11-23	11155	11210	11150	11185	16471	0.0026893769610041307
2021-11-24	11030	11130	11030	11085	12165	-0.008940545373267716
2021-11-25	11605	11675	11605	11670	34399	0.05277401894451961
2021-11-26	11890	11950	11675	11945	84980	0.023564695801199687
2021-11-29	11830	11930	11665	11705	31508	-0.020092088740058633
2021-11-30	11925	11925	11825	11915	51191	0.017941050832977368
2021-12-01	12010	12095	11990	12090	33637	0.014687368862777994
2021-12-02	12315	12320	12250	12290	37546	0.016542597187758412
2021-12-03	12775	12795	12770	12790	83615	0.04068348250610243
2021-12-06	12550	12550	12500	12530	50048	-0.020328381548084473
2021-12-07	13055	13055	12935	13035	76027	0.04030327214684748
2021-12-08	13440	13645	13440	13645	140434	0.04679708477176825
2021-12-09	14300	14355	14250	14350	365397	0.051667277390985644
2021-12-10	13000	13000	12910	12955	170999	-0.09721254355400699
2021-12-13	13510	13510	13450	13465	68109	0.03936703975299105
2021-12-14	13120	13220	13110	13155	33498	-0.023022651318232445
2021-12-15	12850	12850	12720	12760	56599	-0.030026605853287758
2021-12-16	12950	12955	12895	12910	22143	0.011755485893417017
2021-12-17	13620	13620	13540	13555	53234	0.04996127033307518
2021-12-20	11930	12025	11890	11975	173840	-0.11656215418664695
2021-12-21	12715	12800	12715	12750	54061	0.06471816283924836
2021-12-22	12930	12930	12685	12690	22915	-0.004705882352941226
2021-12-23	12360	12360	12180	12320	33106	-0.029156816390858986
2021-12-24	11970	11990	11920	11990	52325	-0.0267857142857143
2021-12-27	12170	12170	12000	12135	17183	0.012093411175980062
2021-12-28	12195	12270	12195	12220	27345	0.007004532344458081
2021-12-29	12605	12605	12220	12560	21157	0.02782324058919805
2021-12-30	12665	12750	12665	12675	13159	0.009156050955414052
2022-01-03	12775	12790	12750	12780	23656	0.008284023668639007
2022-01-04	13235	13305	13235	13265	66439	0.03794992175273859
2022-01-05	13530	13600	13530	13575	43268	0.023369770071617113
2022-01-06	13955	13960	13910	13920	60598	0.02541436464088398
2022-01-07	13900	13900	13790	13800	37108	-0.008620689655172376
2022-01-10	13650	13650	13540	13600	18809	-0.01449275362318836
2022-01-11	13000	13010	12940	13005	34259	-0.043749999999999956
2022-01-12	12910	13150	12910	13110	25697	0.008073817762399127
2022-01-13	12880	12880	12800	12800	24256	-0.023646071700991644
2022-01-14	12830	12900	12830	12865	16758	0.005078125000000044
2022-01-17	13000	13095	13000	13045	9784	0.013991449669646272
2022-01-18	12935	12935	12810	12840	20732	-0.01571483326945189
2022-01-19	13050	13120	13050	13115	32168	0.02141744548286595
2022-01-20	13005	13100	12990	13000	5384	-0.008768585589020161
2022-01-21	13545	13545	13480	13480	32769	0.036923076923076836
2022-01-24	13470	13470	13350	13375	16548	-0.007789317507418403
2022-01-25	13375	13375	13255	13270	25132	-0.00785046728971961
2022-01-26	13910	13910	13755	13810	39342	0.04069329314242642
2022-01-27	14145	14145	13950	13950	28920	0.010137581462708267
2022-01-28	14085	14190	14085	14190	40073	0.017204301075268713
2022-02-03	14695	14970	14690	14845	57111	0.04615926708949969
2022-02-04	15090	15090	14915	14930	22140	0.005725833614011355
2022-02-07	15160	15305	15160	15305	40445	0.025117213663764293
2022-02-08	15365	15365	15255	15325	23806	0.001306762495916436
2022-02-09	15300	15300	15200	15220	16914	-0.006851549755301778
2022-02-10	14330	14560	14330	14550	63180	-0.04402102496714844
2022-02-11	14450	14485	14410	14470	36774	-0.005498281786941561
2022-02-14	14580	14730	14580	14715	22071	0.016931582584657878
2022-02-15	14635	14635	14490	14545	10982	-0.011552837240910607
2022-02-16	14370	14370	14240	14355	19109	-0.013062908215881741
2022-02-17	14200	14310	14200	14255	36680	-0.006966213862765636
2022-02-18	13845	13845	13550	13735	27264	-0.036478428621536274
2022-02-21	14200	14200	14055	14170	22654	0.03167091372406272
2022-02-22	14200	14200	14020	14190	36456	0.0014114326040930436
2022-02-23	14265	14275	14205	14275	10991	0.005990133897110672
2022-02-24	14875	14995	14875	14970	55309	0.0486865148861646
2022-02-25	13935	14005	13605	14005	78087	-0.06446225784903137
2022-02-28	14005	14005	13850	13955	16827	-0.003570153516601171
2022-03-02	11315	11440	11185	11420	292136	-0.1816553206735937
2022-03-03	11050	11195	10960	10960	78490	-0.04028021015761818
2022-03-04	10845	10845	10300	10745	34940	-0.019616788321167866
2022-03-07	10550	10550	10275	10315	59585	-0.04001861330851564
2022-03-08	9300	9400	9255	9255	110649	-0.10276296655356276
2022-03-10	11270	11500	11265	11500	79656	0.24257158292814696
2022-03-11	12060	12060	11780	11825	44536	0.02826086956521734
2022-03-14	12295	12295	12065	12070	50053	0.020718816067653245
2022-03-15	12250	12385	12250	12385	33900	0.02609776304888145
2022-03-16	12260	12395	12260	12275	42096	-0.008881711748082388
2022-03-17	12950	12950	12290	12450	14034	0.014256619144602745
2022-03-18	12510	12700	12510	12695	21740	0.01967871485943773
2022-03-21	12590	12590	12475	12500	12100	-0.015360378101614836
2022-03-22	12500	12600	12500	12540	13092	0.0032000000000000917
2022-03-23	12715	12825	12710	12805	18076	0.021132376395534225
2022-03-24	12080	12225	12080	12175	27223	-0.049199531433034016
2022-03-25	12445	12505	12440	12455	14533	0.02299794661190968
2022-03-28	12470	12530	12350	12405	33078	-0.004014452027298221
2022-03-29	12760	12800	12745	12745	24714	0.027408303103587217
2022-03-30	12890	12950	12885	12890	15901	0.011377010592389158
2022-03-31	12565	12565	12485	12565	13914	-0.02521334367726924
2022-04-01	12350	12565	12210	12290	24967	-0.021886191802626298
2022-04-04	12400	12515	12400	12515	23855	0.01830756712774617
2022-04-05	12605	12605	12200	12510	9592	-0.00039952057530967533
2022-04-06	12485	12485	12390	12400	24752	-0.008792965627497984
2022-04-07	12355	12355	12240	12265	10653	-0.010887096774193528
2022-04-08	12625	12740	12620	12700	35093	0.0354667753770892
2022-04-11	12685	12710	12670	12670	9996	-0.0023622047244094
2022-04-12	12450	12450	12345	12385	8337	-0.022494080505130243
2022-04-13	12515	12565	12510	12510	5288	0.010092854259184492
2022-04-14	12495	12495	12315	12370	3993	-0.011191047162270151
2022-04-15	12505	12700	12505	12640	20413	0.021827000808407382
2022-04-18	12600	12670	12600	12620	8192	-0.0015822784810126667
2022-04-19	12315	12740	12315	12675	12097	0.004358161648177594
2022-04-20	12710	12790	12660	12660	23248	-0.0011834319526626835
2022-04-21	13755	13835	13670	13755	74609	0.0864928909952607
2022-04-22	13755	13755	13625	13665	12238	-0.0065430752453653485
2022-04-25	14000	14070	13900	13900	27360	0.017197219173069822
2022-04-26	13335	13345	13245	13330	13999	-0.041007194244604306
2022-04-27	12950	13095	12820	12820	23284	-0.03825956489122284
2022-04-28	12900	12910	12815	12875	7357	0.004290171606864179
2022-04-29	13100	13835	13100	13170	16445	0.02291262135922323
2022-05-02	13395	13395	13200	13315	37713	0.011009870918754716
2022-05-03	13155	13320	13150	13310	4359	-0.00037551633496057946
2022-05-04	14000	14005	13840	14000	68115	0.051840721262208955
2022-05-06	13905	14505	13900	14100	42241	0.0071428571428571175
2022-05-09	14375	14450	14285	14285	35444	0.013120567375886516
2022-05-10	13900	13900	13740	13815	16551	-0.03290164508225413
2022-05-11	13410	13920	13410	13885	7373	0.005066956207021356
2022-05-12	13960	14095	13900	13925	13767	0.0028808066258552145
2022-05-13	13930	14080	13930	14070	14045	0.01041292639138236
2022-05-16	14060	14070	14025	14050	6543	-0.001421464108031234
2022-05-17	14200	14265	14200	14255	16296	0.014590747330960774
2022-05-18	14550	14615	13735	13770	38530	-0.03402314977200982
2022-05-19	13770	13770	13430	13450	24347	-0.023238925199709493
2022-05-20	13270	13320	13225	13280	22516	-0.01263940520446094
2022-05-23	12850	13205	12805	13035	57185	-0.018448795180722843
2022-05-24	12465	12535	12450	12535	48545	-0.03835826620636751
2022-05-25	12855	13010	12850	13010	9777	0.03789389708815327
2022-05-26	13010	13030	12950	12980	3523	-0.002305918524212136
2022-05-27	13530	13530	13410	13410	20700	0.03312788906009234
2022-05-30	13475	13475	13295	13370	12351	-0.002982848620432521
2022-05-31	13300	13435	13220	13430	14709	0.004487658937920802
2022-06-02	13750	13750	13570	13625	10380	0.014519731943410275
2022-06-03	14000	14000	13635	13650	4107	0.0018348623853210455
2022-06-07	13220	13450	13000	13025	30157	-0.045787545787545736
2022-06-08	12945	12955	12890	12940	12880	-0.00652591170825334
2022-06-09	12840	12845	12730	12745	14605	-0.015069551777434298
2022-06-10	12850	12935	12850	12915	5826	0.01333856414280099
2022-06-13	13015	13015	12930	12975	21369	0.004645760743321681
2022-06-14	12975	13020	12930	13020	10905	0.003468208092485492
2022-06-15	13295	13405	13250	13250	11611	0.01766513056835639
2022-06-16	13700	13700	13555	13555	26752	0.02301886792452823
2022-06-17	13335	13335	13105	13215	17254	-0.02508299520472146
2022-06-20	13150	13500	13000	13500	32829	0.02156640181611813
2022-06-21	13470	14100	13340	13350	56074	-0.011111111111111072
2022-06-22	13510	13510	13340	13365	13193	0.0011235955056179137
2022-06-23	13120	13120	13005	13025	24521	-0.025439580995136546
2022-06-24	13430	13430	13280	13310	18129	0.021880998080614278
2022-06-27	13310	13310	13255	13260	3067	-0.0037565740045079066
2022-06-28	13490	13490	13390	13395	4361	0.010180995475113086
2022-06-29	13690	13945	13300	13810	40925	0.030981709593131734
2022-06-30	13965	14015	13960	13995	15575	0.01339608979000717
2022-07-01	14135	14210	14135	14140	15214	0.010360843158270905
2022-07-04	13755	13755	13560	13630	4220	-0.036067892503536036
2022-07-05	13510	13530	13430	13510	8825	-0.00880410858400582
2022-07-06	13300	13300	12900	13150	35639	-0.0266469282013323
2022-07-07	13370	13430	13245	13395	53572	0.018631178707224416
2022-07-08	14395	14395	13000	13445	5984	0.0037327360955581312
2022-07-11	13230	13240	13170	13240	19485	-0.015247303830420278
2022-07-12	13485	13485	13380	13395	8028	0.011706948640483494
2022-07-13	13810	13810	13590	13660	9914	0.019783501306457563
2022-07-14	13390	13400	13005	13005	13618	-0.04795021961932655
