Date	Open	High	Low	Close	Volume	Change
2021-10-13	9975	10149	9970	10115	29460	
2021-10-14	10174	10338	10169	10339	44539	0.02214532871972308
2021-10-15	10413	10517	10353	10508	44992	0.016345874842828234
2021-10-18	10562	10562	10443	10493	68187	-0.0014274838218499841
2021-10-19	10572	10746	10552	10747	59669	0.02420661393309831
2021-10-20	10771	10905	10716	10737	79164	-0.0009304922303898788
2021-10-21	10781	10965	10741	10931	57487	0.018068361739778327
2021-10-22	10930	11049	10801	11010	65255	0.00722715213612668
2021-10-25	11034	11069	10895	11010	27842	0.0
2021-10-26	11015	11238	11015	11209	58021	0.01807447774750237
2021-10-27	11253	11402	11164	11378	49501	0.015077170131144513
2021-10-28	11388	11452	11104	11125	64481	-0.02223589383019864
2021-10-29	11164	11169	11015	11055	54261	-0.006292134831460627
2021-11-01	11059	11278	11039	11259	38941	0.018453188602442383
2021-11-02	11258	11313	11218	11274	85426	0.00133226751931792
2021-11-03	11268	11268	11129	11129	22665	-0.012861451126485735
2021-11-04	11149	11228	11064	11154	65767	0.0022463833228503205
2021-11-05	11194	11348	11154	11309	48046	0.013896360050206225
2021-11-08	11427	11532	11298	11532	61929	0.019718808029003387
2021-11-09	11527	11586	11482	11587	65027	0.0047693374956643275
2021-11-10	11586	11731	11422	11502	47456	-0.007335807370328795
2021-11-11	11427	11875	11388	11875	59941	0.03242914275778119
2021-11-12	11959	11959	11756	11895	81640	0.0016842105263157325
2021-11-15	11930	12089	11905	12035	70858	0.01176965111391337
2021-11-16	12119	12422	12064	12403	184891	0.030577482343165707
2021-11-17	12526	12661	12482	12616	174684	0.017173264532774235
2021-11-18	12616	12745	12352	12716	127285	0.007926442612555595
2021-11-19	12686	12770	12541	12547	102481	-0.013290342875117989
2021-11-22	12546	12546	12094	12318	107069	-0.01825137483063677
2021-11-23	12099	12313	12059	12134	55119	-0.014937489852248742
2021-11-24	12129	12248	11935	12174	46098	0.003296522169111693
2021-11-25	12273	12357	12153	12179	22610	0.00041071135206172116
2021-11-26	12233	12268	11964	12045	23722	-0.011002545364972471
2021-11-29	11746	12158	11741	12015	64208	-0.00249066002490661
2021-11-30	12168	12288	11785	11826	63954	-0.01573033707865168
2021-12-01	11950	11974	11621	11875	18979	0.0041434128192119335
2021-12-02	11671	11736	11417	11547	27244	-0.02762105263157899
2021-12-03	11601	11959	11586	11880	35542	0.028838659392049992
2021-12-06	11766	11766	11606	11677	40258	-0.01708754208754204
2021-12-07	11736	11830	11601	11612	9881	-0.0055664982444121325
2021-12-08	11775	11835	11676	11706	19546	0.008095074061315932
2021-12-09	11775	11964	11775	11965	48487	0.022125405774816365
2021-12-10	11860	11954	11815	11856	8899	-0.009109903886335147
2021-12-13	11880	11915	11775	11801	9691	-0.0046390013495276605
2021-12-14	11701	11761	11542	11607	13267	-0.016439284806372356
2021-12-15	11577	11641	11507	11622	6330	0.0012923235978288261
2021-12-16	11736	11785	11681	11696	7497	0.006367234555153978
2021-12-17	11626	11641	11557	11612	11669	-0.007181942544459696
2021-12-20	11611	11681	11482	11483	27435	-0.011109197382018654
2021-12-21	11487	11691	11407	11657	12848	0.015152834625097977
2021-12-22	11761	11865	11761	11771	14586	0.009779531611906922
2021-12-23	11880	11964	11815	11890	12307	0.010109591368617776
2021-12-24	11890	12039	11890	12030	18491	0.011774600504625754
2021-12-27	12014	12034	11885	11990	8472	-0.0033250207813798616
2021-12-28	12009	12208	11984	12189	17577	0.016597164303586265
2021-12-29	12318	12347	12163	12219	11033	0.0024612355402411357
2021-12-30	12138	12293	12064	12248	55564	0.002373352974875287
2022-01-03	12322	12477	12308	12358	14315	0.008981058131939834
2022-01-04	12392	12392	12009	12079	17040	-0.022576468684253115
2022-01-05	11994	11994	11522	11557	11659	-0.043215497971686445
2022-01-06	11323	11437	10985	10995	32240	-0.048628536817513224
2022-01-07	11049	11268	11049	11159	14539	0.014915870850386481
2022-01-10	11084	11089	10821	11000	14969	-0.014248588583206434
2022-01-11	10935	11059	10776	10866	14461	-0.012181818181818183
2022-01-12	11010	11164	11010	11149	26194	0.026044542609976018
2022-01-13	11184	11184	11020	11045	7707	-0.009328190869136277
2022-01-14	10945	11059	10850	11005	5214	-0.003621548211860559
2022-01-17	10940	10945	10786	10871	26431	-0.012176283507496555
2022-01-18	10890	11020	10681	10692	13620	-0.01646582651090056
2022-01-19	10617	10746	10532	10652	29656	-0.0037411148522259463
2022-01-20	10706	11039	10701	11040	72957	0.03642508449117532
2022-01-21	10875	11094	10850	10941	47365	-0.008967391304347871
2022-01-24	10791	10860	10527	10597	13840	-0.0314413673338817
2022-01-25	10696	10696	10284	10354	9860	-0.022931018212701715
2022-01-26	10333	10373	10080	10100	24101	-0.02453158199729577
2022-01-27	10204	10204	9637	9638	131978	-0.04574257425742578
2022-01-28	9727	9935	9528	9876	27611	0.02469391990039438
2022-02-03	10040	10065	9796	9812	49547	-0.006480356419603095
2022-02-04	9732	10114	9722	10115	17432	0.030880554423155404
2022-02-07	10134	10159	9940	10001	17092	-0.011270390509144801
2022-02-08	10025	10189	9926	10025	36575	0.0023997600239975547
2022-02-09	10129	10184	10100	10170	11673	0.014463840399002503
2022-02-10	10194	10244	9975	10006	13604	-0.016125860373647938
2022-02-11	9831	9955	9796	9817	20987	-0.018888666799920073
2022-02-14	9612	9727	9543	9648	8421	-0.017215035143119062
2022-02-15	9677	9766	9488	9538	5366	-0.01140132669983418
2022-02-16	9672	9841	9558	9841	10331	0.03176766617739557
2022-02-17	9866	9945	9617	9757	31249	-0.008535717914846086
2022-02-18	9642	9766	9612	9762	6724	0.000512452598134594
2022-02-21	9612	9871	9567	9871	7486	0.011165744724441762
2022-02-22	9632	9776	9627	9727	7492	-0.014588187620301896
2022-02-23	9816	9921	9786	9921	13327	0.019944484424796904
2022-02-24	9806	9841	9637	9667	11060	-0.025602257836911613
2022-02-25	9831	9891	9756	9861	16155	0.020068273507810153
2022-02-28	9791	9950	9791	9951	5632	0.009126863401277774
2022-03-02	9955	10124	9911	10080	32693	0.012963521254145238
2022-03-03	10159	10229	10114	10229	12424	0.01478174603174609
2022-03-04	10189	10189	9975	10030	9422	-0.019454492130217993
2022-03-07	9836	9990	9836	9916	9258	-0.011365902293120622
2022-03-08	9776	10030	9756	9906	7122	-0.001008471157724844
2022-03-10	10149	10284	10144	10249	24736	0.03462547950736927
2022-03-11	10204	10313	10204	10279	10733	0.0029271148404721448
2022-03-14	10323	10343	10070	10110	5638	-0.016441288063041126
2022-03-15	10095	10184	10085	10115	10513	0.0004945598417409602
2022-03-16	10259	10313	10159	10314	7193	0.019673751853682697
2022-03-17	10478	10622	10478	10548	63671	0.022687609075043635
2022-03-18	10607	10731	10547	10732	27023	0.01744406522563513
2022-03-21	10781	10821	10711	10737	13519	0.0004658963846440045
2022-03-22	10741	10870	10741	10871	21154	0.012480208624382927
2022-03-23	10920	10980	10860	10911	14462	0.0036795143041119527
2022-03-24	10806	10915	10766	10916	12639	0.0004582531390340261
2022-03-25	10920	10955	10870	10911	8712	-0.00045804323928178015
2022-03-28	10846	10846	10612	10667	13488	-0.022362753184859363
2022-03-29	10701	10746	10652	10697	8545	0.002812412112121576
2022-03-30	10801	10841	10716	10761	13762	0.0059829858838926775
2022-03-31	10761	10821	10731	10796	6384	0.00325248582845461
2022-04-01	10741	10831	10676	10826	21934	0.0027788069655427794
2022-04-04	10836	10850	10761	10821	3580	-0.0004618510992056013
2022-04-05	10860	10890	10771	10801	6629	-0.0018482580168190932
2022-04-06	10671	10701	10572	10607	14630	-0.01796129987964079
2022-04-07	10487	10502	10308	10309	8998	-0.028094654473460934
2022-04-08	10363	10403	10209	10264	11208	-0.004365117858182166
2022-04-11	10234	10274	10055	10100	8230	-0.015978176149649248
2022-04-12	10035	10100	9965	10080	7327	-0.001980198019801982
2022-04-13	10100	10249	10065	10249	9979	0.016765873015873067
2022-04-14	10338	10388	10204	10339	38516	0.008781344521416656
2022-04-15	10199	10368	10199	10369	2651	0.0029016345874843807
2022-04-18	10328	10328	10065	10070	7869	-0.028835953322403296
2022-04-19	10095	10129	10035	10130	6352	0.005958291956305928
2022-04-20	10129	10129	9970	9971	4795	-0.015695952615992104
2022-04-21	9945	9950	9836	9856	6496	-0.01153344699628922
2022-04-22	9761	9761	9597	9707	4737	-0.015117694805194759
2022-04-25	9548	9567	9408	9424	11740	-0.029154218605130344
2022-04-26	9523	9642	9508	9558	15167	0.014219015280135805
2022-04-27	9219	9249	9110	9195	32536	-0.03797865662272437
2022-04-28	9255	9255	8935	8985	8381	-0.022838499184339334
2022-04-29	9015	9090	8950	9050	15522	0.0072342793544797335
2022-05-02	8875	8955	8835	8955	3580	-0.010497237569060736
2022-05-03	8975	9050	8975	9010	1383	0.006141820212171911
2022-05-04	9040	9040	8885	8920	4054	-0.009988901220865709
2022-05-06	8780	8790	8700	8715	6182	-0.02298206278026904
2022-05-09	8620	8695	8490	8500	4076	-0.024670109007458363
2022-05-10	8375	8505	8215	8505	11063	0.0005882352941175562
2022-05-11	8460	8500	8415	8495	1923	-0.0011757789535566943
2022-05-12	8315	8315	8100	8120	4338	-0.04414361389052379
2022-05-13	8185	8250	8165	8225	3865	0.012931034482758674
2022-05-16	8275	8370	8195	8225	1848	0.0
2022-05-17	8270	8365	8260	8365	1498	0.017021276595744705
2022-05-18	8410	8485	8410	8480	1117	0.013747758517633102
2022-05-19	8245	8355	8240	8355	2429	-0.01474056603773588
2022-05-20	8430	8650	8425	8645	3916	0.03470975463794135
2022-05-23	8650	8710	8625	8710	4792	0.007518796992481258
2022-05-24	8690	8700	8525	8530	1099	-0.02066590126291623
2022-05-25	8575	8745	8550	8715	3842	0.021688159437280197
2022-05-26	8720	8865	8645	8670	1962	-0.005163511187607606
2022-05-27	8790	8825	8685	8730	3170	0.006920415224913601
2022-05-30	8850	8910	8840	8895	928	0.018900343642611617
2022-05-31	8870	8970	8855	8970	1716	0.008431703204047292
2022-06-02	8935	8935	8835	8900	1011	-0.0078037904124860225
2022-06-03	8990	8995	8890	8910	1505	0.0011235955056179137
2022-06-07	8865	8865	8695	8730	1399	-0.02020202020202022
2022-06-08	8725	8790	8660	8770	2800	0.004581901489117968
2022-06-09	8730	8805	8680	8805	1021	0.003990877993158559
2022-06-10	8740	8740	8675	8710	2000	-0.010789324247586607
2022-06-13	8475	8480	8240	8240	1695	-0.053960964408725554
2022-06-14	8045	8220	7990	8165	2540	-0.00910194174757284
2022-06-15	8035	8055	7690	7715	4478	-0.05511328842620944
2022-06-16	7875	7910	7720	7735	1154	0.0025923525599480524
2022-06-17	7525	7690	7525	7670	8730	-0.008403361344537785
2022-06-20	7670	7670	7400	7505	9492	-0.0215123859191656
2022-06-21	7510	7635	7505	7625	2441	0.0159893404397069
2022-06-22	7560	7560	7265	7275	3635	-0.04590163934426228
2022-06-23	7245	7395	7165	7165	3810	-0.015120274914089293
2022-06-24	7290	7520	7290	7520	2036	0.04954640614096295
2022-06-27	7520	7640	7455	7585	6997	0.008643617021276695
2022-06-28	7585	7585	7425	7525	2155	-0.007910349373764003
2022-06-29	7365	7475	7360	7445	8299	-0.010631229235880446
2022-06-30	7390	7390	7175	7195	1485	-0.033579583613163155
2022-07-01	7275	7275	7035	7075	520	-0.01667824878387769
2022-07-04	7075	7160	6965	7100	1720	0.0035335689045936647
2022-07-05	7225	7340	7225	7340	1153	0.033802816901408406
2022-07-06	7340	7460	7330	7330	1130	-0.0013623978201634523
2022-07-07	7465	7470	7360	7435	1561	0.014324693042292003
2022-07-08	7475	7540	7435	7515	1683	0.010759919300605159
2022-07-11	7500	7535	7415	7425	4403	-0.0119760479041916
2022-07-12	7270	7300	7190	7245	1432	-0.024242424242424288
2022-07-13	7350	7420	7310	7415	3052	0.02346445824706689
2022-07-14	7355	7470	7355	7450	2506	0.00472016183411994
