Date	Open	High	Low	Close	Volume	Change
2021-10-29	9966	9971	9773	9788	214473	
2021-11-01	9807	9822	9689	9689	198228	-0.01011442582754396
2021-11-02	9753	9887	9753	9823	218338	0.013830116627102873
2021-11-03	9837	9847	9728	9739	157503	-0.008551359055278374
2021-11-04	9837	9911	9758	9788	213690	0.005031317383714873
2021-11-05	9936	9961	9807	9882	174392	0.009603596240294276
2021-11-08	9921	9921	9753	9867	148382	-0.0015179113539769418
2021-11-09	9877	9966	9867	9951	159532	0.008513225904530186
2021-11-10	9872	9911	9738	9763	270716	-0.01889257361069241
2021-11-11	9704	9788	9674	9758	192218	-0.0005121376626037177
2021-11-12	9837	9961	9827	9931	193094	0.01772904283664678
2021-11-15	10000	10050	9956	10030	222726	0.009968784613835435
2021-11-16	10035	10114	9980	10035	227735	0.0004985044865404298
2021-11-17	10089	10089	9906	9936	191117	-0.009865470852017943
2021-11-18	9941	9956	9847	9912	172826	-0.0024154589371980784
2021-11-19	9926	10025	9887	9971	174811	0.005952380952380931
2021-11-22	9990	10079	9951	10080	207072	0.010931701935613214
2021-11-23	10050	10050	9941	9991	201259	-0.008829365079365048
2021-11-24	9995	10025	9882	9936	156977	-0.005504954459013112
2021-11-25	9936	9936	9832	9843	22232	-0.009359903381642498
2021-11-26	9817	9827	9620	9645	181581	-0.02011581834806464
2021-11-29	9362	9565	9362	9511	41794	-0.013893208916537114
2021-11-30	9615	9625	9283	9333	22690	-0.018715171906213857
2021-12-01	9372	9511	9214	9511	27666	0.019072109718204278
2021-12-02	9422	9585	9377	9585	14740	0.007780464725055225
2021-12-03	9590	9718	9531	9665	5790	0.008346374543557689
2021-12-06	9629	9689	9506	9665	5332	0.0
2021-12-07	9694	9718	9639	9719	22736	0.0055871702017589175
2021-12-08	9817	9941	9807	9838	27415	0.012244058030661531
2021-12-09	9872	9916	9837	9917	40502	0.008030087416141418
2021-12-10	9862	9862	9788	9852	42433	-0.0065544015327215766
2021-12-13	9882	9985	9877	9887	11386	0.003552578156719388
2021-12-14	9788	9827	9733	9788	6005	-0.010013148578942088
2021-12-15	9753	9763	9694	9749	5893	-0.003984470780547644
2021-12-16	9827	9877	9807	9818	9348	0.0070776489896400285
2021-12-17	9758	9887	9758	9887	17295	0.007027907924220811
2021-12-20	9872	9872	9674	9684	6971	-0.020532011732578126
2021-12-21	9699	9738	9570	9719	4095	0.003614209004543678
2021-12-22	9822	9822	9709	9749	9609	0.0030867373186542757
2021-12-23	9768	9837	9768	9828	7516	0.008103395220022458
2021-12-24	9877	9946	9877	9897	23090	0.007020757020756996
2021-12-27	9946	9971	9901	9902	4425	0.0005052035970496416
2021-12-28	9911	9921	9862	9922	10912	0.0020197939810140397
2021-12-29	9980	10035	9975	10006	28555	0.008466035073573908
2021-12-30	10005	10020	9931	9986	6019	-0.001998800719568261
2022-01-03	10045	10045	9931	9961	15179	-0.002503504906869569
2022-01-04	9995	10050	9971	10035	9031	0.0074289729946792615
2022-01-05	10000	10040	9931	9961	10737	-0.007374190333831576
2022-01-06	9887	10005	9847	9847	10579	-0.011444634072884208
2022-01-07	9911	10035	9911	10001	18424	0.01563928099928913
2022-01-10	9980	9980	9877	9877	6727	-0.012398760123987551
2022-01-11	9906	9921	9812	9828	2713	-0.0049610205527994555
2022-01-12	9985	10119	9985	10119	14900	0.029609279609279504
2022-01-13	10188	10193	10114	10134	8269	0.0014823599169877522
2022-01-14	10084	10094	9995	10025	5398	-0.010755871324254929
2022-01-17	10025	10025	9852	9892	3967	-0.013266832917705695
2022-01-18	9877	9941	9798	9808	6306	-0.008491710473109593
2022-01-19	9733	9827	9664	9665	6224	-0.01457993474714514
2022-01-20	9674	9832	9674	9833	1298	0.017382307294361077
2022-01-21	9748	9748	9590	9665	5040	-0.017085324926268686
2022-01-24	9550	9565	9367	9432	33271	-0.024107604759441292
2022-01-25	9397	9397	9076	9141	7707	-0.030852417302798973
2022-01-26	9140	9175	8982	8982	1801	-0.01739415818838197
2022-01-27	9007	9007	8631	8631	3622	-0.039078156312625234
2022-01-28	8656	8873	8483	8874	3135	0.028154327424400494
2022-02-03	9061	9061	8987	8992	2821	0.01329727293216143
2022-02-04	8972	9051	8927	9052	1092	0.006672597864768592
2022-02-07	9026	9026	8809	8874	687	-0.01966416261599646
2022-02-08	8947	8947	8754	8799	2186	-0.00845165652467883
2022-02-09	8888	8972	8888	8972	1426	0.019661325150585274
2022-02-10	8987	9002	8927	8977	1266	0.0005572893446277316
2022-02-11	8838	8888	8784	8809	1281	-0.018714492592180054
2022-02-14	8675	8725	8581	8621	1479	-0.021341809512998022
2022-02-15	8621	8710	8576	8592	627	-0.003363878900359607
2022-02-16	8754	8834	8754	8834	2408	0.028165735567970307
2022-02-17	8838	8987	8759	8869	21244	0.003961965134706924
2022-02-18	8750	8829	8740	8814	881	-0.006201375577855495
2022-02-21	8695	8784	8586	8785	1447	-0.0032902201043794044
2022-02-22	8631	8700	8581	8597	1730	-0.021400113830392753
2022-02-23	8661	8730	8641	8730	34347	0.015470512969640637
2022-02-24	8626	8636	8413	8434	39564	-0.03390607101947307
2022-02-25	8567	8685	8567	8686	596	0.029879060943798885
2022-02-28	8641	8814	8636	8814	620	0.014736357356665897
2022-03-02	8843	8962	8843	8928	1006	0.01293396868618113
2022-03-03	9007	9041	8982	9037	856	0.012208781362007093
2022-03-04	9016	9016	8893	8913	1430	-0.013721367710523458
2022-03-07	8789	8814	8680	8715	3723	-0.022214742510939023
2022-03-08	8596	8680	8591	8597	800	-0.013539873780837652
2022-03-10	8700	8750	8631	8715	40962	0.013725718273816412
2022-03-11	8665	8665	8552	8617	1039	-0.011244979919678766
2022-03-14	8576	8576	8463	8503	3415	-0.013229662295462408
2022-03-15	8433	8458	8379	8424	713	-0.009290838527578504
2022-03-16	8507	8567	8453	8567	3279	0.016975308641975273
2022-03-17	8715	8750	8700	8706	2433	0.016225049608964648
2022-03-18	8725	8779	8705	8780	2201	0.008499885136687313
2022-03-21	8824	8824	8720	8720	10653	-0.006833712984054663
2022-03-22	8750	8838	8750	8839	521	0.013646788990825609
2022-03-23	8898	8952	8873	8943	5236	0.011766036882000286
2022-03-24	8908	8942	8858	8943	916	0.0
2022-03-25	8942	8942	8883	8883	1121	-0.006709158000670956
2022-03-28	8858	8898	8819	8869	105438	-0.0015760441292356209
2022-03-29	8952	8952	8878	8883	17760	0.0015785319652723562
2022-03-30	8962	9026	8918	8958	1122	0.008443093549476588
2022-03-31	8908	9056	8908	9052	34781	0.010493413708417165
2022-04-01	8997	8997	8932	8943	37767	-0.012041537781705691
2022-04-04	8923	8957	8873	8948	22113	0.0005590965000559223
2022-04-05	9046	9046	8987	9047	5026	0.011063924899418875
2022-04-06	8952	8977	8913	8963	3212	-0.009284845805239361
2022-04-07	8913	8913	8799	8824	959	-0.015508200379337311
2022-04-08	8853	8942	8829	8918	5805	0.010652765185856783
2022-04-11	8923	9021	8903	8918	603	0.0
2022-04-12	8814	8848	8774	8824	508	-0.010540479928235036
2022-04-13	8893	9026	8893	9027	5780	0.023005439709882225
2022-04-14	9026	9036	8987	8987	1250	-0.0044311509914700675
2022-04-15	8947	8967	8908	8963	206	-0.0026705240903527327
2022-04-18	8908	8957	8908	8943	817	-0.002231395738034103
2022-04-19	9007	9041	9007	9042	3716	0.011070110701107083
2022-04-20	9031	9076	8992	9037	483	-0.0005529750055297544
2022-04-21	9096	9145	9096	9131	2673	0.010401681974106403
2022-04-22	9012	9021	8972	9007	1020	-0.013580111707370501
2022-04-25	8868	8878	8814	8814	490	-0.021427778394581987
2022-04-26	8883	8898	8838	8844	287	0.0034036759700477592
2022-04-27	8636	8769	8636	8750	56649	-0.010628674807779293
2022-04-28	8750	8875	8750	8875	15216	0.014285714285714235
2022-04-29	8865	8985	8865	8985	258	0.012394366197183038
2022-05-02	8870	8995	8870	8985	12837	0.0
2022-05-03	8990	9020	8990	9010	2363	0.0027824151363382565
2022-05-04	9070	9070	8995	8995	1884	-0.0016648168701443034
2022-05-06	8955	9005	8955	8985	607	-0.0011117287381878782
2022-05-09	8955	8955	8780	8800	1171	-0.02058987200890372
2022-05-10	8670	8750	8560	8750	11625	-0.005681818181818232
2022-05-11	8690	8775	8665	8750	400	0.0
2022-05-12	8665	8700	8535	8560	4898	-0.021714285714285686
2022-05-13	8700	8790	8700	8790	23823	0.026869158878504606
2022-05-16	8915	8915	8790	8795	62	0.0005688282138793799
2022-05-17	8830	8905	8830	8905	989	0.012507106310403637
2022-05-18	8985	8985	8920	8920	1267	0.0016844469399213136
2022-05-19	8720	8820	8720	8795	107	-0.014013452914798163
2022-05-20	8965	9090	8965	9090	1039	0.03354178510517336
2022-05-23	9105	9105	9055	9100	2629	0.0011001100110010764
2022-05-24	9075	9085	8895	8895	1334	-0.02252747252747256
2022-05-25	8950	8990	8895	8950	686	0.006183249016301184
2022-05-26	8990	9075	8975	9010	1172	0.006703910614525244
2022-05-27	9100	9100	9055	9055	1322	0.00499445061043291
2022-05-30	9155	9190	9110	9190	292	0.014908890115957973
2022-05-31	9215	9350	9215	9350	4524	0.017410228509249226
2022-06-02	9320	9320	9245	9255	1368	-0.010160427807486605
2022-06-03	9330	9350	9320	9330	2140	0.008103727714748876
2022-06-07	9310	9310	9180	9205	1510	-0.013397642015005373
2022-06-08	9270	9285	9200	9200	752	-0.0005431830526887449
2022-06-09	9200	9290	9200	9290	1698	0.009782608695652284
2022-06-10	9215	9245	9185	9235	3648	-0.005920344456404769
2022-06-13	9050	9060	8950	8950	2199	-0.030860855441256052
2022-06-14	8775	8955	8775	8955	912	0.0005586592178770111
2022-06-15	8955	8955	8735	8735	552	-0.024567280848687867
2022-06-16	8930	9035	8855	8875	376	0.01602747567258156
2022-06-17	8775	8815	8705	8760	107581	-0.012957746478873267
2022-06-20	8855	8855	8590	8650	20125	-0.01255707762557079
2022-06-21	8700	8770	8645	8745	2673	0.01098265895953765
2022-06-22	8690	8690	8455	8455	1122	-0.03316180674671243
2022-06-23	8415	8495	8265	8280	2120	-0.02069781194559428
2022-06-24	8295	8495	8295	8495	2859	0.02596618357487923
2022-06-27	8690	8750	8650	8720	579	0.026486168334314275
2022-06-28	8780	8785	8685	8785	309	0.0074541284403670804
2022-06-29	8690	8690	8610	8645	576	-0.015936254980079667
2022-06-30	8560	8560	8430	8430	115	-0.02486986697513016
2022-07-01	8440	8440	8240	8265	178	-0.019572953736654797
2022-07-04	8260	8260	8125	8125	500	-0.016938898971566863
2022-07-05	8280	8435	8240	8435	1749	0.038153846153846205
2022-07-06	8400	8400	8150	8170	418	-0.03141671606401897
2022-07-07	8250	8370	8245	8325	1972	0.01897184822521414
2022-07-08	8450	8490	8430	8430	326	0.012612612612612706
2022-07-11	8440	8450	8330	8330	1211	-0.011862396204033177
2022-07-12	8270	8270	8200	8235	1317	-0.01140456182472993
2022-07-13	8235	8365	8235	8360	170	0.015179113539769196
2022-07-14	8395	8395	8355	8355	216	-0.0005980861244019309
