Date	Open	High	Low	Close	Volume	Change
2021-11-24	9994	10019	9866	9916	14961	
2021-11-25	9965	9965	9836	9866	4695	-0.005042355788624442
2021-11-26	9812	9871	9678	9708	4485	-0.016014595580782442
2021-11-29	9644	9688	9584	9590	979	-0.012154923774206794
2021-11-30	9663	9663	9391	9436	2051	-0.016058394160583966
2021-12-01	9471	9644	9471	9644	327	0.022043238660449438
2021-12-02	9584	9737	9584	9733	294	0.009228535877229271
2021-12-03	9723	9836	9668	9787	863	0.0055481352101098835
2021-12-06	9698	9792	9634	9763	616	-0.0024522325533871125
2021-12-07	9762	9762	9723	9758	561	-0.0005121376626037177
2021-12-08	9886	9965	9836	9837	759	0.008095921295347308
2021-12-09	9871	9950	9871	9906	891	0.007014333638304393
2021-12-10	9861	9861	9836	9852	392	-0.005451241671714069
2021-12-13	9945	9975	9826	9827	27	-0.002537555826228166
2021-12-14	9772	9777	9698	9748	385	-0.008039076015060598
2021-12-15	9732	9737	9703	9738	81	-0.0010258514567090815
2021-12-16	9866	9866	9802	9827	162	0.009139453686588528
2021-12-17	9777	9826	9723	9792	256	-0.0035616159560394323
2021-12-20	9683	9683	9520	9540	477	-0.02573529411764708
2021-12-21	9569	9584	9505	9575	584	0.0036687631027254586
2021-12-22	9579	9579	9495	9506	79	-0.007206266318537824
2021-12-23	9535	9584	9505	9570	376	0.006732589943193812
2021-12-24	9594	9663	9594	9644	154	0.00773249738766979
2021-12-27	9634	9639	9594	9595	165	-0.005080879303193675
2021-12-28	9535	9658	9535	9659	205	0.0066701406982803135
2021-12-29	9732	9742	9648	9669	184	0.0010353038616834898
2021-12-30	9732	9732	9594	9624	691	-0.004654049022649653
2022-01-03	9668	9728	9609	9624	251	0.0
2022-01-04	9609	9619	9545	9565	441	-0.0061305070656691996
2022-01-05	9495	9495	9391	9436	223	-0.013486670151594327
2022-01-06	9362	9436	9322	9352	263	-0.008902077151335286
2022-01-07	9416	9441	9401	9422	84	0.007485029940119681
2022-01-10	9367	9367	9238	9308	285	-0.012099341965612354
2022-01-11	9367	9396	9347	9377	164	0.007412978083369159
2022-01-12	9550	9589	9550	9575	162	0.021115495360989556
2022-01-13	9624	9624	9550	9555	123	-0.002088772845952991
2022-01-14	9535	9535	9258	9303	686	-0.02637362637362639
2022-01-17	9248	9258	9070	9120	175	-0.01967107384714606
2022-01-18	9194	9209	9090	9115	97	-0.0005482456140351033
2022-01-19	8971	9085	8971	9011	83	-0.011409764125068556
2022-01-20	9129	9129	9129	9130	1	0.01320608145599822
2022-01-21	9070	9085	8966	9026	721	-0.011391018619934301
2022-01-24	8951	8966	8867	8907	256	-0.013184134721914487
2022-01-25	8734	8734	8591	8680	234	-0.025485573144717666
2022-01-26	8680	8694	8610	8616	88	-0.007373271889400956
2022-01-27	8571	8605	8269	8270	176	-0.0401578458681523
2022-01-28	8343	8541	8259	8542	629	0.03288996372430475
2022-02-03	8685	8813	8685	8700	233	0.018496839147740474
2022-02-04	8719	8749	8699	8730	25	0.0034482758620688614
2022-02-07	8729	8729	8526	8576	438	-0.017640320733104287
2022-02-08	8625	8699	8551	8581	170	0.0005830223880596286
2022-02-09	8655	8655	8596	8631	881	0.005826826710173538
2022-02-10	8680	8744	8670	8725	134	0.010890974394623942
2022-02-11	8635	8724	8625	8695	40	-0.0034383954154727503
2022-02-14	8556	8601	8507	8537	93	-0.01817136285221388
2022-02-15	8541	8561	8418	8443	300	-0.011010893756588924
2022-02-16	8610	8689	8610	8685	190	0.028662797583797195
2022-02-17	8650	8764	8586	8685	14276	0.0
2022-02-18	8601	8665	8576	8646	244	-0.004490500863557845
2022-02-21	8507	8635	8428	8631	337	-0.001734906315059015
2022-02-22	8516	8576	8477	8552	145	-0.009153052948673412
2022-02-23	8502	8526	8502	8512	129	-0.004677268475210439
2022-02-24	8353	8363	8146	8186	1511	-0.03829887218045114
2022-02-25	8269	8358	8255	8339	254	0.018690447104813046
2022-02-28	8264	8423	8230	8423	181	0.010073150257824626
2022-03-02	8334	8403	8324	8339	121	-0.009972693814555345
2022-03-03	8462	8566	8462	8552	816	0.025542631010912586
2022-03-04	8531	8531	8368	8369	620	-0.021398503274087988
2022-03-07	8190	8195	8096	8151	1040	-0.026048512367068954
2022-03-08	7978	8146	7978	8092	456	-0.007238375659428309
2022-03-10	8314	8324	8255	8324	72	0.028670291646070156
2022-03-11	8264	8264	8166	8166	21	-0.01898125901009129
2022-03-14	8225	8230	8141	8201	198	0.004286064168503634
2022-03-15	8166	8205	8151	8166	83	-0.004267772222899646
2022-03-16	8230	8294	8185	8295	4080	0.015797207935341673
2022-03-17	8497	8581	8482	8517	30671	0.026763110307414184
2022-03-18	8507	8556	8507	8557	112	0.004696489374192758
2022-03-21	8586	8586	8432	8448	637	-0.012738109150403187
2022-03-22	8383	8457	8383	8453	58	0.0005918560606059664
2022-03-23	8502	8566	8477	8542	520	0.010528806340944108
2022-03-24	8477	8502	8398	8502	129	-0.004682744088035595
2022-03-25	8482	8482	8442	8453	70	-0.005763349800047002
2022-03-28	8363	8447	8339	8433	75	-0.002366023896841374
2022-03-29	8512	8541	8457	8507	258	0.008775050397248796
2022-03-30	8620	8660	8610	8650	543	0.01680968614082512
2022-03-31	8645	8685	8640	8675	400	0.0028901734104045396
2022-04-01	8630	8630	8546	8557	79	-0.01360230547550434
2022-04-04	8512	8591	8502	8591	1220	0.003973355147832258
2022-04-05	8620	8640	8596	8641	221	0.0058200442323361745
2022-04-06	8526	8591	8526	8586	738	-0.006365004050457146
2022-04-07	8482	8482	8432	8448	324	-0.01607267645003496
2022-04-08	8452	8452	8339	8384	53	-0.007575757575757569
2022-04-11	8363	8363	8319	8319	116	-0.0077528625954198516
2022-04-12	8259	8324	8225	8270	161	-0.005890131025363621
2022-04-13	8363	8363	8363	8364	60	0.011366384522369932
2022-04-14	8393	8437	8353	8408	61	0.005260640841702635
2022-04-15	8319	8378	8279	8334	57	-0.008801141769743115
2022-04-18	8264	8314	8264	8290	75	-0.005279577633789279
2022-04-19	8378	8418	8373	8413	157	0.014837153196622488
2022-04-20	8398	8432	8353	8398	58	-0.0017829549506716003
2022-04-21	8437	8457	8408	8408	59	0.001190759704691624
2022-04-22	8314	8314	8245	8265	2294	-0.01700761179828736
2022-04-25	8146	8200	8116	8166	382	-0.011978221415608004
2022-04-26	8235	8334	8235	8285	203	0.014572618172912
2022-04-27	8136	8255	8136	8255	167	-0.0036210018105009567
2022-04-28	8310	8375	8285	8370	57	0.013930950938825015
2022-04-29	8395	8515	8395	8515	84	0.01732377538829155
2022-05-02	8440	8445	8415	8435	89	-0.009395184967704084
2022-05-03	8445	8495	8445	8450	77	0.001778304682868992
2022-05-04	8480	8480	8340	8375	2279	-0.00887573964497046
2022-05-06	8280	8305	8260	8295	122	-0.009552238805970115
2022-05-09	8255	8275	8175	8190	55	-0.012658227848101222
2022-05-10	8105	8210	8050	8210	108	0.0024420024420024333
2022-05-11	8155	8270	8150	8250	50	0.004872107186357999
2022-05-12	8185	8205	8060	8065	59	-0.022424242424242458
2022-05-13	8090	8155	8090	8155	109	0.011159330440173587
2022-05-16	8185	8185	8100	8100	31	-0.006744328632740659
2022-05-17	8120	8165	8105	8155	74	0.006790123456790198
2022-05-18	8220	8245	8155	8215	130	0.0073574494175352445
2022-05-19	8045	8110	8025	8090	52	-0.015216068167985375
2022-05-20	8090	8265	8090	8255	719	0.020395550061804713
2022-05-23	8320	8345	8275	8315	51	0.00726832222895224
2022-05-24	8255	8255	8115	8115	844	-0.0240529164161154
2022-05-25	8170	8235	8135	8190	67	0.009242144177449063
2022-05-26	8200	8245	8095	8115	171	-0.009157509157509125
2022-05-27	8250	8260	8195	8235	209	0.014787430683918634
2022-05-30	8285	8315	8225	8305	50	0.00850030358227083
2022-05-31	8335	8450	8290	8450	123	0.017459361830222786
2022-06-02	8335	8360	8305	8335	147	-0.013609467455621305
2022-06-03	8400	8405	8395	8395	1008	0.007198560287942302
2022-06-07	8250	8250	8125	8135	184	-0.030970815961882114
2022-06-08	8200	8275	8190	8215	53	0.009834050399508243
2022-06-09	8185	8190	8115	8190	85	-0.0030432136335970528
2022-06-10	8130	8145	8095	8145	72	-0.005494505494505475
2022-06-13	7910	7910	7835	7840	78	-0.03744628606507061
2022-06-14	7790	7790	7700	7785	34	-0.007015306122448939
2022-06-15	7780	7780	7625	7660	60	-0.016056518946692355
2022-06-16	7815	7880	7705	7725	622	0.008485639686684143
2022-06-17	7525	7685	7525	7685	252	-0.00517799352750814
2022-06-20	7715	7715	7550	7625	168	-0.007807417046193921
2022-06-21	7660	7710	7600	7675	50	0.006557377049180246
2022-06-22	7680	7680	7530	7530	113	-0.01889250814332244
2022-06-23	7540	7635	7485	7520	62	-0.0013280212483399723
2022-06-24	7580	7755	7570	7735	50	0.02859042553191493
2022-06-27	7805	7925	7760	7855	77	0.015513897866838988
2022-06-28	7900	7975	7850	7975	113	0.015276893698281446
2022-06-29	7825	7840	7735	7760	170	-0.026959247648902784
2022-06-30	7750	7780	7650	7650	120	-0.014175257731958713
2022-07-01	7720	7720	7460	7510	203	-0.018300653594771288
2022-07-04	7485	7585	7475	7545	267	0.0046604527296938425
2022-07-05	7570	7720	7570	7700	79	0.02054340622929085
2022-07-06	7715	7780	7640	7660	52	-0.0051948051948051965
2022-07-07	7725	7800	7705	7765	57	0.013707571801566676
2022-07-08	7875	7875	7800	7820	66	0.007083065035415226
2022-07-11	7820	7840	7760	7760	151	-0.007672634271099765
2022-07-12	7760	7760	7690	7750	69	-0.0012886597938144284
2022-07-13	7780	7840	7775	7800	50	0.006451612903225712
2022-07-14	7780	7870	7765	7825	55	0.0032051282051281937
