Date	Open	High	Low	Close	Volume	Change
2021-12-15	9535	9580	9405	9425	161051	
2021-12-16	9530	9635	9510	9545	53094	0.012732095490716189
2021-12-17	9545	9590	9490	9540	35906	-0.0005238344683080598
2021-12-20	9525	9635	9525	9560	3916	0.002096436058700135
2021-12-21	9550	9575	9380	9495	7718	-0.0067991631799163565
2021-12-22	9535	9650	9535	9550	62176	0.005792522380200005
2021-12-23	9730	9740	9570	9585	2899	0.003664921465968529
2021-12-24	9615	9760	9575	9705	26945	0.012519561815336422
2021-12-27	9695	9775	9600	9760	4688	0.005667181865018023
2021-12-28	9795	10185	9760	10095	44683	0.03432377049180335
2021-12-29	10120	10225	9840	10005	25204	-0.008915304606240682
2021-12-30	10005	10045	9850	10030	6895	0.002498750624687629
2022-01-03	10035	10150	9950	9990	11256	-0.003988035892322994
2022-01-04	9965	9965	9600	9600	14601	-0.03903903903903905
2022-01-05	9595	9595	9170	9260	31620	-0.03541666666666665
2022-01-06	9100	9100	8750	8750	6385	-0.05507559395248385
2022-01-07	8885	8955	8840	8920	5650	0.01942857142857135
2022-01-10	8775	8775	8620	8720	1423	-0.022421524663677084
2022-01-11	8720	8720	8400	8450	11155	-0.03096330275229353
2022-01-12	8510	8710	8510	8670	1199	0.026035502958579926
2022-01-13	8790	8790	8600	8620	1079	-0.005767012687427964
2022-01-14	8495	8495	8330	8350	4616	-0.03132250580046403
2022-01-17	8350	8535	8350	8455	175	0.012574850299401197
2022-01-18	8500	8500	8300	8345	595	-0.013010053222945017
2022-01-19	8320	8320	8160	8255	471	-0.010784901138406244
2022-01-20	8280	8445	8280	8445	59	0.023016353725015204
2022-01-21	8450	8500	8310	8365	957	-0.009473060982830073
2022-01-24	8385	8385	8070	8185	251	-0.021518230723251652
2022-01-25	8110	8135	7980	8000	541	-0.022602321319486918
2022-01-26	8000	8000	7680	7790	2827	-0.026249999999999996
2022-01-27	8055	8055	7390	7460	5465	-0.042362002567394086
2022-01-28	7550	7615	7325	7580	1155	0.01608579088471851
2022-02-03	7700	7770	7520	7625	993	0.00593667546174137
2022-02-04	7665	7885	7650	7885	860	0.03409836065573768
2022-02-07	7870	7915	7855	7855	228	-0.0038046924540265925
2022-02-08	7890	8000	7880	7945	559	0.01145767027371103
2022-02-09	8000	8000	7995	8000	71	0.006922592825676421
2022-02-10	8075	8095	7920	7920	138	-0.010000000000000009
2022-02-11	7875	7910	7755	7785	144	-0.017045454545454586
2022-02-14	7660	7730	7650	7665	168	-0.015414258188824692
2022-02-15	7735	7735	7320	7595	198	-0.0091324200913242
2022-02-16	7595	7895	7595	7825	1285	0.030283080974325305
2022-02-17	7905	7985	7730	7905	330	0.010223642172523917
2022-02-18	7810	7935	7810	7920	182	0.00189753320683117
2022-02-21	7830	8100	7830	8100	2256	0.022727272727272707
2022-02-22	8070	8070	7990	8030	21903	-0.00864197530864197
2022-02-23	8120	8120	8040	8110	925	0.00996264009962644
2022-02-24	8075	8115	7680	7950	30416	-0.019728729963008673
2022-02-25	8105	8110	7955	8110	1351	0.020125786163522008
2022-02-28	8120	8245	8110	8245	684	0.016646115906288506
2022-03-02	8250	8410	8250	8410	993	0.02001212856276524
2022-03-03	8410	8440	8355	8370	787	-0.0047562425683710385
2022-03-04	8400	8400	8295	8360	535	-0.0011947431302270495
2022-03-07	8250	8270	7810	8245	652	-0.013755980861243966
2022-03-08	8140	8265	8090	8195	148	-0.006064281382656134
2022-03-10	8355	8430	8250	8395	389	0.02440512507626602
2022-03-11	8465	8525	8465	8510	1646	0.013698630136986356
2022-03-14	8535	8535	8320	8345	1532	-0.019388954171562833
2022-03-15	8340	8410	8325	8350	53161	0.0005991611743558778
2022-03-16	8445	8445	8305	8415	551	0.007784431137724646
2022-03-17	8525	8525	8465	8515	109	0.011883541295306
2022-03-18	8525	8595	8405	8595	69240	0.009395184967704084
2022-03-21	8610	8610	8425	8505	763	-0.010471204188481686
2022-03-22	8590	8690	8485	8690	241	0.02175191064079951
2022-03-23	8705	8730	8655	8700	179	0.0011507479861909697
2022-03-24	8655	8715	8565	8715	367	0.0017241379310344307
2022-03-25	8765	8765	8675	8750	904	0.004016064257028162
2022-03-28	8705	8705	8560	8560	930	-0.021714285714285686
2022-03-29	8645	8645	8605	8635	378	0.008761682242990565
2022-03-30	8695	8810	8695	8715	2246	0.00926462072958878
2022-03-31	8745	8820	8745	8810	2080	0.010900745840504822
2022-04-01	8755	8915	8755	8915	2363	0.01191827468785478
2022-04-04	8965	8965	8830	8875	2542	-0.0044868199663488095
2022-04-05	8855	8855	8775	8785	1868	-0.010140845070422566
2022-04-06	8750	8765	8700	8750	3112	-0.003984063745019917
2022-04-07	8690	8690	8515	8540	561	-0.02400000000000002
2022-04-08	8590	8590	8450	8530	1839	-0.0011709601873536313
2022-04-11	8620	8620	8470	8500	843	-0.003516998827667095
2022-04-12	8440	8440	8310	8375	401	-0.014705882352941124
2022-04-13	8390	8450	8345	8425	1322	0.005970149253731405
2022-04-14	8480	8480	8385	8415	1262	-0.001186943620178016
2022-04-15	8360	8490	8360	8480	269	0.007724301841948833
2022-04-18	8445	8445	8215	8225	377	-0.030070754716981174
2022-04-19	8275	8295	8200	8295	1844	0.008510638297872353
2022-04-20	8270	8275	8120	8190	1093	-0.012658227848101222
2022-04-21	8215	8225	8135	8165	1449	-0.0030525030525030417
2022-04-22	8100	8100	7990	8035	5426	-0.015921616656460524
2022-04-25	8435	8435	7885	7885	178	-0.01866832607342872
2022-04-26	7910	8050	7910	7995	2379	0.013950538998097617
2022-04-27	7890	7890	7720	7750	13546	-0.03064415259537212
2022-04-28	8040	8040	7760	7825	4849	0.00967741935483879
2022-04-29	7850	7900	7845	7895	19	0.008945686900958538
2022-05-02	7800	7810	7735	7805	412	-0.011399620012666256
2022-05-03	7880	7970	7880	7940	3136	0.017296604740550947
2022-05-04	7940	7940	7820	7825	528	-0.01448362720403018
2022-05-06	7700	7715	7580	7645	3324	-0.023003194888178924
2022-05-09	7575	7575	7340	7375	428	-0.0353172007848267
2022-05-10	7285	7330	7095	7325	3115	-0.006779661016949157
2022-05-11	7310	7430	7310	7430	628	0.014334470989761039
2022-05-12	7305	7305	7125	7125	485	-0.04104979811574694
2022-05-13	7155	7235	7155	7225	10389	0.01403508771929829
2022-05-16	7265	7330	7225	7225	10129	0.0
2022-05-17	7290	7320	7290	7320	121	0.01314878892733562
2022-05-18	7385	7395	7365	7365	234	0.006147540983606481
2022-05-19	7190	7255	7180	7255	10124	-0.014935505770536373
2022-05-20	7295	7500	7295	7500	114	0.03376981392143352
2022-05-23	7455	7455	7405	7455	541	-0.006000000000000005
2022-05-24	7435	7435	7345	7375	105	-0.010731052984574108
2022-05-25	7380	7470	7350	7450	271	0.01016949152542379
2022-05-26	7475	7575	7450	7460	127	0.0013422818791946067
2022-05-27	7620	7620	7515	7515	577	0.007372654155495928
2022-05-30	7585	7640	7585	7640	153	0.016633399866932796
2022-05-31	7615	7665	7615	7665	662	0.00327225130890052
2022-06-02	7610	7615	7525	7570	111	-0.012393998695368613
2022-06-03	7620	7635	7595	7595	736	0.0033025099075296716
2022-06-07	7565	7565	7430	7430	308	-0.02172481895984202
2022-06-08	7465	7620	7465	7580	56	0.020188425302826385
2022-06-09	7555	7630	7500	7630	322	0.006596306068601621
2022-06-10	7560	7595	7525	7560	10241	-0.00917431192660545
2022-06-13	7395	7395	7230	7230	628	-0.04365079365079361
2022-06-14	7105	7125	6930	7055	2473	-0.024204702627939167
2022-06-15	7050	7050	6805	6850	10936	-0.029057406094968097
2022-06-16	6865	6980	6865	6885	10562	0.005109489051094984
2022-06-17	6755	6810	6720	6810	5229	-0.01089324618736387
2022-06-20	6895	6895	6640	6715	610	-0.013950073421439058
2022-06-21	6780	6835	6780	6830	23	0.017125837676842837
2022-06-22	6860	6860	6510	6510	827	-0.04685212298682284
2022-06-23	6500	6560	6335	6335	1481	-0.026881720430107503
2022-06-24	6385	6625	6385	6625	1105	0.04577742699289655
2022-06-27	6665	6720	6610	6660	101	0.005283018867924483
2022-06-28	6650	6650	6515	6575	149	-0.01276276276276278
2022-06-29	6470	6470	6380	6450	12390	-0.019011406844106515
2022-06-30	6450	6450	6270	6270	1185	-0.027906976744186074
2022-07-01	6325	6355	6160	6190	15347	-0.012759170653907526
2022-07-04	6230	6305	6155	6245	1622	0.008885298869143687
2022-07-05	6275	6385	6275	6360	4	0.018414731785428406
2022-07-06	6360	6540	6360	6450	24173	0.014150943396226356
2022-07-07	6450	6505	6450	6505	13	0.00852713178294584
2022-07-08	6570	6620	6520	6560	78	0.008455034588777943
2022-07-11	6560	6630	6560	6560	5022	0.0
2022-07-12	6535	6535	6435	6495	29606	-0.009908536585365835
2022-07-13	6525	6660	6525	6630	18	0.020785219399538146
2022-07-14	6605	6750	6605	6710	405	0.012066365007541435
