Date	Open	High	Low	Close	Volume	Change
2021-12-22	10165	10180	10140	10175	172370	
2021-12-23	10275	10275	10245	10260	118657	0.00835380835380839
2021-12-24	10340	10355	10260	10320	135464	0.005847953216374213
2021-12-27	11085	11085	10305	10310	100743	-0.0009689922480620172
2021-12-28	10470	10470	10395	10460	73662	0.014548981571290032
2021-12-29	10420	10420	10350	10375	102296	-0.008126195028680727
2021-12-30	10340	10340	10245	10330	35715	-0.00433734939759034
2022-01-03	10550	10550	10290	10310	140988	-0.0019361084220715918
2022-01-04	10370	10375	10320	10335	289617	0.002424830261881672
2022-01-05	10220	10300	10115	10115	147715	-0.021286889211417526
2022-01-06	9900	9920	9770	9795	149524	-0.03163618388531886
2022-01-07	9800	9925	9800	9875	125991	0.008167432363450633
2022-01-10	9790	9815	9705	9750	167316	-0.012658227848101222
2022-01-11	9750	9750	9695	9700	165926	-0.00512820512820511
2022-01-12	9790	9835	9745	9820	230742	0.012371134020618513
2022-01-13	9990	10010	9775	9800	183323	-0.0020366598778004397
2022-01-14	9700	9700	9525	9560	433607	-0.024489795918367308
2022-01-17	9620	9650	9620	9625	396304	0.0067991631799162455
2022-01-18	9630	9735	9540	9560	447880	-0.006753246753246733
2022-01-19	9500	9500	9275	9275	534719	-0.029811715481171563
2022-01-20	9555	9555	9230	9300	524595	0.0026954177897573484
2022-01-21	9100	9100	8965	9040	494338	-0.027956989247311825
2022-01-24	8925	8950	8900	8940	516577	-0.011061946902654829
2022-01-25	8940	8940	8715	8760	504753	-0.020134228187919434
2022-01-26	8760	8760	8500	8675	556348	-0.009703196347031984
2022-01-27	8775	8775	8425	8485	520327	-0.021902017291066334
2022-01-28	8480	8585	8480	8585	604466	0.011785503830288757
2022-02-03	9100	9100	8930	8955	322608	0.043098427489807856
2022-02-04	8955	8965	8690	8865	275163	-0.01005025125628145
2022-02-07	8810	8870	8790	8850	322628	-0.0016920473773265332
2022-02-08	8840	8840	8760	8790	296577	-0.006779661016949157
2022-02-09	8925	8935	8860	8935	337392	0.016496018202502905
2022-02-10	9200	9200	9120	9150	324577	0.02406267487409064
2022-02-11	9135	9135	8875	8950	250175	-0.021857923497267784
2022-02-14	8760	8765	8620	8650	282035	-0.03351955307262566
2022-02-15	8660	8670	8570	8620	101308	-0.003468208092485603
2022-02-16	8875	8875	8830	8860	4738	0.0278422273781902
2022-02-17	8860	8955	8715	8765	356671	-0.010722347629796847
2022-02-18	8515	8565	8455	8530	264417	-0.02681118083285794
2022-02-21	8530	8530	8205	8360	241182	-0.01992966002344665
2022-02-22	8355	8355	8075	8145	16860	-0.02571770334928225
2022-02-23	8285	8300	8240	8300	246934	0.01903007980356053
2022-02-24	8180	8180	7860	7915	176772	-0.04638554216867474
2022-02-25	8000	8385	8000	8365	228606	0.05685407454200875
2022-02-28	8365	8380	8260	8350	230972	-0.0017931858936043321
2022-03-02	8590	8590	8345	8420	3664	0.008383233532934131
2022-03-03	8500	8500	8445	8480	1938	0.0071258907363420665
2022-03-04	8595	8595	7860	8330	201132	-0.017688679245283057
2022-03-07	8355	8355	7980	8060	232483	-0.032412965186074394
2022-03-08	7900	7970	7865	7970	227921	-0.011166253101737023
2022-03-10	7970	8190	7970	8190	3483	0.027603513174403904
2022-03-11	8195	8195	8010	8090	3236	-0.012210012210012167
2022-03-14	8090	8090	7895	7955	180301	-0.016687268232385644
2022-03-15	7790	7815	7740	7775	2312	-0.022627278441231913
2022-03-16	8020	8075	7980	8065	191442	0.03729903536977486
2022-03-17	8340	8345	8230	8260	219251	0.024178549287042772
2022-03-18	8350	8350	8150	8235	201055	-0.003026634382566562
2022-03-21	8235	8470	8235	8430	251983	0.023679417122040025
2022-03-22	8430	8500	8420	8500	248159	0.008303677342823335
2022-03-23	8625	8635	8585	8635	261172	0.01588235294117646
2022-03-24	8580	8580	8520	8570	1498	-0.007527504342790925
2022-03-25	8825	8825	8620	8775	194740	0.02392065344224048
2022-03-28	8775	8775	8650	8675	169718	-0.01139601139601143
2022-03-29	8855	8855	8680	8835	182489	0.018443804034582234
2022-03-30	8855	8965	8855	8950	223535	0.013016411997736288
2022-03-31	8815	8975	8800	8975	184813	0.0027932960893854997
2022-04-01	8975	8975	8475	8770	3066	-0.022841225626740957
2022-04-04	8620	8670	8420	8670	6273	-0.011402508551881407
2022-04-05	8675	8790	8675	8770	4309	0.011534025374855927
2022-04-06	8770	8770	8515	8545	19640	-0.025655644241733166
2022-04-07	8500	8500	8205	8235	2681	-0.036278525453481536
2022-04-08	8460	8460	7950	8325	3664	0.010928961748633892
2022-04-11	8280	8280	8075	8160	2595	-0.01981981981981984
2022-04-12	8135	8135	7905	8025	3234	-0.016544117647058876
2022-04-13	8000	8060	7985	8060	1949	0.004361370716510882
2022-04-14	8070	8145	8070	8115	6623	0.006823821339950298
2022-04-15	8020	8020	7900	7965	3568	-0.01848428835489835
2022-04-18	7960	7980	7740	7980	2857	0.0018832391713747842
2022-04-19	8170	8170	7945	7950	2239	-0.003759398496240629
2022-04-20	8055	8055	7985	8015	1155	0.008176100628930927
2022-04-21	8015	8015	7710	7985	4501	-0.0037429819089207506
2022-04-22	7980	7980	7650	7700	3877	-0.03569192235441454
2022-04-25	7695	7695	7510	7575	1689	-0.016233766233766267
2022-04-26	7630	7725	7600	7725	2007	0.01980198019801982
2022-04-27	7730	7730	7415	7520	11207	-0.026537216828478982
2022-04-28	7630	7640	7320	7640	4305	0.015957446808510634
2022-04-29	7780	7835	7700	7795	10109	0.020287958115183136
2022-05-02	7800	7800	7515	7605	1115	-0.02437459910198847
2022-05-03	7845	7845	7690	7715	819	0.014464168310322156
2022-05-04	7720	7730	7695	7725	411	0.0012961762799741372
2022-05-06	7690	7690	7530	7545	1299	-0.023300970873786353
2022-05-09	7770	7770	7220	7220	17766	-0.04307488402915838
2022-05-10	6890	7205	6890	7205	20234	-0.0020775623268698418
2022-05-11	6880	7200	6880	7190	1286	-0.002081887578070818
2022-05-12	7070	7070	6930	6930	2879	-0.03616133518776077
2022-05-13	6615	7115	6615	7115	5113	0.02669552669552666
2022-05-16	7075	7295	7075	7230	12284	0.016163035839775075
2022-05-17	7160	7190	7125	7190	526	-0.0055325034578146415
2022-05-18	7245	7255	7200	7225	3550	0.004867872044506338
2022-05-19	7055	7055	6830	6985	5606	-0.03321799307958473
2022-05-20	7055	7100	6865	7080	11367	0.013600572655690701
2022-05-23	7165	7165	7055	7080	734	0.0
2022-05-24	7040	7040	6890	7005	2542	-0.010593220338983023
2022-05-25	6995	6995	6750	6750	8076	-0.036402569593147804
2022-05-26	6760	6850	6760	6785	1675	0.005185185185185182
2022-05-27	6985	7065	6970	6970	3009	0.02726602800294775
2022-05-30	7175	7300	7100	7100	12758	0.01865136298421799
2022-05-31	7400	7400	7150	7225	1787	0.01760563380281699
2022-06-02	7225	7225	7040	7150	553	-0.01038062283737029
2022-06-03	7280	7345	7230	7345	363	0.027272727272727337
2022-06-07	7375	7375	7155	7235	559	-0.01497617426820963
2022-06-08	7270	7275	7190	7245	304	0.0013821700069107656
2022-06-09	7245	7245	7105	7180	2859	-0.00897170462387853
2022-06-10	7020	7060	7010	7060	808	-0.01671309192200554
2022-06-13	6935	6950	6570	6570	10611	-0.06940509915014159
2022-06-14	6650	6650	6495	6525	6592	-0.006849315068493178
2022-06-15	6525	6545	6455	6495	1657	-0.0045977011494252595
2022-06-16	6600	6655	6600	6605	2765	0.016936104695919996
2022-06-17	6560	6560	6255	6340	4491	-0.04012112036336113
2022-06-20	6455	6460	6370	6385	4977	0.007097791798107211
2022-06-21	6500	6570	6450	6570	1481	0.028974158183241894
2022-06-22	6715	6715	6465	6465	2494	-0.01598173515981738
2022-06-23	6430	6620	6430	6605	1051	0.021655065738592327
2022-06-24	6685	6790	6685	6770	3342	0.02498107494322488
2022-06-27	6980	7020	6870	6955	4390	0.02732644017725261
2022-06-28	6955	6955	6845	6900	569	-0.00790797987059666
2022-06-29	6850	6850	6645	6690	2388	-0.0304347826086957
2022-06-30	6680	6680	6585	6620	1765	-0.010463378176382654
2022-07-01	6510	6550	6365	6550	5436	-0.010574018126888185
2022-07-04	6550	6550	6350	6395	850	-0.023664122137404542
2022-07-05	6460	6500	6445	6500	1465	0.016419077404222104
2022-07-06	6510	6660	6510	6615	1710	0.017692307692307674
2022-07-07	6615	6680	6615	6650	408	0.005291005291005346
2022-07-08	6700	6840	6700	6830	1894	0.02706766917293235
2022-07-11	6830	6860	6655	6795	4210	-0.00512445095168379
2022-07-12	6745	6745	6640	6695	797	-0.014716703458425351
2022-07-13	6660	6725	6560	6725	1202	0.004480955937266717
2022-07-14	6555	6590	6540	6590	617	-0.02007434944237918
