Date	Open	High	Low	Close	Volume	Change
2021-12-22	10010	10175	9970	10070	10750632	
2021-12-23	10215	10230	10160	10165	5090758	0.009433962264151052
2021-12-24	10300	10305	10270	10295	3250298	0.012788981800295085
2021-12-27	10315	10315	10260	10265	2730130	-0.0029140359397765714
2021-12-28	10465	10465	10360	10465	4411741	0.019483682415976533
2021-12-29	10420	10420	10345	10370	4811891	-0.00907787864309606
2021-12-30	10280	10300	10230	10300	4058137	-0.0067502410800385215
2022-01-03	10320	10345	10300	10340	3846085	0.003883495145631022
2022-01-04	10345	10355	10310	10340	5646816	0.0
2022-01-05	10195	10195	10130	10130	5148615	-0.02030947775628622
2022-01-06	9810	9825	9675	9740	5949043	-0.038499506416584395
2022-01-07	9820	9865	9765	9770	5447708	0.0030800821355236874
2022-01-10	9650	9670	9585	9650	3252147	-0.0122824974411464
2022-01-11	9615	9615	9540	9545	3752097	-0.010880829015543991
2022-01-12	9650	9735	9635	9725	4068038	0.0188580408590886
2022-01-13	9745	9745	9635	9655	2681426	-0.007197943444730126
2022-01-14	9375	9390	9310	9365	6789509	-0.03003625064733295
2022-01-17	9380	9430	9380	9430	2243369	0.0069407367859049
2022-01-18	9430	9465	9325	9325	3057518	-0.011134676564156898
2022-01-19	9225	9270	9075	9110	3154130	-0.023056300268096463
2022-01-20	9100	9220	9075	9210	2536537	0.010976948408342402
2022-01-21	9080	9080	8890	8940	3081666	-0.02931596091205213
2022-01-24	8840	8900	8840	8895	1886238	-0.005033557046979831
2022-01-25	8860	8860	8635	8690	2809290	-0.023046655424395768
2022-01-26	8615	8660	8565	8660	2226183	-0.0034522439585730202
2022-01-27	8660	8660	8355	8430	2557278	-0.026558891454965372
2022-01-28	8420	8535	8420	8510	2157275	0.009489916963226541
2022-02-03	8655	8900	8655	8855	743134	0.04054054054054057
2022-02-04	8680	8880	8680	8855	1217581	0.0
2022-02-07	8890	8910	8805	8890	614050	0.0039525691699604515
2022-02-08	8890	8890	8740	8780	820285	-0.01237345331833517
2022-02-09	8870	8905	8845	8905	950191	0.014236902050113853
2022-02-10	9010	9120	9010	9100	898258	0.021897810218978186
2022-02-11	8995	8995	8820	8825	1025969	-0.030219780219780223
2022-02-14	8655	8700	8620	8620	444347	-0.02322946175637397
2022-02-15	8635	8695	8620	8690	784175	0.008120649651972123
2022-02-16	8890	8890	8830	8865	704130	0.02013808975834297
2022-02-17	8875	8875	8710	8750	789791	-0.012972363226170347
2022-02-18	8600	8640	8535	8640	529999	-0.012571428571428567
2022-02-21	8390	8475	8300	8470	201884	-0.01967592592592593
2022-02-22	8295	8295	8130	8170	318355	-0.0354191263282172
2022-02-23	8190	8375	8190	8370	494283	0.02447980416156681
2022-02-24	8175	8175	7925	8010	493450	-0.043010752688172005
2022-02-25	8400	8435	8350	8405	280576	0.049313358302122356
2022-02-28	8420	8420	8305	8365	361382	-0.004759071980963703
2022-03-02	8365	8510	8365	8475	231702	0.013150029886431547
2022-03-03	8585	8600	8470	8510	120955	0.004129793510324387
2022-03-04	8400	8400	8160	8330	202075	-0.021151586368977626
2022-03-07	8125	8125	7990	8065	714867	-0.031812725090035965
2022-03-08	7880	7955	7830	7875	489660	-0.023558586484810906
2022-03-10	8120	8215	8095	8200	365570	0.041269841269841345
2022-03-11	8045	8070	7975	8060	594239	-0.017073170731707332
2022-03-14	8050	8050	7880	7940	270779	-0.01488833746898266
2022-03-15	7890	7890	7690	7760	320617	-0.02267002518891692
2022-03-16	7915	8035	7860	8025	435619	0.034149484536082575
2022-03-17	8240	8325	8205	8220	383590	0.024299065420560817
2022-03-18	8345	8345	8160	8190	382329	-0.0036496350364964014
2022-03-21	8355	8445	8355	8415	457359	0.027472527472527375
2022-03-22	8360	8470	8360	8470	413435	0.006535947712418277
2022-03-23	8585	8605	8565	8575	456554	0.012396694214876103
2022-03-24	8520	8575	8500	8570	396533	-0.0005830903790087216
2022-03-25	8645	8730	8645	8690	351473	0.014002333722286986
2022-03-28	8690	8690	8580	8595	380472	-0.010932105868814768
2022-03-29	8695	8725	8600	8725	387398	0.015125072716695831
2022-03-30	8800	8865	8780	8850	382866	0.014326647564469885
2022-03-31	8790	8790	8705	8765	264593	-0.009604519774011333
2022-04-01	8650	8650	8560	8605	302904	-0.01825442099258412
2022-04-04	8600	8600	8520	8600	453301	-0.0005810575246949501
2022-04-05	8715	8770	8715	8750	344720	0.01744186046511631
2022-04-06	8600	8600	8490	8530	357125	-0.025142857142857133
2022-04-07	8300	8300	8200	8250	352225	-0.03282532239155922
2022-04-08	8255	8310	8245	8310	267238	0.0072727272727273196
2022-04-11	8135	8160	8070	8115	334508	-0.023465703971119134
2022-04-12	8100	8100	7955	8000	344904	-0.014171287738755423
2022-04-13	7960	8075	7960	8060	429469	0.007500000000000062
2022-04-14	8300	8300	8090	8145	287263	0.010545905707195935
2022-04-15	8090	8090	7920	7985	354876	-0.019643953345610754
2022-04-18	7925	7925	7810	7895	331002	-0.011271133375078235
2022-04-19	7985	7985	7900	7950	203370	0.006966434452184922
2022-04-20	7985	8015	7960	7960	272276	0.0012578616352201255
2022-04-21	7960	7960	7500	7870	349857	-0.011306532663316604
2022-04-22	7830	7830	7565	7635	415544	-0.02986022871664551
2022-04-25	7400	7480	7385	7400	393089	-0.0307793058284217
2022-04-26	7500	7630	7500	7585	307268	0.02499999999999991
2022-04-27	7305	7495	7305	7495	355006	-0.011865524060646004
2022-04-28	7495	7565	7305	7530	153534	0.004669779853235578
2022-04-29	7595	7725	7595	7690	185426	0.021248339973439556
2022-05-02	7540	7545	7440	7545	353867	-0.01885565669700906
2022-05-03	7560	7665	7560	7635	329370	0.011928429423459175
2022-05-04	7640	7640	7530	7580	334886	-0.007203667321545537
2022-05-06	7400	7430	7300	7360	445031	-0.02902374670184693
2022-05-09	7330	7330	7060	7075	331195	-0.03872282608695654
2022-05-10	6710	6900	6710	6900	201117	-0.02473498233215543
2022-05-11	6810	6915	6780	6900	324599	0.0
2022-05-12	6830	6830	6645	6660	280781	-0.034782608695652195
2022-05-13	6660	6815	6660	6800	102364	0.021021021021021102
2022-05-16	6915	7065	6915	6995	457011	0.028676470588235192
2022-05-17	6990	6990	6835	6965	171280	-0.0042887776983560055
2022-05-18	6995	7055	6990	7005	94345	0.005743000717875146
2022-05-19	6835	6835	6710	6765	180259	-0.03426124197002145
2022-05-20	6795	6950	6795	6950	229839	0.02734663710273466
2022-05-23	6950	6950	6875	6905	309733	-0.006474820143884896
2022-05-24	6730	6730	6650	6685	138631	-0.031860970311368586
2022-05-25	6650	6690	6520	6585	140007	-0.014958863126402377
2022-05-26	6610	6645	6590	6610	104127	0.0037965072133636646
2022-05-27	6775	6810	6745	6775	112484	0.024962178517397904
2022-05-30	6975	7090	6975	7090	145471	0.04649446494464948
2022-05-31	7090	7090	6960	7015	100118	-0.010578279266572621
2022-06-02	7015	7015	6830	6885	104084	-0.018531717747683585
2022-06-03	7025	7125	7025	7115	70263	0.03340595497458243
2022-06-07	7115	7115	6970	7020	80391	-0.013352073085031613
2022-06-08	7050	7115	7050	7090	34968	0.009971509971509862
2022-06-09	7105	7120	7050	7065	54472	-0.0035260930888575404
2022-06-10	6995	6995	6900	6990	116215	-0.010615711252653925
2022-06-13	6605	7025	6560	6560	151124	-0.061516452074391936
2022-06-14	6365	6510	6310	6510	232943	-0.007621951219512146
2022-06-15	6470	6470	6425	6455	128405	-0.008448540706605168
2022-06-16	6510	6620	6500	6525	222773	0.010844306738962084
2022-06-17	6325	6380	6270	6290	114024	-0.03601532567049803
2022-06-20	6295	6440	6295	6400	225533	0.01748807631160565
2022-06-21	6450	6495	6400	6465	128472	0.010156250000000089
2022-06-22	6510	6540	6390	6415	116633	-0.007733952049497339
2022-06-23	6415	6520	6415	6475	81129	0.009353078721745955
2022-06-24	6585	6710	6585	6700	75259	0.03474903474903468
2022-06-27	6875	6880	6795	6835	135840	0.020149253731343242
2022-06-28	6760	6835	6720	6835	43005	0.0
2022-06-29	6625	6625	6570	6605	59806	-0.033650329188002925
2022-06-30	6605	6605	6465	6515	101290	-0.01362604087812258
2022-07-01	6575	6575	6335	6355	151142	-0.024558710667689998
2022-07-04	6355	6450	6355	6425	39124	0.011014948859165985
2022-07-05	6445	6520	6445	6495	56359	0.010894941634241206
2022-07-06	6670	6675	6580	6615	81825	0.018475750577367167
2022-07-07	6590	6670	6590	6645	70022	0.0045351473922903285
2022-07-08	6800	6805	6755	6755	151673	0.016553799849510886
2022-07-11	6895	6895	6695	6720	53107	-0.005181347150259086
2022-07-12	6665	6690	6610	6650	58388	-0.01041666666666663
2022-07-13	6575	6610	6560	6595	66421	-0.008270676691729317
2022-07-14	6535	6540	6460	6525	35258	-0.010614101592115288
