Date	Open	High	Low	Close	Volume	Change
2022-01-13	9945	9965	9700	9740	1885771	
2022-01-14	9690	9800	9620	9800	911866	0.006160164271047153
2022-01-17	9800	10065	9800	10045	793489	0.02499999999999991
2022-01-18	10060	10210	9970	10090	784889	0.004479840716774541
2022-01-19	10050	10090	9860	9920	633505	-0.01684836471754214
2022-01-20	9920	10025	9770	9830	680850	-0.009072580645161255
2022-01-21	9885	9900	9645	9715	626175	-0.01169888097660221
2022-01-24	9715	9915	9620	9895	484793	0.018528049408131686
2022-01-25	9895	9945	9760	9770	221678	-0.01263264274886311
2022-01-26	9775	9790	9600	9670	446541	-0.010235414534288667
2022-01-27	9670	9775	9440	9475	332030	-0.020165460186142736
2022-01-28	9500	9560	9340	9560	413175	0.008970976253298124
2022-02-03	9560	9800	9435	9475	530915	-0.008891213389121355
2022-02-04	9420	9465	9400	9425	501028	-0.00527704485488123
2022-02-07	9480	9560	9335	9360	660741	-0.006896551724137945
2022-02-08	9345	9350	8990	9090	651745	-0.028846153846153855
2022-02-09	9090	9110	9010	9090	625114	0.0
2022-02-10	9125	9145	8900	8945	252792	-0.01595159515951594
2022-02-11	8890	9030	8810	8865	694542	-0.008943543879262106
2022-02-14	8840	8890	8680	8725	332347	-0.015792442188381273
2022-02-15	8700	9055	8700	9035	155965	0.03553008595988549
2022-02-16	9080	9135	9020	9065	291375	0.003320420586607531
2022-02-17	9135	9215	9020	9175	329420	0.012134583563155
2022-02-18	9165	9175	9055	9100	312232	-0.008174386920980936
2022-02-21	8875	9175	8875	9020	193488	-0.00879120879120876
2022-02-22	8900	8995	8825	8870	112284	-0.016629711751662946
2022-02-23	8920	9325	8880	9320	189210	0.050732807215332576
2022-02-24	9320	9420	9110	9160	200292	-0.01716738197424894
2022-02-25	9210	9525	9195	9400	301716	0.026200873362445476
2022-02-28	9475	9525	9305	9525	441855	0.013297872340425565
2022-03-02	9510	9510	9245	9395	345272	-0.01364829396325462
2022-03-03	9450	9450	9185	9245	108248	-0.01596593932943058
2022-03-04	9255	9370	9165	9185	158474	-0.006489994591671211
2022-03-07	9175	9280	9000	9020	278269	-0.017964071856287456
2022-03-08	8950	9135	8865	9010	306841	-0.0011086474501108556
2022-03-10	9015	9135	8910	8985	295989	-0.002774694783573839
2022-03-11	9000	9100	8740	9100	214678	0.012799109627156469
2022-03-14	8940	9110	8840	8955	153490	-0.01593406593406599
2022-03-15	8945	8945	8520	8690	121810	-0.029592406476828592
2022-03-16	8680	8755	8370	8735	346667	0.005178365937859697
2022-03-17	8880	8920	8750	8780	494387	0.005151688609044136
2022-03-18	8765	8765	8600	8695	325719	-0.009681093394077411
2022-03-21	8730	8800	8665	8775	383231	0.009200690051753835
2022-03-22	8775	8800	8650	8670	164881	-0.011965811965811923
2022-03-23	8695	8705	8605	8695	266711	0.0028835063437140374
2022-03-24	8695	8725	8575	8710	251366	0.0017251293847038163
2022-03-25	8705	8735	8470	8470	197607	-0.027554535017221604
2022-03-28	8475	8475	8355	8355	86457	-0.013577331759149991
2022-03-29	8420	8435	8290	8315	165351	-0.004787552363853975
2022-03-30	8315	8480	8250	8480	237050	0.0198436560432953
2022-03-31	8455	8485	8305	8470	100152	-0.001179245283018826
2022-04-01	8250	8360	8250	8325	54993	-0.017119244391971655
2022-04-04	8360	8360	8325	8345	61979	0.002402402402402304
2022-04-05	8345	8365	8325	8325	66202	-0.002396644697423622
2022-04-06	8300	8300	8105	8115	123429	-0.02522522522522519
2022-04-07	8115	8115	7965	7995	212658	-0.014787430683918634
2022-04-08	8000	8000	7845	7945	103402	-0.0062539086929330745
2022-04-11	7940	7940	7665	7690	87673	-0.03209565764631839
2022-04-12	7600	7755	7520	7725	262461	0.004551365409622976
2022-04-13	7720	7720	7510	7520	194141	-0.026537216828478982
2022-04-14	7550	7550	7405	7520	123735	0.0
2022-04-15	7460	7550	7380	7550	87968	0.003989361702127603
2022-04-18	7420	7820	7420	7795	155869	0.032450331125827736
2022-04-19	7740	7795	7685	7690	43686	-0.01347017318794097
2022-04-20	7710	7720	7515	7570	72653	-0.015604681404421283
2022-04-21	7475	7635	7365	7405	51941	-0.02179656538969621
2022-04-22	7400	7400	7235	7280	41391	-0.016880486158001307
2022-04-25	7280	7280	6800	6895	79498	-0.05288461538461542
2022-04-26	6895	6895	6640	6670	85218	-0.03263234227701228
2022-04-27	6590	6970	6515	6970	117393	0.044977511244377766
2022-04-28	6970	7015	6850	6935	57387	-0.005021520803443313
2022-04-29	6870	7225	6850	7200	161392	0.03821196827685647
2022-05-02	7180	7260	7120	7185	27569	-0.002083333333333326
2022-05-03	7195	7260	7130	7130	39446	-0.0076548364648573175
2022-05-04	7195	7195	7115	7115	38004	-0.0021037868162693263
2022-05-06	7115	7275	7060	7180	36746	0.009135628952916308
2022-05-09	7100	7240	7055	7215	96512	0.004874651810584885
2022-05-10	6960	7450	6960	7370	110818	0.021483021483021503
2022-05-11	7365	7750	7300	7700	48800	0.04477611940298498
2022-05-12	7640	7720	7500	7665	69655	-0.004545454545454519
2022-05-13	7665	7710	7430	7595	126047	-0.0091324200913242
2022-05-16	7680	7680	7480	7530	75690	-0.008558262014483176
2022-05-17	7580	7660	7480	7660	40243	0.01726427622841964
2022-05-18	7640	7675	7585	7660	35185	0.0
2022-05-19	7640	7770	7455	7770	58572	0.01436031331592691
2022-05-20	7795	7915	7785	7895	73376	0.01608751608751602
2022-05-23	7945	7995	7825	7990	70381	0.012032932235592098
2022-05-24	7990	7990	7640	7640	32781	-0.04380475594493116
2022-05-25	7520	7645	7520	7635	24406	-0.0006544502617801262
2022-05-26	7635	7650	7475	7595	50279	-0.0052390307793058755
2022-05-27	7700	7700	7360	7370	65946	-0.029624753127057257
2022-05-30	7430	7550	7390	7450	98532	0.01085481682496603
2022-05-31	7460	7720	7350	7720	84546	0.03624161073825505
2022-06-02	7595	8030	7595	8030	137788	0.04015544041450769
2022-06-03	8030	8060	8005	8030	35775	0.0
2022-06-07	8170	8375	8170	8375	209342	0.042963885429638804
2022-06-08	8400	8400	8185	8325	92730	-0.005970149253731294
2022-06-09	8325	8325	8030	8115	38176	-0.02522522522522519
2022-06-10	8125	8350	8010	8350	64765	0.028958718422674057
2022-06-13	8090	8300	8085	8245	123084	-0.012574850299401197
2022-06-14	8220	8220	7880	8100	73697	-0.0175864160097029
2022-06-15	8100	8320	8070	8285	105359	0.022839506172839474
2022-06-16	8285	8320	8085	8285	55437	0.0
2022-06-17	8275	8370	8065	8370	64830	0.010259505129752489
2022-06-20	8430	8470	8290	8445	1358044	0.008960573476702427
2022-06-21	8470	8500	8170	8340	1424368	-0.01243339253996445
2022-06-22	8360	8415	8200	8250	71398	-0.010791366906474864
2022-06-23	8275	8385	8110	8385	76963	0.016363636363636358
2022-06-24	8385	8550	8370	8540	879100	0.01848539057841392
2022-06-27	8540	8565	8445	8510	649322	-0.003512880562060894
2022-06-28	8400	8595	8315	8595	115718	0.009988249118684012
2022-06-29	8400	8580	8400	8515	128595	-0.009307737056428178
2022-06-30	8515	8745	8375	8745	139078	0.02701115678214916
2022-07-01	8700	8700	8400	8425	68626	-0.036592338479130904
2022-07-04	8480	8500	8325	8485	90592	0.0071216617210683175
2022-07-05	8520	8545	8365	8395	100156	-0.010606953447259926
2022-07-06	8450	8645	8385	8525	203923	0.015485407980941002
2022-07-07	8550	8660	8480	8660	1445478	0.015835777126099737
2022-07-08	8675	8675	8500	8545	1287069	-0.01327944572748263
2022-07-11	8545	8550	8175	8430	1294867	-0.01345816266822708
2022-07-12	8300	8425	8125	8255	101021	-0.020759193357058114
2022-07-13	8155	8300	8120	8155	42772	-0.012113870381586955
2022-07-14	8175	8440	8170	8395	69743	0.029429797670140978
