Date	Open	High	Low	Close	Volume	Change
2022-02-22	9970	9970	9710	9755	29487	
2022-02-23	9850	9895	9760	9860	732	0.010763710917478297
2022-02-24	9670	9670	9385	9425	24547	-0.044117647058823484
2022-02-25	9800	10075	9800	9995	972	0.06047745358090184
2022-02-28	9995	10065	9400	9990	1303	-0.0005002501250624958
2022-03-02	10210	10400	10210	10340	463	0.03503503503503502
2022-03-03	10135	10245	9835	10200	44137	-0.013539651837524147
2022-03-04	10080	10095	9920	10095	5741	-0.010294117647058787
2022-03-07	10025	10025	9845	9900	298	-0.019316493313521588
2022-03-08	9510	9665	9510	9545	2697	-0.03585858585858581
2022-03-10	10075	10075	9885	10000	1742	0.047668936616029445
2022-03-11	9720	9870	9720	9870	966	-0.013000000000000012
2022-03-14	9840	9840	9730	9730	78	-0.014184397163120588
2022-03-15	9185	9440	9185	9435	1144	-0.030318602261048322
2022-03-16	9650	9740	9650	9735	10360	0.031796502384737746
2022-03-17	9990	10070	9970	9980	238	0.025166923472008218
2022-03-18	10235	10235	9850	9915	356	-0.006513026052104243
2022-03-21	10295	10295	10015	10285	1386	0.03731719616742302
2022-03-22	10295	10295	10165	10165	84	-0.011667476908118646
2022-03-23	10165	10450	10165	10430	1502	0.026069847515986178
2022-03-24	10265	10285	10260	10265	692	-0.015819750719079595
2022-03-25	10545	10545	10450	10520	768	0.024841695080370263
2022-03-28	10470	10495	10460	10460	135	-0.005703422053231932
2022-03-29	10590	10595	10425	10595	963	0.012906309751434142
2022-03-30	10765	10775	10725	10725	1792	0.012269938650306678
2022-03-31	10480	10610	10480	10595	520	-0.012121212121212088
2022-04-01	10420	10420	10315	10400	522	-0.018404907975460127
2022-04-04	10350	10350	10210	10240	522	-0.01538461538461533
2022-04-05	10545	10645	10540	10540	4477	0.029296875
2022-04-06	10540	10540	10285	10295	640	-0.023244781783681168
2022-04-07	9990	10375	9980	9995	1691	-0.029140359397765936
2022-04-08	10090	10090	10000	10050	205	0.005502751375687787
2022-04-11	9835	9925	9835	9880	462	-0.01691542288557213
2022-04-12	9820	9820	9705	9740	445	-0.014170040485829927
2022-04-13	9735	9735	9660	9730	1628	-0.0010266940451745254
2022-04-14	9750	9835	9750	9775	356	0.004624871531346386
2022-04-15	9605	9670	9605	9625	1280	-0.01534526854219953
2022-04-18	9515	9570	9510	9570	753	-0.005714285714285672
2022-04-19	9620	9730	9620	9730	891	0.016718913270637348
2022-04-20	9730	9825	9730	9800	1688	0.007194244604316502
2022-04-21	9700	9735	9700	9715	451	-0.00867346938775515
2022-04-22	9440	9440	9355	9395	2678	-0.03293875450334538
2022-04-25	9330	9330	9275	9290	1369	-0.011176157530601416
2022-04-26	9455	9540	9455	9535	632	0.026372443487621133
2022-04-27	9535	9535	9150	9270	53261	-0.02779234399580488
2022-04-28	9385	9385	9250	9315	328	0.004854368932038833
2022-04-29	9555	9555	9470	9545	343	0.024691358024691468
2022-05-02	9245	9265	9135	9190	1548	-0.037192247249869026
2022-05-03	9390	9505	9390	9490	541	0.03264417845484213
2022-05-04	9395	9470	9390	9470	188	-0.0021074815595363283
2022-05-06	9260	9340	9255	9260	517	-0.022175290390707536
2022-05-09	8985	9090	8985	9075	689	-0.019978401727861805
2022-05-10	8750	8900	8690	8900	4789	-0.019283746556473802
2022-05-11	8870	8885	8785	8850	2999	-0.005617977528089901
2022-05-12	8580	8750	8555	8650	20594	-0.02259887005649719
2022-05-13	8865	8865	8780	8825	3699	0.020231213872832443
2022-05-16	9170	9170	9050	9050	529	0.025495750708215192
2022-05-17	9065	9065	9010	9010	106	-0.0044198895027623974
2022-05-18	9210	9240	9130	9130	10488	0.013318534961154205
2022-05-19	8735	8880	8735	8850	379	-0.03066812705366917
2022-05-20	8845	8950	8555	8950	549	0.011299435028248483
2022-05-23	8845	8925	8840	8925	49	-0.0027932960893854997
2022-05-24	8740	8740	8700	8720	2477	-0.022969187675070057
2022-05-25	8570	8590	8555	8580	3382	-0.016055045871559592
2022-05-26	8690	8690	8655	8680	262	0.011655011655011593
2022-05-27	8915	8915	8770	8770	1881	0.010368663594469973
2022-05-30	8925	9105	8925	9105	581	0.03819840364880278
2022-05-31	8975	9105	8975	9025	132	-0.00878638110928065
2022-06-02	8660	9065	8660	9060	41	0.0038781163434902233
2022-06-03	9210	9210	9200	9200	56	0.015452538631346657
2022-06-07	8970	9180	8970	9165	930	-0.0038043478260869623
2022-06-08	9180	9255	9070	9255	7192	0.009819967266775809
2022-06-09	9140	9140	9100	9100	390	-0.016747703943814196
2022-06-10	8985	8985	8890	8895	45	-0.02252747252747256
2022-06-13	8620	8620	8530	8545	1109	-0.03934794828555366
2022-06-14	8405	8415	8400	8405	6453	-0.016383850204798156
2022-06-15	8355	8405	8350	8350	213	-0.006543723973825077
2022-06-16	8355	8580	8355	8505	131	0.01856287425149694
2022-06-17	8225	8245	8205	8245	923	-0.03057025279247505
2022-06-20	8380	8380	8330	8380	49	0.01637355973317156
2022-06-21	8475	8475	8450	8475	314	0.011336515513126422
2022-06-22	8590	8590	8505	8505	124	0.003539823008849474
2022-06-23	8430	8625	8430	8570	505	0.007642563198118735
2022-06-24	8705	8795	8705	8795	863	0.026254375729288126
2022-06-27	9080	9150	9075	9150	494	0.040363843092666274
2022-06-28	9015	9015	8940	8985	399	-0.0180327868852459
2022-06-29	8665	8785	8665	8785	301	-0.02225932109070672
2022-06-30	8710	8710	8585	8640	244	-0.01650540694365399
2022-07-01	8495	8495	8425	8435	38	-0.02372685185185186
2022-07-04	8480	8545	8460	8545	220	0.01304090100770594
2022-07-05	8515	8630	8445	8605	1346	0.00702165008777067
2022-07-06	9025	9025	8940	8940	377	0.03893085415456121
2022-07-07	8845	8990	8845	8970	120	0.003355704697986628
2022-07-08	9225	9225	9135	9200	411	0.02564102564102555
2022-07-11	9120	9200	9105	9115	1112	-0.009239130434782639
2022-07-12	9040	9040	9025	9025	3	-0.009873834339001686
2022-07-13	8925	8925	8865	8925	146	-0.011080332409972304
2022-07-14	8755	8755	8755	8755	302	-0.01904761904761909
