Date	Open	High	Low	Close	Volume	Change
2022-03-03	100165	100165	100130	100155	73	
2022-03-04	100130	100135	100130	100135	29	-0.0001996904797564314
2022-03-07	100150	100150	100140	100140	3	4.9932591002166404e-05
2022-03-08	100120	100120	100120	100120	3	-0.00019972039145199627
2022-03-10	100140	100140	100140	100140	0	0.00019976028765489318
2022-03-11	100180	100180	100180	100180	1	0.00039944078290399254
2022-03-14	100180	100180	100180	100180	0	0.0
2022-03-15	100205	100205	100205	100205	0	0.00024955080854471845
2022-03-16	100215	100215	100215	100215	0	9.979541939020287e-05
2022-03-17	100245	100245	100245	100245	80	0.00029935638377498464
2022-03-18	100230	100230	100230	100230	1	-0.00014963339817442023
2022-03-21	100230	100230	100230	100230	0	0.0
2022-03-22	100205	100205	100205	100205	0	-0.0002494263194652291
2022-03-23	100180	100180	100180	100180	3	-0.0002494885484756182
2022-03-24	100145	100145	100145	100145	0	-0.0003493711319624282
2022-03-25	100150	100150	100150	100150	20	4.9927604972799244e-05
2022-03-28	99975	99975	99975	99975	1	-0.0017473789316025945
2022-03-29	99945	99945	99945	99945	1	-0.00030007501875473075
2022-03-30	99975	100005	99975	100005	3510	0.000600330181599773
2022-03-31	100025	100025	100005	100005	14	0.0
2022-04-01	100005	100005	100005	100005	3	0.0
2022-04-04	99925	99925	99925	99925	1	-0.0007999600019998887
2022-04-05	99935	99935	99890	99890	35	-0.0003502626970227629
2022-04-06	99790	99790	99790	99790	0	-0.0010011012113324558
2022-04-07	99850	99850	99800	99800	2	0.0001002104419280947
2022-04-08	99800	99800	99800	99800	0	0.0
2022-04-11	99685	99685	99640	99640	7	-0.0016032064128256307
2022-04-12	99605	99605	99605	99605	0	-0.0003512645523886526
2022-04-13	99700	99700	99700	99700	0	0.0009537673811554903
2022-04-14	99695	99695	99695	99695	3	-5.0150451354036285e-05
2022-04-15	99820	99820	99820	99820	0	0.0012538241636992353
2022-04-18	99815	99815	99755	99755	9	-0.0006511721097975931
2022-04-19	99810	99810	99810	99810	0	0.0005513508094832087
2022-04-20	99855	99855	99855	99855	0	0.00045085662759247747
2022-04-21	99895	99895	99895	99895	40	0.0004005808422211654
2022-04-22	99895	99895	99895	99895	0	0.0
2022-04-25	99920	99920	99920	99920	0	0.00025026277591466695
2022-04-26	99970	99980	99970	99970	6045	0.0005004003202562224
2022-04-27	100000	100010	99985	99985	21595	0.0001500450135041298
2022-04-28	99985	99995	99960	99960	14089	-0.00025003750562579974
2022-04-29	99940	99965	99925	99945	20606	-0.00015006002400963503
2022-05-02	99950	99950	99860	99860	30421	-0.0008504677572664932
2022-05-03	99900	99910	99885	99895	11302	0.00035049068696180186
2022-05-04	99885	99885	99870	99875	17970	-0.00020021022073180017
2022-05-06	99890	99900	99880	99890	15458	0.00015018773466835
2022-05-09	99945	99965	99930	99965	19095	0.0007508259084993973
2022-05-10	100025	100025	99990	99990	16775	0.000250087530635712
2022-05-11	100040	100040	100030	100030	15474	0.0004000400040002905
2022-05-12	100055	100075	100050	100065	20054	0.0003498950314906324
2022-05-13	100090	100090	100065	100070	9013	4.996752111119385e-05
2022-05-16	100090	100105	100045	100045	12285	-0.00024982512241433774
2022-05-17	100020	100025	100010	100010	16231	-0.00034984257084313963
2022-05-18	99990	100000	99980	99990	17700	-0.00019998000199983323
2022-05-19	100015	100025	100010	100010	22675	0.00020002000200025627
2022-05-20	100010	100035	100010	100020	15384	9.999000099991662e-05
2022-05-23	100015	100015	100005	100005	17044	-0.00014997000599881183
2022-05-24	100025	100035	100015	100025	16458	0.0001999900005000832
2022-05-25	100040	100040	100030	100030	16271	4.998750312412703e-05
2022-05-26	99955	100045	99945	100030	18970	0.0
2022-05-27	100030	100030	100015	100025	10580	-4.998500449859833e-05
2022-05-30	100035	100035	100035	100035	0	9.99750062484761e-05
2022-05-31	100035	100035	100025	100025	10149	-9.996501224573962e-05
2022-06-02	100015	100015	99995	99995	100540	-0.0002999250187453173
2022-06-03	100000	100000	99990	99990	101524	-5.000250012499041e-05
2022-06-07	99985	99985	99960	99960	132550	-0.0003000300030002734
2022-06-08	99960	99965	99955	99955	137062	-5.0020008003248684e-05
2022-06-09	99970	100005	99970	100005	152790	0.0005002251012955483
2022-06-10	99985	99990	99980	99980	144380	-0.000249987500624993
2022-06-13	99990	99990	99885	99885	146404	-0.000950190038007559
2022-06-14	99795	99825	99795	99825	160002	-0.0006006907944136053
2022-06-15	99765	99765	99755	99755	31	-0.0007012271475080878
2022-06-16	99730	99730	99645	99645	6	-0.0011027016189664174
2022-06-17	99595	99595	99595	99595	0	-0.0005017813236991575
2022-06-20	99595	99595	99595	99595	0	0.0
2022-06-21	99640	99640	99640	99640	5482	0.0004518299111400115
2022-06-22	99630	99630	99630	99630	2	-0.00010036130068247218
2022-06-23	99665	99665	99665	99665	2	0.0003512998092944919
2022-06-24	99620	99620	99615	99615	4	-0.0005016806301109122
2022-06-27	99605	99605	99605	99605	1	-0.00010038648797872085
2022-06-28	99605	99605	99605	99605	0	0.0
2022-06-29	99600	99600	99600	99600	0	-5.0198283218727546e-05
2022-06-30	99565	99565	99565	99565	0	-0.0003514056224899198
2022-07-01	99540	99540	99540	99540	400	-0.00025109225129316126
2022-07-04	99545	99545	99545	99545	0	5.023106288937207e-05
2022-07-05	99570	99570	99570	99570	0	0.0002511426992817256
2022-07-06	99605	99605	99605	99605	0	0.00035151149944767646
2022-07-07	99640	99670	99620	99635	770355	0.0003011896993123653
2022-07-08	99595	99600	99575	99575	230209	-0.0006021980227831625
2022-07-11	99580	99585	99580	99585	1097	0.00010042681395927566
2022-07-12	99605	99605	99600	99600	2145	0.00015062509414076608
2022-07-13	99605	99605	99595	99595	880	-5.0200803212829825e-05
2022-07-14	99595	99595	99595	99595	11	0.0
