Date	Open	High	Low	Close	Volume	Change
2022-05-11	10130	10220	10130	10200	126909	
2022-05-12	9870	9935	9840	9875	32369	-0.031862745098039214
2022-05-13	9935	9990	9935	9950	39202	0.0075949367088608
2022-05-16	10200	10220	10100	10135	99500	0.01859296482412054
2022-05-17	10075	10095	10060	10090	26036	-0.004440059200789381
2022-05-18	10245	10245	10160	10160	186128	0.0069375619425173785
2022-05-19	9725	9765	9680	9735	215560	-0.04183070866141736
2022-05-20	9775	9805	9730	9775	232858	0.004108885464817691
2022-05-23	9755	9780	9730	9760	189333	-0.001534526854219953
2022-05-24	9635	9640	9570	9570	565	-0.01946721311475408
2022-05-25	9620	9630	9565	9630	1148	0.006269592476489061
2022-05-26	9680	9725	9625	9665	726	0.0036344755970925124
2022-05-27	10005	10005	9855	9885	43922	0.022762545266425294
2022-05-30	10260	10280	10240	10255	7045	0.037430450177035945
2022-05-31	10195	10220	10130	10140	1162	-0.011214041930765473
2022-06-02	10010	10140	10010	10135	144321	-0.0004930966469427478
2022-06-03	10345	10345	10225	10245	471	0.010853478046374043
2022-06-07	10195	10195	10090	10110	35643	-0.013177159590043952
2022-06-08	10240	10240	10190	10220	44732	0.010880316518298683
2022-06-09	10155	10155	10105	10140	119	-0.007827788649706457
2022-06-10	9970	10020	9930	10020	18509	-0.011834319526627168
2022-06-13	9550	9595	9510	9510	482	-0.050898203592814384
2022-06-14	9380	9480	9350	9435	303	-0.007886435331230235
2022-06-15	9390	9425	9380	9385	236	-0.005299417064122958
2022-06-16	9555	9575	9435	9435	44010	0.005327650506126824
2022-06-17	9145	9210	9105	9190	2344	-0.025967143614202493
2022-06-20	9360	9405	9235	9260	65074	0.007616974972796564
2022-06-21	9330	9345	9280	9335	5675	0.008099352051835762
2022-06-22	9490	9490	9380	9380	20345	0.0048205677557580096
2022-06-23	9430	9490	9430	9490	172	0.011727078891258014
2022-06-24	9515	9630	9485	9625	20533	0.014225500526870327
2022-06-27	9715	9810	9690	9780	338	0.016103896103896176
2022-06-28	9765	9780	9690	9780	147	0.0
2022-06-29	9540	9590	9505	9590	424	-0.01942740286298572
2022-06-30	9570	9570	9425	9425	159	-0.0172054223149114
2022-07-01	9370	9370	9250	9300	361	-0.01326259946949604
2022-07-04	9400	9430	9355	9390	21816	0.00967741935483879
2022-07-05	9535	9535	9485	9535	239	0.01544195953141636
2022-07-06	9610	9720	9610	9635	6273	0.010487676979548999
2022-07-07	9725	9725	9650	9655	8	0.002075765438505517
2022-07-08	9870	9880	9800	9830	264	0.018125323666493998
2022-07-11	9900	9900	9835	9835	204	0.0005086469989827869
2022-07-12	9790	9790	9680	9700	1061	-0.01372648703609558
2022-07-13	9685	9685	9655	9685	24	-0.001546391752577314
2022-07-14	9585	9645	9585	9600	34	-0.008776458440887924
