Date	Open	High	Low	Close	Volume	Change
2022-05-24	9975	10025	9955	10005	2092	
2022-05-25	10015	10140	10015	10120	26755	0.011494252873563315
2022-05-26	10125	10210	10125	10210	24388	0.008893280632411127
2022-05-27	10250	10250	10190	10225	13869	0.0014691478942212566
2022-05-30	10270	10270	10175	10200	9048	-0.0024449877750610804
2022-05-31	10200	10210	10170	10185	1366	-0.0014705882352941124
2022-06-02	10185	10225	10155	10215	2357	0.002945508100147265
2022-06-03	10205	10205	10175	10185	5834	-0.002936857562408246
2022-06-07	10175	10215	10160	10215	1798	0.002945508100147265
2022-06-08	10190	10210	10180	10205	357	-0.0009789525208027117
2022-06-09	10230	10230	10185	10210	1411	0.0004899559039686086
2022-06-10	10210	10210	10095	10095	3429	-0.011263467189030374
2022-06-13	10065	10065	9960	9965	5660	-0.012877662209014318
2022-06-14	9865	9865	9760	9830	2994	-0.01354741595584541
2022-06-15	9830	9830	9705	9715	4070	-0.01169888097660221
2022-06-16	9760	9770	9670	9690	4585	-0.00257334019557387
2022-06-17	9650	9650	9495	9590	3764	-0.01031991744066052
2022-06-20	9660	9660	9250	9285	4443	-0.031803962460896784
2022-06-21	9280	9285	9195	9285	2701	0.0
2022-06-22	9340	9340	9050	9050	2299	-0.025309639203015655
2022-06-23	9075	9075	8920	8925	9112	-0.013812154696132617
2022-06-24	9025	9075	8975	9075	2643	0.01680672268907557
2022-06-27	9190	9280	9125	9280	25123	0.022589531680440755
2022-06-28	9280	9280	9160	9260	1737	-0.0021551724137931494
2022-06-29	9280	9280	9140	9145	409	-0.012419006479481687
2022-06-30	9205	9205	9030	9040	1730	-0.011481683980317126
2022-07-01	9095	9100	8870	8965	2614	-0.00829646017699115
2022-07-04	9005	9005	8640	8720	13842	-0.02732849972113771
2022-07-05	8735	8980	8735	8980	635	0.029816513761467878
2022-07-06	8920	8960	8850	8855	68	-0.013919821826280598
2022-07-07	8805	8895	8805	8885	1126	0.0033879164313947996
2022-07-08	8890	8890	8825	8855	448	-0.003376477208778872
2022-07-11	8885	8885	8750	8755	140	-0.011293054771315592
2022-07-12	8765	8765	8600	8600	2171	-0.017704169046259266
2022-07-13	8630	8675	8630	8665	29	0.007558139534883823
2022-07-14	8660	8660	8585	8585	117	-0.009232544720138458
