Date	Open	High	Low	Close	Volume	Change
2022-06-08	9965	9970	9910	9935	56	
2022-06-09	9875	9875	9805	9805	184	-0.013085052843482603
2022-06-10	9690	9695	9650	9690	50	-0.011728709841917428
2022-06-13	9455	9455	9380	9380	139	-0.031991744066047434
2022-06-14	9275	9325	9235	9325	3	-0.005863539445629007
2022-06-15	9235	9240	9170	9225	93	-0.01072386058981234
2022-06-16	9265	9265	9265	9265	1	0.0043360433604335835
2022-06-17	9005	9060	9000	9040	233	-0.024284943335132203
2022-06-20	9040	9040	9035	9035	6	-0.0005530973451327581
2022-06-21	9095	9095	9095	9095	14	0.006640841173215284
2022-06-22	9155	9155	9155	9155	1	0.006597031335898951
2022-06-23	9225	9225	9225	9225	0	0.007646095030038325
2022-06-24	9280	9300	9280	9300	31	0.008130081300812941
2022-06-27	9515	9515	9515	9515	93	0.02311827956989254
2022-06-28	9515	9515	9515	9515	49	0.0
2022-06-29	9420	9420	9390	9415	96	-0.010509721492380497
2022-06-30	9445	9445	9345	9345	1110	-0.0074349442379182396
2022-07-01	9275	9275	9190	9250	122	-0.01016586409844833
2022-07-04	9390	9390	9360	9380	21	0.014054054054054133
2022-07-05	9390	9500	9390	9500	318	0.01279317697228155
2022-07-06	9450	9490	9395	9395	216	-0.011052631578947314
2022-07-07	9505	9540	9505	9540	16	0.015433741351782881
2022-07-08	9555	9560	9530	9530	1205	-0.0010482180293500676
2022-07-11	9530	9530	9490	9490	398	-0.0041972717733472775
2022-07-12	9565	9565	9565	9565	101	0.007903055848261342
2022-07-13	9475	9475	9435	9435	111	-0.013591217982226844
2022-07-14	9430	9430	9390	9400	2007	-0.0037095919448860704
