Date	Open	High	Low	Close	Volume	Change
2022-06-30	10005	10015	9970	9975	5475	
2022-07-01	9970	9970	9965	9965	3	-0.001002506265664116
2022-07-04	10000	10000	9960	10000	29	0.00351229302558953
2022-07-05	10055	10055	10055	10055	2	0.00550000000000006
2022-07-06	10135	10140	10120	10120	62	0.006464445549477782
2022-07-07	10145	10155	10110	10110	111	-0.0009881422924901129
2022-07-08	10130	10130	10130	10130	107	0.001978239366963397
2022-07-11	10165	10165	10035	10140	105	0.000987166831194486
2022-07-12	10125	10135	10125	10130	125	-0.0009861932938856066
2022-07-13	10125	10130	10120	10120	238	-0.000987166831194486
2022-07-14	10100	10115	10015	10085	149	-0.0034584980237154506
