Date	Open	High	Low	Close	Volume	Change
2022-06-30	10050	10050	9955	9955	24791	
2022-07-01	9970	10020	9965	10015	43522	0.006027122049221401
2022-07-04	10015	10100	10015	10060	49919	0.0044932601098353064
2022-07-05	10065	10170	10065	10170	59092	0.010934393638170947
2022-07-06	10175	10190	10105	10155	12590	-0.001474926253687281
2022-07-07	10160	10180	10095	10120	12247	-0.003446578040374182
2022-07-08	10130	10180	10100	10135	9687	0.0014822134387351138
2022-07-11	10170	10175	10100	10125	37885	-0.0009866798223976403
2022-07-12	10170	10180	10110	10120	121017	-0.0004938271604938427
2022-07-13	10105	10155	10085	10115	191769	-0.000494071146245112
2022-07-14	10100	10120	10060	10085	10243	-0.002965892239248591
