Date	Open	High	Low	Close	Volume	Change
2022-06-30	9990	10000	9885	9910	1420	
2022-07-01	9870	9880	9780	9845	538	-0.006559031281533789
2022-07-04	9980	9980	9870	9945	1177	0.01015744032503818
2022-07-05	9960	10000	9960	10000	420	0.005530417295123158
2022-07-06	10000	10020	9910	9970	1587	-0.0030000000000000027
2022-07-07	9970	9980	9885	9900	2040	-0.007021063189568744
2022-07-08	10055	10055	9965	10035	599	0.013636363636363669
2022-07-11	10070	10070	9945	10020	117	-0.001494768310911776
2022-07-12	10000	10000	9940	9990	243	-0.0029940119760478723
2022-07-13	9910	9965	9880	9965	219	-0.0025025025025025016
2022-07-14	9870	9925	9865	9925	207	-0.004014049172102352
