Date	Open	High	Low	Close	Volume	Change
2022-04-27	18835	18835	18835	18835	0	
2022-04-28	18835	18835	18835	18835	0	0.0
2022-04-29	18835	18835	18835	18835	0	0.0
2022-05-02	18840	18840	18840	18840	0	0.0002654632333420892
2022-05-03	18840	18840	18840	18840	0	0.0
2022-05-04	20760	20760	20760	20760	0	0.10191082802547768
2022-05-06	22975	22975	22975	22975	0	0.10669556840077066
2022-05-09	23435	23800	23435	23800	3	0.0359085963003265
2022-05-10	20650	20720	19815	20340	148986	-0.14537815126050424
2022-05-11	19215	20555	19085	20425	122908	0.00417895771878074
2022-05-12	21870	21980	21050	21440	64507	0.04969400244798039
2022-05-13	22595	22895	22445	22640	59939	0.05597014925373145
2022-05-16	24110	24110	22840	23220	86051	0.025618374558303847
2022-05-17	25175	25420	24850	24915	57435	0.07299741602067189
2022-05-18	24460	24780	24170	24170	89711	-0.029901665663255028
2022-05-19	22380	23480	22310	23375	121446	-0.032892014894497335
2022-05-20	23645	23930	23290	23565	87390	0.00812834224598924
2022-05-23	24220	24580	24155	24390	114831	0.03500954805856149
2022-05-24	23810	23965	23500	23500	93292	-0.036490364903648986
2022-05-25	24135	24475	24085	24180	92549	0.028936170212765955
2022-05-26	24350	24515	24175	24320	227484	0.005789909015715411
2022-05-27	25745	25905	25455	25505	272378	0.04872532894736836
2022-05-30	26135	26450	26015	26115	681815	0.023916879043324846
2022-05-31	26850	27560	26610	27475	1011937	0.05207735018188786
2022-06-02	25115	25280	24355	25080	244432	-0.08717015468607825
2022-06-03	26815	26815	26235	26355	12532	0.05083732057416257
2022-06-07	27790	28075	27750	27950	15872	0.060519825460064514
2022-06-08	28040	28370	28005	28255	20482	0.010912343470482977
2022-06-09	29345	29580	29220	29220	24684	0.03415324721288271
2022-06-10	29125	29160	28720	29140	40319	-0.002737850787132068
2022-06-13	28215	28475	28030	28090	74539	-0.03603294440631433
2022-06-14	29290	29780	29240	29780	23760	0.06016375934496265
2022-06-15	28305	28735	28235	28560	59519	-0.04096709200805915
2022-06-16	27200	27385	27020	27165	111009	-0.0488445378151261
2022-06-17	27565	27745	27270	27695	211540	0.01951039941100685
2022-06-20	24765	24965	24175	24620	329553	-0.11103087199855566
2022-06-21	24885	25575	24835	25310	198701	0.02802599512591386
2022-06-22	24940	24940	23085	23125	399700	-0.08632951402607669
2022-06-23	22765	23110	22055	23025	383887	-0.00432432432432428
2022-06-24	22940	23340	22825	23130	73586	0.004560260586319309
2022-06-27	23700	24330	23450	23975	45308	0.03653264159100744
2022-06-28	25325	25610	25300	25590	16021	0.06736183524504691
2022-06-29	26165	26340	25720	26195	13223	0.0236420476748731
2022-06-30	25315	25510	25200	25265	14363	-0.035502958579881616
2022-07-01	23510	23745	22965	23105	26763	-0.08549376607955672
2022-07-04	24545	24805	24150	24785	5109	0.07271153429993515
2022-07-05	25385	25910	25305	25360	80487	0.023199515836191287
2022-07-06	21640	21795	20625	20995	300586	-0.17212145110410093
2022-07-07	20215	20515	19575	20255	87916	-0.03524648725887114
2022-07-08	21835	22185	21620	21920	7912	0.08220192545050597
2022-07-11	22585	22850	22095	22200	11456	0.012773722627737127
2022-07-12	22320	22320	21810	21810	26502	-0.01756756756756761
2022-07-13	18755	19220	18635	19220	56997	-0.11875286565795506
2022-07-14	19025	19520	19025	19175	36948	-0.002341311134235191
