Date	Open	High	Low	Close	Volume	Change
2021-09-03	10025	10110	9975	10000	21918	
2021-09-06	9995	13000	9925	13000	5657	0.30000000000000004
2021-09-07	10060	10140	9960	9970	39247	-0.23307692307692307
2021-09-08	9950	9965	9225	9540	21458	-0.04312938816449352
2021-09-09	9540	9750	9400	9415	6199	-0.013102725366876289
2021-09-10	9385	9535	9120	9400	7080	-0.0015932023366967973
2021-09-13	9500	9500	9150	9180	8571	-0.023404255319148914
2021-09-14	9235	9400	9225	9390	2129	0.02287581699346397
2021-09-15	9420	9640	9400	9515	35191	0.013312034078807322
2021-09-16	9800	9800	9450	9515	3324	0.0
2021-09-17	9550	9550	9325	9420	2223	-0.009984235417761389
2021-09-23	9485	9485	9285	9355	1745	-0.006900212314225107
2021-09-24	9500	9500	9305	9305	2280	-0.005344735435595993
2021-09-27	9500	9550	9350	9475	3863	0.018269747447608786
2021-09-28	9475	9650	9440	9475	3757	0.0
2021-09-29	9500	9500	9300	9460	1250	-0.0015831134564643357
2021-09-30	9460	9715	9400	9715	5294	0.026955602536997914
2021-10-01	9645	9945	9645	9740	8117	0.00257334019557387
2021-10-05	9740	9825	9645	9730	6635	-0.0010266940451745254
2021-10-06	9730	9850	9500	9525	3597	-0.02106885919835555
2021-10-07	9700	9940	9600	9900	8079	0.03937007874015741
2021-10-08	9900	9935	9650	9730	5547	-0.01717171717171717
2021-10-12	9700	9750	9430	9475	2996	-0.026207605344296003
2021-10-13	9490	9630	9455	9600	2786	0.013192612137203241
2021-10-14	9650	10000	9605	10000	5913	0.04166666666666674
2021-10-15	9980	10445	9035	10345	11074	0.034499999999999975
2021-10-18	10455	10515	10400	10475	5900	0.012566457225712924
2021-10-19	10535	10740	10435	10695	15320	0.021002386634844772
2021-10-20	10790	11075	10745	10840	20806	0.013557737260402103
2021-10-21	10900	11045	10835	10960	3491	0.011070110701107083
2021-10-22	10945	11195	10820	11110	10849	0.013686131386861256
2021-10-25	11255	11300	10900	10965	5212	-0.013051305130513002
2021-10-26	11000	11345	10935	11330	5813	0.03328773369813032
2021-10-27	11330	11865	11330	11740	18726	0.03618711385701667
2021-10-28	11785	11850	11370	11445	11485	-0.02512776831345831
2021-10-29	11600	11610	11285	11450	582582	0.000436871996505106
2021-11-01	11900	11900	11375	11720	306697	0.02358078602620095
2021-11-02	11650	11840	11650	11795	81261	0.006399317406143412
2021-11-03	12000	12000	11595	11645	24809	-0.012717253073336154
2021-11-04	11645	12140	11600	12010	30805	0.031343924431086245
2021-11-05	12300	12300	11975	12180	19076	0.014154870940882525
2021-11-08	12100	12520	12100	12520	64737	0.02791461412151075
2021-11-09	12700	13145	12585	13130	71448	0.048722044728434444
2021-11-10	13135	13700	12780	13035	90659	-0.00723533891850725
2021-11-11	12785	13500	12155	13260	38249	0.017261219792865434
2021-11-12	13260	13805	12950	13220	53061	-0.003016591251885359
2021-11-15	13220	13355	13045	13345	16934	0.009455370650529593
2021-11-16	13400	13925	13320	13845	78297	0.03746721618583737
2021-11-17	14000	14510	13900	14325	114453	0.034669555796316365
2021-11-18	14325	14670	13840	14425	62107	0.00698080279232105
2021-11-19	14320	14365	13845	14035	9984	-0.027036395147313708
2021-11-22	14010	14015	12810	13125	84292	-0.06483790523690769
2021-11-23	13125	13285	12750	13040	10280	-0.006476190476190524
2021-11-24	13010	13150	12450	12855	11736	-0.01418711656441718
2021-11-25	12855	13230	12800	13090	4039	0.018280824581874855
2021-11-26	12995	13150	12695	12805	22758	-0.02177234530175709
2021-11-29	12100	13305	12100	13050	66681	0.019133151112846525
2021-11-30	13330	13330	12900	13145	14290	0.0072796934865899665
2021-12-01	13535	13535	12830	13230	5358	0.006466337010269996
2021-12-02	12885	12935	12455	12660	21588	-0.04308390022675734
2021-12-03	12875	13060	12685	13050	9697	0.0308056872037914
2021-12-06	12855	12855	12510	12530	4993	-0.03984674329501914
2021-12-07	12705	12705	12375	12500	3057	-0.002394253790901857
2021-12-08	12660	12735	12345	12350	4173	-0.01200000000000001
2021-12-09	12540	12700	12450	12575	2561	0.018218623481781382
2021-12-10	12200	12595	12200	12405	1051	-0.013518886679920517
2021-12-13	12850	12850	12190	12190	5160	-0.01733172108020964
2021-12-14	12100	12210	12020	12055	2103	-0.011074651353568554
2021-12-15	12195	12195	11855	11975	4285	-0.006636250518457065
2021-12-16	12105	12240	12050	12070	1055	0.007933194154488454
2021-12-17	11985	11995	11855	11890	1672	-0.014913007456503702
2021-12-20	11905	12075	11860	11870	5909	-0.001682085786375076
2021-12-21	12040	12055	11755	12045	38502	0.014743049705139066
2021-12-22	12180	12245	12160	12225	2162	0.014943960149439661
2021-12-23	12355	12400	12170	12180	2581	-0.0036809815950920033
2021-12-24	12265	12460	12245	12425	1271	0.02011494252873569
2021-12-27	12330	12435	12230	12390	179482	-0.0028169014084507005
2021-12-28	12410	12755	12395	12725	86010	0.027037933817594784
2021-12-29	12880	12880	12445	12500	247751	-0.017681728880157177
2021-12-30	12130	12580	12130	12560	151473	0.0047999999999999154
2022-01-03	12560	12870	12555	12565	212107	0.0003980891719745916
2022-01-04	12565	12565	12160	12235	40491	-0.02626343016315158
2022-01-05	12055	12055	11630	11675	21076	-0.04577033101757255
2022-01-06	11295	11320	10795	10810	18264	-0.07408993576017131
2022-01-07	10970	11050	10890	10925	17828	0.010638297872340496
2022-01-10	10820	10820	10575	10720	22886	-0.01876430205949653
2022-01-11	10795	10795	10435	10555	170205	-0.01539179104477617
2022-01-12	10740	10850	10690	10795	109941	0.0227380388441496
2022-01-13	10860	10860	10510	10535	61398	-0.024085224641037573
2022-01-14	10220	10390	10190	10390	105288	-0.013763644992880852
2022-01-17	10360	10385	10230	10295	86016	-0.009143407122232938
2022-01-18	10315	10460	10100	10135	83676	-0.015541525012141788
2022-01-19	10055	10145	9895	9960	89849	-0.017266896891958594
2022-01-20	10065	10435	10055	10430	106003	0.04718875502008024
2022-01-21	10305	10670	10295	10485	93381	0.005273250239693272
2022-01-24	10485	10485	9935	10030	88236	-0.043395326657129196
2022-01-25	10155	10155	9705	9725	146955	-0.030408773678963108
2022-01-26	9800	9805	9485	9515	117543	-0.021593830334190267
2022-01-27	9375	9445	9080	9105	118839	-0.04308985811875987
2022-01-28	9400	9400	8850	9185	157376	0.008786381109280539
2022-02-03	9460	9475	9235	9235	59517	0.005443658138268859
2022-02-04	9235	9790	9200	9790	33664	0.06009745533297228
2022-02-07	10100	10100	9565	9630	77184	-0.01634320735444328
2022-02-08	9680	10000	9675	9890	119620	0.02699896157840076
2022-02-09	10535	10535	9800	9880	72475	-0.0010111223458038054
2022-02-10	9895	9995	9650	9705	71304	-0.01771255060728749
2022-02-11	9485	9750	9470	9615	145555	-0.009273570324574987
2022-02-14	9390	9540	9330	9470	202878	-0.015080603224128963
2022-02-15	9585	9640	9215	9245	160168	-0.02375923970432947
2022-02-16	9395	9750	9360	9740	101250	0.0535424553812871
2022-02-17	9775	9810	9480	9620	71804	-0.012320328542094416
2022-02-18	9205	9630	9205	9570	55190	-0.00519750519750517
2022-02-21	9410	9790	9395	9790	83406	0.02298850574712641
2022-02-22	9630	9765	9615	9670	111200	-0.012257405515832431
2022-02-23	9835	9905	9770	9840	95641	0.0175801447776629
2022-02-24	9765	9815	9590	9635	86200	-0.02083333333333337
2022-02-25	9880	9930	9795	9905	95233	0.02802283341982359
2022-02-28	10000	10005	9905	10005	119227	0.01009591115598174
2022-03-02	10000	10305	9990	10270	88929	0.02648675662168909
2022-03-03	10365	10365	10235	10285	116658	0.0014605647517040854
2022-03-04	10235	10235	10030	10090	4400	-0.01895964997569277
2022-03-07	9830	10075	9810	9980	137879	-0.010901883052527261
2022-03-08	9835	10080	9800	9960	188831	-0.002004008016032066
2022-03-10	10230	10375	10215	10320	127638	0.03614457831325302
2022-03-11	10625	10695	10250	10275	169674	-0.0043604651162790775
2022-03-14	10600	10600	10115	10170	98605	-0.010218978102189746
2022-03-15	10130	10175	10015	10035	79274	-0.013274336283185861
2022-03-16	10200	10230	10085	10225	123043	0.018933731938216347
2022-03-17	10470	10725	10470	10625	91549	0.03911980440097795
2022-03-18	10695	10865	10680	10865	88515	0.022588235294117576
2022-03-21	11190	11190	10685	10710	102171	-0.014265991716520987
2022-03-22	10705	10845	10695	10810	174450	0.00933706816059754
2022-03-23	10965	11120	10965	10985	181826	0.01618871415356149
2022-03-24	10845	10845	10685	10815	164916	-0.015475648611743331
2022-03-25	10910	10910	10765	10805	168558	-0.0009246417013407671
2022-03-28	10765	10765	10495	10515	206961	-0.026839426191577975
2022-03-29	10645	10715	10630	10670	180759	0.014740846409890596
2022-03-30	10765	10825	10730	10745	48956	0.007029053420805953
2022-03-31	10705	10750	10670	10705	114748	-0.0037226617031177467
2022-04-01	10630	10825	10585	10825	192171	0.011209715086408112
2022-04-04	11500	11500	10780	10835	173320	0.0009237875288683473
2022-04-05	10925	10925	10825	10895	149734	0.005537609598523341
2022-04-06	11000	11000	10640	10640	108017	-0.02340523175768705
2022-04-07	10505	10545	10320	10360	35644	-0.02631578947368418
2022-04-08	10400	10400	10085	10135	132705	-0.021718146718146758
2022-04-11	10080	10165	9905	9945	170752	-0.018746916625555055
2022-04-12	9850	9980	9700	9810	167221	-0.013574660633484115
2022-04-13	9610	9950	9610	9950	126981	0.014271151885830724
2022-04-14	9985	10040	9855	9990	111599	0.004020100502512669
2022-04-15	9885	10065	9820	10005	200425	0.0015015015015014122
2022-04-18	9935	9935	9690	9690	212122	-0.03148425787106446
2022-04-19	9790	9800	9670	9750	177739	0.006191950464396356
2022-04-20	9795	9795	9530	9530	5561	-0.022564102564102573
2022-04-21	9465	9465	9325	9355	520	-0.018363064008394492
2022-04-22	8835	9235	8835	9115	2133	-0.0256547300908605
2022-04-25	8955	9030	8900	8920	655	-0.02139330773450354
2022-04-26	8350	9165	8350	9070	754	0.01681614349775784
2022-04-27	8960	8960	8475	8560	5172	-0.05622932745314224
2022-04-28	8505	8590	8350	8390	1511	-0.01985981308411211
2022-04-29	8475	8500	8365	8420	1367	0.0035756853396902155
2022-05-02	8295	8355	8200	8325	427	-0.01128266033254155
2022-05-03	8360	8390	8325	8350	209	0.0030030030030030463
2022-05-04	8380	8380	8210	8250	1113	-0.0119760479041916
2022-05-06	8135	8185	7980	8020	2545	-0.027878787878787836
2022-05-09	7930	7975	7850	7850	364	-0.021197007481296715
2022-05-10	7850	7850	7520	7720	1363	-0.016560509554140124
2022-05-11	7760	7835	7725	7775	98	0.007124352331606243
2022-05-12	8100	8100	7360	7380	997	-0.0508038585209003
2022-05-13	7370	7465	7350	7460	2241	0.01084010840108407
2022-05-16	7485	7600	7450	7490	1458	0.004021447721179516
2022-05-17	7540	7595	7505	7595	87	0.014018691588784993
2022-05-18	7645	7705	7610	7615	173	0.0026333113890717463
2022-05-19	7355	7465	7320	7465	112	-0.019697964543663793
2022-05-20	7575	7890	7540	7820	751	0.04755525787006021
2022-05-23	7860	7860	7750	7790	620	-0.0038363171355498826
2022-05-24	7800	7800	7745	7745	273	-0.005776636713735517
2022-05-25	7745	7885	7730	7885	91	0.018076178179470714
2022-05-26	7985	8040	7835	7835	102	-0.006341154090044432
2022-05-27	8020	8050	7890	7890	333	0.007019783024888371
2022-05-30	7940	8110	7905	8110	103	0.027883396704689423
2022-05-31	8125	8205	8090	8200	1565	0.011097410604192337
2022-06-02	8170	8175	8135	8135	138	-0.00792682926829269
2022-06-03	8275	8315	8225	8225	47	0.011063306699446773
2022-06-07	8160	8160	7930	7970	690	-0.031003039513677777
2022-06-08	7990	8010	7940	7970	124	0.0
2022-06-09	7985	7985	7895	7985	429	0.0018820577164366803
2022-06-10	7885	7885	7825	7855	298	-0.016280525986224204
2022-06-13	7640	7640	7390	7390	892	-0.059197963080840243
2022-06-14	6955	7360	6955	7340	6112	-0.006765899864682012
2022-06-15	7325	7325	6980	6980	342	-0.049046321525885506
2022-06-16	7035	7175	6960	6960	665	-0.002865329512893977
2022-06-17	6870	6945	6835	6930	1853	-0.004310344827586188
2022-06-20	7025	7025	6550	6630	622	-0.04329004329004327
2022-06-21	6775	6930	6740	6865	229	0.03544494720965319
2022-06-22	6905	6905	6515	6515	292	-0.050983248361252786
2022-06-23	6540	6540	6345	6400	73	-0.01765157329240219
2022-06-24	6475	6730	6440	6730	208	0.051562499999999956
2022-06-27	6825	6870	6650	6780	819	0.007429420505200568
2022-06-28	6850	6850	6670	6765	199	-0.0022123893805309214
2022-06-29	6680	6700	6580	6675	263	-0.013303769401330379
2022-06-30	6670	6670	6500	6500	452	-0.02621722846441943
2022-07-01	6560	6560	6310	6320	210	-0.027692307692307683
2022-07-04	6350	6395	6215	6250	472	-0.011075949367088556
2022-07-05	6455	6590	6420	6570	144	0.05119999999999991
2022-07-06	6545	6755	6540	6580	209	0.0015220700152207556
2022-07-07	6690	6690	6610	6650	491	0.010638297872340496
2022-07-08	6695	6760	6660	6665	590	0.0022556390977443996
2022-07-11	6665	6665	6575	6575	21	-0.013503375843960996
2022-07-12	6540	6540	6425	6425	646	-0.02281368821292773
2022-07-13	6485	6710	6450	6665	694	0.03735408560311293
2022-07-14	6665	6760	6635	6715	315	0.0075018754688671585
