Date	Open	High	Low	Close	Volume	Change
2022-02-25	10220	10220	10125	10125	362	
2022-02-28	10125	10275	10075	10255	29326	0.012839506172839465
2022-03-02	10190	10220	10165	10190	25143	-0.006338371526084852
2022-03-03	10260	10350	10250	10350	4025	0.015701668302257055
2022-03-04	10380	10380	10300	10340	191	-0.0009661835748792091
2022-03-07	10230	10285	10175	10215	40652	-0.012088974854932322
2022-03-08	10090	10210	10050	10080	24169	-0.013215859030836996
2022-03-10	10390	10520	10380	10505	97587	0.042162698412698374
2022-03-11	10545	10665	10515	10655	98951	0.014278914802475118
2022-03-14	10690	10850	10645	10660	49534	0.000469263256686947
2022-03-15	10640	10640	10490	10540	41146	-0.011257035647279534
2022-03-16	10625	10675	10580	10660	36957	0.011385199240986799
2022-03-17	10775	10785	10610	10655	48804	-0.00046904315196993895
2022-03-18	10645	10645	10575	10640	32726	-0.001407789770060952
2022-03-21	10695	10695	10580	10620	32856	-0.001879699248120259
2022-03-22	10610	10670	10595	10660	20326	0.0037664783427495685
2022-03-23	10650	10725	10650	10690	24856	0.0028142589118198558
2022-03-24	10670	10670	10615	10645	24	-0.004209541627689384
2022-03-25	10685	10685	10555	10580	16101	-0.006106153123532132
2022-03-28	10570	10650	10525	10650	347	0.006616257088846833
2022-03-29	10675	10690	10580	10590	384	-0.005633802816901401
2022-03-30	10635	10635	10525	10525	163	-0.006137865911236995
2022-03-31	10540	10625	10525	10625	3857	0.009501187648456089
2022-04-01	10620	10640	10575	10640	4777	0.0014117647058824456
2022-04-04	10590	10590	10515	10535	8255	-0.009868421052631526
2022-04-05	10535	10560	10420	10460	10	-0.007119126720455671
2022-04-06	10435	10450	10390	10450	8053	-0.0009560229445506607
2022-04-07	10450	10540	10435	10435	9	-0.0014354066985645675
2022-04-08	10420	10420	10295	10390	7792	-0.004312410158121671
2022-04-11	10380	10460	10360	10405	12212	0.0014436958614052475
2022-04-12	10380	10380	10335	10370	4083	-0.0033637674195098333
2022-04-13	10430	10430	10365	10400	4070	0.0028929604628735728
2022-04-14	10390	10390	10325	10325	4098	-0.007211538461538436
2022-04-15	10320	10320	10270	10280	4072	-0.004358353510895863
2022-04-18	10310	10310	10240	10240	8672	-0.0038910505836575737
2022-04-19	10280	10305	10260	10290	29	0.0048828125
2022-04-20	10300	10300	10200	10200	357	-0.008746355685131157
2022-04-21	10305	10335	10270	10280	842	0.007843137254901933
2022-04-22	10230	10230	10195	10230	333	-0.004863813229571967
2022-04-25	10140	10140	10075	10075	78	-0.015151515151515138
2022-04-26	10180	10180	10095	10095	86	0.001985111662531125
2022-04-27	10000	10000	9935	10000	138	-0.009410599306587386
2022-04-28	10095	10150	10060	10145	80	0.014499999999999957
2022-04-29	10200	10200	10165	10200	112	0.005421389847215297
2022-05-02	10160	10195	10125	10165	40	-0.0034313725490195957
2022-05-03	10210	10215	10175	10215	3	0.004918839153959631
2022-05-04	10190	10190	10155	10155	2	-0.005873715124816492
2022-05-06	10095	10095	10000	10020	12	-0.013293943870014813
2022-05-09	9965	9965	9755	9755	347	-0.02644710578842313
2022-05-10	9715	9715	9575	9690	66	-0.0066632496155817345
2022-05-11	9685	9685	9635	9635	232	-0.005675954592363253
2022-05-12	9685	9700	9670	9670	2092	0.0036325895173845435
2022-05-13	9690	9845	9655	9845	62	0.018097207859358866
2022-05-16	9885	9885	9755	9755	133	-0.009141696292534252
2022-05-17	9810	9810	9740	9765	207	0.001025115325474113
2022-05-18	9820	9820	9695	9695	4	-0.007168458781361964
2022-05-19	9575	9580	9540	9575	124	-0.012377514182568383
2022-05-20	9670	9710	9635	9700	44	0.01305483028720622
2022-05-23	9745	9745	9650	9650	65	-0.005154639175257714
2022-05-24	9655	9655	9620	9620	13	-0.0031088082901554737
2022-05-25	9645	9645	9610	9610	13	-0.0010395010395010118
2022-05-26	9670	9700	9635	9700	3	0.009365244536940764
2022-05-27	9785	9785	9725	9725	42	0.002577319587628857
2022-05-30	9745	9860	9710	9840	139	0.011825192802056517
2022-05-31	9860	9860	9820	9845	12	0.000508130081300795
2022-06-02	9805	9805	9770	9770	87	-0.0076180802437785244
2022-06-03	9845	9845	9770	9775	88	0.0005117707267143778
2022-06-07	9840	9840	9710	9710	43	-0.006649616368286426
2022-06-08	9745	9760	9710	9735	33	0.002574665293511913
2022-06-09	9700	9745	9665	9745	1002	0.0010272213662043672
2022-06-10	9735	9900	9700	9890	32	0.014879425346331354
2022-06-13	9725	9725	9355	9355	145	-0.05409504550050559
2022-06-14	9280	9280	9155	9155	4236	-0.02137894174238375
2022-06-15	9315	9315	9125	9185	60	0.003276897870016393
2022-06-16	9260	9380	9225	9380	6	0.02123026673924877
2022-06-17	8975	9030	8940	9030	5	-0.03731343283582089
2022-06-20	9135	9135	9100	9100	2	0.007751937984496138
2022-06-21	8970	8970	8820	8820	26	-0.03076923076923077
2022-06-22	8885	8885	8550	8550	7	-0.030612244897959218
2022-06-23	8595	8595	8560	8560	2	0.0011695906432749315
2022-06-24	8300	8530	8265	8495	12	-0.007593457943925186
2022-06-27	8565	8690	8530	8690	8	0.022954679223072372
2022-06-28	8800	8800	8765	8765	2	0.008630609896432606
2022-06-29	8610	8610	8570	8570	6	-0.02224757558471191
2022-06-30	8505	8505	8420	8420	10	-0.017502917152858788
2022-07-01	8465	8465	8430	8430	2	0.0011876484560569
2022-07-04	8405	8405	8105	8105	9	-0.03855278766310799
2022-07-05	8170	8180	8135	8180	7	0.009253547193090794
2022-07-06	8220	8220	7995	7995	220	-0.02261613691931541
2022-07-07	8060	8060	7995	7995	420	0.0
2022-07-08	8070	8070	8035	8035	2	0.00500312695434646
2022-07-11	8200	8200	8095	8095	3	0.007467330429371533
2022-07-12	8000	8000	7775	7775	10	-0.039530574428659704
2022-07-13	7840	7840	7805	7805	2	0.0038585209003214604
2022-07-14	7780	7800	7745	7775	302	-0.0038436899423446302
