Date	Open	High	Low	Close	Volume	Change
2022-06-13	9630	9665	9630	9665	2	
2022-06-14	9585	9585	9440	9465	5	-0.02069322296947751
2022-06-15	9415	9415	9415	9415	2	-0.005282620179609121
2022-06-16	9425	9425	9425	9425	0	0.0010621348911312722
2022-06-17	9400	9400	9400	9400	0	-0.0026525198938992522
2022-06-20	9435	9435	9435	9435	0	0.0037234042553191404
2022-06-21	9405	9405	9370	9370	30	-0.006889242183359845
2022-06-22	9560	9560	9560	9560	0	0.02027748132337237
2022-06-23	9570	9570	9570	9570	3	0.0010460251046024993
2022-06-24	9645	9645	9645	9645	0	0.00783699059561127
2022-06-27	9515	9515	9515	9515	0	-0.013478486262312073
2022-06-28	9495	9495	9495	9495	2	-0.0021019442984760994
2022-06-29	9615	9615	9615	9615	0	0.012638230647709303
2022-06-30	9635	9635	9635	9635	0	0.002080083203328087
2022-07-01	9880	9880	9880	9880	0	0.025428126621691804
2022-07-04	9875	9875	9875	9875	0	-0.0005060728744938903
2022-07-05	10105	10105	10105	10105	2	0.02329113924050641
2022-07-06	10230	10230	10230	10230	0	0.012370113805046934
2022-07-07	10130	10275	10130	10275	986	0.004398826979472137
2022-07-08	10120	10120	10120	10120	0	-0.015085158150851541
2022-07-11	10060	10070	10060	10070	681	-0.004940711462450564
2022-07-12	10155	10155	10155	10155	0	0.008440913604766731
2022-07-13	10250	10300	10250	10300	2	0.014278680452978865
2022-07-14	10265	10265	10175	10175	17	-0.012135922330097082
