Date	Open	High	Low	Close	Volume	Change
2021-10-21	9865	9875	9850	9875	103	
2021-10-22	9910	9930	9860	9880	48104	0.0005063291139240089
2021-10-25	9875	9970	9825	9840	157106	-0.004048582995951455
2021-10-26	9785	9790	9775	9775	2052	-0.0066056910569105565
2021-10-27	9750	9830	9745	9830	19738	0.005626598465473087
2021-10-28	9860	9860	9850	9850	3	0.0020345879959309254
2021-10-29	9820	9830	9815	9830	19852	-0.0020304568527919065
2021-11-01	9950	9970	9940	9970	19752	0.014242115971515812
2021-11-02	9910	9910	9895	9895	2	-0.0075225677031093285
2021-11-03	9855	9855	9845	9845	2	-0.005053057099545177
2021-11-04	9865	9865	9855	9855	2	0.001015744032503818
2021-11-05	9885	9885	9875	9875	2	0.0020294266869609334
2021-11-08	10005	10005	9995	9995	2	0.012151898734177324
2021-11-09	9940	9960	9900	9960	19566	-0.0035017508754376925
2021-11-10	9965	10050	9965	10050	19916	0.009036144578313143
2021-11-11	10150	10150	10070	10070	19822	0.0019900497512437276
2021-11-12	10025	10025	9930	9940	20291	-0.012909632571996066
2021-11-15	9910	9910	9825	9825	19851	-0.011569416498994012
2021-11-16	9870	9870	9810	9840	19682	0.0015267175572519776
2021-11-17	9865	9865	9845	9845	2	0.000508130081300795
2021-11-18	10010	10010	10010	10010	0	0.016759776536312776
2021-11-19	10020	10020	10000	10000	2	-0.0009990009990009652
2021-11-22	9900	9900	9880	9880	2	-0.01200000000000001
2021-11-23	9750	9750	9730	9730	2	-0.015182186234817818
2021-11-24	9775	9775	9760	9760	2	0.0030832476875641834
2021-11-25	9860	9860	9845	9845	2	0.008709016393442681
2021-11-26	9905	10095	9890	10095	19900	0.02539360081259523
2021-11-29	10180	10180	10130	10170	9210	0.007429420505200568
2021-11-30	10090	10460	10075	10460	9174	0.02851524090462143
2021-12-01	10320	10360	10120	10120	27912	-0.0325047801147228
2021-12-02	10220	10220	9965	9980	18794	-0.013833992094861691
2021-12-03	10035	10035	9890	9890	3	-0.009018036072144242
2021-12-06	9990	10045	9845	9845	9722	-0.0045500505561172355
2021-12-07	9910	9910	9800	9800	9336	-0.004570848146267181
2021-12-08	9715	9765	9700	9765	9346	-0.0035714285714285587
2021-12-09	9780	9780	9705	9720	9124	-0.004608294930875556
2021-12-10	9775	9775	9735	9735	12	0.0015432098765431057
2021-12-13	9720	9720	9705	9705	2	-0.0030816640986132127
2021-12-14	9845	9845	9830	9830	2	0.01287995878413195
2021-12-15	9880	9880	9865	9865	2	0.003560528992878842
2021-12-16	9750	9750	9735	9735	2	-0.013177901672579817
2021-12-17	9850	9850	9835	9835	2	0.010272213662044116
2021-12-20	9815	9815	9800	9800	2	-0.003558718861209953
2021-12-21	9855	9855	9840	9840	4	0.004081632653061273
2021-12-22	9815	9815	9800	9800	2	-0.004065040650406471
2021-12-23	9775	9775	9760	9760	2	-0.004081632653061273
2021-12-24	9710	9710	9680	9680	3	-0.008196721311475419
2021-12-27	9695	9695	9680	9680	2	0.0
2021-12-28	9730	9730	9680	9680	3	0.0
2021-12-29	9635	9635	9630	9630	4	-0.005165289256198302
2021-12-30	9695	9695	9680	9680	2	0.005192107995846351
2022-01-03	9715	9715	9715	9715	0	0.003615702479338845
2022-01-04	9755	9755	9730	9730	3	0.0015440041173442332
2022-01-05	9775	9775	9760	9760	2	0.0030832476875641834
2022-01-06	9935	9935	9920	9920	2	0.016393442622950838
2022-01-07	9915	9915	9900	9900	2	-0.0020161290322581182
2022-01-10	9870	9950	9855	9925	2624	0.002525252525252597
2022-01-11	9895	9895	9880	9880	2	-0.00453400503778334
2022-01-12	9800	9800	9785	9785	2	-0.009615384615384581
2022-01-13	9710	9710	9695	9695	2	-0.009197751660705134
2022-01-14	9855	9855	9840	9840	2	0.014956162970603426
2022-01-17	9930	10045	9915	10030	2578	0.019308943089430874
2022-01-18	9965	10085	9950	10085	2590	0.0054835493519440615
2022-01-19	10165	10165	10150	10150	2	0.006445215666831983
2022-01-20	10160	10160	10100	10100	2577	-0.0049261083743842304
2022-01-21	10200	10220	10180	10220	2666	0.011881188118811892
2022-01-24	10235	10345	10220	10325	5082	0.010273972602739656
2022-01-25	10370	10650	10355	10585	5039	0.025181598062953947
2022-01-26	10535	10605	10505	10605	5205	0.0018894662257911143
2022-01-27	10740	10980	10675	10955	23769	0.03300330033003296
2022-01-28	10925	11010	10670	10670	27705	-0.026015518028297602
2022-02-03	10515	10570	10480	10570	10799	-0.009372071227741308
2022-02-04	10540	10540	10440	10440	3732	-0.012298959318826852
2022-02-07	10590	10635	10570	10570	2991	0.01245210727969348
2022-02-08	10460	10540	10445	10540	304	-0.0028382213812677692
2022-02-09	10425	10425	10400	10400	4	-0.013282732447817858
2022-02-10	10305	10305	10290	10295	304	-0.01009615384615381
2022-02-11	10420	10430	10370	10385	2668	0.008742107819329714
2022-02-14	10495	10595	10480	10535	4773	0.014443909484833872
2022-02-15	10510	10615	10495	10615	2415	0.007593735168486049
2022-02-16	10475	10475	10430	10430	21	-0.017428167687235097
2022-02-17	10395	10445	10265	10355	10672	-0.007190795781399806
2022-02-18	10460	10460	10370	10370	2546	0.0014485755673587786
2022-02-21	10385	10580	10370	10430	2984	0.005785920925747368
2022-02-22	10565	10565	10550	10550	2	0.011505273250239645
2022-02-23	10520	10520	10505	10505	2	-0.004265402843601884
2022-02-24	10510	10780	10495	10755	3098	0.023798191337458308
2022-02-25	10670	10675	10620	10645	2703	-0.010227801022780092
2022-02-28	10725	10725	10645	10645	102	0.0
2022-03-02	10600	10600	10570	10570	32	-0.007045561296383229
2022-03-03	10615	10615	10510	10510	2	-0.0056764427625354275
2022-03-04	10430	10430	10415	10415	2	-0.009039010466222686
2022-03-07	10800	10870	10785	10815	3887	0.03840614498319739
2022-03-08	10995	10995	10875	10925	4592	0.010171058714748105
2022-03-10	10705	10705	10665	10665	122	-0.023798627002288297
2022-03-11	10765	10800	10750	10760	222	0.00890764181903414
2022-03-14	10770	10780	10750	10780	482	0.0018587360594795044
2022-03-15	10850	10850	10820	10820	81	0.0037105751391466324
2022-03-16	10780	10795	10765	10795	11	-0.002310536044362266
2022-03-17	10520	10540	10485	10540	4303	-0.023622047244094446
2022-03-18	10595	10595	10515	10515	4084	-0.0023719165085388516
2022-03-21	10535	10535	10520	10520	2	0.0004755111745124996
2022-03-22	10640	10640	10625	10625	2	0.009980988593155882
2022-03-23	10475	10475	10430	10450	161	-0.016470588235294126
2022-03-24	10535	10535	10520	10520	2	0.006698564593301537
2022-03-25	10520	10520	10505	10505	2	-0.001425855513307983
2022-03-28	10605	10605	10590	10590	3	0.008091385054735944
2022-03-29	10465	10480	10445	10480	3	-0.010387157695939564
2022-03-30	10405	10415	10390	10415	11	-0.006202290076335881
2022-03-31	10445	10445	10430	10430	2	0.001440230436869916
2022-04-01	10465	10465	10450	10450	2	0.0019175455417066445
2022-04-04	10550	10560	10535	10560	3	0.010526315789473717
2022-04-05	10395	10460	10380	10440	163	-0.011363636363636354
2022-04-06	10440	10515	10425	10515	502	0.007183908045977017
2022-04-07	10650	10700	10635	10700	61	0.01759391345696626
2022-04-08	10695	10695	10680	10680	2	-0.0018691588785046953
2022-04-11	10770	10770	10755	10755	2	0.0070224719101124045
2022-04-12	10775	10775	10760	10760	2	0.00046490004649002437
2022-04-13	10780	10780	10655	10655	53	-0.00975836431226762
2022-04-14	10620	10620	10605	10605	2	-0.004692632566870025
2022-04-15	10760	10785	10745	10785	102	0.016973125884016893
2022-04-18	10865	10865	10850	10850	2	0.006026889197960239
2022-04-19	10740	10740	10725	10725	2	-0.011520737327188946
2022-04-20	10705	10705	10690	10690	2	-0.0032634032634032417
2022-04-21	10635	10635	10615	10615	3	-0.007015902712815714
2022-04-22	10770	10770	10745	10755	3	0.013188883655204986
2022-04-25	10910	10910	10885	10905	159	0.013947001394700065
2022-04-26	10890	10890	10835	10835	59	-0.006419073819348919
2022-04-27	11070	11070	11050	11050	2	0.0198431010613751
2022-04-28	10970	10970	10950	10950	2	-0.009049773755656076
2022-04-29	10915	10915	10785	10785	102	-0.015068493150684925
2022-05-02	10845	10845	10790	10790	102	0.00046360686138147145
2022-05-03	10785	10785	10765	10765	2	-0.0023169601482854185
2022-05-04	10760	10760	10740	10740	2	-0.0023223409196470035
2022-05-06	10925	10930	10900	10930	7	0.017690875232774683
2022-05-09	10995	10995	10975	10975	2	0.004117108874656994
2022-05-10	11040	11040	10975	10975	2	0.0
2022-05-11	11175	11175	11155	11155	4	0.016400911161731146
2022-05-12	11205	11290	11205	11255	1785	0.008964589870013473
2022-05-13	11280	11280	11260	11260	2	0.00044424700133283146
2022-05-16	11020	11020	11000	11000	2	-0.023090586145648295
2022-05-17	11025	11025	11005	11005	2	0.00045454545454548523
2022-05-18	10960	10960	10940	10940	2	-0.005906406179009505
2022-05-19	11180	11180	11160	11160	2	0.02010968921389389
2022-05-20	11015	11015	10890	10890	4	-0.024193548387096753
2022-05-23	10885	10885	10865	10865	2	-0.0022956841138659367
2022-05-24	10920	10920	10900	10900	2	0.003221352968246771
2022-05-25	10990	10990	10950	10950	3	0.004587155963302836
2022-05-26	11020	11020	10995	10995	9	0.004109589041095818
2022-05-27	10920	10920	10900	10900	9	-0.00864029104138242
2022-05-30	10905	10905	10885	10885	2	-0.0013761467889907841
2022-05-31	10810	10850	10790	10850	12	-0.003215434083601254
2022-06-02	10815	10855	10795	10855	12	0.0004608294930874557
2022-06-03	10765	10765	10745	10745	2	-0.010133578995854431
2022-06-07	10870	10870	10850	10850	2	0.009771986970684043
2022-06-08	10990	10990	10970	10980	3	0.011981566820276512
2022-06-09	11025	11025	11000	11000	486	0.0018214936247722413
2022-06-10	11110	11140	11090	11140	5	0.012727272727272698
2022-06-13	11355	11485	11335	11485	157	0.03096947935368033
2022-06-14	11685	11685	11560	11560	202	0.006530256856769778
2022-06-15	11615	11795	11595	11795	7	0.020328719723183397
2022-06-16	11815	11815	11670	11670	102	-0.010597710894446832
2022-06-17	12015	12015	11975	11975	8	0.0261353898886032
2022-06-20	11850	12135	11830	12115	5224	0.011691022964509301
2022-06-21	12010	12040	11970	11980	66	-0.01114321089558401
2022-06-22	11975	12255	11955	12255	267	0.022954924874791338
2022-06-23	12255	12415	12235	12325	5322	0.005711954304365552
2022-06-24	12340	12345	12165	12165	5486	-0.012981744421906694
2022-06-27	12130	12130	11915	11940	697	-0.018495684340320562
2022-06-28	11980	11980	11960	11965	3	0.0020938023450587373
2022-06-29	12025	12080	12000	12080	12	0.009611366485583028
2022-06-30	12185	12275	12165	12275	19	0.01614238410596025
2022-07-01	12245	12245	12220	12220	2	-0.004480651731160856
2022-07-04	12410	12435	12390	12435	121	0.01759410801964001
2022-07-05	12305	12335	12185	12275	773	-0.012866907921190163
2022-07-06	12275	12490	12000	12490	20047	0.017515274949083448
2022-07-07	12435	12435	12220	12220	191	-0.021617293835068052
2022-07-08	12155	12155	12135	12135	2	-0.006955810147299513
2022-07-11	12140	12140	12120	12135	3	0.0
2022-07-12	12305	12435	12285	12435	97	0.024721878862793645
2022-07-13	12335	12335	12275	12290	274	-0.011660635303578637
2022-07-14	12410	12410	12325	12325	152	0.002847843775427128
