Date	Open	High	Low	Close	Volume	Change
2021-09-02	19040	19505	18645	18735	9053	
2021-09-03	18650	19425	18225	19425	981	0.03682946357085659
2021-09-06	18980	19180	17140	17520	5059	-0.09806949806949805
2021-09-07	16395	17365	16170	17365	1325	-0.008847031963470364
2021-09-08	16870	17150	15755	16365	4800	-0.05758710048949034
2021-09-09	16100	16100	14945	15990	2750	-0.022914757103574712
2021-09-10	15810	15810	15260	15445	412	-0.03408380237648534
2021-09-13	16110	16120	13590	13785	13234	-0.10747814826804791
2021-09-14	13980	14170	13630	13695	2237	-0.006528835690968404
2021-09-15	12210	13985	11900	12765	20525	-0.06790799561883898
2021-09-16	12025	12025	10240	10995	20710	-0.13866039952996478
2021-09-17	9710	10430	9395	9975	22762	-0.09276944065484316
2021-09-23	10545	10790	9675	9910	15913	-0.006516290726817031
2021-09-24	9910	11690	9910	11335	26358	0.14379414732593343
2021-09-27	12205	12935	11790	12600	7670	0.11160123511248354
2021-09-28	12230	12330	10640	10930	17507	-0.1325396825396825
2021-09-29	10935	11935	10935	11655	16821	0.066331198536139
2021-09-30	12370	14230	12155	12865	11352	0.10381810381810386
2021-10-01	12275	12275	11100	11925	12193	-0.07306645938593082
2021-10-05	11970	12140	11770	12105	10226	0.015094339622641506
2021-10-06	12420	12535	12195	12405	3963	0.024783147459727317
2021-10-07	12450	12475	12280	12295	15710	-0.008867392180572309
2021-10-08	11810	13645	11410	13645	4640	0.10980073200487994
2021-10-12	15040	15250	13895	14510	6257	0.06339318431659957
2021-10-13	14620	14765	12710	13515	1874	-0.06857339765678838
2021-10-14	12400	13530	12110	13530	3663	0.0011098779134295356
2021-10-15	12950	13680	12650	13620	3884	0.006651884700665134
2021-10-18	12910	13445	12540	13155	1788	-0.03414096916299558
2021-10-19	13020	13145	12780	13015	665	-0.010642341315089343
2021-10-20	13500	13545	13190	13355	2160	0.026123703419131727
2021-10-21	13370	13865	12090	12215	3443	-0.08536128790715092
2021-10-22	11815	12450	11730	12050	3142	-0.01350798198935732
2021-10-25	12400	13000	12035	12160	6119	0.009128630705394158
2021-10-26	12210	13125	12200	12870	3949	0.05838815789473695
2021-10-27	12720	13485	11500	12360	4376	-0.03962703962703962
2021-10-28	11675	11730	9975	11145	36152	-0.09830097087378642
2021-10-29	10510	10660	9905	9945	15790	-0.10767160161507405
2021-11-01	10290	10290	9080	9215	22573	-0.07340372046254395
2021-11-02	8800	8805	7475	7725	203623	-0.16169289202387416
2021-11-03	8215	8450	7725	8370	89492	0.08349514563106797
2021-11-04	8085	8475	7755	8015	32457	-0.04241338112305859
2021-11-05	7485	7730	7175	7520	94316	-0.06175920149719272
2021-11-08	7470	7640	7145	7430	85285	-0.01196808510638303
2021-11-09	7535	7650	7110	7305	116811	-0.01682368775235532
2021-11-10	7110	7125	6340	6850	153322	-0.06228610540725532
2021-11-11	6940	7410	6790	7310	42191	0.06715328467153281
2021-11-12	7465	7465	6790	6970	54606	-0.046511627906976716
2021-11-15	6985	7070	6650	6825	33157	-0.020803443328550886
2021-11-16	6700	7220	6700	6955	13833	0.01904761904761898
2021-11-17	6955	7170	6810	6865	10641	-0.012940330697340019
2021-11-18	6985	6985	6495	6555	32458	-0.04515659140568096
2021-11-19	6570	7290	6570	7205	46747	0.09916094584286794
2021-11-22	7355	7380	7185	7325	56326	0.01665510062456632
2021-11-23	8045	9510	8005	8835	113105	0.2061433447098977
2021-11-24	8245	9215	8245	9135	10276	0.03395585738539908
2021-11-25	9550	9795	8995	9330	15448	0.021346469622331776
2021-11-26	9345	9345	7755	8050	78797	-0.13719185423365488
2021-11-29	7520	9510	7520	9245	48225	0.14844720496894404
2021-11-30	9350	9390	8480	8960	46519	-0.030827474310438086
2021-12-01	8115	9675	8115	9375	36526	0.04631696428571419
2021-12-02	9295	9700	9080	9635	52839	0.027733333333333388
2021-12-03	9350	9360	8695	9180	37395	-0.047223663725998954
2021-12-06	9255	9390	8985	9240	75639	0.006535947712418277
2021-12-07	9990	11300	9970	11000	81225	0.19047619047619047
2021-12-08	11330	11520	10920	11255	6943	0.023181818181818192
2021-12-09	11075	11075	10305	10385	5743	-0.07729897823189691
2021-12-10	10500	10580	9995	10240	10300	-0.013962445835339454
2021-12-13	10520	11560	10350	11445	15802	0.11767578125
2021-12-14	11600	11780	11045	11210	13142	-0.020532983835736096
2021-12-15	11390	11390	10945	11080	4314	-0.011596788581623496
2021-12-16	11120	11375	11045	11375	5578	0.026624548736462028
2021-12-17	12265	12470	11795	12250	52664	0.07692307692307687
2021-12-20	12795	13975	12260	13535	15572	0.1048979591836734
2021-12-21	13670	14340	13670	14230	21108	0.05134835611377908
2021-12-22	14225	14225	13550	13550	5841	-0.047786366830639526
2021-12-23	13170	13320	12745	13280	8874	-0.019926199261992572
2021-12-24	13900	13985	13620	13685	13241	0.03049698795180733
2021-12-27	13885	13955	12810	12825	20740	-0.06284252831567405
2021-12-28	12600	12600	12110	12185	6877	-0.04990253411306045
2021-12-29	11855	11855	11330	11390	7911	-0.0652441526466968
2021-12-30	12175	12880	12100	12435	6991	0.09174714661984207
2022-01-03	13275	13560	12725	13195	6790	0.0611178126256533
2022-01-04	12600	12900	12100	12900	1946	-0.022356953391436174
2022-01-05	13250	13250	12755	13000	1197	0.007751937984496138
2022-01-06	13500	13810	13470	13810	6830	0.0623076923076924
2022-01-07	13815	13905	13495	13870	1367	0.004344677769732019
2022-01-10	13855	13855	13075	13335	3052	-0.03857245854361935
2022-01-11	13385	14160	13385	13795	1795	0.034495688038995054
2022-01-12	14220	14665	14220	14615	3623	0.059441826748822146
2022-01-13	15070	15260	14305	14520	4788	-0.006500171057133075
2022-01-14	14210	14440	13460	13695	6526	-0.05681818181818177
2022-01-17	13275	13400	12515	13255	18419	-0.032128514056224855
2022-01-18	13215	13360	12885	13360	1568	0.007921539041870984
2022-01-19	14285	14675	14215	14490	12588	0.08458083832335328
2022-01-20	14635	15155	14540	15155	3460	0.04589371980676327
2022-01-21	15830	16020	15445	16020	8751	0.057076872319366645
2022-01-24	16665	16795	15235	15455	4724	-0.03526841448189766
2022-01-25	15050	15870	14810	15710	2282	0.016499514720155206
2022-01-26	15940	15950	15530	15910	193	0.012730744748567835
2022-01-27	16035	16300	15805	16215	3530	0.019170333123821548
2022-01-28	16520	17660	16500	17660	3004	0.08911501695960533
2022-02-03	17140	17535	17095	17505	2217	-0.008776896942242374
2022-02-04	17880	18200	17560	17560	1296	0.003141959440160047
2022-02-07	17745	18295	17360	17910	4114	0.01993166287015935
2022-02-08	19405	19720	18055	18055	6460	0.008096035734226792
2022-02-09	18240	18290	17415	17715	4245	-0.01883134865688174
2022-02-10	18500	19565	18490	19465	2723	0.09878633926051372
2022-02-11	21035	21300	19790	19790	4822	0.01669663498587215
2022-02-14	18425	18980	17990	18440	5395	-0.0682162708438605
2022-02-15	17065	17115	13500	14655	82921	-0.2052603036876356
2022-02-16	15655	16470	15200	16310	53430	0.1129307403616513
2022-02-17	15560	15735	14025	14955	49943	-0.08307786633966896
2022-02-18	14230	14365	13145	14365	35875	-0.03945168839852897
2022-02-21	14565	14910	13940	14765	25653	0.02784545770971114
2022-02-22	14890	16330	14890	16025	26141	0.0853369454791737
2022-02-23	15385	16455	15135	16090	7045	0.004056162246489858
2022-02-24	16165	16490	15595	16195	4727	0.006525792417650722
2022-02-25	15760	15965	14380	14915	3120	-0.079036739734486
2022-02-28	15625	16295	15625	16110	3511	0.08012068387529325
2022-03-02	17300	18570	17300	18090	11866	0.12290502793296088
2022-03-03	19125	21290	18810	20500	5101	0.13322277501381974
2022-03-04	20970	21495	20175	20400	4608	-0.004878048780487809
2022-03-07	21740	23030	21740	22850	14203	0.12009803921568629
2022-03-08	21415	23765	21065	23385	11101	0.02341356673960604
2022-03-10	20290	21920	19515	21370	4848	-0.08616634594825745
2022-03-11	21505	21925	20310	21360	3928	-0.00046794571829666953
2022-03-14	19960	19960	17915	18000	9818	-0.1573033707865169
2022-03-15	17355	17495	15970	16040	8107	-0.10888888888888892
2022-03-16	16260	18000	15995	17620	5097	0.09850374064837908
2022-03-17	17775	18385	17520	17520	2141	-0.005675368898978461
2022-03-18	18520	18970	18005	18535	2980	0.057933789954337955
2022-03-21	18480	19720	17720	18380	1323	-0.008362557323981612
2022-03-22	18015	18015	17360	17360	1856	-0.055495103373231824
2022-03-23	16860	17725	16595	17445	2403	0.004896313364055382
2022-03-24	17450	17870	17450	17825	1638	0.02178274577242756
2022-03-25	17990	18770	17990	18770	1074	0.05301542776998591
2022-03-28	17520	19250	17520	19030	1515	0.013851891315929565
2022-03-29	19355	19375	18490	18975	853	-0.0028901734104046506
2022-03-30	18950	19665	18850	19565	1471	0.031093544137022366
2022-03-31	20110	20825	19755	20135	834	0.029133657040633754
2022-04-01	20565	20565	19985	20455	1753	0.015892724112242407
2022-04-04	21030	21880	20790	21175	403	0.03519921779516011
2022-04-05	21165	21210	20880	21210	208	0.0016528925619834212
2022-04-06	20595	20990	20270	20830	575	-0.017916077322017943
2022-04-07	20025	20025	19160	19410	1999	-0.06817090734517528
2022-04-08	19535	19535	18005	18690	2000	-0.037094281298299836
2022-04-11	17995	18005	17150	17330	8270	-0.07276618512573574
2022-04-12	18215	18955	17960	18930	2451	0.0923254472013848
2022-04-13	19055	19055	17795	18330	1169	-0.031695721077654504
2022-04-14	18175	18675	17785	18675	2006	0.01882160392798693
2022-04-15	18535	18690	18535	18690	918	0.0008032128514057213
2022-04-18	18995	19795	18550	18885	992	0.010433386837881198
2022-04-19	18810	19065	17990	18005	1066	-0.046597828964786814
2022-04-20	17975	18470	17735	18020	2224	0.0008331019161345043
2022-04-21	18045	18145	17725	17750	475	-0.014983351831298508
2022-04-22	18525	18525	17625	18245	1167	0.02788732394366189
2022-04-25	14770	15790	14725	15400	11528	-0.15593313236503148
2022-04-26	14530	15440	14530	15150	1933	-0.016233766233766267
2022-04-27	15005	15300	14660	15210	1383	0.003960396039603964
2022-04-28	15385	15495	15035	15035	2081	-0.011505588428665336
2022-04-29	15750	16425	15270	16270	1338	0.08214166943797796
2022-05-02	16355	16585	15950	15950	989	-0.019668100799016597
2022-05-03	16340	16340	15715	15860	214	-0.005642633228840177
2022-05-04	15410	15560	15330	15460	247	-0.02522068095838592
2022-05-06	15630	15690	14830	14830	681	-0.04075032341526519
2022-05-09	14125	14125	12430	12815	19019	-0.13587322993931217
2022-05-10	12175	12190	11600	11785	13540	-0.08037456106125629
2022-05-11	12070	13355	11900	13165	5576	0.11709800593975395
2022-05-12	13370	13370	11970	12000	1917	-0.08849221420432962
2022-05-13	11740	12195	11610	12105	1069	0.008750000000000036
2022-05-16	12470	12885	11910	12015	3471	-0.0074349442379182396
2022-05-17	12530	12920	12340	12340	2378	0.02704952143154382
2022-05-18	12495	12495	11935	12050	1418	-0.02350081037277152
2022-05-19	11340	12120	10880	11835	10284	-0.01784232365145233
2022-05-20	12040	12905	12040	12905	2238	0.09040980143641741
2022-05-23	13470	14410	13335	13400	2352	0.038357225881441304
2022-05-24	13480	13550	12645	12845	847	-0.04141791044776122
2022-05-25	12625	13050	12270	12410	2049	-0.03386531724406383
2022-05-26	12855	12855	11800	12405	1198	-0.00040290088638195165
2022-05-27	13020	13125	12820	13115	709	0.057234985892785195
2022-05-30	13550	13725	13300	13650	1014	0.040792985131528736
2022-05-31	14355	14355	13965	13965	1501	0.023076923076922995
2022-06-02	14150	14825	14075	14780	1061	0.05836018617973515
2022-06-03	15220	15595	15220	15555	5186	0.052435723951285595
2022-06-07	15915	16505	15630	15670	3747	0.007393121182899476
2022-06-08	16185	16265	15640	15870	1788	0.012763241863433361
2022-06-09	16145	16310	15945	15955	569	0.005356017643352251
2022-06-10	14930	15070	14510	14990	3900	-0.06048260733312438
2022-06-13	14060	14060	13425	13895	2696	-0.07304869913275513
2022-06-14	13610	13660	13225	13660	6500	-0.01691255847427131
2022-06-15	13635	13835	12975	12975	2041	-0.05014641288433386
2022-06-16	13540	13590	12510	12705	2728	-0.020809248554913284
2022-06-17	12350	12350	11195	11195	12758	-0.11885084612357344
2022-06-20	10180	10330	9290	9335	33283	-0.1661456007146047
2022-06-21	9435	10055	9435	9935	5164	0.06427423674343857
2022-06-22	9935	9970	9020	9120	6249	-0.08203321590337187
2022-06-23	9235	9865	8900	9805	7032	0.07510964912280693
2022-06-24	10215	10215	9660	9950	12182	0.014788373278939337
2022-06-27	10290	10750	10285	10640	11987	0.06934673366834176
2022-06-28	10640	11050	10200	11020	1562	0.03571428571428581
2022-06-29	11435	11590	11205	11470	18260	0.04083484573502716
2022-06-30	11395	11485	10870	11215	7230	-0.022231909328683575
2022-07-01	10185	10200	9700	9860	6144	-0.12082032991529201
2022-07-04	9240	9275	8925	8980	2049	-0.08924949290060857
2022-07-05	9340	9620	9200	9555	11453	0.06403118040089084
2022-07-06	8835	9400	8480	8850	26271	-0.07378335949764525
2022-07-07	9260	9650	9025	9610	1393	0.08587570621468932
2022-07-08	9880	9920	9365	9365	20657	-0.025494276795005155
2022-07-11	9130	9140	8670	9020	14469	-0.03683929524826479
2022-07-12	8590	8910	8395	8465	14599	-0.06152993348115299
2022-07-13	8455	8620	8295	8620	12988	0.018310691080921426
2022-07-14	8620	8705	8185	8185	15491	-0.050464037122969874
