Date	Open	High	Low	Close	Volume	Change
2021-06-03	10195	10215	10195	10215	9	
2021-06-04	10155	10155	10140	10140	92	-0.007342143906020504
2021-06-07	10235	10235	10235	10235	1	0.009368836291913318
2021-06-08	10265	10265	10265	10265	1	0.002931118710307823
2021-06-09	10300	10300	10300	10300	0	0.00340964442279601
2021-06-10	10420	10420	10420	10420	20	0.011650485436893288
2021-06-11	10645	10775	10645	10715	121	0.02831094049904026
2021-06-14	10875	10895	10875	10880	322	0.015398973401773208
2021-06-15	11070	11115	11055	11115	161	0.02159926470588225
2021-06-16	10610	10610	10585	10585	104	-0.047683310841205584
2021-06-17	10750	10750	10745	10745	22	0.015115729806329803
2021-06-18	10615	10615	10605	10605	9	-0.013029315960912058
2021-06-21	10605	10605	10605	10605	20	0.0
2021-06-22	10580	10580	10580	10580	1	-0.0023573785950024018
2021-06-23	10800	10800	10800	10800	1	0.020793950850661602
2021-06-24	10955	10955	10955	10955	0	0.014351851851851949
2021-06-25	11285	11285	11285	11285	1	0.03012323140118678
2021-06-28	11530	11535	11530	11535	100	0.02215330084182554
2021-06-29	11795	11800	11790	11800	14	0.02297355873428697
2021-06-30	12090	12250	12090	12170	170	0.031355932203389836
2021-07-01	12110	12195	12090	12195	118	0.0020542317173377622
2021-07-02	12035	12035	12035	12035	35	-0.013120131201312057
2021-07-05	12210	12210	12210	12210	0	0.014540922309929316
2021-07-06	12465	12465	12450	12450	2	0.019656019656019597
2021-07-07	12055	12055	12055	12055	34	-0.031726907630522105
2021-07-08	11725	11795	11725	11785	199	-0.022397345499792665
2021-07-09	12025	12025	12015	12015	2	0.01951633432329225
2021-07-12	12015	12015	12015	12015	5	0.0
2021-07-13	12260	12260	12260	12260	0	0.020391177694548457
2021-07-14	12205	12205	12205	12205	0	-0.004486133768352385
2021-07-15	12035	12035	12035	12035	0	-0.01392871773863169
2021-07-16	11890	11890	11890	11890	15	-0.012048192771084376
2021-07-19	12125	12125	12125	12125	0	0.019764507989907587
2021-07-20	12305	12305	12305	12305	20	0.014845360824742304
2021-07-21	12820	12820	12820	12820	0	0.041852905323039424
2021-07-22	12780	12780	12780	12780	1	-0.0031201248049922414
2021-07-23	13100	13125	13100	13125	18	0.02699530516431925
2021-07-26	13200	13200	13200	13200	0	0.005714285714285783
2021-07-27	13400	13400	13400	13400	0	0.015151515151515138
2021-07-28	12925	12925	12905	12905	6	-0.03694029850746272
2021-07-29	13010	13010	13010	13010	0	0.008136381247578539
2021-07-30	13055	13055	13055	13055	0	0.0034588777863182596
2021-08-02	13095	13095	13095	13095	0	0.003063960168517843
2021-08-03	13110	13110	13110	13110	0	0.001145475372279492
2021-08-04	13425	13425	13425	13425	0	0.024027459954233388
2021-08-05	13685	13735	13685	13735	94	0.023091247672253346
2021-08-06	13735	13735	13735	13735	0	0.0
2021-08-09	13725	13725	13725	13725	80	-0.0007280669821623231
2021-08-10	13295	13315	13295	13315	60	-0.029872495446265912
2021-08-11	13530	13530	13530	13530	0	0.016147202403304473
2021-08-12	13335	13335	13335	13335	119	-0.014412416851441234
2021-08-13	12860	12860	12845	12845	13	-0.03674540682414695
2021-08-17	12970	12970	12970	12970	6	0.009731413001167866
2021-08-18	12635	12635	12635	12635	9	-0.025828835774865055
2021-08-19	12575	12575	12555	12555	29	-0.006331618519984206
2021-08-20	12810	12815	12810	12815	6	0.020708880923934636
2021-08-23	12740	12740	12740	12740	0	-0.005852516582130263
2021-08-24	12975	13025	12975	13025	2	0.022370486656200894
2021-08-25	12795	12795	12760	12760	15	-0.020345489443378106
2021-08-26	12930	12930	12930	12930	1	0.013322884012539227
2021-08-27	13895	13990	13895	13950	82	0.0788863109048723
2021-08-30	14670	14670	14560	14560	45	0.043727598566308146
2021-08-31	14160	14160	14080	14090	28	-0.03228021978021978
2021-09-01	14455	14535	14455	14535	22	0.031582682753726
2021-09-02	15060	15135	15040	15110	183	0.03955968352253181
2021-09-03	15095	15120	15095	15120	6	0.0006618133686300265
2021-09-06	15445	15480	15445	15480	54	0.023809523809523725
2021-09-07	15430	15430	15430	15430	0	-0.003229974160206761
2021-09-08	15130	15130	15130	15130	2	-0.01944264419961117
2021-09-09	16120	16215	16120	16170	198	0.06873760740251167
2021-09-10	16415	16485	16410	16450	264	0.017316017316017396
2021-09-13	16035	16035	15970	15970	380	-0.029179331306990908
2021-09-14	17060	17100	17060	17090	25	0.07013149655604267
2021-09-15	17380	17440	17380	17415	3	0.019016968987712213
2021-09-16	17680	17740	17680	17740	6	0.018662072925638817
2021-09-17	17365	17420	17355	17390	63	-0.019729425028184866
2021-09-23	15725	15750	15710	15750	347	-0.09430707303047725
2021-09-24	16630	16765	16630	16670	289	0.05841269841269847
2021-09-27	17435	17450	17420	17425	288	0.04529094181163762
2021-09-28	19355	20150	19355	19855	280	0.13945480631276896
2021-09-29	19365	19365	18645	18645	547	-0.06094182825484762
2021-09-30	17515	17995	17515	17955	255	-0.0370072405470635
2021-10-01	19295	19405	19190	19190	180	0.06878306878306883
2021-10-05	19000	19020	18995	18995	134	-0.010161542470036422
2021-10-06	20600	20620	20255	20620	293	0.0855488286391155
2021-10-07	18795	18915	18500	18780	370	-0.0892337536372454
2021-10-08	18755	19050	18695	19050	93	0.01437699680511173
2021-10-12	17550	17730	17500	17545	247	-0.07900262467191599
2021-10-13	17700	17700	17495	17700	110	0.008834425762325404
2021-10-14	18405	18625	18385	18545	341	0.047740112994350214
2021-10-15	18285	18335	18190	18330	138	-0.011593421407387394
2021-10-18	17195	17305	16805	16930	26197	-0.07637752318603386
2021-10-19	16560	16620	16320	16495	50483	-0.025694034258712306
2021-10-20	16775	16780	16660	16705	9207	0.012731130645650124
2021-10-21	17225	17250	17100	17100	20	0.023645615085303717
2021-10-22	17065	17065	16960	16960	16	-0.008187134502923965
2021-10-25	18095	18135	18000	18000	709	0.061320754716981174
2021-10-26	19490	19705	19460	19705	254	0.09472222222222215
2021-10-27	18910	18945	18785	18860	224	-0.04288251712763258
2021-10-28	19130	19195	19130	19195	145	0.017762460233297972
2021-10-29	18125	18260	17850	18260	74	-0.04871060171919772
2021-11-01	17140	17165	16995	17105	163	-0.06325301204819278
2021-11-02	16620	16665	16495	16640	676	-0.027185033615901744
2021-11-03	17465	17515	17440	17515	1039	0.05258413461538458
2021-11-04	18305	18350	18115	18115	577	0.03425635169854413
2021-11-05	18100	18100	17840	17915	478	-0.011040574109853707
2021-11-08	17445	17610	17445	17610	3312	-0.01702483951995537
2021-11-09	17115	17260	17115	17260	344	-0.01987507098239638
2021-11-10	15900	15910	15650	15740	882	-0.08806488991888761
2021-11-11	15475	15605	15475	15585	911	-0.009847522236340556
2021-11-12	16175	16220	16135	16160	156	0.036894449791466055
2021-11-15	15500	15505	15390	15400	1468	-0.04702970297029707
2021-11-16	15890	15980	15825	15940	1082	0.03506493506493502
2021-11-17	16195	16205	16130	16145	149	0.012860727728983612
2021-11-18	15390	15640	15390	15640	2016	-0.03127903375658103
2021-11-19	16700	16700	15470	15490	1499	-0.009590792838874651
2021-11-22	16995	16995	15430	15430	1009	-0.003873466752743693
2021-11-23	15180	15255	15055	15060	2301	-0.023979261179520428
2021-11-24	15490	15640	15475	15640	339	0.038512616201859196
2021-11-25	15845	15910	15845	15910	117	0.017263427109974527
2021-11-26	16225	16225	15725	15915	2321	0.0003142677561283058
2021-11-29	15775	15840	15775	15840	110	-0.004712535344015056
2021-11-30	15715	15715	14455	14455	1479	-0.08743686868686873
2021-12-01	14185	14400	14185	14400	817	-0.003804911795226573
2021-12-02	13390	14580	13075	13075	4685	-0.09201388888888884
2021-12-03	12770	12955	12745	12955	411	-0.009177820267686432
2021-12-06	11960	11980	11860	11940	3241	-0.0783481281358549
2021-12-07	11940	11940	11435	11940	2636	0.0
2021-12-08	12055	12055	11560	11765	2072	-0.014656616415410384
2021-12-09	11845	12000	11845	11995	3019	0.019549511262218378
2021-12-10	11695	12070	11575	12070	308	0.0062526052521885145
2021-12-13	12225	12425	12225	12415	1135	0.02858326429163216
2021-12-14	11810	11885	11760	11885	1127	-0.04269029399919455
2021-12-15	11740	11760	11690	11735	838	-0.01262095077829195
2021-12-16	11850	12025	11840	12025	299	0.024712398806987723
2021-12-17	11680	11700	11585	11590	1646	-0.03617463617463612
2021-12-20	11410	11460	11410	11420	860	-0.014667817083692802
2021-12-21	11770	11770	11685	11715	1831	0.02583187390542907
2021-12-22	11815	11870	11795	11795	1223	0.006828851899274513
2021-12-23	12910	12910	12010	12125	1107	0.02797795676133963
2021-12-24	11410	11780	11300	11580	42177	-0.044948453608247396
2021-12-27	11860	11950	11545	11545	964	-0.003022452504317763
2021-12-28	12245	12595	12230	12570	29641	0.0887830229536597
2021-12-29	12200	12920	12190	12230	621	-0.02704852824184567
2021-12-30	12115	12170	11655	12170	1223	-0.004905968928863413
2022-01-03	11650	11660	11540	11540	622	-0.05176663927691039
2022-01-04	12050	12050	11910	11955	413	0.035961871750433305
2022-01-05	11735	11735	11650	11650	66	-0.025512337933918827
2022-01-06	12040	12070	11660	11985	225	0.028755364806867023
2022-01-07	12050	12100	12050	12060	2551	0.006257822277847325
2022-01-10	12665	12995	12665	12990	2105	0.07711442786069655
2022-01-11	12870	12910	12855	12860	395	-0.01000769822940728
2022-01-12	13110	13200	13110	13175	676	0.024494556765163322
2022-01-13	14590	14655	14315	14365	2044	0.0903225806451613
2022-01-14	13900	14195	13440	13455	1599	-0.06334841628959276
2022-01-17	13840	13915	13815	13815	807	0.026755852842809347
2022-01-18	13815	13935	13815	13885	618	0.005066956207021356
2022-01-19	13890	13890	13615	13660	426	-0.016204537270435693
2022-01-20	12880	12975	12875	12970	30817	-0.05051244509516839
2022-01-21	12405	12640	12360	12575	1733	-0.030454895913646918
2022-01-24	12605	12625	12560	12560	4602	-0.0011928429423458953
2022-01-25	12835	12835	12740	12805	1931	0.019506369426751657
2022-01-26	13075	13220	12985	13220	1464	0.032409215150331905
2022-01-27	13540	13950	13425	13950	8136	0.05521936459909238
2022-01-28	14605	14690	13955	14500	5018	0.03942652329749108
2022-02-03	18180	18180	17720	17720	7126	0.22206896551724142
2022-02-04	16600	17300	16595	16595	3702	-0.06348758465011284
2022-02-07	16330	16330	14665	14850	3107	-0.10515215426333235
2022-02-08	14335	14485	14335	14480	3332	-0.02491582491582489
2022-02-09	14210	14235	14155	14210	1079	-0.018646408839778972
2022-02-10	13630	13675	13490	13535	3803	-0.04750175932441947
2022-02-11	14070	14165	13335	13575	2475	0.002955301071296601
2022-02-14	13735	13875	13735	13770	2543	0.01436464088397793
2022-02-15	14000	14265	13970	14265	8656	0.03594771241830075
2022-02-16	14545	14695	13965	14695	5902	0.03014370837714697
2022-02-17	15265	15670	15190	15670	2340	0.06634909833276614
2022-02-18	15640	15640	14575	14575	9347	-0.06987874920229742
2022-02-21	15480	15555	15425	15445	562	0.05969125214408244
2022-02-22	20065	20065	15365	15365	4462	-0.005179669796050557
2022-02-23	15120	15275	15110	15195	1151	-0.011064106736088486
2022-02-24	15620	16410	15605	16355	16028	0.07634090161237239
2022-02-25	15630	15890	15580	15665	9728	-0.042188933047997534
2022-02-28	15590	15590	15400	15495	4092	-0.01085221832109795
2022-03-02	15700	16025	15600	15825	4717	0.021297192642788065
2022-03-03	16315	16520	16235	16405	12278	0.03665086887835711
2022-03-04	16110	16560	14800	16245	5396	-0.009753124047546469
2022-03-07	17235	17235	17040	17190	19892	0.05817174515235468
2022-03-08	16305	16325	15900	16175	3870	-0.059045956951716105
2022-03-10	15335	15405	15260	15350	2541	-0.051004636785162316
2022-03-11	15820	15830	15685	15790	2472	0.028664495114006483
2022-03-14	15935	15935	15710	15735	1128	-0.003483217226092461
2022-03-15	15735	15775	15535	15610	3183	-0.007944073721004141
2022-03-16	15605	15820	15605	15820	1191	0.013452914798206317
2022-03-17	16025	16045	15890	15890	605	0.004424778761061843
2022-03-18	16640	16695	16480	16495	847	0.03807426054122098
2022-03-21	16640	16745	16640	16715	310	0.013337374962109738
2022-03-22	16720	16765	16625	16765	3875	0.0029913251570445887
2022-03-23	17410	17440	17280	17305	567	0.032209961228750306
2022-03-24	17355	17540	17290	17540	1460	0.013579890205142942
2022-03-25	18400	18400	18200	18270	477	0.04161915621436707
2022-03-28	18600	19000	18600	18905	1460	0.03475643130815542
2022-03-29	18375	18515	18345	18350	1266	-0.02935731288019039
2022-03-30	17925	17925	17705	17795	502	-0.030245231607629375
2022-03-31	18680	18690	18510	18570	219	0.04355155942680522
2022-04-01	18990	19040	18830	18890	1093	0.017232094776521212
2022-04-04	19200	19300	19170	19295	781	0.021439915299100054
2022-04-05	19405	19710	19370	19710	927	0.021508162736460168
2022-04-06	20475	20475	20350	20455	99	0.03779807204464736
2022-04-07	20480	20730	20420	20590	130	0.0065998533365925205
2022-04-08	21405	21500	21345	21435	716	0.0410393394851869
2022-04-11	21350	21350	21040	21145	126	-0.013529274550968085
2022-04-12	22480	22935	22480	22790	786	0.07779616930716471
2022-04-13	22520	22520	22300	22520	114	-0.0118473014480035
2022-04-14	23640	23775	23475	23540	856	0.04529307282415629
2022-04-15	24755	24775	24410	24765	846	0.05203908241291422
2022-04-18	25340	27000	25230	25295	342	0.021401171007470188
2022-04-19	26385	26435	26140	26320	2450	0.0405218422613165
2022-04-20	24290	24500	23740	23970	2709	-0.0892857142857143
2022-04-21	23165	23330	22880	22970	2932	-0.04171881518564868
2022-04-22	23395	23530	23395	23410	461	0.019155420113191157
2022-04-25	21700	21870	21570	21610	675	-0.07689021785561723
2022-04-26	23205	23295	23100	23130	402	0.07033780657103184
2022-04-27	23205	23235	23170	23235	203	0.004539559014267169
2022-04-28	24065	24270	24065	24270	119	0.04454486765655252
2022-04-29	22960	23225	22960	23055	426	-0.05006180469715693
2022-05-02	24690	25000	24675	24730	630	0.07265235306874862
2022-05-03	25105	25505	25105	25440	208	0.028710068742418215
2022-05-04	26090	26245	25730	26245	640	0.031643081761006275
2022-05-06	29370	29370	28885	29150	893	0.11068775004762821
2022-05-09	27010	27010	26600	26885	852	-0.07770154373927962
2022-05-10	23545	23720	22860	23700	10937	-0.11846754695927098
2022-05-11	24460	25100	24370	25100	14959	0.05907172995780585
2022-05-12	25335	25335	24655	25090	7722	-0.00039840637450194727
2022-05-13	25590	25590	25410	25410	3185	0.012754085292945305
2022-05-16	25990	26085	25765	25960	159	0.02164502164502169
2022-05-17	26900	27005	26620	26620	5483	0.025423728813559254
2022-05-18	27615	27700	27190	27190	2286	0.021412471825694945
2022-05-19	26970	27185	26940	27170	26	-0.0007355645457889359
2022-05-20	26950	26950	26530	26785	4152	-0.014170040485829927
2022-05-23	26760	26895	26670	26895	173	0.004106776180698102
2022-05-24	28945	29050	28885	29050	1495	0.08012641754973049
2022-05-25	29300	29300	28910	29075	37	0.000860585197934638
2022-05-26	29650	29650	29280	29585	4217	0.01754084264832323
2022-05-27	28975	29135	28805	28965	898	-0.02095656582727734
2022-05-30	28930	29040	28875	29040	174	0.002589331952356222
2022-05-31	28500	28730	28345	28730	139	-0.010674931129476595
2022-06-02	28730	28820	28355	28650	5911	-0.002784545770971092
2022-06-03	27735	27735	27245	27405	2004	-0.043455497382199004
2022-06-07	30640	31145	30555	30645	5367	0.11822660098522175
2022-06-08	30800	30885	30550	30550	1635	-0.003100016315875309
2022-06-09	27075	27215	26585	27190	16292	-0.10998363338788875
2022-06-10	29720	29825	29395	29520	8831	0.08569326958440593
2022-06-13	28325	28430	28140	28250	9475	-0.043021680216802194
2022-06-14	28535	28540	27830	28060	11808	-0.006725663716814156
2022-06-15	23770	24085	23770	23830	7664	-0.15074839629365644
2022-06-16	24690	24820	24605	24650	2107	0.03441040704993714
2022-06-17	24280	24605	24010	24095	4289	-0.022515212981744415
2022-06-20	21840	21925	21770	21860	9186	-0.09275783357543055
2022-06-21	21880	22000	21790	21935	5380	0.0034309240622141246
2022-06-22	22230	22230	21650	21740	8237	-0.008889901983131998
2022-06-23	23000	23000	21950	22350	3029	0.02805887764489423
2022-06-24	21680	21680	20510	20560	13697	-0.08008948545861294
2022-06-27	20295	20375	20190	20205	3724	-0.017266536964980594
2022-06-28	21120	21325	21075	21285	25344	0.05345211581291753
2022-06-29	21830	22205	21745	22205	84578	0.0432229269438571
2022-06-30	21140	22225	21115	21270	49132	-0.042107633415897294
2022-07-01	18615	18775	18520	18550	40892	-0.12787964268923369
2022-07-04	18725	18740	18590	18625	806	0.0040431266846361336
2022-07-05	19135	19170	19030	19050	8773	0.02281879194630876
2022-07-06	18075	18890	18075	18285	86835	-0.04015748031496058
2022-07-07	18135	18245	17995	18245	14767	-0.0021875854525567062
2022-07-08	20255	20335	20110	20255	15194	0.1101671690874213
2022-07-11	20830	20830	20720	20755	6029	0.024685262898049842
2022-07-12	21335	21335	21215	21240	1781	0.023367863165502323
2022-07-13	20305	20670	20305	20670	12668	-0.026836158192090398
2022-07-14	21720	21945	21620	21945	12669	0.061683599419448454
