Date	Open	High	Low	Close	Volume	Change
2021-10-21	9965	9965	9920	9920	11	
2021-10-22	10015	10040	9870	9870	2005	-0.005040322580645129
2021-10-25	9980	9980	9965	9965	2	0.009625126646403137
2021-10-26	9905	9905	9765	9765	6	-0.02007024586051176
2021-10-27	9755	9770	9740	9770	12	0.0005120327700973704
2021-10-28	9805	9805	9790	9790	2	0.0020470829068577334
2021-10-29	9890	9960	9875	9960	19584	0.01736465781409602
2021-11-01	9940	9940	9810	9810	4	-0.015060240963855387
2021-11-02	9865	9865	9730	9760	19909	-0.0050968399592252744
2021-11-03	9775	9775	9755	9755	3	-0.0005122950819672623
2021-11-04	9685	9685	9635	9635	4	-0.012301383905689356
2021-11-05	9725	9725	9705	9705	2	0.007265179034769087
2021-11-08	9695	9695	9675	9675	2	-0.0030911901081916993
2021-11-09	9720	9720	9675	9675	4	0.0
2021-11-10	9690	9690	9680	9680	2	0.0005167958656331351
2021-11-11	9960	9960	9795	9795	19949	0.011880165289256173
2021-11-12	9740	9740	9730	9730	2	-0.0066360387953037225
2021-11-15	9560	9560	9380	9380	19	-0.03597122302158273
2021-11-16	9425	9425	9410	9410	2	0.0031982942430703876
2021-11-17	9300	9300	9290	9290	2	-0.012752391073326264
2021-11-18	9395	9395	9395	9395	0	0.011302475780408994
2021-11-19	9430	9430	9320	9320	303	-0.007982969664715234
2021-11-22	9315	9365	9305	9365	54	0.004828326180257525
2021-11-23	9490	9490	9480	9480	2	0.012279765082754857
2021-11-24	9575	9575	9565	9565	2	0.00896624472573837
2021-11-25	9520	9545	9500	9545	402	-0.002090956612650241
2021-11-26	9620	9705	9550	9705	1366	0.01676270298585636
2021-11-29	9720	9720	9615	9670	20937	-0.003606388459556964
2021-11-30	9610	9885	9555	9835	10552	0.01706308169596693
2021-12-01	9775	9990	9745	9770	9755	-0.0066090493136756745
2021-12-02	9870	9920	9810	9810	18670	0.004094165813715467
2021-12-03	9820	9830	9570	9580	28231	-0.023445463812436285
2021-12-06	9680	9775	9655	9670	18668	0.009394572025052117
2021-12-07	9680	9695	9620	9620	37212	-0.005170630816959676
2021-12-08	9520	9520	9435	9470	27995	-0.015592515592515621
2021-12-09	9410	9470	9325	9325	18647	-0.015311510031678965
2021-12-10	9445	9445	9435	9435	2	0.011796246648793529
2021-12-13	9470	9550	9460	9550	9310	0.012188659247482692
2021-12-14	9620	9620	9555	9570	4863	0.0020942408376962707
2021-12-15	9635	9635	9550	9550	32	-0.002089864158829724
2021-12-16	9390	9395	9375	9395	22	-0.016230366492146597
2021-12-17	9545	9665	9535	9665	42	0.028738690792974975
2021-12-20	9635	9635	9625	9625	2	-0.0041386445938954575
2021-12-21	9580	9700	9570	9570	31231	-0.005714285714285672
2021-12-22	9520	9520	9510	9510	2	-0.006269592476489061
2021-12-23	9525	9525	9515	9515	12	0.000525762355415349
2021-12-24	9480	9480	9445	9445	32	-0.0073568050446662925
2021-12-27	9515	9515	9505	9505	2	0.0063525674960296374
2021-12-28	9340	9340	9155	9155	12899	-0.03682272488164129
2021-12-29	9115	9310	9105	9255	4743	0.010922992900054718
2021-12-30	9255	9335	9245	9245	4664	-0.0010804970286332205
2022-01-03	9265	9265	9265	9265	0	0.0021633315305571443
2022-01-04	9255	9410	9245	9410	4958	0.015650296815974185
2022-01-05	9515	9635	9505	9635	4572	0.023910733262486605
2022-01-06	9775	9895	9715	9895	3997	0.02698495070057083
2022-01-07	9885	9885	9830	9870	2648	-0.002526528549772644
2022-01-10	9895	10070	9885	10060	2461	0.019250253292806496
2022-01-11	10010	10140	9975	10110	4173	0.00497017892644136
2022-01-12	9985	9985	9800	9800	2672	-0.030662710187932762
2022-01-13	9820	9960	9805	9945	2468	0.01479591836734695
2022-01-14	10135	10150	10125	10130	2594	0.018602312719959713
2022-01-17	10150	10225	10140	10225	2466	0.009378084896347394
2022-01-18	10150	10355	10090	10355	4140	0.01271393643031793
2022-01-19	10450	10510	10415	10510	8330	0.014968614196040564
2022-01-20	10490	10490	10200	10200	4570	-0.02949571836346332
2022-01-21	10325	10450	10260	10365	6667	0.016176470588235237
2022-01-24	10435	10650	10425	10575	6891	0.02026049204052094
2022-01-25	10535	10860	10525	10855	43791	0.02647754137115843
2022-01-26	10780	11015	10735	11015	51071	0.014739751266697354
2022-01-27	11160	11500	11090	11480	88566	0.042215161143894786
2022-01-28	11455	11665	11155	11210	136715	-0.023519163763066175
2022-02-03	10985	10985	10865	10985	35640	-0.020071364852810025
2022-02-04	10995	10995	10855	10875	5904	-0.010013654984069142
2022-02-07	10905	11050	10895	11000	16106	0.011494252873563315
2022-02-08	10955	11125	10845	11055	24497	0.004999999999999893
2022-02-09	10945	10950	10815	10830	7927	-0.020352781546811416
2022-02-10	10775	11070	10765	11045	5288	0.019852262234533624
2022-02-11	11265	11335	11175	11335	32815	0.026256224535989192
2022-02-14	11550	11590	11410	11495	54887	0.014115571239523561
2022-02-15	11465	11685	11410	11685	20896	0.016528925619834656
2022-02-16	11425	11425	11090	11090	3094	-0.050919982884039316
2022-02-17	11110	11355	11040	11205	54420	0.010369702434625871
2022-02-18	11400	11400	11090	11130	23578	-0.00669344042838016
2022-02-21	11300	11330	11085	11085	8446	-0.0040431266846361336
2022-02-22	11300	11300	11195	11245	17963	0.014433919711321685
2022-02-23	11090	11200	11070	11095	14690	-0.013339261894175225
2022-02-24	11215	11425	11205	11400	7913	0.027489860297431168
2022-02-25	11145	11170	11005	11005	5213	-0.034649122807017596
2022-02-28	11080	11085	10900	10900	16509	-0.009541117673784627
2022-03-02	10930	10930	10705	10725	267	-0.016055045871559592
2022-03-03	10625	10625	10495	10495	242	-0.02144522144522143
2022-03-04	10560	10710	10550	10670	342	0.016674606955693116
2022-03-07	10940	10955	10780	10825	12973	0.014526710402999132
2022-03-08	11125	11125	10910	11005	60734	0.016628175519630473
2022-03-10	10585	10705	10575	10695	12817	-0.028169014084507005
2022-03-11	10635	10675	10610	10655	7694	-0.003740065451145358
2022-03-14	10615	10950	10605	10950	8144	0.027686532144532983
2022-03-15	11020	11020	10880	10980	3921	0.00273972602739736
2022-03-16	10790	10790	10690	10690	92	-0.026411657559198498
2022-03-17	10405	10405	10250	10250	344	-0.04115996258185217
2022-03-18	10330	10330	10270	10270	102	0.0019512195121951237
2022-03-21	10185	10330	10175	10330	120	0.0058422590068158975
2022-03-22	10410	10410	10300	10310	4064	-0.0019361084220715918
2022-03-23	10225	10225	10200	10205	352	-0.010184287099903044
2022-03-24	10310	10380	10300	10355	143	0.014698677119059367
2022-03-25	10210	10210	10200	10205	52	-0.014485755673587675
2022-03-28	10325	10325	10315	10315	2	0.010779029887310054
2022-03-29	10340	10340	10220	10220	4015	-0.009209888511875874
2022-03-30	10170	10170	10160	10160	2	-0.005870841487279899
2022-03-31	10200	10200	10190	10190	2	0.0029527559055118058
2022-04-01	10220	10220	10210	10210	2	0.001962708537782243
2022-04-04	10260	10260	10185	10185	54	-0.0024485798237022793
2022-04-05	10105	10105	10095	10095	2	-0.008836524300441795
2022-04-06	10200	10275	10190	10275	102	0.017830609212481363
2022-04-07	10360	10380	10350	10380	202	0.010218978102189746
2022-04-08	10315	10330	10240	10240	333	-0.013487475915221592
2022-04-11	10325	10325	10315	10315	2	0.00732421875
2022-04-12	10650	10700	10635	10700	103	0.03732428502181295
2022-04-13	10560	10560	10400	10400	133	-0.028037383177570097
2022-04-14	10360	10395	10350	10395	4190	-0.00048076923076922906
2022-04-15	10525	10560	10475	10475	7936	0.007696007696007756
2022-04-18	10560	10560	10545	10545	4004	0.006682577565632508
2022-04-19	10475	10475	10465	10465	2	-0.007586533902323334
2022-04-20	10315	10325	10315	10315	12	-0.014333492594362118
2022-04-21	10330	10330	10320	10320	2	0.0004847309743092332
2022-04-22	10550	10610	10510	10510	962	0.018410852713178327
2022-04-25	10730	10795	10720	10795	117	0.027117031398667946
2022-04-26	10715	10715	10615	10650	8094	-0.013432144511347888
2022-04-27	10870	10875	10810	10830	4292	0.016901408450704203
2022-04-28	10750	10850	10750	10850	217	0.001846722068328699
2022-04-29	10880	10880	10620	10625	4434	-0.020737327188940058
2022-05-02	10800	10800	10790	10790	2	0.015529411764705792
2022-05-03	10685	10685	10565	10605	64	-0.017145505097312275
2022-05-04	10590	10590	10580	10580	2	-0.0023573785950024018
2022-05-06	10890	10955	10825	10955	4665	0.03544423440453692
2022-05-09	11060	11235	11030	11235	7785	0.025559105431310014
2022-05-10	11415	11560	11245	11335	4318	0.008900756564307999
2022-05-11	11420	11420	11010	11010	6235	-0.02867225408028229
2022-05-12	11240	11510	11210	11505	9106	0.04495912806539515
2022-05-13	11375	11375	11045	11045	8181	-0.03998261625380273
2022-05-16	10905	11100	10895	11070	11037	0.002263467632412919
2022-05-17	11065	11075	10885	10885	8985	-0.016711833785004515
2022-05-18	10785	10815	10745	10745	2105	-0.012861736334405127
2022-05-19	11065	11070	10890	10930	2134	0.017217310376919537
2022-05-20	10770	10770	10560	10560	362	-0.03385178408051237
2022-05-23	10535	10580	10510	10545	322	-0.0014204545454545858
2022-05-24	10560	10790	10550	10790	2868	0.023233760075865417
2022-05-25	10705	10800	10525	10630	4331	-0.014828544949026856
2022-05-26	10615	10740	10510	10730	2032	0.00940733772342428
2022-05-27	10525	10680	10495	10665	252	-0.0060577819198508465
2022-05-30	10535	10555	10525	10525	550	-0.013127051101734621
2022-05-31	10510	10510	10500	10500	2	-0.002375296912114022
2022-06-02	10515	10540	10465	10525	59	0.0023809523809523725
2022-06-03	10405	10535	10395	10535	3990	0.00095011876484552
2022-06-07	10645	10855	10635	10855	184	0.030374940673943973
2022-06-08	10720	10810	10705	10805	76	-0.004606172270842923
2022-06-09	10850	10850	10840	10840	2	0.003239241092086953
2022-06-10	10870	10870	10815	10830	1052	-0.0009225092250922939
2022-06-13	11095	11245	11080	11245	1662	0.038319482917820835
2022-06-14	11515	11515	11300	11300	2181	0.004891062694530879
2022-06-15	11260	11620	11245	11575	11620	0.02433628318584069
2022-06-16	11370	11510	11260	11510	7850	-0.005615550755939558
2022-06-17	12555	12555	11580	11610	31974	0.008688097306689846
2022-06-20	11485	11940	11475	11880	67743	0.023255813953488413
2022-06-21	11770	11935	11660	11730	10617	-0.012626262626262652
2022-06-22	11680	12165	11665	12165	5448	0.037084398976982014
2022-06-23	12140	12635	12055	12635	5155	0.03863542951089194
2022-06-24	12420	12420	11855	11855	19797	-0.06173328056984562
2022-06-27	11705	11715	11595	11660	1335	-0.016448755799240877
2022-06-28	11670	11855	11635	11840	4708	0.015437392795883298
2022-06-29	12025	12110	11970	12065	92	0.01900337837837829
2022-06-30	12085	12315	12070	12315	10076	0.020721094073766988
2022-07-01	12165	12620	12150	12570	1959	0.020706455542021995
2022-07-04	12540	12745	12480	12620	44846	0.003977724741447863
2022-07-05	12490	12490	12035	12035	1409	-0.046354992076069745
2022-07-06	12160	12245	11790	12245	8769	0.017449106771915357
2022-07-07	12085	12150	11915	11990	225	-0.020824826459779455
2022-07-08	11835	11850	11710	11815	533	-0.014595496246872397
2022-07-11	11820	11840	11675	11825	1137	0.0008463817181549871
2022-07-12	11960	12135	11945	12135	5	0.026215644820295925
2022-07-13	12070	12070	11750	11770	418	-0.030078285949732164
2022-07-14	11840	11840	11695	11790	415	0.001699235344095218
