Date	Open	High	Low	Close	Volume	Change
2021-12-16	19965	19965	19965	19965	1	
2021-12-17	19905	19955	19885	19885	11	-0.004007012271475041
2021-12-20	19915	19915	19915	19915	0	0.0015086748805632766
2021-12-21	19940	19940	19940	19940	0	0.001255335174491501
2021-12-22	19520	19520	19520	19520	0	-0.02106318956870612
2021-12-23	19030	19030	19030	19030	0	-0.025102459016393408
2021-12-24	18960	18960	18960	18960	0	-0.0036784025223332018
2021-12-27	18960	18960	18700	18700	5	-0.01371308016877637
2021-12-28	18335	18355	18335	18335	3	-0.01951871657754012
2021-12-29	19120	19120	19120	19120	0	0.042814289610035416
2021-12-30	19045	19045	19045	19045	0	-0.003922594142259372
2022-01-03	19290	19290	19290	19290	0	0.01286426883696512
2022-01-04	19725	19725	19725	19725	0	0.02255054432348369
2022-01-05	18895	18895	18895	18895	0	-0.042078580481622274
2022-01-06	19625	19625	19625	19625	0	0.03863455940725058
2022-01-07	19255	19255	19255	19255	0	-0.01885350318471335
2022-01-10	19090	19090	19085	19085	7	-0.008828875616722964
2022-01-11	19225	19225	19225	19225	0	0.0073356038773906285
2022-01-12	19185	19185	19185	19185	0	-0.002080624187256186
2022-01-13	19250	19250	19250	19250	4	0.0033880635913474677
2022-01-14	20085	20085	20085	20085	1	0.04337662337662329
2022-01-17	19535	19535	19535	19535	0	-0.027383619616629273
2022-01-18	19705	19705	19705	19705	2	0.008702329152802557
2022-01-19	18990	18990	18990	18990	0	-0.03628520680030445
2022-01-20	18590	18590	18590	18590	3300	-0.02106371774618221
2022-01-21	18700	18700	18700	18700	0	0.00591715976331364
2022-01-24	18195	18245	18060	18110	110	-0.03155080213903738
2022-01-25	17985	18120	17985	18120	41	0.000552181115405892
2022-01-26	18035	18310	18035	18310	3411	0.010485651214128033
2022-01-27	17730	17875	17730	17865	84	-0.024303659202621564
2022-01-28	17815	17815	17815	17815	0	-0.0027987685418415786
2022-02-03	17950	18095	17935	18095	399	0.015717092337917515
2022-02-04	18210	18210	17850	17850	378	-0.013539651837524147
2022-02-07	17645	17645	17620	17620	130	-0.012885154061624604
2022-02-08	17115	17220	17115	17220	68	-0.022701475595913734
2022-02-09	17265	17265	17015	17015	171	-0.011904761904761862
2022-02-10	16495	16510	16460	16460	69	-0.032618277990008826
2022-02-11	16900	16900	16820	16850	983	0.0236938031591738
2022-02-14	16325	16325	16030	16030	15	-0.04866468842729965
2022-02-15	16125	16205	16110	16205	3	0.01091703056768556
2022-02-16	16970	16985	16820	16820	38	0.03795124961431662
2022-02-17	16595	16595	16455	16455	11	-0.021700356718192593
2022-02-18	16455	16455	16415	16415	2	-0.0024308720753570823
2022-02-21	16095	16095	16095	16095	1	-0.019494364910143114
2022-02-22	16090	16090	15500	15500	59	-0.0369680024852439
2022-02-23	15080	15170	15065	15125	5601	-0.024193548387096753
2022-02-24	14735	14825	13305	13305	3784	-0.1203305785123967
2022-02-25	14630	14630	13985	14075	2938	0.05787298008267561
2022-02-28	15575	15580	14510	14700	34730	0.04440497335701599
2022-03-02	12745	12985	12680	12735	40703	-0.13367346938775515
2022-03-03	12735	12760	12105	12130	2955	-0.04750687082842564
2022-03-04	12050	12050	11280	11750	26189	-0.03132728771640558
2022-03-07	11835	11980	11160	11160	26175	-0.05021276595744684
2022-03-08	11260	12805	11260	12200	32056	0.09318996415770608
2022-03-10	12600	12855	12375	12550	20197	0.028688524590164022
2022-03-11	11975	11990	11830	11830	22192	-0.057370517928286846
2022-03-14	11820	12050	11585	12050	15734	0.018596787827557026
2022-03-15	12335	12595	12295	12510	7634	0.03817427385892125
2022-03-16	12510	12510	11940	11970	11369	-0.043165467625899234
2022-03-17	12610	12610	12350	12395	10456	0.03550543024227237
2022-03-18	11725	11765	11640	11700	18433	-0.056070996369503856
2022-03-21	11710	12000	11710	11845	11941	0.01239316239316235
2022-03-22	11755	11755	11530	11530	2628	-0.026593499366821427
2022-03-23	11770	11800	11730	11775	3115	0.02124891587163913
2022-03-24	11775	11805	11515	11805	3693	0.002547770700636942
2022-03-25	11865	12000	11865	12000	3873	0.016518424396442244
2022-03-28	12005	12110	12005	12110	9701	0.009166666666666767
2022-03-29	12020	12085	11940	12005	131257	-0.00867052023121384
2022-03-30	12045	12455	12045	12315	39240	0.02582257392753018
2022-03-31	12125	12275	12035	12035	4626	-0.02273650020300444
2022-04-01	11910	12000	11740	12000	7975	-0.00290818446198593
2022-04-04	12235	12235	11850	11855	13460	-0.012083333333333335
2022-04-05	11730	11730	11515	11595	9086	-0.0219316743989878
2022-04-06	11480	11585	11425	11510	4022	-0.007330746011211753
2022-04-07	11645	11645	11490	11575	4830	0.0056472632493485
2022-04-08	11565	11610	11540	11580	6924	0.00043196544276447035
2022-04-11	11300	11300	11190	11245	4284	-0.02892918825561308
2022-04-12	11360	11380	11225	11225	1399	-0.0017785682525567337
2022-04-13	11085	11135	11050	11125	3639	-0.008908685968819552
2022-04-14	10820	10820	10680	10770	3819	-0.031910112359550546
2022-04-15	10705	10705	10560	10665	9571	-0.00974930362116988
2022-04-18	10555	10585	10520	10585	13409	-0.0075011720581340535
2022-04-19	10010	10010	9920	9945	2362	-0.06046291922531888
2022-04-20	10275	10285	10180	10255	8406	0.031171442936148708
2022-04-21	9950	10100	9950	10080	6349	-0.017064846416382284
2022-04-22	10455	10620	10390	10515	12100	0.04315476190476186
2022-04-25	10515	10835	10505	10830	27876	0.029957203994293913
2022-04-26	10340	10345	10190	10230	30947	-0.05540166204986152
2022-04-27	10435	10560	10435	10515	7480	0.027859237536656867
2022-04-28	10120	10160	10035	10155	6085	-0.0342368045649073
2022-04-29	10260	10260	10030	10045	13024	-0.010832102412604683
2022-05-02	10170	10455	10170	10385	21136	0.03384768541562977
2022-05-03	10265	10375	10255	10375	4718	-0.000962927298988947
2022-05-04	10580	10640	10540	10640	5796	0.02554216867469883
2022-05-06	10640	10805	10640	10745	15650	0.009868421052631637
2022-05-09	10995	11210	10990	11195	24517	0.041879944160074345
2022-05-10	11270	11335	11150	11190	48052	-0.00044662795891026175
2022-05-11	11215	11225	11100	11135	3576	-0.004915102770330693
2022-05-12	10925	11040	10805	11005	8381	-0.011674898967220515
2022-05-13	10825	10850	10690	10745	1550	-0.02362562471603813
2022-05-16	10480	10690	10420	10600	1475	-0.01349464867380179
2022-05-17	10380	10470	10325	10415	1511	-0.01745283018867927
2022-05-18	10385	10510	10365	10465	15667	0.004800768122899646
2022-05-19	10600	10920	10600	10905	6980	0.04204491161012891
2022-05-20	10935	11095	10935	11000	5173	0.008711600183402002
2022-05-23	10900	10930	10795	10860	5366	-0.012727272727272698
2022-05-24	10820	10865	10785	10865	882	0.0004604051565377798
2022-05-25	11165	11280	11165	11280	4423	0.038196042337781844
2022-05-26	11380	11525	11340	11445	5362	0.0146276595744681
2022-05-27	11320	11320	11210	11225	4857	-0.01922236784622111
2022-05-30	10875	10875	10715	10770	965	-0.040534521158129166
2022-05-31	10830	10940	10775	10855	1954	0.00789229340761377
2022-06-02	12205	12330	12205	12320	14750	0.13496084753569781
2022-06-03	12215	12215	12120	12175	447	-0.011769480519480569
2022-06-07	11935	12095	11935	12065	5521	-0.00903490759753589
2022-06-08	11235	11280	11085	11135	9812	-0.07708246995441359
2022-06-09	11210	11305	11200	11295	8831	0.014369106421194378
2022-06-10	11065	11165	11060	11140	8502	-0.013722886232846343
2022-06-13	11005	11195	10990	11145	7651	0.0004488330341112512
2022-06-14	11360	11460	11305	11340	2955	0.01749663526244949
2022-06-15	11425	11465	11385	11410	31804	0.006172839506172867
2022-06-16	11255	11345	11210	11345	1010	-0.005696757230499561
2022-06-17	10965	11020	10830	10870	10585	-0.041868664609960304
2022-06-20	11100	11180	11100	11170	24905	0.027598896044158217
2022-06-21	11410	11655	11390	11655	10638	0.04341987466427932
2022-06-22	11895	12280	11875	12280	24959	0.05362505362505354
2022-06-23	12500	12885	12445	12850	28519	0.046416938110749095
2022-06-24	13490	13695	13460	13645	23211	0.061867704280155644
2022-06-27	12900	13580	12900	13295	29609	-0.025650421399780132
2022-06-28	13270	13510	13265	13290	12667	-0.00037608123354648804
2022-06-29	13320	13485	13215	13385	8427	0.007148231753197898
2022-06-30	13665	13740	13580	13615	10455	0.017183414269704933
2022-07-01	14715	15230	14520	15125	33118	0.1109070877708409
2022-07-04	15470	15510	15395	15460	8206	0.022148760330578554
2022-07-05	15390	15465	15340	15460	2005	0.0
2022-07-06	16750	17270	16740	17225	20344	0.11416558861578263
2022-07-07	16230	16245	15645	15850	25653	-0.07982583454281567
2022-07-08	15905	15905	15350	15615	14219	-0.014826498422712886
2022-07-11	13060	13595	13060	13585	21931	-0.1300032020493116
2022-07-12	14505	14735	14375	14495	13687	0.06698564593301426
2022-07-13	16665	16995	16335	16335	38844	0.12694032424974133
2022-07-14	15765	15995	15655	15945	6195	-0.023875114784205675
