Date	Open	High	Low	Close	Volume	Change
2021-10-21	10145	10145	10115	10115	4	
2021-10-22	10105	10105	10095	10095	2	-0.001977261492832394
2021-10-25	10080	10080	10065	10065	2	-0.002971768202080227
2021-10-26	10230	10230	10215	10215	4	0.014903129657227954
2021-10-27	10235	10235	10225	10225	2	0.0009789525208028227
2021-10-28	10160	10160	10145	10145	2	-0.007823960880195546
2021-10-29	10170	10170	10155	10155	2	0.0009857072449481752
2021-11-01	10050	10050	10035	10035	3	-0.011816838995568735
2021-11-02	10095	10210	10085	10150	19924	0.011459890383657134
2021-11-03	10165	10165	9985	9985	19951	-0.01625615763546795
2021-11-04	10135	10140	10125	10130	4	0.014521782674010941
2021-11-05	10145	10145	10130	10130	2	0.0
2021-11-08	10010	10010	10000	10000	3	-0.012833168805528095
2021-11-09	10040	10090	10040	10080	5	0.008000000000000007
2021-11-10	10025	10025	9945	9945	145	-0.013392857142857095
2021-11-11	9865	9865	9855	9855	4	-0.009049773755656076
2021-11-12	9995	9995	9985	9985	2	0.013191273465246178
2021-11-15	10105	10165	10095	10165	7	0.018027040560841368
2021-11-16	10115	10115	10105	10105	3	-0.005902606984751646
2021-11-17	10160	10160	10050	10050	5	-0.005442850074220629
2021-11-18	9975	9975	9975	9975	0	-0.007462686567164201
2021-11-19	9985	9985	9975	9975	2	0.0
2021-11-22	10095	10095	10085	10085	2	0.01102756892230583
2021-11-23	10245	10245	10180	10180	7	0.009419930589985137
2021-11-24	10235	10235	10220	10220	2	0.003929273084479323
2021-11-25	10145	10145	10135	10135	3	-0.008317025440313097
2021-11-26	10035	10035	10025	10025	3	-0.010853478046373932
2021-11-29	9815	9820	9805	9820	3	-0.02044887780548632
2021-11-30	9905	9905	9895	9895	2	0.0076374745417515655
2021-12-01	9675	9675	9665	9665	2	-0.023244062657908016
2021-12-02	9770	9770	9760	9770	3	0.010863942058975784
2021-12-03	9945	9945	9935	9945	3	0.017911975435005223
2021-12-06	10025	10025	10015	10015	2	0.007038712921065837
2021-12-07	10090	10090	10080	10080	2	0.006490264603095319
2021-12-08	10295	10335	10200	10200	9262	0.011904761904761862
2021-12-09	10245	10245	10205	10245	9142	0.004411764705882337
2021-12-10	10215	10215	10205	10205	2	-0.003904343582235237
2021-12-13	10260	10260	10250	10250	2	0.004409603135717699
2021-12-14	10140	10140	10130	10130	2	-0.011707317073170742
2021-12-15	10100	10100	10085	10085	209	-0.0044422507403750755
2021-12-16	10240	10240	10155	10180	10	0.009419930589985137
2021-12-17	10135	10215	10125	10215	9	0.0034381139489194634
2021-12-20	10155	10155	10025	10025	21	-0.018600097895252077
2021-12-21	9510	10125	9510	10115	388	0.008977556109725615
2021-12-22	10175	10175	10140	10140	4873	0.0024715768660406034
2021-12-23	10210	10210	10180	10210	4692	0.006903353057199135
2021-12-24	10280	10320	10270	10290	4637	0.007835455435847294
2021-12-27	10280	10290	10230	10230	4792	-0.005830903790087438
2021-12-28	10245	10285	10200	10285	31	0.005376344086021501
2021-12-29	10350	10350	10310	10310	107	0.002430724355858116
2021-12-30	10285	10285	10230	10230	62	-0.007759456838021372
2022-01-03	10255	10255	10255	10255	59	0.0024437927663734094
2022-01-04	10215	10215	10200	10215	59	-0.003900536323744541
2022-01-05	10210	10210	10045	10095	96	-0.011747430249632873
2022-01-06	10035	10040	10025	10040	4	-0.00544824170381375
2022-01-07	10050	10140	10040	10140	4	0.009960159362549792
2022-01-10	10110	10110	10025	10035	102	-0.010355029585798814
2022-01-11	10080	10110	10065	10070	201	0.0034877927254608476
2022-01-12	10170	10205	10160	10205	13	0.013406156901688115
2022-01-13	10265	10265	10190	10190	17	-0.0014698677119059367
2022-01-14	10100	10110	10035	10035	60	-0.01521099116781155
2022-01-17	10030	10030	10015	10015	2	-0.0019930244145490716
2022-01-18	9990	9990	9980	9980	2	-0.003494757863205189
2022-01-19	9825	9840	9815	9840	3	-0.014028056112224463
2022-01-20	9810	9845	9800	9845	3	0.000508130081300795
2022-01-21	9775	9775	9765	9765	2	-0.008125952260030433
2022-01-24	9750	9750	9740	9740	2	-0.0025601638504864077
2022-01-25	9610	9610	9375	9375	72	-0.03747433264887068
2022-01-26	9455	9455	9445	9445	2	0.0074666666666667325
2022-01-27	9300	9300	9300	9300	2	-0.015352038115404976
2022-01-28	9120	9275	9030	9275	106	-0.0026881720430107503
2022-02-03	9440	9445	9430	9440	8	0.017789757412398854
2022-02-04	9415	9415	9405	9405	2	-0.00370762711864403
2022-02-07	9410	9410	9370	9370	3	-0.0037214247740563478
2022-02-08	9515	9515	9505	9505	2	0.014407684098185713
2022-02-09	9530	9535	9520	9535	102	0.0031562335612835835
2022-02-10	9640	9640	9630	9630	2	0.009963293130571538
2022-02-11	9540	9540	9530	9530	2	-0.010384215991692591
2022-02-14	9470	9470	9460	9460	2	-0.007345225603357819
2022-02-15	9445	9445	9435	9435	2	-0.0026427061310781985
2022-02-16	9480	9530	9470	9530	3	0.010068892421833509
2022-02-17	9550	9570	9540	9570	4910	0.0041972717733473885
2022-02-18	9505	9505	9490	9490	2	-0.008359456635318674
2022-02-21	9390	9550	9375	9550	2668	0.006322444678608985
2022-02-22	9380	9445	9370	9410	2556	-0.014659685863874339
2022-02-23	9510	9510	9450	9460	2608	0.005313496280552554
2022-02-24	9335	9340	9200	9210	2630	-0.026427061310782207
2022-02-25	9285	9285	9275	9275	2	0.007057546145494031
2022-02-28	9245	9245	9235	9235	2	-0.004312668463611891
2022-03-02	9360	9360	9350	9360	4078	0.013535462912831697
2022-03-03	9440	9440	9425	9425	2	0.00694444444444442
2022-03-04	9475	9475	9460	9460	2	0.003713527851458842
2022-03-07	9185	9185	9175	9175	2	-0.030126849894291707
2022-03-08	9015	9015	9005	9005	2	-0.018528610354223485
2022-03-10	9260	9260	9250	9250	2	0.02720710716268737
2022-03-11	9185	9185	9175	9175	2	-0.008108108108108136
2022-03-14	9205	9205	9190	9190	2	0.0016348773841960984
2022-03-15	9130	9130	9120	9120	2	-0.007616974972796564
2022-03-16	9180	9180	9170	9170	2	0.005482456140350811
2022-03-17	9415	9415	9405	9405	2	0.02562704471101407
2022-03-18	9335	9335	9325	9325	2	-0.008506113769271684
2022-03-21	9415	9415	9405	9405	2	0.00857908847184996
2022-03-22	9325	9325	9315	9315	2	-0.009569377990430672
2022-03-23	9460	9470	9460	9470	2	0.016639828234031206
2022-03-24	9390	9390	9380	9380	2	-0.009503695881731833
2022-03-25	9440	9440	9430	9430	2	0.005330490405117239
2022-03-28	9315	9315	9300	9300	2	-0.01378579003181335
2022-03-29	9455	9455	9445	9445	2	0.015591397849462396
2022-03-30	9525	9525	9515	9515	2	0.007411328745367873
2022-03-31	9480	9480	9470	9470	2	-0.004729374671571196
2022-04-01	9445	9445	9415	9415	4178	-0.0058078141499472435
2022-04-04	9370	9475	9360	9475	3940	0.006372809346786967
2022-04-05	9525	9525	9460	9460	52	-0.0015831134564643357
2022-04-06	9405	9405	9360	9360	3826	-0.010570824524312905
2022-04-07	9285	9300	9230	9235	6175	-0.013354700854700807
2022-04-08	9250	9250	9250	9250	1973	0.0016242555495398214
2022-04-11	9180	9245	9165	9240	24	-0.00108108108108107
2022-04-12	9180	9180	9140	9145	210	-0.010281385281385336
2022-04-13	9180	9180	9170	9170	2	0.0027337342810278553
2022-04-14	9290	9290	9280	9280	2	0.01199563794983649
2022-04-15	9190	9190	9180	9180	2	-0.010775862068965525
2022-04-18	9110	9110	9100	9100	2	-0.008714596949891074
2022-04-19	9215	9270	9205	9270	28	0.018681318681318615
2022-04-20	9245	9245	9235	9235	2	-0.003775620280474623
2022-04-21	9325	9325	9315	9315	2	0.008662696264212233
2022-04-22	9195	9195	9180	9180	2	-0.01449275362318836
2022-04-25	9090	9090	9080	9080	2	-0.01089324618736387
2022-04-26	9090	9090	9080	9080	2	0.0
2022-04-27	8950	8950	8940	8940	2	-0.01541850220264318
2022-04-28	9020	9020	9010	9010	2	0.007829977628635243
2022-04-29	9060	9195	9050	9195	4174	0.020532741398446186
2022-05-02	9135	9135	9125	9125	2	-0.0076128330614464446
2022-05-03	9175	9175	9165	9165	2	0.004383561643835687
2022-05-04	9210	9220	9150	9150	4024	-0.0016366612111292644
2022-05-06	9050	9050	9040	9040	2	-0.012021857923497303
2022-05-09	9005	9005	8995	8995	2	-0.004977876106194712
2022-05-10	8900	8905	8790	8905	2474	-0.010005558643690904
2022-05-11	8845	8845	8835	8835	2	-0.007860752386299796
2022-05-12	8810	8860	8770	8770	2302	-0.007357102433503071
2022-05-13	8825	8825	8820	8820	2	0.005701254275940704
2022-05-16	9035	9045	8975	8975	85	0.017573696145124718
2022-05-17	8975	9020	8970	9020	60	0.005013927576601684
2022-05-18	9085	9085	9025	9025	52	0.0005543237250553723
2022-05-19	8845	8845	8835	8835	2	-0.021052631578947323
2022-05-20	8970	8970	8960	8960	2	0.014148273910582931
2022-05-23	9100	9100	9075	9075	12	0.012834821428571397
2022-05-24	9050	9050	9040	9040	2	-0.0038567493112947604
2022-05-25	8985	8985	8975	8975	3	-0.007190265486725633
2022-05-26	8965	8965	8955	8955	2	-0.0022284122562674646
2022-05-27	9045	9045	9025	9030	313	0.008375209380234505
2022-05-30	9135	9135	9125	9125	2	0.010520487264673362
2022-05-31	9150	9150	9140	9140	2	0.0016438356164383272
2022-06-02	9125	9125	9120	9120	2	-0.002188183807439792
2022-06-03	9165	9165	9145	9145	30	0.0027412280701755165
2022-06-07	9065	9065	9055	9055	2	-0.009841443411700346
2022-06-08	8985	8985	8975	8975	2	-0.008834897846493606
2022-06-09	8960	8960	8950	8950	2	-0.0027855153203342198
2022-06-10	8875	8875	8865	8865	2	-0.009497206703910632
2022-06-13	8700	8700	8690	8690	2	-0.01974055273547659
2022-06-14	8440	8440	8430	8430	2	-0.029919447640966657
2022-06-15	8500	8500	8490	8490	2	0.007117437722419906
2022-06-16	8470	8500	8460	8500	26	0.0011778563015312216
2022-06-17	8220	8235	8210	8235	3	-0.03117647058823525
2022-06-20	8320	8320	8140	8140	14	-0.011536126290224602
2022-06-21	8225	8225	8210	8210	2	0.008599508599508532
2022-06-22	8220	8220	8205	8205	2	-0.0006090133982947776
2022-06-23	8045	8045	8005	8005	23	-0.02437538086532598
2022-06-24	7990	7990	7975	7975	2	-0.0037476577139288203
2022-06-27	8165	8255	8150	8255	55	0.03510971786833861
2022-06-28	8235	8235	8220	8220	2	-0.004239854633555473
2022-06-29	8200	8200	8135	8135	67	-0.010340632603406341
2022-06-30	8085	8085	8000	8000	108	-0.01659496004917027
2022-07-01	8055	8055	8040	8040	2	0.004999999999999893
2022-07-04	7925	7925	7910	7915	269	-0.015547263681592094
2022-07-05	7975	7975	7960	7960	2	0.005685407454200986
2022-07-06	7955	7955	7940	7940	2	-0.002512562814070307
2022-07-07	7945	7945	7930	7930	2	-0.0012594458438287548
2022-07-08	8095	8095	8080	8080	2	0.018915510718789497
2022-07-11	8100	8100	8085	8085	2	0.0006188118811880639
2022-07-12	7995	7995	7975	7975	2	-0.013605442176870763
2022-07-13	7995	7995	7980	7980	2	0.0006269592476488839
2022-07-14	7925	7925	7910	7910	2	-0.00877192982456143
