Date	Open	High	Low	Close	Volume	Change
2021-10-21	9860	9895	9860	9895	2	
2021-10-22	9910	9920	9895	9895	2004	0.0
2021-10-25	9940	9940	9845	9845	5	-0.005053057099545177
2021-10-26	9795	9795	9745	9745	5	-0.01015744032503807
2021-10-27	9785	9810	9770	9810	3	0.00667008722421758
2021-10-28	9860	9860	9845	9845	3	0.0035677879714577365
2021-10-29	9850	9850	9835	9835	2	-0.001015744032503818
2021-11-01	9975	9975	9960	9960	2	0.012709710218607118
2021-11-02	9920	9920	9805	9805	3	-0.015562248995983907
2021-11-03	9850	10000	9840	10000	19936	0.01988781234064252
2021-11-04	9880	9880	9860	9865	14	-0.013499999999999956
2021-11-05	9870	9990	9860	9990	19636	0.012671059300557452
2021-11-08	10000	10080	9970	9970	19920	-0.002002002002001957
2021-11-09	9970	10005	9915	9960	19796	-0.0010030090270812808
2021-11-10	9990	10060	9975	10060	19810	0.010040160642570184
2021-11-11	10145	10145	10135	10135	2	0.00745526838966204
2021-11-12	10020	10030	9955	9955	19694	-0.017760236803157414
2021-11-15	9905	9905	9840	9840	19929	-0.011551983927674536
2021-11-16	9900	9900	9860	9860	19581	0.00203252032520318
2021-11-17	9855	9990	9845	9990	19934	0.013184584178498993
2021-11-18	10000	10005	10000	10005	19768	0.0015015015015014122
2021-11-19	10025	10025	9955	9955	19923	-0.004997501249375258
2021-11-22	9915	9915	9720	9720	19920	-0.02360622802611756
2021-11-23	9760	9820	9750	9805	19584	0.008744855967078191
2021-11-24	9775	9865	9765	9835	19728	0.003059663437021909
2021-11-25	9865	9910	9855	9910	101	0.007625826131164137
2021-11-26	9965	10100	9955	10090	179	0.01816347124117046
2021-11-29	10185	10185	10145	10180	9316	0.008919722497522375
2021-11-30	10095	10460	10085	10460	9392	0.027504911591355707
2021-12-01	10335	10335	10290	10290	52	-0.016252390057361343
2021-12-02	10225	10225	9975	9975	9287	-0.030612244897959218
2021-12-03	10040	10040	9895	9895	9232	-0.00802005012531326
2021-12-06	9960	9960	9950	9950	112	0.005558362809499728
2021-12-07	9900	9900	9890	9890	2	-0.0060301507537688925
2021-12-08	9700	9765	9690	9765	5	-0.012639029322548012
2021-12-09	9745	9745	9710	9710	3	-0.005632360471070186
2021-12-10	9775	9775	9765	9765	4	0.005664263645726031
2021-12-13	9730	9730	9715	9715	3	-0.005120327700972815
2021-12-14	9850	9850	9830	9830	3	0.011837364899639713
2021-12-15	9885	9885	9845	9845	4658	0.0015259409969481386
2021-12-16	9750	9795	9740	9785	4648	-0.006094464195022908
2021-12-17	9850	9850	9755	9755	4700	-0.0030659172202350815
2021-12-20	9830	9830	9820	9820	2	0.0066632496155818455
2021-12-21	9860	9900	9850	9860	23	0.004073319755600879
2021-12-22	9810	9810	9800	9800	2	-0.006085192697768749
2021-12-23	9775	9775	9765	9765	4	-0.0035714285714285587
2021-12-24	9710	9710	9685	9685	3	-0.008192524321556593
2021-12-27	9710	9710	9700	9700	2	0.0015487867836860847
2021-12-28	9740	9740	9735	9735	2	0.0036082474226803996
2021-12-29	9645	9645	9635	9635	3	-0.010272213662044116
2021-12-30	9700	9700	9690	9690	2	0.00570835495589006
2022-01-03	9725	9725	9725	9725	0	0.00361197110423106
2022-01-04	9770	9770	9740	9740	4844	0.0015424164524422412
2022-01-05	9775	9885	9760	9885	7	0.014887063655030897
2022-01-06	9945	9945	9935	9935	2	0.005058168942842611
2022-01-07	9930	9930	9840	9840	12	-0.009562154001006573
2022-01-10	9875	9945	9865	9940	2638	0.010162601626016343
2022-01-11	9900	9905	9890	9895	2430	-0.00452716297786715
2022-01-12	9810	9810	9725	9725	2638	-0.017180394138453736
2022-01-13	9720	9765	9710	9765	2324	0.004113110539845755
2022-01-14	9875	9930	9865	9930	2364	0.016897081413210335
2022-01-17	9940	10040	9930	10040	2856	0.011077542799597273
2022-01-18	9980	10095	9970	10095	2614	0.005478087649402497
2022-01-19	10150	10165	10080	10165	2638	0.006934125804853863
2022-01-20	10165	10175	10110	10110	2585	-0.0054107230693556385
2022-01-21	10205	10280	10190	10230	2634	0.011869436201780381
2022-01-24	10230	10325	10220	10325	2500	0.009286412512218956
2022-01-25	10375	10615	10365	10605	4563	0.027118644067796627
2022-01-26	10535	10620	10520	10615	3260	0.0009429514380010495
2022-01-27	10725	10975	10700	10970	3247	0.033443240697126786
2022-01-28	10910	11020	10680	10680	3363	-0.0264357338195077
2022-02-03	10530	10575	10505	10575	2914	-0.0098314606741573
2022-02-04	10560	10560	10450	10450	2859	-0.011820330969267157
2022-02-07	10565	10610	10555	10565	2632	0.011004784688995128
2022-02-08	10470	10540	10460	10540	2336	-0.0023663038334121866
2022-02-09	10435	10450	10405	10405	2626	-0.012808349146110065
2022-02-10	10315	10315	10285	10285	2564	-0.011532916866890952
2022-02-11	10420	10445	10340	10400	2654	0.011181332036946934
2022-02-14	10495	10605	10485	10545	2869	0.013942307692307754
2022-02-15	10520	10625	10510	10625	2672	0.007586533902323334
2022-02-16	10485	10485	10420	10420	2536	-0.019294117647058795
2022-02-17	10405	10405	10285	10350	9283	-0.006717850287907834
2022-02-18	10455	10470	10380	10380	2654	0.0028985507246377384
2022-02-21	10580	10580	10390	10390	2364	0.0009633911368014392
2022-02-22	10590	10590	10505	10505	12	0.011068334937439861
2022-02-23	10445	10445	10435	10435	2	-0.006663493574488366
2022-02-24	10640	10790	10630	10765	383	0.031624341159559144
2022-02-25	10690	10695	10650	10650	18	-0.010682768230376172
2022-02-28	10735	10735	10725	10725	2	0.007042253521126751
2022-03-02	10610	10610	10590	10590	22	-0.012587412587412583
2022-03-03	10520	10520	10510	10510	2	-0.007554296506137814
2022-03-04	10475	10600	10465	10590	120	0.007611798287345373
2022-03-07	10800	10820	10790	10820	11	0.02171860245514634
2022-03-08	11000	11015	10925	10930	408	0.010166358595194103
2022-03-10	10700	10740	10685	10740	3823	-0.017383348581884728
2022-03-11	10785	10785	10740	10740	3	0.0
2022-03-14	10770	10790	10740	10790	69	0.004655493482309092
2022-03-15	10850	10850	10835	10835	22	0.0041705282669137755
2022-03-16	10795	10795	10725	10725	11	-0.010152284263959421
2022-03-17	10520	10535	10495	10495	84	-0.02144522144522143
2022-03-18	10610	10610	10580	10580	13	0.008099094807050955
2022-03-21	10525	10575	10515	10570	23	-0.000945179584120992
2022-03-22	10620	10620	10555	10555	14	-0.001419110690633829
2022-03-23	10475	10475	10430	10430	6	-0.011842728564661287
2022-03-24	10545	10580	10535	10535	35	0.010067114093959662
2022-03-25	10490	10535	10480	10535	14	0.0
2022-03-28	10635	10635	10535	10555	4188	0.0018984337921215122
2022-03-29	10475	10475	10465	10470	3	-0.008053055423969724
2022-03-30	10400	10400	10390	10390	3	-0.0076408787010505685
2022-03-31	10450	10450	10415	10415	3883	0.002406159769008598
2022-04-01	10485	10485	10480	10480	2	0.006240998559769562
2022-04-04	10570	10570	10465	10465	9	-0.0014312977099236734
2022-04-05	10405	10470	10395	10470	33	0.0004777830864788335
2022-04-06	10535	10550	10525	10550	3	0.00764087870105068
2022-04-07	10665	10665	10650	10650	3	0.009478672985782088
2022-04-08	10710	10710	10690	10690	3	0.00375586854460086
2022-04-11	10795	10795	10690	10690	5	0.0
2022-04-12	10785	10830	10760	10830	15	0.013096351730589317
2022-04-13	10785	10785	10770	10770	3	-0.005540166204986097
2022-04-14	10660	10685	10645	10655	5	-0.01067780872794799
2022-04-15	10775	10785	10765	10785	107	0.012200844673861955
2022-04-18	10865	10865	10795	10795	52	0.0009272137227631649
2022-04-19	10745	10745	10675	10675	53	-0.0111162575266327
2022-04-20	10710	10715	10700	10715	3	0.0037470725995316645
2022-04-21	10620	10620	10610	10620	3	-0.008866075594960332
2022-04-22	10780	10780	10755	10755	202	0.012711864406779627
2022-04-25	10890	10920	10880	10920	102	0.015341701534170138
2022-04-26	10890	10890	10855	10860	131	-0.005494505494505475
2022-04-27	10950	11055	10950	11025	212	0.015193370165745845
2022-04-28	10975	10975	10930	10930	102	-0.008616780045351491
2022-04-29	10920	10920	10735	10735	702	-0.01784080512351327
2022-05-02	10830	10830	10820	10830	1002	0.008849557522123908
2022-05-03	10785	10785	10740	10740	102	-0.008310249307479256
2022-05-04	10740	10805	10730	10805	203	0.006052141527001842
2022-05-06	10935	10940	10920	10920	503	0.0106432207311431
2022-05-09	10985	11025	10945	11020	192	0.009157509157509125
2022-05-10	11115	11265	11105	11125	1603	0.009528130671506263
2022-05-11	11185	11185	11100	11115	300	-0.0008988764044943753
2022-05-12	11225	11230	11205	11205	257	0.00809716599190291
2022-05-13	11210	11210	11010	11010	2487	-0.01740294511378848
2022-05-16	10940	11065	10930	11025	743	0.0013623978201635634
2022-05-17	11010	11015	10985	10985	282	-0.0036281179138322184
2022-05-18	10885	10885	10870	10870	2	-0.010468821119708704
2022-05-19	11175	11180	11120	11120	840	0.022999080036798514
2022-05-20	11015	11015	10885	10885	117	-0.02113309352517989
2022-05-23	10850	10885	10840	10880	127	-0.00045934772622879816
2022-05-24	10920	11045	10900	11040	2204	0.014705882352941124
2022-05-25	10990	11025	10955	10990	2016	-0.004528985507246341
2022-05-26	11020	11075	10935	11075	1781	0.007734303912647844
2022-05-27	10920	10940	10895	10915	2024	-0.014446952595936757
2022-05-30	10810	10850	10780	10780	2264	-0.012368300503893703
2022-05-31	10795	10800	10740	10740	3840	-0.0037105751391465214
2022-06-02	10820	10820	10810	10810	2	0.0065176908752326845
2022-06-03	10775	10775	10765	10770	12	-0.0037002775208140326
2022-06-07	10895	11000	10885	11000	120	0.02135561745589598
2022-06-08	10990	10990	10980	10980	2	-0.0018181818181818299
2022-06-09	11020	11060	11000	11000	222	0.0018214936247722413
2022-06-10	11125	11140	11100	11140	206	0.012727272727272698
2022-06-13	11140	11505	11140	11505	615	0.03276481149012578
2022-06-14	11685	11720	11560	11560	7838	0.004780530204258948
2022-06-15	11605	11815	11595	11790	476	0.019896193771626214
2022-06-16	11640	11790	11565	11790	1677	0.0
2022-06-17	11995	12000	11860	11910	4834	0.010178117048346147
2022-06-20	11855	12160	11845	12085	5667	0.014693534844668399
2022-06-21	11995	12010	11980	11995	404	-0.007447248655357841
2022-06-22	12010	12265	11995	12265	1081	0.022509378907878297
2022-06-23	12260	12440	12245	12370	1257	0.008560945780676787
2022-06-24	12345	12345	12130	12135	124	-0.01899757477768793
2022-06-27	12075	12075	11895	11920	772	-0.017717346518335342
2022-06-28	11970	11970	11955	11955	48	0.002936241610738355
2022-06-29	12020	12070	12005	12070	13	0.009619406106231798
2022-06-30	12190	12220	12180	12210	48	0.011599005799502793
2022-07-01	12230	12500	12215	12415	1057	0.01678951678951668
2022-07-04	12430	12510	12390	12460	1562	0.003624647603705178
2022-07-05	12355	12355	12200	12240	575	-0.017656500802568198
2022-07-06	12385	12490	12295	12490	1419	0.020424836601307117
2022-07-07	12400	12425	12200	12200	215	-0.023218574859887875
2022-07-08	12155	12160	12110	12160	177	-0.003278688524590123
2022-07-11	12150	12210	12135	12210	83	0.004111842105263053
2022-07-12	12315	12435	12305	12390	322	0.014742014742014753
2022-07-13	12320	12320	12250	12315	112	-0.006053268765133124
2022-07-14	12430	12430	12340	12340	102	0.002030044660982444
