Date	Open	High	Low	Close	Volume	Change
2021-09-13	21270	21270	21270	21270	0	
2021-09-14	21270	21270	21270	21270	0	0.0
2021-09-15	21885	21885	21885	21885	1	0.028913963328631942
2021-09-16	22225	22225	22225	22225	0	0.015535755083390557
2021-09-17	23580	23580	23580	23580	0	0.06096737907761529
2021-09-23	24210	24210	24210	24210	0	0.026717557251908497
2021-09-24	24000	24000	24000	24000	0	-0.008674101610904539
2021-09-27	24540	24540	24540	24540	5	0.022499999999999964
2021-09-28	24585	24585	24585	24585	0	0.001833740831295838
2021-09-29	24920	24920	24920	24920	0	0.013626194834248428
2021-09-30	26750	26750	26750	26750	4	0.0734349919743178
2021-10-01	25380	25380	25380	25380	0	-0.051214953271027985
2021-10-05	24495	24495	24495	24495	0	-0.034869976359338084
2021-10-06	24710	24710	24710	24710	0	0.008777301490100031
2021-10-07	24215	24215	24215	24215	0	-0.020032375556454873
2021-10-08	24600	24600	24600	24600	0	0.01589923601073706
2021-10-12	24220	24220	24220	24220	1	-0.015447154471544766
2021-10-13	24125	24125	24125	24125	0	-0.003922378199834875
2021-10-14	22945	22945	22945	22945	0	-0.048911917098445556
2021-10-15	22110	22190	22110	22150	1327	-0.03464807147526694
2021-10-18	22540	22540	22425	22455	481	0.013769751693002208
2021-10-19	21920	21920	21920	21920	0	-0.023825428635047885
2021-10-20	21745	21745	21600	21625	2080	-0.013458029197080279
2021-10-21	20385	20385	20190	20340	2116	-0.0594219653179191
2021-10-22	20635	20635	20635	20635	0	0.014503441494591929
2021-10-25	20145	20145	20145	20145	0	-0.023746062515144217
2021-10-26	20030	20045	20030	20045	554	-0.004964010920823991
2021-10-27	20820	20820	20820	20820	0	0.03866300823147917
2021-10-28	20660	20660	20660	20660	0	-0.007684918347742542
2021-10-29	21025	21025	21010	21010	2	0.0169409486931269
2021-11-01	21240	21240	21240	21240	0	0.01094716801523088
2021-11-02	20910	20910	20910	20910	0	-0.015536723163841804
2021-11-03	22080	22080	22080	22080	0	0.05595408895265419
2021-11-04	21965	21965	21965	21965	0	-0.00520833333333337
2021-11-05	21275	21275	21275	21275	0	-0.03141361256544506
2021-11-08	20505	20505	20505	20505	0	-0.036192714453584074
2021-11-09	20160	20160	20160	20160	0	-0.016825164594001518
2021-11-10	20340	20340	20340	20340	0	0.008928571428571397
2021-11-11	19425	19425	19425	19425	0	-0.04498525073746318
2021-11-12	18840	18980	18800	18850	1439	-0.029601029601029616
2021-11-15	18725	19300	18725	19300	3110	0.023872679045092937
2021-11-16	19030	19045	18860	19045	1504	-0.013212435233160624
2021-11-17	19285	19420	19285	19420	490	0.0196902074035179
2021-11-18	19000	19045	19000	19045	556	-0.019309989701338792
2021-11-19	19420	19445	19420	19445	566	0.02100288789708582
2021-11-22	19795	19920	19730	19730	1448	0.014656724093597306
2021-11-23	20900	20900	20900	20900	0	0.05930055752660923
2021-11-24	21605	21605	21605	21605	0	0.033732057416267835
2021-11-25	21630	21630	21630	21630	0	0.0011571395510299176
2021-11-26	21665	21665	21665	21665	0	0.0016181229773462036
2021-11-29	22035	22035	22035	22035	0	0.017078236787445134
2021-11-30	22950	22950	22950	22950	1	0.04152484683458124
2021-12-01	22790	22790	22790	22790	0	-0.006971677559912903
2021-12-02	23660	23660	23660	23660	0	0.03817463799912235
2021-12-03	23675	23675	23675	23675	0	0.000633981403212136
2021-12-06	23675	23675	23675	23675	0	0.0
2021-12-07	23675	23675	23675	23675	0	0.0
2021-12-08	23535	23535	23535	23535	0	-0.005913410770855387
2021-12-09	23550	23550	23550	23550	0	0.0006373486297004405
2021-12-10	24755	24755	24755	24755	1	0.05116772823779203
2021-12-13	24170	24170	24170	24170	0	-0.023631589577863044
2021-12-14	24195	24195	24195	24195	0	0.0010343400910219902
2021-12-15	25030	25030	25030	25030	0	0.03451126265757387
2021-12-16	24240	24240	24240	24240	0	-0.03156212544946069
2021-12-17	23475	23475	23475	23475	0	-0.03155940594059403
2021-12-20	24050	24050	24050	24050	0	0.024494142705005384
2021-12-21	23955	23955	23955	23955	0	-0.003950103950103978
2021-12-22	23650	23650	23650	23650	0	-0.012732206219995823
2021-12-23	22920	22920	22715	22800	175	-0.03594080338266381
2021-12-24	22660	22665	22645	22665	40	-0.005921052631578938
2021-12-27	22800	22835	22625	22835	252	0.007500551511140596
2021-12-28	22385	22420	22380	22420	115	-0.01817385592292531
2021-12-29	22250	22250	22250	22250	0	-0.007582515611061602
2021-12-30	23220	23220	23220	23220	0	0.04359550561797754
2022-01-03	22325	22325	22325	22325	0	-0.03854435831180014
2022-01-04	23070	23070	23070	23070	0	0.033370660694288956
2022-01-05	22735	22735	22735	22735	0	-0.014521022973558728
2022-01-06	23440	23440	23440	23440	0	0.031009456784693246
2022-01-07	24635	24635	24635	24635	0	0.05098122866894195
2022-01-10	24105	24105	24105	24105	0	-0.02151410594682357
2022-01-11	23150	23150	23150	23150	0	-0.039618336444721014
2022-01-12	22675	22675	22675	22675	0	-0.02051835853131745
2022-01-13	21985	21985	21985	21985	0	-0.030429988974641664
2022-01-14	21890	21890	21890	21890	0	-0.0043211280418467
2022-01-17	22420	22420	22420	22420	0	0.02421196893558708
2022-01-18	22415	22415	22415	22415	0	-0.000223015165031204
2022-01-19	21290	21290	21290	21290	0	-0.050189605175105956
2022-01-20	20050	20050	20050	20050	0	-0.05824330671676847
2022-01-21	19575	19575	19575	19575	0	-0.023690773067331694
2022-01-24	20060	20060	20045	20060	110	0.02477650063856962
2022-01-25	20505	20570	20505	20570	110	0.025423728813559254
2022-01-26	20865	20865	20865	20865	0	0.014341273699562507
2022-01-27	21940	21940	21940	21940	0	0.05152168703570581
2022-01-28	22760	22760	22760	22760	1	0.03737465815861429
2022-02-03	23235	23235	23235	23235	0	0.020869947275922618
2022-02-04	23330	23330	23295	23295	3	0.002582311168495721
2022-02-07	22700	22700	22700	22700	0	-0.02554196179437651
2022-02-08	22295	22295	22295	22295	0	-0.01784140969162995
2022-02-09	21630	21630	21630	21630	0	-0.02982731554160123
2022-02-10	21515	21515	21515	21515	0	-0.005316689782709161
2022-02-11	21780	21780	21780	21780	10	0.012316988147803798
2022-02-14	20910	20910	20910	20910	0	-0.03994490358126723
2022-02-15	20570	20570	20570	20570	0	-0.016260162601625994
2022-02-16	21215	21215	21215	21215	0	0.031356344190568874
2022-02-17	21005	21005	21005	21005	12	-0.009898656610888512
2022-02-18	20215	20215	20215	20215	0	-0.037610092835039244
2022-02-21	20405	20405	20405	20405	0	0.00939896116744987
2022-02-22	19725	19725	19725	19725	0	-0.033325165400637125
2022-02-23	19955	19955	19955	19955	0	0.011660329531052005
2022-02-24	18700	18700	18700	18700	30	-0.06289150588824854
2022-02-25	19700	19700	19700	19700	30	0.053475935828877
2022-02-28	19590	19590	19590	19590	0	-0.005583756345177715
2022-03-02	18380	18380	18380	18380	0	-0.06176620724859627
2022-03-03	17990	17990	17990	17990	0	-0.021218715995647397
2022-03-04	18400	18400	18400	18400	0	0.022790439132851503
2022-03-07	17460	17460	17460	17460	0	-0.05108695652173911
2022-03-08	18095	18105	18095	18105	72	0.036941580756013837
2022-03-10	17350	17460	17350	17460	1420	-0.03562551781275891
2022-03-11	17285	17285	17285	17285	96	-0.010022909507445554
2022-03-14	17615	17615	17615	17615	0	0.019091698004049862
2022-03-15	18955	18955	18955	18955	0	0.07607152994606858
2022-03-16	18605	18650	18605	18605	607	-0.01846478501714588
2022-03-17	17795	17795	17795	17795	0	-0.04353668368718089
2022-03-18	17675	17675	17675	17675	15	-0.0067434672660859896
2022-03-21	18105	18105	18105	18105	0	0.024328147100424413
2022-03-22	17570	17570	17570	17570	0	-0.029549848108257337
2022-03-23	18495	18495	18295	18295	430	0.041263517359134916
2022-03-24	17955	17955	17955	17955	0	-0.018584312653730506
2022-03-25	17020	17020	17020	17020	0	-0.052074631021999496
2022-03-28	18035	18035	18035	18035	0	0.05963572267920103
2022-03-29	18235	18235	18235	18235	0	0.011089548100914781
2022-03-30	18155	18155	18155	18155	2	-0.004387167534960268
2022-03-31	18390	18390	18390	18390	0	0.012944092536491425
2022-04-01	18210	18210	18125	18125	3	-0.01441000543773785
2022-04-04	18250	18250	18250	18250	0	0.006896551724137945
2022-04-05	18475	18475	18475	18475	0	0.012328767123287676
2022-04-06	19135	19135	19000	19000	10	0.02841677943166432
2022-04-07	19090	19090	19090	19090	0	0.00473684210526315
2022-04-08	18620	18620	18620	18620	0	-0.0246202200104767
2022-04-11	18620	18620	18620	18620	0	0.0
2022-04-12	17905	17905	17905	17905	0	-0.038399570354457624
2022-04-13	17335	17335	17335	17335	0	-0.03183468304942749
2022-04-14	16845	16845	16845	16845	0	-0.028266512835304347
2022-04-15	17340	17340	17340	17340	0	0.029385574354407806
2022-04-18	16930	16930	16930	16930	0	-0.023644752018454396
2022-04-19	16920	16920	16920	16920	30	-0.0005906674542233148
2022-04-20	18110	18110	18110	18110	30	0.07033096926713944
2022-04-21	18010	18010	18010	18010	9	-0.005521811154058476
2022-04-22	18875	18875	18875	18875	0	0.0480288728484175
2022-04-25	19665	19665	19665	19665	18	0.04185430463576156
2022-04-26	20465	20465	20465	20465	0	0.04068141367912537
2022-04-27	20950	20950	20950	20950	0	0.023698998289763074
2022-04-28	22025	22025	22025	22025	0	0.051312649164677815
2022-04-29	21005	21005	21005	21005	0	-0.04631101021566397
2022-05-02	22720	22720	22720	22720	0	0.08164722685074977
2022-05-03	22975	22975	22975	22975	0	0.011223591549295753
2022-05-04	23055	23055	23055	23055	0	0.003482045701849845
2022-05-06	23420	23420	23420	23420	1	0.015831706788115296
2022-05-09	24020	24020	24020	24020	0	0.02561912894961571
2022-05-10	24910	24910	24910	24910	1	0.03705245628642806
2022-05-11	25235	25235	25235	25235	0	0.013046969088719385
2022-05-12	26080	26080	26080	26080	0	0.033485238755696534
2022-05-13	27355	27355	27355	27355	0	0.048888036809815905
2022-05-16	26765	26765	26765	26765	0	-0.02156826905501741
2022-05-17	25075	25075	25075	25075	1	-0.0631421632729311
2022-05-18	24890	24890	24890	24890	0	-0.007377866400797628
2022-05-19	25615	25615	25615	25615	0	0.029128163921253503
2022-05-20	24445	24445	24445	24445	1	-0.04567636150692955
2022-05-23	24065	24065	24065	24065	0	-0.015545101247698923
2022-05-24	24430	24430	24430	24430	2	0.015167255350093445
2022-05-25	24005	24005	24005	24005	0	-0.017396643471142004
2022-05-26	24565	24565	24565	24565	4	0.02332847323474274
2022-05-27	23470	23470	23470	23470	0	-0.0445756157134134
2022-05-30	23245	23245	23245	23245	0	-0.009586706433745151
2022-05-31	23555	23555	23555	23555	0	0.013336201333620235
2022-06-02	23715	23715	23715	23715	0	0.0067926130333262336
2022-06-03	22635	22635	22635	22635	0	-0.04554079696394686
2022-06-07	23850	23850	23850	23850	0	0.05367793240556651
2022-06-08	23200	23200	23200	23200	0	-0.027253668763102756
2022-06-09	23550	23550	23550	23550	0	0.015086206896551824
2022-06-10	24610	24610	24480	24480	20	0.0394904458598726
2022-06-13	24840	24840	24840	24840	12	0.014705882352941124
2022-06-14	25825	25825	25825	25825	0	0.039653784219001675
2022-06-15	26015	26015	26015	26015	0	0.007357212003872293
2022-06-16	24960	24960	24960	24960	0	-0.040553526811454965
2022-06-17	24465	24465	24465	24465	21	-0.019831730769230727
2022-06-20	24840	24840	24840	24840	0	0.015328019619865074
2022-06-21	24840	24840	24840	24840	21	0.0
2022-06-22	25865	25865	25865	25865	0	0.04126409017713373
2022-06-23	25935	25935	25935	25935	0	0.0027063599458727605
2022-06-24	26700	26700	26700	26700	0	0.029496818970503158
2022-06-27	25525	25525	25525	25525	0	-0.04400749063670417
2022-06-28	25725	25725	25725	25725	0	0.007835455435847294
2022-06-29	27140	27140	27140	27140	0	0.055004859086491775
2022-06-30	27445	27445	27445	27445	0	0.011238025055269052
2022-07-01	29625	29625	29625	29625	0	0.07943159045363446
2022-07-04	29915	29915	29915	29915	0	0.009789029535864913
2022-07-05	29430	29430	29430	29430	0	-0.016212602373391283
2022-07-06	32515	32515	32515	32515	10	0.10482500849473331
2022-07-07	31685	31685	31685	31685	0	-0.025526679993848944
2022-07-08	32015	32015	32015	32015	0	0.010415022881489655
2022-07-11	32200	32200	32200	32200	0	0.005778541308761431
2022-07-12	33200	33200	33200	33200	0	0.03105590062111796
2022-07-13	33135	33135	33135	33135	0	-0.0019578313253012514
2022-07-14	33135	33135	33135	33135	0	0.0
