Date	Open	High	Low	Close	Volume	Change
2021-03-24	18950	18950	18795	18795	9	
2021-03-25	18975	18975	18975	18975	0	0.009577015163607427
2021-03-26	18525	18525	18175	18175	103	-0.04216073781291174
2021-03-29	18065	18495	18065	18495	1217	0.01760660247592849
2021-03-30	18120	18290	18075	18120	1063	-0.020275750202757514
2021-03-31	17555	17680	17555	17560	492	-0.030905077262693204
2021-04-01	17285	17290	17225	17225	216	-0.01907744874715267
2021-04-02	16625	16665	16550	16550	1006	-0.03918722786647311
2021-04-05	16385	16465	16345	16465	1086	-0.005135951661631388
2021-04-06	16350	16445	16350	16445	1045	-0.001214697843911372
2021-04-07	16410	16425	16280	16330	123	-0.006993006993006978
2021-04-08	15865	15865	15655	15745	2311	-0.0358236374770361
2021-04-09	15695	15790	15645	15790	4051	0.0028580501746586773
2021-04-12	15805	15910	15755	15870	8216	0.005066497783407176
2021-04-13	15430	15500	15430	15490	2194	-0.02394454946439828
2021-04-14	15430	15430	15345	15345	3230	-0.009360877985797322
2021-04-15	15490	15645	15490	15530	4253	0.012056044314108894
2021-04-16	15190	15265	15190	15265	2468	-0.0170637475853187
2021-04-19	15075	15080	15010	15015	2280	-0.01637733377006223
2021-04-20	15355	15430	15345	15390	1168	0.024975024975024906
2021-04-21	15860	16120	15820	15900	15579	0.033138401559454245
2021-04-22	15140	15150	14960	14960	6729	-0.0591194968553459
2021-04-23	15735	15810	15630	15810	9362	0.05681818181818188
2021-04-26	15300	15370	15155	15195	13794	-0.03889943074003799
2021-04-27	15195	15195	14990	15020	9753	-0.01151694636393552
2021-04-28	14855	14895	14690	14725	22224	-0.019640479360852225
2021-04-29	14700	14740	14490	14520	19101	-0.013921901528013536
2021-04-30	14810	14940	14750	14845	4525	0.022382920110192828
2021-05-03	15135	15155	14990	15100	36827	0.017177500842034288
2021-05-04	14780	14920	14740	14815	3513	-0.018874172185430416
2021-05-06	14940	15030	14820	14905	31911	0.006074924063449227
2021-05-07	14855	14925	14740	14855	32824	-0.0033545790003354226
2021-05-10	13990	13995	13825	13925	11404	-0.06260518343991917
2021-05-11	14210	15070	14210	14890	57096	0.06929982046678629
2021-05-12	15715	16380	15575	16030	63005	0.07656145063801212
2021-05-13	17755	18070	17195	17520	44138	0.09295071740486582
2021-05-14	16485	16630	16220	16340	7060	-0.06735159817351599
2021-05-17	14670	14995	14640	14850	16359	-0.09118727050183595
2021-05-18	14845	14880	14600	14630	11838	-0.014814814814814836
2021-05-20	16415	16420	15945	15975	16879	0.09193438140806554
2021-05-21	15135	15270	15070	15105	5692	-0.05446009389671358
2021-05-24	15220	15220	14930	14930	7712	-0.011585567692816934
2021-05-25	14410	14435	14180	14220	10005	-0.04755525787006032
2021-05-26	14235	14235	14100	14170	7877	-0.0035161744022503827
2021-05-27	13685	13865	13635	13740	17714	-0.03034580098800277
2021-05-28	12895	12965	12890	12920	45755	-0.05967976710334788
2021-05-31	13100	13125	13035	13105	43751	0.014318885448916463
2021-06-01	13235	13235	13085	13090	21351	-0.0011446012972148312
2021-06-02	13450	13450	13330	13445	20233	0.027119938884644812
2021-06-03	13260	13260	13175	13260	41406	-0.013759761993306086
2021-06-04	13445	13630	13360	13485	54133	0.016968325791855143
2021-06-07	12690	12835	12690	12835	20923	-0.04820170559881354
2021-06-08	12505	12505	12390	12450	24862	-0.029996104402025714
2021-06-09	12565	12630	12530	12630	47535	0.014457831325301207
2021-06-10	12755	12790	12680	12760	16951	0.010292953285827355
2021-06-11	12100	12155	12090	12155	55594	-0.04741379310344829
2021-06-14	11650	11700	11610	11675	14628	-0.03948992184286304
2021-06-15	11815	11845	11660	11660	13517	-0.0012847965738758127
2021-06-16	11970	12065	11970	12030	21045	0.0317324185248713
2021-06-17	12400	12715	12400	12495	65409	0.03865336658354113
2021-06-18	12100	12155	12030	12065	9415	-0.034413765506202454
2021-06-21	13210	13740	13090	13275	43236	0.1002900953170327
2021-06-22	12465	12495	12320	12380	9598	-0.06741996233521652
2021-06-23	11700	11700	11550	11550	53629	-0.06704361873990305
2021-06-24	11465	11465	11400	11415	23919	-0.011688311688311637
2021-06-25	11290	11345	11260	11325	19391	-0.007884362680683266
2021-06-28	11015	11095	11000	11075	40202	-0.02207505518763797
2021-06-29	11135	11155	11095	11100	10661	0.0022573363431150906
2021-06-30	11185	11240	11155	11240	8612	0.012612612612612706
2021-07-01	11160	11190	11130	11160	10600	-0.007117437722419906
2021-07-02	11035	11075	10990	11075	58707	-0.007616487455197163
2021-07-05	11000	11075	10970	11030	14680	-0.004063205417607185
2021-07-06	10870	10945	10865	10900	13988	-0.011786038077969185
2021-07-07	11255	11285	11165	11195	53724	0.02706422018348631
2021-07-08	11240	11470	11220	11450	84763	0.022778025904421684
2021-07-09	12040	12225	11805	11825	96706	0.03275109170305668
2021-07-12	11205	11405	11200	11310	48824	-0.043551797040169093
2021-07-13	11010	11070	11000	11070	23173	-0.021220159151193685
2021-07-14	11335	11375	11220	11305	22381	0.021228545618789507
2021-07-15	11045	11145	11020	11105	18021	-0.01769128704113221
2021-07-16	11240	11300	11120	11145	19299	0.0036019810895993043
2021-07-19	11710	11890	11655	11655	43706	0.04576043068640656
2021-07-20	12950	13100	12605	12800	72812	0.09824109824109817
2021-07-21	12030	12345	12030	12200	41213	-0.046875
2021-07-22	11405	11405	11320	11380	31835	-0.06721311475409841
2021-07-23	11375	11435	11375	11380	23775	0.0
2021-07-26	11540	11840	11540	11760	31303	0.033391915641476366
2021-07-27	11390	11605	11390	11605	20538	-0.013180272108843538
2021-07-28	11765	11950	11605	11740	67862	0.011632916846187058
2021-07-29	11500	11700	11440	11445	18911	-0.02512776831345831
2021-07-30	11580	11875	11525	11770	96350	0.02839667977282656
2021-08-02	11300	11380	11195	11235	34386	-0.045454545454545414
2021-08-03	11775	11845	11665	11690	40096	0.04049844236760114
2021-08-04	11420	11475	11395	11425	18250	-0.022668947818648366
2021-08-05	11340	11340	11205	11275	9268	-0.013129102844638973
2021-08-06	11080	11125	11065	11095	17098	-0.015964523281596477
2021-08-09	10965	10995	10850	10915	20363	-0.01622352410995942
2021-08-10	10660	10720	10615	10670	63633	-0.02244617498854784
2021-08-11	10500	10570	10495	10545	31838	-0.011715089034676662
2021-08-12	10235	10285	10215	10260	52058	-0.027027027027026973
2021-08-13	9930	9980	9930	9980	49238	-0.02729044834307992
2021-08-17	10050	10210	10030	10185	44011	0.020541082164328595
2021-08-18	10455	10460	10225	10275	61469	0.008836524300441795
2021-08-19	11065	11515	10900	11515	142961	0.12068126520681255
2021-08-20	11440	11570	11220	11470	144867	-0.0039079461571862595
2021-08-23	10490	10540	10270	10325	59201	-0.09982563208369655
2021-08-24	10090	10170	10085	10100	16355	-0.021791767554479424
2021-08-25	10140	10225	10090	10170	28897	0.006930693069306937
2021-08-26	9970	10060	9960	10060	28589	-0.010816125860373615
2021-08-27	10365	10420	10170	10170	37617	0.010934393638170947
2021-08-30	9800	9910	9780	9825	31149	-0.03392330383480824
2021-08-31	9710	9740	9585	9615	36710	-0.021374045801526687
2021-09-01	9665	9710	9570	9605	20119	-0.0010400416016640435
2021-09-02	9450	9540	9420	9500	30674	-0.010931806350858886
2021-09-03	9430	9465	9350	9380	23474	-0.012631578947368438
2021-09-06	9490	9580	9410	9410	24831	0.0031982942430703876
2021-09-07	9420	9445	9370	9400	24275	-0.0010626992561104665
2021-09-08	9720	9725	9615	9670	33575	0.02872340425531905
2021-09-09	9760	9995	9755	9935	33940	0.027404343329886283
2021-09-10	9880	9890	9690	9710	26467	-0.022647206844489176
2021-09-13	9970	10225	9930	9980	45655	0.02780638516992795
2021-09-14	9890	9940	9835	9890	17135	-0.009018036072144242
2021-09-15	9895	10035	9850	9945	13433	0.005561172901921152
2021-09-16	9690	9780	9640	9720	37232	-0.022624434389140302
2021-09-17	9660	9685	9485	9530	33927	-0.019547325102880708
2021-09-23	10180	10195	10075	10075	33718	0.05718782791185739
2021-09-24	9620	9675	9560	9675	28671	-0.03970223325062039
2021-09-27	9250	9265	9090	9130	65035	-0.05633074935400517
2021-09-28	9495	9580	9405	9535	45166	0.04435925520262862
2021-09-29	10410	10415	10165	10225	84085	0.07236497115888829
2021-09-30	10430	10480	10170	10200	31761	-0.0024449877750610804
2021-10-01	10375	10875	10350	10875	36937	0.06617647058823528
2021-10-05	10495	10805	10460	10540	35967	-0.030804597701149405
2021-10-06	10110	10410	10055	10330	63300	-0.01992409867172673
2021-10-07	9920	9935	9740	9770	57394	-0.05421103581800579
2021-10-08	9575	9705	9570	9605	53934	-0.016888433981576245
2021-10-12	9530	9710	9480	9625	30298	0.0020822488287350893
2021-10-13	9485	9485	9385	9430	28102	-0.02025974025974031
2021-10-14	9135	9145	9005	9015	50568	-0.0440084835630965
2021-10-15	8675	8720	8600	8655	84517	-0.03993344425956735
2021-10-18	8730	8780	8665	8780	48901	0.01444251877527436
2021-10-19	8530	8555	8465	8465	33157	-0.03587699316628701
2021-10-20	8420	8500	8390	8500	36733	0.0041346721795629815
2021-10-21	8370	8475	8345	8430	51779	-0.008235294117647007
2021-10-22	8430	8430	8115	8140	69662	-0.03440094899169632
2021-10-25	8325	8325	8220	8245	63432	0.012899262899262798
2021-10-26	7960	7990	7930	7945	29058	-0.03638568829593691
2021-10-27	8130	8235	8130	8135	20061	0.023914411579609718
2021-10-28	8205	8305	8205	8285	25064	0.018438844499077955
2021-10-29	8160	8295	8160	8260	29964	-0.0030175015087507973
2021-11-01	8075	8120	8055	8115	52614	-0.017554479418886215
2021-11-02	7990	8085	7990	8035	32848	-0.009858287122612497
2021-11-03	7810	7845	7800	7825	50124	-0.026135656502800253
2021-11-04	7470	7520	7470	7480	46673	-0.04408945686900956
2021-11-05	7620	7650	7595	7630	22529	0.020053475935828846
2021-11-08	7860	7950	7860	7900	60557	0.035386631716906924
2021-11-09	7925	8040	7925	7990	21506	0.0113924050632912
2021-11-10	8080	8200	8065	8140	34676	0.018773466833541974
2021-11-11	8170	8200	8105	8120	50789	-0.002457002457002422
2021-11-12	8000	8000	7950	7960	25771	-0.019704433497536922
2021-11-15	7710	7730	7690	7730	27399	-0.028894472361809087
2021-11-16	7660	7700	7625	7700	20300	-0.0038809831824062613
2021-11-17	7655	7695	7635	7655	24832	-0.005844155844155874
2021-11-18	7770	7815	7770	7770	19047	0.015022860875244959
2021-11-19	7860	7865	7790	7810	30635	0.005148005148005064
2021-11-22	7915	7935	7845	7865	23149	0.007042253521126751
2021-11-23	8050	8160	8040	8160	23477	0.0375079465988557
2021-11-24	7960	8000	7905	7910	126772	-0.030637254901960786
2021-11-25	7775	7780	7705	7725	23550	-0.023388116308470264
2021-11-26	7845	8375	7845	8340	82308	0.07961165048543695
2021-11-29	8990	9170	8840	9010	160829	0.08033573141486805
2021-11-30	8440	9280	8405	9085	67349	0.008324084350721517
2021-12-01	9410	9515	9010	9010	128325	-0.008255365987892116
2021-12-02	9795	9910	9665	9690	36765	0.07547169811320753
2021-12-03	9980	10160	9715	9735	41550	0.004643962848297267
2021-12-06	10435	10615	10280	10325	15700	0.06060606060606055
2021-12-07	9725	9740	9410	9455	9700	-0.08426150121065379
2021-12-08	8645	8720	8580	8605	25701	-0.08989952406134316
2021-12-09	8150	8190	8080	8170	22869	-0.050552004648460214
2021-12-10	8385	8475	8350	8440	41518	0.03304773561811514
2021-12-13	7815	7850	7740	7790	73503	-0.07701421800947872
2021-12-14	8165	8190	8105	8155	35698	0.046854942233632846
2021-12-15	8425	8450	8335	8355	17363	0.024524831391784074
2021-12-16	7725	7815	7650	7650	50755	-0.08438061041292644
2021-12-17	8110	8250	8020	8155	34902	0.06601307189542482
2021-12-20	8485	8920	8465	8920	55027	0.09380748007357442
2021-12-21	8420	8540	8250	8305	13924	-0.06894618834080712
2021-12-22	8245	8300	8240	8250	8870	-0.0066225165562914245
2021-12-23	7710	7785	7710	7735	39375	-0.06242424242424238
2021-12-24	7770	7950	7500	7775	28701	0.005171299288946329
2021-12-27	7665	7730	7660	7730	13768	-0.005787781350482302
2021-12-28	7510	7560	7475	7495	21845	-0.030401034928848603
2021-12-29	7275	7310	7255	7270	76170	-0.030020013342228147
2021-12-30	7125	7155	7100	7125	28395	-0.019944979367262694
2022-01-03	6905	6975	6890	6930	16131	-0.027368421052631597
2022-01-04	6845	6865	6765	6780	69338	-0.02164502164502169
2022-01-05	6810	6940	6810	6925	74957	0.02138643067846613
2022-01-06	7275	7590	7245	7565	147752	0.09241877256317688
2022-01-07	7310	7380	7270	7320	40464	-0.032385988103106444
2022-01-10	7260	7265	7120	7140	46796	-0.024590163934426257
2022-01-11	7030	7090	6980	7055	82620	-0.011904761904761862
2022-01-12	6760	6795	6700	6730	66306	-0.04606661941885193
2022-01-13	6715	6840	6715	6805	42957	0.011144130757800852
2022-01-14	7090	7220	7090	7095	73218	0.042615723732549515
2022-01-17	7015	7130	7015	7080	46925	-0.0021141649048626032
2022-01-18	7010	7245	7000	7180	69911	0.01412429378531077
2022-01-19	7520	7730	7425	7655	98854	0.06615598885793861
2022-01-20	7765	7795	7575	7575	28329	-0.0104506858262573
2022-01-21	8140	8430	8140	8270	62927	0.09174917491749168
2022-01-24	8560	8610	8440	8480	29069	0.025392986698911768
2022-01-25	9025	9525	9010	9355	57937	0.10318396226415105
2022-01-26	9050	9100	8880	8940	19138	-0.044361304115446254
2022-01-27	8940	9795	8900	9645	68930	0.07885906040268464
2022-01-28	9100	9225	8920	8975	32430	-0.06946604458268535
2022-02-03	7815	7855	7700	7735	70875	-0.13816155988857937
2022-02-04	7875	8025	7850	7850	31672	0.014867485455720697
2022-02-07	7875	8045	7875	7930	12510	0.010191082802547768
2022-02-08	7665	7740	7635	7690	165032	-0.030264817150063017
2022-02-09	7370	7395	7300	7325	37367	-0.04746423927178156
2022-02-10	7180	7260	7175	7180	42558	-0.01979522184300342
2022-02-11	7865	8085	7850	8035	165868	0.11908077994428967
2022-02-14	8630	8740	8585	8635	65281	0.0746733042937151
2022-02-15	8770	8950	8705	8840	56873	0.023740590619571567
2022-02-16	8125	8170	8080	8095	44904	-0.08427601809954754
2022-02-17	7820	8320	7785	7995	196798	-0.012353304508956109
2022-02-18	8720	8830	8350	8450	108176	0.05691056910569103
2022-02-21	9105	9170	8625	8635	62608	0.02189349112426031
2022-02-22	9250	9415	9220	9330	88961	0.08048639258830348
2022-02-23	8765	8870	8720	8785	35019	-0.058413719185423374
2022-02-24	9390	10305	9360	10220	133616	0.1633466135458168
2022-02-25	9280	9290	9065	9245	62755	-0.09540117416829741
2022-02-28	9640	9720	9305	9485	47088	0.025959978366684622
2022-03-02	9940	10070	9845	10015	29102	0.05587770163415917
2022-03-03	9560	9610	9430	9465	20283	-0.05491762356465302
2022-03-04	9510	10195	9510	9720	43273	0.02694136291600624
2022-03-07	10345	10570	10215	10380	44212	0.06790123456790131
2022-03-08	10815	11130	10570	11130	33202	0.07225433526011571
2022-03-10	10170	10345	10170	10310	17822	-0.07367475292003589
2022-03-11	9725	9930	9720	9755	27515	-0.05383123181377303
2022-03-14	9765	9925	9705	9760	24373	0.0005125576627371675
2022-03-15	10300	10370	10200	10365	25318	0.06198770491803285
2022-03-16	9880	9975	9670	9730	22280	-0.06126386878919443
2022-03-17	8890	9150	8890	9020	43905	-0.0729701952723536
2022-03-18	8965	9070	8905	8905	64843	-0.012749445676274895
2022-03-21	8430	8560	8415	8510	67949	-0.044357102751263366
2022-03-22	8380	8460	8315	8335	17337	-0.02056404230317277
2022-03-23	8160	8180	8120	8150	31109	-0.022195560887822485
2022-03-24	8165	8225	8040	8060	44136	-0.011042944785276121
2022-03-25	7960	8010	7900	7945	37547	-0.014267990074441683
2022-03-28	7855	7895	7830	7865	70160	-0.010069225928256764
2022-03-29	7650	7665	7570	7605	25679	-0.03305785123966942
2022-03-30	7275	7320	7260	7290	73024	-0.041420118343195256
2022-03-31	7335	7370	7280	7330	34445	0.005486968449931462
2022-04-01	7625	7660	7585	7600	37707	0.03683492496589369
2022-04-04	7500	7515	7355	7390	19465	-0.02763157894736845
2022-04-05	7085	7120	7085	7110	26999	-0.0378890392422192
2022-04-06	7575	7660	7545	7590	79337	0.06751054852320681
2022-04-07	7890	7950	7850	7855	89109	0.03491436100131762
2022-04-08	7605	7685	7595	7595	38841	-0.03309993634627628
2022-04-11	7635	7790	7615	7685	113182	0.011849901250822859
2022-04-12	8020	8150	7990	8095	102884	0.05335068314899161
2022-04-13	8010	8010	7860	7895	66735	-0.02470660901791233
2022-04-14	7545	7550	7445	7480	38711	-0.052564914502849946
2022-04-15	7730	7760	7650	7760	7560	0.03743315508021383
2022-04-18	7870	7910	7825	7860	30714	0.012886597938144284
2022-04-19	7525	7615	7505	7520	15368	-0.043256997455470736
2022-04-20	7330	7390	7315	7350	53513	-0.022606382978723416
2022-04-21	7055	7080	7005	7055	87981	-0.04013605442176871
2022-04-22	7645	7725	7595	7605	56476	0.07795889440113402
2022-04-25	8615	8780	8580	8720	114356	0.14661406969099278
2022-04-26	8280	8325	8235	8315	52937	-0.04644495412844041
2022-04-27	9140	9190	8935	8960	90799	0.07757065544197239
2022-04-28	9075	9145	9010	9010	23401	0.005580357142857206
2022-04-29	9025	9030	8820	8835	49111	-0.01942286348501665
2022-05-02	9595	9640	9450	9450	61843	0.06960950764006801
2022-05-03	9435	9435	9305	9370	21389	-0.00846560846560851
2022-05-04	8810	8830	8770	8795	20258	-0.06136606189967986
2022-05-06	9470	9640	9455	9555	41051	0.08641273450824327
2022-05-09	9580	9725	9575	9600	28895	0.0047095761381474865
2022-05-10	10085	10375	9935	9945	40694	0.035937499999999956
2022-05-11	9855	9860	9670	9670	23723	-0.0276520864756159
2022-05-12	9625	9840	9590	9785	14380	0.011892450879007255
2022-05-13	9505	9505	9310	9390	12777	-0.04036791006642826
2022-05-16	8855	9095	8845	9050	19454	-0.03620873269435565
2022-05-17	8520	8560	8410	8415	10885	-0.0701657458563536
2022-05-18	8335	8445	8320	8415	9250	0.0
2022-05-19	9760	9795	9565	9640	29766	0.1455733808674986
2022-05-20	8760	8760	8650	8705	13832	-0.09699170124481327
2022-05-23	8750	8880	8720	8735	8049	0.003446295232624852
2022-05-24	9020	9105	8975	9090	40453	0.04064109902690327
2022-05-25	8855	8945	8825	8900	9096	-0.020902090209020896
2022-05-26	8690	8730	8600	8715	28881	-0.020786516853932624
2022-05-27	8600	8670	8595	8630	24468	-0.009753298909925379
2022-05-30	8210	8255	8155	8155	9518	-0.0550405561993047
2022-05-31	8255	8355	8235	8320	4733	0.020232985898221978
2022-06-02	8120	8130	8025	8055	24609	-0.031850961538461564
2022-06-03	7900	7925	7880	7900	11830	-0.019242706393544418
2022-06-07	7890	8070	7890	8035	31611	0.0170886075949368
2022-06-08	7710	7725	7665	7690	30426	-0.04293714996888609
2022-06-09	7650	7715	7650	7715	11170	0.0032509752925877766
2022-06-10	8035	8060	7970	7990	46958	0.035644847699287
2022-06-13	8730	9025	8725	8995	105415	0.12578222778473092
2022-06-14	9675	9690	9315	9335	65846	0.03779877709838808
2022-06-15	9340	9415	9320	9325	20064	-0.0010712372790573355
2022-06-16	8680	8900	8590	8900	79905	-0.04557640750670244
2022-06-17	9390	9460	9245	9290	54430	0.043820224719101075
2022-06-20	9020	9450	9020	9165	88156	-0.013455328310010728
2022-06-21	8905	8920	8815	8875	43117	-0.031642116748499705
2022-06-22	8875	9120	8875	9115	51128	0.02704225352112677
2022-06-23	8670	8690	8550	8605	66919	-0.05595172792100933
2022-06-24	8585	8590	8400	8440	23902	-0.01917489831493313
2022-06-27	8460	8500	8350	8395	9180	-0.005331753554502328
2022-06-28	8150	8210	8060	8065	13048	-0.0393091125670042
2022-06-29	8415	8455	8380	8440	34414	0.046497210167389946
2022-06-30	8350	8515	8325	8515	63291	0.008886255924170694
2022-07-01	8515	8740	8490	8685	59405	0.01996476805637104
2022-07-04	8335	8400	8305	8310	19192	-0.04317789291882557
2022-07-05	8205	8240	8190	8200	29747	-0.013237063778580027
2022-07-06	8315	8420	8255	8395	15216	0.02378048780487796
2022-07-07	8150	8200	8070	8100	15169	-0.0351399642644431
2022-07-08	8055	8130	8030	8120	26887	0.0024691358024691024
2022-07-11	7890	8025	7880	8005	45807	-0.014162561576354649
2022-07-12	8085	8220	8070	8200	84569	0.02435977514053711
2022-07-13	8170	8170	8125	8135	9329	-0.00792682926829269
2022-07-14	8180	8190	8085	8150	18213	0.0018438844499077955
