Date	Open	High	Low	Close	Volume	Change
2021-08-05	10065	10065	10065	10065	1	
2021-08-06	10010	10010	9990	9990	8	-0.007451564828613977
2021-08-09	9545	9630	9500	9630	236	-0.036036036036036
2021-08-10	9635	9635	9610	9610	48	-0.0020768431983385627
2021-08-11	9560	9560	9560	9560	1	-0.005202913631633721
2021-08-12	9700	9720	9700	9720	480	0.01673640167364021
2021-08-13	9750	9750	9750	9750	0	0.0030864197530864335
2021-08-17	9930	9930	9930	9930	0	0.01846153846153853
2021-08-18	9910	9910	9905	9905	31	-0.0025176233635447742
2021-08-19	9905	9905	9905	9905	30	0.0
2021-08-20	9910	9910	9910	9910	0	0.0005047955577990315
2021-08-23	9905	9905	9905	9905	0	-0.0005045408678102659
2021-08-24	9990	9995	9990	9995	27	0.009086320040383677
2021-08-25	9990	9990	9990	9990	21	-0.0005002501250624958
2021-08-26	9900	9900	9900	9900	0	-0.009009009009009028
2021-08-27	10005	10005	10005	10005	0	0.010606060606060508
2021-08-30	10060	10060	10060	10060	0	0.005497251374312784
2021-08-31	10080	10080	10080	10080	0	0.001988071570576455
2021-09-01	10075	10075	10075	10075	0	-0.0004960317460317443
2021-09-02	10035	10035	10035	10035	4	-0.003970223325062028
2021-09-03	10050	10050	10050	10050	0	0.001494768310911887
2021-09-06	10130	10130	10130	10130	25	0.007960199004975133
2021-09-07	10130	10130	10110	10110	4	-0.001974333662388972
2021-09-08	9955	9955	9955	9955	0	-0.015331355093966326
2021-09-09	9915	9915	9910	9915	105	-0.004018081366147674
2021-09-10	9955	9955	9955	9955	102	0.004034291477559293
2021-09-13	9920	9920	9920	9920	0	-0.0035158211953791874
2021-09-14	9930	9930	9930	9930	0	0.0010080645161290036
2021-09-15	9980	9980	9980	9980	0	0.0050352467270895485
2021-09-16	9895	9895	9895	9895	0	-0.008517034068136309
2021-09-17	9740	9740	9730	9730	801	-0.016675088428499296
2021-09-23	9765	9765	9765	9765	0	0.003597122302158251
2021-09-24	9725	9725	9725	9725	0	-0.004096262160778297
2021-09-27	9725	9725	9725	9725	0	0.0
2021-09-28	9700	9700	9680	9690	102	-0.0035989717223650075
2021-09-29	9630	9630	9630	9630	0	-0.006191950464396245
2021-09-30	9585	9585	9585	9585	0	-0.004672897196261627
2021-10-01	9710	9710	9710	9710	0	0.013041210224308708
2021-10-05	9770	9770	9735	9735	39	0.002574665293511913
2021-10-06	9735	9735	9710	9710	6	-0.002568053415511029
2021-10-07	9730	9735	9730	9735	2	0.002574665293511913
2021-10-08	9720	9720	9720	9720	2	-0.0015408320493066618
2021-10-12	9710	9745	9710	9745	3	0.002572016460905324
2021-10-13	9750	9755	9750	9755	2367	0.0010261672652642773
2021-10-14	9930	9930	9910	9910	65	0.015889287544848862
2021-10-15	9915	9915	9915	9915	0	0.0005045408678103769
2021-10-18	9800	9800	9790	9790	20	-0.01260716086737268
2021-10-19	9835	9835	9835	9835	0	0.004596527068437162
2021-10-20	9790	9790	9790	9790	10	-0.004575495678698527
2021-10-21	9885	9885	9885	9885	0	0.009703779366700749
2021-10-22	9890	9900	9890	9900	104	0.0015174506828528056
2021-10-25	9935	9970	9925	9950	3312	0.005050505050504972
2021-10-26	9995	9995	9995	9995	0	0.004522613065326642
2021-10-27	9900	9900	9890	9890	15	-0.010505252626313188
2021-10-28	9940	9980	9940	9980	1752	0.009100101112234471
2021-10-29	9960	9960	9960	9960	21	-0.002004008016032066
2021-11-01	9870	9885	9860	9885	4	-0.0075301204819276935
2021-11-02	9930	9930	9930	9930	0	0.004552352048558417
2021-11-03	9860	9860	9860	9860	0	-0.007049345417925457
2021-11-04	9830	9830	9820	9825	424	-0.003549695740365122
2021-11-05	9920	9920	9920	9920	1	0.009669211195928673
2021-11-08	10050	10080	10050	10070	221	0.015120967741935498
2021-11-09	10105	10105	10105	10105	0	0.0034756703078451245
2021-11-10	10110	10110	10110	10110	0	0.0004948045522019662
2021-11-11	10235	10270	10220	10270	2145	0.015825914935707175
2021-11-12	10305	10305	10305	10305	2	0.003407984420642718
2021-11-15	10340	10340	10290	10290	183	-0.0014556040756914523
2021-11-16	10350	10350	10350	10350	2	0.005830903790087438
2021-11-17	10280	10280	10260	10260	288	-0.008695652173912993
2021-11-18	10365	10365	10340	10340	20028	0.007797270955165692
2021-11-19	10295	10295	10295	10295	20002	-0.004352030947775587
2021-11-22	10215	10230	10215	10230	252	-0.006313744536182608
2021-11-23	10000	10000	10000	10000	20	-0.022482893450635366
2021-11-24	9920	9920	9905	9905	202	-0.009499999999999953
2021-11-25	9900	9900	9900	9900	5	-0.0005047955577991425
2021-11-26	9905	9955	9905	9955	11	0.005555555555555536
2021-11-29	9910	9910	9910	9910	34	-0.0045203415369161615
2021-11-30	9885	9890	9880	9890	362	-0.0020181634712411745
2021-12-01	9815	9875	9810	9875	120	-0.0015166835187057082
2021-12-02	9850	9850	9810	9810	794	-0.006582278481012671
2021-12-03	9775	9775	9770	9770	52	-0.004077471967380175
2021-12-06	9850	9850	9850	9850	0	0.008188331627430934
2021-12-07	9850	9850	9820	9820	50	-0.003045685279187804
2021-12-08	9870	9895	9865	9895	194	0.0076374745417515655
2021-12-09	9865	9865	9865	9865	1	-0.003031834259727084
2021-12-10	9820	9830	9790	9790	39	-0.007602635580334471
2021-12-13	9875	9875	9865	9865	102	0.00766087844739527
2021-12-14	9880	9880	9875	9875	2	0.0010136847440445074
2021-12-15	9795	9795	9770	9770	37	-0.010632911392405076
2021-12-16	9855	9855	9855	9855	0	0.008700102354145312
2021-12-17	9975	9975	9975	9975	0	0.0121765601217656
2021-12-20	9950	9950	9950	9950	1	-0.0025062656641604564
2021-12-21	9890	9895	9890	9895	34	-0.005527638190954809
2021-12-22	9880	9880	9880	9880	0	-0.001515917129863542
2021-12-23	9970	9970	9970	9970	0	0.009109311740890691
2021-12-24	9970	9970	9970	9970	0	0.0
2021-12-27	9990	9990	9990	9990	0	0.0020060180541625616
2021-12-28	9995	9995	9995	9995	1	0.0005005005005005447
2021-12-29	9965	9965	9965	9965	5	-0.0030015007503751967
2021-12-30	9930	9930	9930	9930	1	-0.00351229302558953
2022-01-03	10070	10070	10070	10070	0	0.014098690835850913
2022-01-04	9970	9970	9960	9960	4	-0.010923535253227423
2022-01-05	10020	10020	10020	10020	35	0.006024096385542244
2022-01-06	9990	9990	9990	9990	40	-0.0029940119760478723
2022-01-07	9890	9890	9890	9890	1276	-0.010010010010010006
2022-01-10	9890	9890	9890	9890	11	0.0
2022-01-11	9955	9965	9955	9965	403	0.007583417593528763
2022-01-12	10050	10055	10050	10055	220	0.009031610637230347
2022-01-13	10085	10090	10085	10090	4	0.00348085529587272
2022-01-14	10090	10090	10090	10090	0	0.0
2022-01-17	10040	10040	10040	10040	0	-0.0049554013875123815
2022-01-18	10040	10045	10020	10020	56	-0.0019920318725099584
2022-01-19	10005	10005	10005	10005	2	-0.0014970059880239361
2022-01-20	10145	10145	10145	10145	0	0.013993003498250944
2022-01-21	10160	10160	10160	10160	502	0.0014785608674223738
2022-01-24	10125	10135	10120	10135	10279	-0.002460629921259838
2022-01-25	10175	10175	10160	10160	689	0.0024666995559941007
2022-01-26	10205	10205	10200	10200	215	0.003937007874015741
2022-01-27	10030	10030	10005	10005	561	-0.019117647058823573
2022-01-28	9915	9915	9915	9915	0	-0.008995502248875575
2022-02-03	9950	9950	9950	9950	0	0.0035300050428643814
2022-02-04	9960	9960	9960	9960	10	0.0010050251256281673
2022-02-07	9970	9970	9970	9970	0	0.0010040160642570406
2022-02-08	10035	10035	10035	10035	800	0.006519558676028048
2022-02-09	10065	10065	10065	10065	0	0.002989536621823552
2022-02-10	10105	10120	10105	10120	6	0.005464480874316946
2022-02-11	10065	10065	10065	10065	1	-0.005434782608695676
2022-02-14	10215	10215	10215	10215	0	0.014903129657227954
2022-02-15	10315	10370	10315	10365	521	0.014684287812041008
2022-02-16	10215	10220	10210	10220	146	-0.013989387361312056
2022-02-17	10315	10350	10315	10345	28807	0.012230919765166437
2022-02-18	10480	10480	10430	10430	28790	0.008216529724504484
2022-02-21	10505	10530	10465	10465	199	0.003355704697986628
2022-02-22	10530	10530	10530	10530	1	0.006211180124223503
2022-02-23	10475	10475	10465	10465	150	-0.006172839506172867
2022-02-24	10615	10720	10615	10705	425	0.022933588150979345
2022-02-25	10505	10565	10505	10555	438	-0.014012143858010306
2022-02-28	10535	10535	10535	10535	5	-0.001894836570345837
2022-03-02	10680	10690	10670	10670	132	0.012814428096820096
2022-03-03	10650	10650	10625	10625	23	-0.004217432052483594
2022-03-04	10695	10695	10695	10695	19	0.0065882352941175615
2022-03-07	10970	11035	10965	10965	891	0.02524544179523147
2022-03-08	11045	11045	10980	10980	585	0.001367989056087593
2022-03-10	10995	10995	10925	10955	1251	-0.0022768670309654127
2022-03-11	11020	11025	11005	11005	440	0.0045641259698767644
2022-03-14	10920	10920	10920	10920	2	-0.007723761926397121
2022-03-15	10770	10770	10650	10660	187	-0.023809523809523836
2022-03-16	10590	10600	10580	10580	455	-0.007504690431519689
2022-03-17	10655	10655	10655	10655	0	0.007088846880907385
2022-03-18	10700	10700	10660	10660	29	0.000469263256686947
2022-03-21	10620	10625	10620	10625	3	-0.0032833020637899057
2022-03-22	10660	10660	10660	10660	1	0.0032941176470588918
2022-03-23	10600	10600	10595	10595	6	-0.0060975609756097615
2022-03-24	10725	10740	10690	10690	23	0.008966493629070316
2022-03-25	10820	10820	10800	10800	38	0.010289990645462987
2022-03-28	10780	10780	10685	10685	2	-0.010648148148148184
2022-03-29	10600	10615	10600	10605	67	-0.0074871314927468235
2022-03-30	10560	10620	10560	10620	133	0.0014144271570013522
2022-03-31	10610	10610	10610	10610	0	-0.0009416195856873921
2022-04-01	10650	10680	10650	10680	5	0.006597549481621057
2022-04-04	10600	10600	10600	10600	0	-0.0074906367041198685
2022-04-05	10635	10635	10635	10635	0	0.0033018867924528017
2022-04-06	10575	10595	10575	10585	93	-0.004701457451810054
2022-04-07	10595	10595	10595	10595	1	0.0009447331128955572
2022-04-08	10650	10650	10650	10650	11	0.0051911278905143465
2022-04-11	10705	10705	10700	10700	269	0.0046948356807512415
2022-04-12	10795	10795	10795	10795	31	0.008878504672897192
2022-04-13	10825	10855	10825	10850	95	0.00509495136637339
2022-04-14	10865	10865	10865	10865	0	0.0013824884792625891
2022-04-15	10820	10820	10820	10820	3	-0.004141739530602817
2022-04-18	10955	10955	10955	10955	0	0.012476894639556368
2022-04-19	10900	10900	10870	10880	160	-0.006846188954815147
2022-04-20	10725	10725	10690	10690	206	-0.01746323529411764
2022-04-21	10740	10740	10740	10740	0	0.00467726847521055
2022-04-22	10725	10725	10725	10725	10	-0.0013966480446927498
2022-04-25	10620	10620	10570	10570	7	-0.014452214452214451
2022-04-26	10460	10460	10450	10450	19	-0.011352885525070966
2022-04-27	10470	10470	10450	10450	4	0.0
2022-04-28	10365	10365	10355	10355	3	-0.009090909090909038
2022-04-29	10520	10520	10520	10520	0	0.015934331240946342
2022-05-02	10415	10415	10380	10380	402	-0.013307984790874472
2022-05-03	10260	10260	10230	10230	327	-0.014450867052023142
2022-05-04	10280	10280	10280	10280	3	0.004887585532746819
2022-05-06	10290	10290	10280	10280	12	0.0
2022-05-09	10290	10290	10290	10290	0	0.0009727626459143934
2022-05-10	10245	10245	10245	10245	0	-0.004373177842565634
2022-05-11	10095	10095	10095	10095	25	-0.014641288433382083
2022-05-12	10195	10195	10185	10185	41	0.008915304606240682
2022-05-13	10015	10035	10015	10020	5	-0.016200294550810068
2022-05-16	9930	9930	9920	9920	3	-0.009980039920159722
2022-05-17	10040	10040	10040	10040	0	0.012096774193548487
2022-05-18	9985	9985	9940	9940	2	-0.009960159362549792
2022-05-19	9970	9970	9970	9970	27	0.003018108651911433
2022-05-20	10085	10130	10085	10130	192	0.016048144433299827
2022-05-23	10175	10175	10175	10175	0	0.0044422507403751865
2022-05-24	10175	10175	10175	10175	0	0.0
2022-05-25	10190	10190	10190	10190	0	0.0014742014742015197
2022-05-26	10170	10170	10130	10135	1646	-0.00539744847890089
2022-05-27	10180	10180	10180	10180	0	0.004440059200789381
2022-05-30	10170	10225	10170	10225	31	0.004420432220039183
2022-05-31	10145	10160	10145	10160	550	-0.006356968215158965
2022-06-02	10140	10140	10140	10140	15	-0.0019685039370078705
2022-06-03	10245	10245	10245	10245	0	0.010355029585798814
2022-06-07	10095	10100	10095	10100	59	-0.014153245485602706
2022-06-08	10140	10140	10140	10140	0	0.003960396039603964
2022-06-09	10170	10170	10170	10170	10	0.002958579881656709
2022-06-10	10125	10125	10125	10125	1	-0.004424778761061954
2022-06-13	10235	10235	10235	10235	0	0.010864197530864095
2022-06-14	10010	10015	10010	10015	39	-0.02149487054225696
2022-06-15	9985	9985	9985	9985	0	-0.0029955067398901303
2022-06-16	10075	10080	10050	10050	58	0.006509764646970506
2022-06-17	10145	10145	10115	10115	6	0.006467661691542226
2022-06-20	10110	10110	10110	10110	1	-0.0004943153732080985
2022-06-21	10100	10105	10100	10105	9	-0.0004945598417408492
2022-06-22	10050	10050	10020	10020	68	-0.008411677387431982
2022-06-23	10075	10075	10060	10060	55	0.003992015968063978
2022-06-24	10005	10005	10005	10005	0	-0.005467196819085474
2022-06-27	10080	10080	10070	10070	24	0.006496751624187835
2022-06-28	10005	10015	10005	10010	18	-0.005958291956305817
2022-06-29	9985	9990	9985	9990	13	-0.0019980019980020414
2022-06-30	9975	9975	9960	9965	106	-0.0025025025025025016
2022-07-01	9900	9900	9885	9885	40	-0.008028098344204704
2022-07-04	9925	9940	9925	9940	59	0.005563985837127028
2022-07-05	9925	9925	9925	9925	0	-0.0015090543259557165
2022-07-06	9690	9690	9690	9690	7	-0.023677581863979835
2022-07-07	9535	9560	9530	9560	51	-0.013415892672858587
2022-07-08	9555	9555	9540	9540	15	-0.0020920502092049986
2022-07-11	9540	9540	9540	9540	3	0.0
2022-07-12	9500	9500	9450	9470	17	-0.007337526205450695
2022-07-13	9450	9470	9450	9450	36	-0.002111932418162654
2022-07-14	9485	9485	9485	9485	10	0.0037037037037037646
