Date	Open	High	Low	Close	Volume	Change
2021-10-21	10145	10185	10040	10060	346639	
2021-10-22	10065	10165	10005	10080	2306046	0.001988071570576455
2021-10-25	10070	10080	9995	10065	1632142	-0.0014880952380952328
2021-10-26	10140	10270	10130	10260	997592	0.019374068554396384
2021-10-27	10290	10290	10210	10260	637025	0.0
2021-10-28	10260	10265	10160	10160	456029	-0.00974658869395717
2021-10-29	10195	10195	10040	10045	541402	-0.011318897637795255
2021-11-01	10070	10170	10065	10130	449883	0.008461921353907442
2021-11-02	10175	10255	10150	10230	88338	0.009871668311944637
2021-11-03	10260	10330	10205	10225	556604	-0.0004887585532746819
2021-11-04	10335	10390	10210	10230	417275	0.0004889975550121939
2021-11-05	10340	10340	10240	10270	159289	0.003910068426197455
2021-11-08	10320	10320	10150	10155	140236	-0.011197663096397248
2021-11-09	10275	10385	10275	10365	59973	0.02067946824224509
2021-11-10	10325	10335	10130	10140	99340	-0.02170767004341534
2021-11-11	10040	10185	10030	10180	277539	0.0039447731755424265
2021-11-12	10315	10380	10230	10365	79601	0.018172888015717037
2021-11-15	10490	10650	10480	10615	198320	0.024119633381572525
2021-11-16	10640	10700	10615	10700	99232	0.0080075365049459
2021-11-17	10770	10770	10600	10600	158380	-0.009345794392523366
2021-11-18	10620	10620	10500	10595	138713	-0.0004716981132075748
2021-11-19	10600	10640	10575	10630	139024	0.003303445021236362
2021-11-22	10745	10780	10580	10580	238214	-0.00470366886171214
2021-11-23	10535	10535	10415	10425	39627	-0.01465028355387521
2021-11-24	10400	10470	10370	10370	79209	-0.005275779376498813
2021-11-25	10495	10515	10395	10395	99582	0.0024108003857281624
2021-11-26	10405	10405	10390	10390	3	-0.0004810004810005264
2021-11-29	10185	10305	10160	10250	18630	-0.013474494706448459
2021-11-30	10390	10390	10090	10105	102068	-0.014146341463414647
2021-12-01	10125	10125	9925	10115	175618	0.0009896091044037103
2021-12-02	10005	10065	9920	10065	185623	-0.004943153732081096
2021-12-03	10085	10310	10070	10260	18645	0.019374068554396384
2021-12-06	10225	10225	10125	10200	36804	-0.005847953216374324
2021-12-07	10240	10260	10200	10200	18324	0.0
2021-12-08	10410	10430	10400	10420	18412	0.021568627450980316
2021-12-09	10480	10585	10470	10585	27715	0.01583493282149706
2021-12-10	10545	10545	10495	10500	37058	-0.00803023145961268
2021-12-13	10430	10430	10305	10305	41975	-0.018571428571428572
2021-12-14	10240	10305	10230	10290	9160	-0.0014556040756914523
2021-12-15	10265	10365	10255	10345	992	0.005344995140913467
2021-12-16	10465	10465	10455	10460	4668	0.011116481391976851
2021-12-17	10315	10330	10200	10245	33385	-0.020554493307839428
2021-12-20	10270	10290	10245	10265	24953	0.0019521717911175074
2021-12-21	10275	10275	10175	10235	9546	-0.002922552362396469
2021-12-22	10365	10365	10305	10310	9714	0.007327796775769446
2021-12-23	10335	10335	10325	10325	2	0.0014548981571289588
2021-12-24	10370	10370	10360	10360	2	0.003389830508474523
2021-12-27	10345	10345	10335	10335	2	-0.0024131274131273805
2021-12-28	10500	10640	10490	10620	23370	0.027576197387518153
2021-12-29	10715	10735	10520	10585	129831	-0.003295668549905817
2021-12-30	10610	10610	10485	10590	67345	0.0004723665564478896
2022-01-03	10650	10650	10515	10585	173514	-0.00047214353163360645
2022-01-04	10630	10630	10385	10415	135827	-0.01606046291922536
2022-01-05	10405	10405	10170	10175	157387	-0.023043686989918433
2022-01-06	9980	10080	9815	9815	159716	-0.03538083538083536
2022-01-07	9880	9980	9875	9920	65988	0.01069791136016307
2022-01-10	9880	9880	9705	9720	66194	-0.020161290322580627
2022-01-11	9750	9755	9615	9675	133197	-0.00462962962962965
2022-01-12	9805	9885	9800	9880	23515	0.021188630490956095
2022-01-13	9970	9970	9785	9790	60049	-0.009109311740890691
2022-01-14	9660	9690	9605	9605	90283	-0.018896833503575072
2022-01-17	9605	9640	9490	9530	82947	-0.007808433107756363
2022-01-18	9565	9670	9380	9400	90996	-0.01364113326337879
2022-01-19	9315	9380	9230	9295	137394	-0.011170212765957421
2022-01-20	9285	9565	9280	9565	138542	0.029047875201721363
2022-01-21	9440	9515	9310	9375	151972	-0.01986408782017768
2022-01-24	9290	9295	9120	9150	84133	-0.02400000000000002
2022-01-25	9200	9200	8890	8970	269105	-0.01967213114754096
2022-01-26	8960	9030	8800	8800	244240	-0.018952062430323324
2022-01-27	8800	8800	8410	8410	253262	-0.04431818181818181
2022-01-28	8440	8655	8275	8610	309791	0.02378121284185486
2022-02-03	8810	8895	8805	8805	101261	0.022648083623693305
2022-02-04	8795	8900	8790	8875	80780	0.007950028392958552
2022-02-07	8965	8965	8750	8800	94238	-0.008450704225352101
2022-02-08	8825	8895	8695	8765	92148	-0.003977272727272774
2022-02-09	8880	8940	8825	8940	41226	0.01996577296063884
2022-02-10	8965	9065	8725	9065	67379	0.013982102908277394
2022-02-11	8630	8670	8540	8540	146662	-0.05791505791505791
2022-02-14	8390	8460	8335	8385	238188	-0.01814988290398123
2022-02-15	8405	8455	8240	8250	144795	-0.01610017889087656
2022-02-16	8465	8570	8450	8570	28810	0.038787878787878816
2022-02-17	8675	8735	8455	8595	204873	0.0029171528588098905
2022-02-18	8445	8640	8430	8620	146916	0.002908667830133771
2022-02-21	8525	8655	8455	8640	130785	0.002320185614849146
2022-02-22	8475	8585	8470	8535	122157	-0.01215277777777779
2022-02-23	8595	8650	8535	8600	178199	0.007615700058582364
2022-02-24	8520	8520	8335	8335	118993	-0.030813953488372126
2022-02-25	8515	8650	8515	8650	10078	0.037792441511697694
2022-02-28	8585	8685	8585	8685	19425	0.004046242774566444
2022-03-02	8715	8860	8690	8860	38	0.020149683362118642
2022-03-03	8945	9035	8920	9035	25911	0.01975169300225743
2022-03-04	9035	9035	8870	8885	36093	-0.01660210293303821
2022-03-07	8795	8795	8700	8770	28	-0.01294316263365225
2022-03-08	8600	8775	8590	8725	16584	-0.0051311288483466555
2022-03-10	8830	8915	8810	8885	10	0.01833810888252141
2022-03-11	8900	8945	8845	8845	24943	-0.0045019696117051256
2022-03-14	8875	8875	8615	8645	24315	-0.022611644997173497
2022-03-15	8600	8660	8540	8645	24404	0.0
2022-03-16	8750	8760	8740	8755	15	0.012724117987275907
2022-03-17	9025	9120	9015	9120	13	0.04169046259280407
2022-03-18	9160	9160	9145	9145	3	0.0027412280701755165
2022-03-21	9230	9230	9165	9165	8277	0.002186987424822373
2022-03-22	9045	9120	9010	9110	54007	-0.006001091107474044
2022-03-23	9205	9235	9155	9160	20440	0.005488474204171201
2022-03-24	9135	9155	9060	9155	16128	-0.0005458515283842669
2022-03-25	9230	9230	9160	9160	8506	0.0005461496450027692
2022-03-28	9175	9175	9030	9030	16389	-0.014192139737991272
2022-03-29	9110	9160	9100	9135	8013	0.011627906976744207
2022-03-30	9260	9265	9210	9240	7845	0.011494252873563315
2022-03-31	9205	9280	9195	9255	70	0.0016233766233766378
2022-04-01	9215	9215	9185	9200	4207	-0.005942733657482435
2022-04-04	9205	9230	9155	9230	12520	0.003260869565217428
2022-04-05	9310	9350	9295	9310	24567	0.008667388949079147
2022-04-06	9220	9220	9165	9165	4390	-0.015574650912996812
2022-04-07	9115	9115	9035	9070	654	-0.010365521003818823
2022-04-08	9120	9145	9065	9145	16350	0.008269018743109147
2022-04-11	9145	9145	8945	8955	4141	-0.020776380535811878
2022-04-12	8850	8870	8810	8810	7819	-0.016192071468453362
2022-04-13	8895	8895	8845	8845	3910	0.0039727582292850006
2022-04-14	9085	9085	9045	9055	3934	0.023742227247032233
2022-04-15	8960	8960	8880	8940	8465	-0.012700165654334628
2022-04-18	8915	8915	8835	8885	28916	-0.00615212527964204
2022-04-19	8925	9045	8915	9030	12195	0.01631963984243101
2022-04-20	9085	9085	9075	9075	2	0.004983388704318914
2022-04-21	9040	9085	9030	9080	8114	0.000550964187327807
2022-04-22	8880	8895	8820	8895	8111	-0.020374449339207068
2022-04-25	8745	8765	8655	8655	20489	-0.026981450252951067
2022-04-26	8730	8805	8720	8790	16694	0.015597920277296451
2022-04-27	8580	8645	8560	8630	16719	-0.018202502844141044
2022-04-28	8680	8680	8555	8555	8186	-0.008690614136732333
2022-04-29	8625	8755	8615	8755	16380	0.02337814143775563
2022-05-02	8650	8710	8595	8710	20607	-0.0051399200456881955
2022-05-03	8730	8790	8720	8775	20820	0.00746268656716409
2022-05-04	8815	8815	8720	8720	8359	-0.0062678062678063196
2022-05-06	8580	8590	8525	8525	4148	-0.022362385321100908
2022-05-09	8430	8440	8285	8285	4204	-0.028152492668621742
2022-05-10	8120	8260	8020	8260	24211	-0.0030175015087507973
2022-05-11	8205	8370	8190	8345	25773	0.010290556900726333
2022-05-12	8280	8305	8200	8200	14967	-0.017375674056321122
2022-05-13	8145	8340	8135	8330	11946	0.01585365853658538
2022-05-16	8455	8475	8345	8385	34173	0.006602641056422609
2022-05-17	8360	8450	8350	8450	22701	0.007751937984496138
2022-05-18	8590	8620	8530	8580	12266	0.01538461538461533
2022-05-19	8350	8515	8335	8515	7684	-0.007575757575757569
2022-05-20	8575	8575	8570	8570	2	0.006459189665296572
2022-05-23	8815	8815	8765	8770	5	0.023337222870478458
2022-05-24	8775	8775	8710	8710	4574	-0.0068415051311288
2022-05-25	8620	8620	8540	8580	7066	-0.014925373134328401
2022-05-26	8725	8795	8715	8795	4851	0.02505827505827507
2022-05-27	8780	8780	8645	8645	7224	-0.017055144968732283
2022-05-30	8745	8755	8730	8735	2432	0.010410641989589298
2022-05-31	8790	8790	8730	8775	9040	0.004579278763594763
2022-06-02	8805	8805	8795	8795	2	0.002279202279202197
2022-06-03	8845	8845	8760	8760	3	-0.003979533826037551
2022-06-07	8695	8695	8685	8685	2	-0.008561643835616417
2022-06-08	8540	8540	8475	8475	4	-0.024179620034542326
2022-06-09	8490	8505	8430	8505	9333	0.003539823008849474
2022-06-10	8485	8485	8475	8475	2	-0.003527336860670194
2022-06-13	8225	8225	8175	8190	14776	-0.03362831858407078
2022-06-14	7920	8090	7895	8070	98143	-0.0146520146520146
2022-06-15	8070	8070	7860	7860	36014	-0.026022304832713727
2022-06-16	8025	8060	8005	8035	5325	0.022264631043257044
2022-06-17	7740	7875	7740	7850	68182	-0.02302426882389541
2022-06-20	7945	7945	7680	7695	62719	-0.0197452229299363
2022-06-21	7730	7770	7600	7770	112045	0.00974658869395717
2022-06-22	7815	7815	7480	7480	49489	-0.03732303732303732
2022-06-23	7430	7540	7200	7335	321959	-0.019385026737967936
2022-06-24	7270	7590	7220	7590	32378	0.03476482617586907
2022-06-27	7715	7740	7695	7740	7958	0.01976284584980248
2022-06-28	7750	7750	7735	7735	2	-0.0006459948320413078
2022-06-29	7560	7560	7485	7540	4	-0.025210084033613467
2022-06-30	7515	7515	7345	7345	32618	-0.025862068965517238
2022-07-01	7400	7405	7170	7195	345871	-0.02042205582028589
2022-07-04	7225	7225	7135	7155	84231	-0.005559416261292527
2022-07-05	7230	7230	7215	7215	2	0.008385744234800763
2022-07-06	7480	7520	7430	7520	16337	0.04227304227304218
2022-07-07	7475	7475	7455	7470	32550	-0.0066489361702127825
2022-07-08	7640	7640	7620	7620	3	0.02008032128514059
2022-07-11	7655	7655	7625	7625	15508	0.0006561679790026975
2022-07-12	7565	7565	7450	7450	6	-0.022950819672131195
2022-07-13	7470	7655	7455	7650	16485	0.02684563758389258
2022-07-14	7670	7680	7630	7650	667	0.0
