Date	Open	High	Low	Close	Volume	Change
2021-07-28	12960	13245	12195	12445	6366	
2021-07-29	11230	11255	10500	10735	22742	-0.13740458015267176
2021-07-30	10665	11440	10570	11230	39226	0.0461108523521192
2021-08-02	11175	11305	10900	10945	241383	-0.02537845057880672
2021-08-03	10730	11655	10635	11290	194402	0.031521242576519004
2021-08-04	11290	11485	10440	10720	257625	-0.05048715677590787
2021-08-05	10705	11190	10515	11190	384295	0.04384328358208944
2021-08-06	10920	11335	10920	11140	440691	-0.0044682752457551045
2021-08-09	11365	11635	11030	11185	157988	0.004039497307001705
2021-08-10	11095	11215	10810	10810	330030	-0.03352704514975413
2021-08-11	11040	11040	10570	10800	294684	-0.0009250693802035359
2021-08-12	10820	11070	10750	11030	213327	0.02129629629629637
2021-08-13	11275	11650	11270	11650	80287	0.05621033544877596
2021-08-17	12280	12955	12160	12880	279568	0.10557939914163095
2021-08-18	12910	12920	12520	12760	172235	-0.009316770186335366
2021-08-19	12790	13410	12685	13410	304171	0.05094043887147337
2021-08-20	13335	14760	13170	14145	477401	0.05480984340044737
2021-08-23	13900	13905	12995	13280	145252	-0.06115235065394131
2021-08-24	13015	13190	12010	12180	155685	-0.08283132530120485
2021-08-25	11335	11695	10890	11645	246363	-0.043924466338259416
2021-08-26	11800	12330	11640	12215	295671	0.048948046371833476
2021-08-27	12010	12120	11640	12105	217408	-0.009005321326238214
2021-08-30	12055	12235	11780	11920	259589	-0.015282940933498579
2021-08-31	11905	12165	11365	11385	40090	-0.044882550335570426
2021-09-01	11005	11100	10590	10720	83231	-0.0584101888449714
2021-09-02	10500	10550	10080	10545	18101	-0.0163246268656716
2021-09-03	10530	10760	10530	10760	42684	0.02038880986249403
2021-09-06	10690	10745	10560	10570	18119	-0.017657992565055736
2021-09-07	10490	10490	9990	10095	14844	-0.04493850520340592
2021-09-08	9920	10340	9920	10245	31294	0.014858841010401136
2021-09-09	10495	10975	10495	10975	8461	0.07125427037579302
2021-09-10	10775	10775	10480	10485	3434	-0.04464692482915722
2021-09-13	10680	11185	10680	11185	4463	0.06676204101096794
2021-09-14	10945	11230	10900	11205	105191	0.0017881090746536543
2021-09-15	11565	11950	11500	11925	42680	0.06425702811244971
2021-09-16	11950	12430	11855	12390	215259	0.03899371069182389
2021-09-17	11925	12125	11375	11430	65955	-0.07748184019370463
2021-09-23	12040	12045	11290	11950	77049	0.045494313210848736
2021-09-24	11955	12090	11745	12070	99814	0.010041841004184038
2021-09-27	12500	12615	12100	12475	200251	0.03355426677713336
2021-09-28	12235	12445	12035	12035	106400	-0.03527054108216432
2021-09-29	12355	12860	12350	12350	120233	0.026173660157872813
2021-09-30	12590	12895	12590	12600	182421	0.020242914979757165
2021-10-01	12440	12975	12440	12805	9655	0.016269841269841212
2021-10-05	13220	13680	13125	13300	178001	0.03865677469738382
2021-10-06	12670	13550	12670	13395	181817	0.0071428571428571175
2021-10-07	13160	13180	12325	12365	114653	-0.07689436356849566
2021-10-08	11650	12280	11590	12095	359943	-0.021835826930853175
2021-10-12	11625	11930	11625	11930	8798	-0.013642000826787903
2021-10-13	11925	11990	11880	11990	8578	0.005029337803855727
2021-10-14	11880	11880	11730	11740	21189	-0.020850708924103456
2021-10-15	11760	11805	11580	11655	70444	-0.007240204429301511
2021-10-18	11390	11890	11360	11860	224095	0.017589017589017653
2021-10-19	11255	11330	10875	10885	15674	-0.08220910623946032
2021-10-20	10365	10460	10075	10180	50654	-0.06476802939825443
2021-10-21	10200	10595	10175	10495	74690	0.03094302554027495
2021-10-22	10290	10290	9920	10030	80797	-0.04430681276798476
2021-10-25	10185	10310	9900	9950	25379	-0.0079760717846461
2021-10-26	9925	10370	9875	10365	27006	0.04170854271356794
2021-10-27	10600	11090	10580	11025	15213	0.06367583212735162
2021-10-28	10610	10930	10610	10930	14457	-0.008616780045351491
2021-10-29	10860	11190	10860	11110	16352	0.01646843549862753
2021-11-01	11355	11590	11125	11520	5227	0.03690369036903696
2021-11-02	10895	11280	10610	11280	4217	-0.02083333333333337
2021-11-03	11380	11790	11185	11515	13656	0.02083333333333326
2021-11-04	11310	11335	11180	11285	16695	-0.01997394702561872
2021-11-05	11505	11700	11270	11270	24577	-0.0013291980505095724
2021-11-08	11785	11870	11650	11815	1184	0.048358473824312354
2021-11-09	11580	11910	11540	11690	413	-0.010579771476936117
2021-11-10	11785	11885	11600	11785	3255	0.008126603934987209
2021-11-11	11555	11555	10945	10945	13189	-0.07127704709376326
2021-11-12	10365	10660	10355	10565	39020	-0.03471904979442664
2021-11-15	10275	10430	10275	10350	5626	-0.02035021296734496
2021-11-16	10570	10570	9990	9995	38290	-0.034299516908212535
2021-11-17	10110	10250	10085	10140	89411	0.014507253626813377
2021-11-18	10475	10750	10475	10750	1299	0.06015779092702167
2021-11-19	11110	11180	10965	10965	25677	0.020000000000000018
2021-11-22	10850	11010	10590	10950	3661	-0.001367989056087593
2021-11-23	11235	11300	11190	11240	683	0.02648401826484026
2021-11-24	11215	11390	11110	11125	1299	-0.010231316725978656
2021-11-25	11275	11375	11135	11135	220	0.0008988764044943753
2021-11-26	11450	11760	11420	11690	715	0.04984283789851829
2021-11-29	11955	12050	11675	12050	169	0.030795551753635575
2021-11-30	12050	12680	11925	12535	9549	0.04024896265560174
2021-12-01	12480	12480	12020	12020	3029	-0.04108496210610291
2021-12-02	12290	12490	12200	12405	9415	0.03202995008319465
2021-12-03	12780	12965	12610	12850	8118	0.03587263200322455
2021-12-06	13545	13545	13130	13545	6330	0.0540856031128405
2021-12-07	12870	13165	12680	12680	11018	-0.06386120339608714
2021-12-08	12290	12305	12190	12190	690	-0.03864353312302837
2021-12-09	12090	12210	11800	11885	240	-0.02502050861361771
2021-12-10	12140	12140	11875	12110	105	0.018931426167438037
2021-12-13	11990	11990	11730	11750	26	-0.029727497935590375
2021-12-14	12410	12690	12320	12665	5393	0.07787234042553193
2021-12-15	12795	13005	12615	13005	5063	0.02684563758389258
2021-12-16	13490	13500	13205	13205	27265	0.01537870049980783
2021-12-17	13150	13615	13150	13570	706	0.027641045058689917
2021-12-20	13565	14400	13565	14400	8443	0.06116433308769342
2021-12-21	14580	14640	14045	14070	2323	-0.022916666666666696
2021-12-22	13320	13695	13215	13590	28848	-0.034115138592750505
2021-12-23	13305	13890	13305	13650	11482	0.004415011037527616
2021-12-24	13425	13795	13425	13765	290	0.008424908424908395
2021-12-27	13820	13820	13710	13710	37	-0.0039956411187794805
2021-12-28	13710	14230	13660	13980	160671	0.01969365426695835
2021-12-29	14225	14555	14200	14555	67220	0.04113018597997131
2021-12-30	14600	14680	14210	14680	42132	0.008588114050154694
2022-01-03	13335	13720	13160	13720	67058	-0.06539509536784738
2022-01-04	13495	14020	13370	13980	43499	0.01895043731778423
2022-01-05	14385	15035	14325	15035	133658	0.0754649499284692
2022-01-06	14705	15560	14705	15310	149091	0.018290655138011314
2022-01-07	14380	14645	14250	14250	116821	-0.06923579359895493
2022-01-10	14110	14360	13465	13660	81323	-0.041403508771929776
2022-01-11	13850	13850	13380	13490	119516	-0.012445095168374776
2022-01-12	12860	12910	12410	12425	75375	-0.07894736842105265
2022-01-13	12180	12805	12090	12755	186514	0.026559356136820922
2022-01-14	13100	13435	12930	12930	59660	0.013720109760878119
2022-01-17	12930	13160	12800	13025	4417	0.007347254447022333
2022-01-18	12830	12955	12480	12815	8985	-0.016122840690978912
2022-01-19	12940	13415	12840	13370	89294	0.043308622707764366
2022-01-20	12800	13225	12210	12210	73925	-0.08676140613313388
2022-01-21	12215	12530	12085	12425	52157	0.01760851760851767
2022-01-24	12770	12945	12720	12800	56295	0.030181086519114775
2022-01-25	13605	13605	13215	13465	172836	0.051953125000000044
2022-01-26	13405	13545	13135	13440	101283	-0.0018566654288897366
2022-01-27	13600	14590	13600	14550	128672	0.08258928571428581
2022-01-28	14510	15175	14435	14695	198330	0.00996563573883158
2022-02-03	13695	16000	13695	16000	1889	0.08880571623001021
2022-02-04	14275	14440	13290	13380	145136	-0.16374999999999995
2022-02-07	13365	13860	13290	13660	148797	0.020926756352765308
2022-02-08	13475	14205	13475	13930	151248	0.019765739385065872
2022-02-09	13420	13445	12940	12995	154841	-0.06712132089016509
2022-02-10	12600	13240	12505	13035	103253	0.0030781069642169534
2022-02-11	12900	13430	12865	13335	307849	0.023014959723820505
2022-02-14	13520	13805	13455	13615	125532	0.0209973753280841
2022-02-15	13675	13795	13400	13705	58979	0.006610356224752145
2022-02-16	13025	13215	12890	13210	128955	-0.0361182050346589
2022-02-17	12930	13175	12755	12995	271555	-0.016275548826646502
2022-02-18	12835	13145	12835	13005	83184	0.0007695267410543494
2022-02-21	14120	14310	13730	14310	99621	0.10034602076124566
2022-02-22	14725	15270	14580	15135	96506	0.057651991614255715
2022-02-23	15065	15220	14460	14490	211063	-0.04261645193260655
2022-02-24	14970	15900	14970	15850	180601	0.09385783298826778
2022-02-25	15600	15830	14925	15330	89394	-0.03280757097791798
2022-02-28	15510	15960	15325	15715	151685	0.02511415525114158
2022-03-02	15635	15815	15200	15790	129325	0.004772510340439018
2022-03-03	15995	16505	15945	16475	218769	0.04338188727042436
2022-03-04	17385	17840	17385	17840	105721	0.08285280728376332
2022-03-07	19605	19935	18845	19225	371190	0.07763452914798208
2022-03-08	19905	20580	19125	20580	119312	0.07048114434330288
2022-03-10	19940	20505	19000	20330	270261	-0.012147716229348848
2022-03-11	21630	23660	21630	22110	199984	0.08755533694048201
2022-03-14	23985	25600	23985	25135	156522	0.13681592039800994
2022-03-15	29445	30540	25785	29505	699343	0.173861149791128
2022-03-16	27995	28795	18745	19330	481118	-0.34485680393153706
2022-03-17	15550	15755	13110	15005	239985	-0.2237454733574754
2022-03-18	15350	16160	14870	14870	103552	-0.008997000999666827
2022-03-21	13800	15635	13720	15490	114725	0.04169468728984538
2022-03-22	15365	15420	14405	14630	90864	-0.05551969012265978
2022-03-23	13700	13780	12540	13050	210711	-0.10799726589200276
2022-03-24	13225	13770	13225	13630	117107	0.04444444444444451
2022-03-25	14120	15530	13950	15485	104150	0.136096845194424
2022-03-28	15140	15995	14250	14945	92141	-0.03487245721666132
2022-03-29	14215	14490	13910	14195	57092	-0.05018400802944123
2022-03-30	13275	14065	13275	13665	47976	-0.037337090524832695
2022-03-31	13805	14400	13715	14245	45742	0.04244420051225761
2022-04-01	14720	15250	14585	14720	63385	0.03334503334503336
2022-04-04	14055	14280	12830	12995	102195	-0.1171875
2022-04-05	12645	12805	12500	12795	18215	-0.015390534821084989
2022-04-06	12980	13845	12980	13600	98989	0.06291520125048855
2022-04-07	14285	14405	13450	14220	77098	0.04558823529411771
2022-04-08	14565	15280	14565	15105	83928	0.062236286919831185
2022-04-11	14975	16295	14975	16295	57544	0.0787818603111552
2022-04-12	15545	16915	15535	15810	49637	-0.029763731205891375
2022-04-13	16200	16355	15375	15600	30261	-0.013282732447817858
2022-04-14	15500	15710	15235	15250	27858	-0.022435897435897467
2022-04-15	15700	16050	15500	15865	15849	0.04032786885245909
2022-04-18	15910	16100	15900	16085	6071	0.013867002836432496
2022-04-19	16085	16640	15870	16565	27170	0.029841467205470984
2022-04-20	16510	16990	16005	16775	42216	0.012677331723513374
2022-04-21	17465	18210	17145	18010	62254	0.07362146050670648
2022-04-22	18770	20000	17605	17710	53112	-0.016657412548584105
2022-04-25	18440	19335	18335	19150	70267	0.08130999435347253
2022-04-26	18710	18760	17255	18450	27488	-0.036553524804177506
2022-04-27	19210	19485	17580	17655	80268	-0.043089430894308944
2022-04-28	17360	17940	17210	17660	18749	0.0002832058906825363
2022-04-29	17190	17315	13465	14085	175120	-0.20243488108720276
2022-05-02	14635	14635	14400	14505	16663	0.029818956336528313
2022-05-03	14400	14780	13485	13810	55548	-0.04791451223715959
2022-05-04	14135	14930	14015	14725	36215	0.0662563359884143
2022-05-06	16115	16510	15800	16310	41896	0.10764006791171488
2022-05-09	17160	17160	17015	17095	5761	0.04812998160637649
2022-05-10	17255	18635	17255	17480	71487	0.022521205030710645
2022-05-11	18045	18045	15415	16115	99834	-0.07808924485125857
2022-05-12	17545	17880	16750	17560	37291	0.08966801116971768
2022-05-13	18105	18105	16180	16395	55851	-0.06634396355353078
2022-05-16	15560	16470	15230	16155	45346	-0.014638609332113472
2022-05-17	15535	16000	14450	14490	44100	-0.10306406685236769
2022-05-18	14645	14900	14240	14360	44313	-0.00897170462387853
2022-05-19	15450	15780	15010	15395	49699	0.07207520891364894
2022-05-20	14355	14620	14085	14140	21977	-0.08151997401753819
2022-05-23	14615	15100	13495	14610	61413	0.03323903818953333
2022-05-24	14750	15545	14505	15545	34409	0.06399726214921286
2022-05-25	16000	16125	15475	15695	45571	0.009649404953361307
2022-05-26	15675	16230	15440	15830	55907	0.008601465434851852
2022-05-27	14585	14860	14020	14805	72150	-0.06475047378395449
2022-05-30	14050	14250	13405	13480	39969	-0.08949679162445123
2022-05-31	13365	13620	12400	12400	53077	-0.0801186943620178
2022-06-02	12685	13315	12685	13005	33802	0.048790322580645196
2022-06-03	12200	12380	12180	12225	6297	-0.059976931949250245
2022-06-07	11900	12205	11430	11750	84931	-0.03885480572597133
2022-06-08	11280	11700	10800	10885	47022	-0.07361702127659575
2022-06-09	10395	11250	10245	11115	63621	0.021129995406522717
2022-06-10	11490	11950	10530	10575	116461	-0.04858299595141702
2022-06-13	11300	11650	11080	11565	90880	0.09361702127659566
2022-06-14	12350	12350	11420	11450	123617	-0.0099437959360138
2022-06-15	11415	11450	10840	10990	39686	-0.04017467248908302
2022-06-16	10815	11605	10615	11555	32221	0.05141037306642393
2022-06-17	12205	12210	11150	11270	77197	-0.02466464733881435
2022-06-20	11295	11770	11150	11245	82116	-0.002218278615794156
2022-06-21	11050	11300	10710	11035	22102	-0.018674966651845315
2022-06-22	10860	11520	10830	11520	46496	0.0439510647938377
2022-06-23	11380	11600	10980	11070	36072	-0.0390625
2022-06-24	11100	11370	10165	10165	66447	-0.0817524841915086
2022-06-27	9950	10195	9015	9475	95136	-0.06787998032464337
2022-06-28	9560	9770	9085	9085	66215	-0.04116094986807384
2022-06-29	9465	9760	9295	9715	69652	0.06934507429829395
2022-06-30	9700	10130	9625	10130	58866	0.04271744724652593
2022-07-01	9945	10120	9795	10120	42392	-0.000987166831194486
2022-07-04	10100	10300	9880	10020	56958	-0.00988142292490124
2022-07-05	9300	10080	9260	10030	55495	0.0009980039920158834
2022-07-06	10075	10640	9870	10640	59650	0.060817547357926216
2022-07-07	10495	10900	10325	10470	70371	-0.015977443609022535
2022-07-08	10080	10395	9985	10320	47062	-0.014326647564469885
2022-07-11	10395	11150	10300	11090	27222	0.0746124031007751
2022-07-12	11285	11605	11140	11335	97382	0.022091974752028953
2022-07-13	11415	11465	10940	11360	45520	0.002205558006175501
2022-07-14	11305	11525	10900	11290	43438	-0.0061619718309858795
