Date	Open	High	Low	Close	Volume	Change
2021-11-09	10020	10020	9980	9980	29	
2021-11-10	9935	9935	9935	9935	10	-0.0045090180360721765
2021-11-11	9890	9910	9885	9905	337	-0.003019627579265216
2021-11-12	10040	10040	9995	9995	12	0.009086320040383677
2021-11-15	10190	10195	10080	10080	173	0.008504252126062983
2021-11-16	10010	10010	10010	10010	0	-0.00694444444444442
2021-11-17	9920	9940	9900	9920	20230	-0.00899100899100902
2021-11-18	9710	9725	9675	9700	342	-0.022177419354838745
2021-11-19	9955	9955	9955	9955	10	0.02628865979381434
2021-11-22	9980	9980	9980	9980	172	0.0025113008538422132
2021-11-23	10050	10060	10045	10045	216	0.006513026052104243
2021-11-24	10110	10110	10110	10110	6	0.006470881035340881
2021-11-25	10190	10200	10190	10200	346	0.008902077151335286
2021-11-26	10150	10150	10050	10050	203	-0.014705882352941124
2021-11-29	9880	9920	9880	9895	244	-0.015422885572139333
2021-11-30	9895	9895	9890	9890	20	-0.000505305709954551
2021-12-01	9860	9885	9860	9880	26	-0.0010111223458038054
2021-12-02	9680	9745	9680	9725	32	-0.01568825910931171
2021-12-03	9770	9770	9750	9750	52	0.0025706940874035134
2021-12-06	9745	9745	9745	9745	0	-0.0005128205128205332
2021-12-07	9825	9825	9825	9825	1	0.008209338122113996
2021-12-08	9895	9895	9890	9890	3	0.00661577608142494
2021-12-09	9960	9960	9960	9960	0	0.00707785642062686
2021-12-10	9850	9850	9850	9850	10	-0.011044176706827336
2021-12-13	9860	9860	9860	9860	0	0.0010152284263960087
2021-12-14	9790	9790	9720	9720	22	-0.014198782961460488
2021-12-15	9705	9705	9705	9705	0	-0.0015432098765432167
2021-12-16	9700	9700	9650	9670	23	-0.003606388459556964
2021-12-17	9785	9815	9785	9790	105	0.012409513960703222
2021-12-20	9770	9770	9695	9695	16	-0.009703779366700749
2021-12-21	9815	9835	9810	9815	61	0.012377514182568383
2021-12-22	9895	9895	9890	9890	4	0.007641365257259336
2021-12-23	9990	9995	9985	9995	36	0.010616784630940401
2021-12-24	9995	9995	9995	9995	0	0.0
2021-12-27	9995	9995	9970	9970	83	-0.002501250625312701
2021-12-28	10115	10115	10105	10105	15	0.01354062186559668
2021-12-29	10080	10080	10035	10035	77	-0.006927263730826305
2021-12-30	10075	10085	10025	10025	115	-0.0009965122072745913
2022-01-03	10125	10125	10115	10115	42	0.008977556109725615
2022-01-04	10025	10025	10000	10000	260	-0.011369253583786487
2022-01-05	10160	10160	10100	10100	61	0.010000000000000009
2022-01-06	10000	10025	9980	9980	172	-0.011881188118811892
2022-01-07	9925	9995	9910	9970	170	-0.0010020040080159776
2022-01-10	10005	10015	10005	10015	105	0.004513540621865486
2022-01-11	9965	9995	9955	9995	70	-0.001997004493260124
2022-01-12	10105	10190	10105	10190	473	0.01950975487743878
2022-01-13	10375	10425	10330	10340	128	0.014720314033366044
2022-01-14	10270	10315	10255	10315	151	-0.0024177949709864865
2022-01-17	10130	10130	10055	10105	88	-0.020358700920988904
2022-01-18	10105	10105	10105	10105	5	0.0
2022-01-19	10070	10070	10015	10060	16	-0.004453240969816918
2022-01-20	10180	10240	10180	10240	103	0.017892644135188762
2022-01-21	10320	10320	10250	10265	45	0.00244140625
2022-01-24	10330	10330	10220	10220	30	-0.004383828543594759
2022-01-25	10130	10130	10125	10125	5	-0.009295499021526377
2022-01-26	10205	10205	10205	10205	0	0.00790123456790126
2022-01-27	10185	10185	10085	10085	101	-0.011758941695247382
2022-01-28	10070	10125	10070	10125	993	0.00396628656420428
2022-02-03	10230	10230	10210	10210	154	0.008395061728394992
2022-02-04	10210	10250	10210	10250	117	0.003917727717923647
2022-02-07	10250	10250	10250	10250	200	0.0
2022-02-08	10135	10135	10135	10135	0	-0.011219512195121961
2022-02-09	10130	10130	10130	10130	0	-0.0004933399111988201
2022-02-10	10480	10480	10475	10475	9	0.03405725567620932
2022-02-11	10525	10525	10430	10430	152	-0.0042959427207637235
2022-02-14	10195	10255	10195	10255	614	-0.016778523489932917
2022-02-15	10250	10260	10245	10260	232	0.0004875670404680399
2022-02-16	10325	10325	10325	10325	0	0.006335282651072083
2022-02-17	10325	10330	10325	10330	15	0.0004842615012106144
2022-02-18	10330	10330	10325	10325	288	-0.0004840271055178702
2022-02-21	10305	10325	10300	10325	287	0.0
2022-02-22	10240	10240	10240	10240	0	-0.008232445520581111
2022-02-23	10300	10300	10300	10300	1	0.005859375
2022-02-24	10240	10240	10240	10240	0	-0.005825242718446644
2022-02-25	10250	10255	10250	10255	16	0.00146484375
2022-02-28	10240	10240	10240	10240	150	-0.0014627011214042307
2022-03-02	10390	10390	10390	10390	0	0.0146484375
2022-03-03	10670	10775	10670	10775	3	0.03705486044273343
2022-03-04	10905	11055	10905	11035	140	0.024129930394431565
2022-03-07	11360	11425	11335	11400	2174	0.03307657453556856
2022-03-08	10860	11170	10765	11170	3023	-0.02017543859649118
2022-03-10	10445	10525	10415	10505	778	-0.059534467323187124
2022-03-11	10560	10560	10505	10510	791	0.0004759638267490818
2022-03-14	10425	10425	10400	10400	144	-0.010466222645099887
2022-03-15	10250	10315	10230	10265	774	-0.012980769230769185
2022-03-16	10265	10410	10265	10410	800	0.014125669751583025
2022-03-17	10525	10560	10510	10545	236	0.012968299711815456
2022-03-18	10730	10785	10730	10740	2477	0.01849217638691325
2022-03-21	10725	10730	10610	10610	674	-0.012104283054003684
2022-03-22	10695	10700	10665	10700	635	0.008482563619227168
2022-03-23	10695	10695	10695	10695	1	-0.00046728971962617383
2022-03-24	10885	10890	10870	10870	17	0.016362786348761205
2022-03-25	10755	10755	10755	10755	1	-0.010579576816927339
2022-03-28	10580	10580	10580	10580	0	-0.016271501627150187
2022-03-29	10765	10765	10740	10740	18	0.01512287334593565
2022-03-30	10940	10940	10940	10940	0	0.01862197392923659
2022-03-31	10750	10750	10750	10750	0	-0.017367458866544783
2022-04-01	10770	10770	10660	10660	2	-0.008372093023255811
2022-04-04	10700	10700	10700	10700	12	0.0037523452157599557
2022-04-05	10940	10945	10940	10945	301	0.022897196261682184
2022-04-06	10805	10805	10805	10805	398	-0.012791228871630866
2022-04-07	10720	10720	10695	10695	3	-0.01018047200370198
2022-04-08	10780	10780	10780	10780	0	0.0079476390836839
2022-04-11	10720	10720	10695	10695	92	-0.00788497217068651
2022-04-12	10630	10630	10630	10630	100	-0.006077606358111276
2022-04-13	10805	10810	10805	10810	93	0.016933207902163794
2022-04-14	10785	10785	10785	10785	3	-0.0023126734505087843
2022-04-15	10785	10785	10785	10785	0	0.0
2022-04-18	10870	10870	10825	10825	6	0.0037088548910524377
2022-04-19	10920	10945	10890	10890	433	0.006004618937644368
2022-04-20	10730	10730	10695	10720	336	-0.015610651974288348
2022-04-21	10640	10645	10640	10645	32	-0.006996268656716431
2022-04-22	10690	10690	10690	10690	3	0.004227336777830049
2022-04-25	10440	10455	10315	10315	340	-0.03507951356407857
2022-04-26	10225	10255	10215	10225	1038	-0.008725157537566641
2022-04-27	10185	10185	10185	10185	0	-0.003911980440097773
2022-04-28	10145	10145	10040	10080	862	-0.010309278350515427
2022-04-29	10055	10055	10055	10055	707	-0.0024801587301587213
2022-05-02	9915	9915	9790	9790	1087	-0.026355047240179008
2022-05-03	9820	9835	9785	9820	3781	0.003064351378958108
2022-05-04	9750	9750	9750	9750	10	-0.007128309572301372
2022-05-06	9720	9750	9720	9745	113	-0.0005128205128205332
2022-05-09	9555	9555	9555	9555	0	-0.01949717804002049
2022-05-10	9510	9510	9510	9510	11	-0.004709576138147598
2022-05-11	9435	9565	9435	9565	2	0.005783385909568839
2022-05-12	9560	9565	9410	9410	771	-0.016204913748039673
2022-05-13	9340	9340	9310	9320	621	-0.009564293304994642
2022-05-16	9475	9475	9400	9425	702	0.011266094420600892
2022-05-17	9570	9615	9570	9595	510	0.018037135278514693
2022-05-18	9620	9620	9620	9620	56	0.002605523710265789
2022-05-19	9525	9525	9525	9525	1	-0.009875259875259834
2022-05-20	9700	9700	9700	9700	20	0.018372703412073532
2022-05-23	9790	9790	9790	9790	0	0.009278350515463885
2022-05-24	9790	9790	9790	9790	30	0.0
2022-05-25	9770	9770	9770	9770	1	-0.002042900919305368
2022-05-26	9655	9655	9580	9580	8	-0.019447287615148467
2022-05-27	9685	9685	9685	9685	30	0.01096033402922747
2022-05-30	9855	9855	9855	9855	0	0.01755291688177585
2022-05-31	9890	9890	9890	9890	0	0.003551496702181689
2022-06-02	9820	9820	9820	9820	2	-0.00707785642062686
2022-06-03	10340	10375	10320	10325	63	0.051425661914460186
2022-06-07	10065	10065	10000	10000	41	-0.03147699757869249
2022-06-08	10050	10050	10050	10050	1	0.004999999999999893
2022-06-09	10040	10040	10040	10040	0	-0.0009950248756218638
2022-06-10	9950	9950	9950	9950	0	-0.008964143426294813
2022-06-13	9655	9655	9645	9645	16	-0.030653266331658324
2022-06-14	9575	9585	9575	9575	211	-0.007257646448937227
2022-06-15	9530	9530	9505	9505	12	-0.0073107049608355235
2022-06-16	9505	9505	9505	9505	0	0.0
2022-06-17	9340	9340	9340	9340	0	-0.017359284587059487
2022-06-20	9120	9120	9120	9120	100	-0.023554603854389677
2022-06-21	9100	9100	9100	9100	0	-0.002192982456140302
2022-06-22	9100	9100	9100	9100	280	0.0
2022-06-23	8770	8785	8750	8750	51	-0.038461538461538436
2022-06-24	8520	8580	8515	8515	1408	-0.0268571428571428
2022-06-27	8520	8610	8520	8595	971	0.009395184967704084
2022-06-28	8500	8520	8490	8520	591	-0.008726003490401424
2022-06-29	8550	8550	8510	8510	4	-0.0011737089201877549
2022-06-30	8555	8555	8510	8510	4	0.0
2022-07-01	8365	8365	8175	8195	27	-0.037015276145710874
2022-07-04	8125	8155	8100	8145	444	-0.006101281269066505
2022-07-05	8130	8150	8060	8075	163	-0.008594229588704705
2022-07-06	7785	7785	7450	7450	591	-0.07739938080495357
2022-07-07	7735	7890	7725	7890	351	0.059060402684563806
2022-07-08	8030	8030	7890	7890	29560	0.0
2022-07-11	7850	7850	7785	7785	14770	-0.013307984790874472
2022-07-12	7755	7805	7720	7805	169	0.0025690430314708745
2022-07-13	7495	7505	7415	7415	398	-0.049967969250480415
2022-07-14	7505	7505	7415	7415	15043	0.0
