Date	Open	High	Low	Close	Volume	Change
2021-07-28	8840	8840	8840	8840	0	
2021-07-29	9375	9490	9375	9400	12138	0.06334841628959276
2021-07-30	9370	9370	9050	9060	40122	-0.036170212765957444
2021-08-02	9210	9275	9145	9240	288	0.019867549668874274
2021-08-03	9095	9120	8965	9065	20141	-0.018939393939393923
2021-08-04	9065	9375	9065	9350	21139	0.031439602868174266
2021-08-05	9340	9340	9315	9315	448	-0.0037433155080214275
2021-08-06	9170	9190	9080	9190	47051	-0.013419216317766991
2021-08-09	9140	9140	9140	9140	6	-0.005440696409140355
2021-08-10	9185	9255	9160	9250	48040	0.012035010940919078
2021-08-11	9235	9320	9235	9315	61170	0.007027027027026955
2021-08-12	9305	9305	9265	9265	30001	-0.005367686527106841
2021-08-13	9155	9155	8930	8930	69	-0.03615758229897459
2021-08-17	8665	8665	8465	8465	10041	-0.05207166853303469
2021-08-18	8480	8550	8480	8550	20000	0.010041346721795685
2021-08-19	8530	8530	8330	8330	43648	-0.025730994152046827
2021-08-20	8085	8205	7895	8075	35014	-0.030612244897959218
2021-08-23	8140	8375	8140	8375	1119	0.037151702786377694
2021-08-24	8405	8640	8405	8640	16224	0.03164179104477616
2021-08-25	8930	8950	8800	8800	14949	0.0185185185185186
2021-08-26	8585	8585	8585	8585	0	-0.024431818181818166
2021-08-27	8685	8800	8685	8770	30301	0.021549213744903817
2021-08-30	8670	8670	8670	8670	9	-0.011402508551881407
2021-08-31	8670	8670	8615	8615	50011	-0.006343713956170727
2021-09-01	8990	9210	8990	9150	40169	0.06210098665118968
2021-09-02	9220	9325	9220	9265	30003	0.012568306010928953
2021-09-03	9195	9195	9190	9190	9	-0.008094981111710697
2021-09-06	9180	9180	9180	9180	7674	-0.0010881392818280489
2021-09-07	9220	9420	9220	9415	7790	0.025599128540304994
2021-09-08	9465	9465	9465	9465	1	0.005310674455655917
2021-09-09	9260	9260	9020	9020	23	-0.0470153195985209
2021-09-10	9160	9160	9160	9160	1	0.015521064301552201
2021-09-13	9015	9015	8915	8915	34	-0.026746724890829743
2021-09-14	8885	8885	8885	8885	0	-0.0033651149747616627
2021-09-15	8650	8650	8600	8600	20	-0.032076533483399006
2021-09-16	8450	8450	8450	8450	1	-0.01744186046511631
2021-09-17	8625	8780	8625	8780	27	0.03905325443786989
2021-09-23	8445	8645	8445	8645	2450	-0.01537585421412302
2021-09-24	8610	8610	8505	8535	381	-0.012724117987275907
2021-09-27	8350	8350	8350	8350	0	-0.021675454012888062
2021-09-28	8380	8490	8370	8490	13752	0.016766467065868262
2021-09-29	8315	8315	8310	8310	3000	-0.021201413427561877
2021-09-30	8345	8345	8345	8345	0	0.004211793020457266
2021-10-01	8280	8280	8255	8255	2000	-0.010784901138406244
2021-10-05	8090	8090	8090	8090	0	-0.019987886129618437
2021-10-06	8160	8160	8050	8050	71	-0.0049443757725586845
2021-10-07	8190	8345	8190	8345	1001	0.0366459627329192
2021-10-08	8365	8365	8365	8365	229	0.002396644697423511
2021-10-12	8450	8450	8450	8450	0	0.010161386730424438
2021-10-13	8450	8450	8450	8450	0	0.0
2021-10-14	8485	8520	8485	8520	2341	0.008284023668639007
2021-10-15	8540	8565	8500	8535	4011	0.0017605633802817433
2021-10-18	8495	8495	8495	8495	0	-0.004686584651435233
2021-10-19	8840	8840	8840	8840	0	0.04061212477928189
2021-10-20	9085	9175	9085	9175	179	0.03789592760181004
2021-10-21	9180	9180	8970	8970	11	-0.022343324250681196
2021-10-22	9200	9235	9180	9180	52	0.02341137123745818
2021-10-25	9040	9040	9040	9040	3	-0.015250544662309351
2021-10-26	9255	9255	9030	9030	95	-0.0011061946902655162
2021-10-27	8945	8945	8740	8755	74	-0.030454042081949018
2021-10-28	8780	8780	8780	8780	0	0.002855511136493405
2021-10-29	8705	8705	8705	8705	0	-0.008542141230068356
2021-11-01	8570	8595	8555	8555	160	-0.017231476163124593
2021-11-02	8755	8850	8755	8850	321	0.034482758620689724
2021-11-03	8600	8630	8440	8555	230	-0.033333333333333326
2021-11-04	8635	8635	8635	8635	45	0.009351256575102385
2021-11-05	8610	8610	8580	8580	270	-0.006369426751592355
2021-11-08	8495	8495	8430	8430	252	-0.0174825174825175
2021-11-09	8420	8420	8420	8420	250	-0.0011862396204033177
2021-11-10	8470	8470	8465	8465	150	0.005344418052256605
2021-11-11	8590	8665	8585	8635	252	0.02008269344359115
2021-11-12	8955	8980	8875	8875	152	0.02779386218876656
2021-11-15	8985	8985	8985	8985	0	0.012394366197183038
2021-11-16	8950	9035	8950	9035	385	0.005564830272676735
2021-11-17	9070	9070	9070	9070	0	0.003873824017708971
2021-11-18	8900	8900	8810	8810	154	-0.02866593164277842
2021-11-19	8725	8725	8695	8695	6	-0.013053348467650383
2021-11-22	8780	8780	8690	8690	210	-0.0005750431282346424
2021-11-23	8595	8615	8595	8605	71	-0.009781357882623687
2021-11-24	8605	8640	8555	8630	311	0.0029052876234747504
2021-11-25	8645	8650	8645	8650	50	0.002317497103128563
2021-11-26	8500	8500	8415	8430	454	-0.02543352601156068
2021-11-29	8425	8430	8340	8340	350	-0.010676156583629859
2021-11-30	8200	8200	8135	8135	486	-0.024580335731414826
2021-12-01	8225	8300	8225	8300	24	0.020282728948985973
2021-12-02	8165	8165	8130	8165	1041	-0.016265060240963858
2021-12-03	8045	8085	7990	8080	21188	-0.01041028781383957
2021-12-06	7795	7940	7795	7840	34584	-0.02970297029702973
2021-12-07	7955	8010	7955	8010	20	0.02168367346938771
2021-12-08	8150	8165	8115	8135	248	0.015605493133582948
2021-12-09	8295	8295	8295	8295	0	0.019668100799016486
2021-12-10	8220	8220	8220	8220	10	-0.009041591320072317
2021-12-13	8380	8380	8255	8255	9	0.0042579075425790425
2021-12-14	8040	8040	8000	8000	19	-0.030890369473046686
2021-12-15	7910	7910	7910	7910	2	-0.011249999999999982
2021-12-16	7785	7900	7780	7780	10047	-0.01643489254108721
2021-12-17	7765	7765	7710	7710	18	-0.00899742930591263
2021-12-20	7710	7710	7490	7490	24	-0.02853437094682232
2021-12-21	7390	7550	7390	7540	35927	0.006675567423231055
2021-12-22	7855	7855	7735	7735	21012	0.02586206896551735
2021-12-23	7700	7700	7690	7690	2	-0.005817711700064621
2021-12-24	7670	7670	7655	7655	10002	-0.004551365409622865
2021-12-27	7655	7655	7655	7655	0	0.0
2021-12-28	7575	7575	7575	7575	103	-0.0104506858262573
2021-12-29	7460	7460	7445	7445	3	-0.017161716171617214
2021-12-30	7415	7415	7415	7415	0	-0.004029550033579632
2022-01-03	7830	7830	7630	7630	34	0.028995279838165855
2022-01-04	7570	7630	7570	7630	3	0.0
2022-01-05	7475	7510	7290	7290	22659	-0.044560943643512485
2022-01-06	7335	7335	7170	7200	4158	-0.012345679012345734
2022-01-07	7405	7445	7405	7445	1003	0.03402777777777777
2022-01-10	7580	7650	7580	7610	13	0.022162525184687754
2022-01-11	7660	7660	7660	7660	1	0.006570302233902758
2022-01-12	7920	7965	7865	7965	64	0.03981723237597912
2022-01-13	8090	8090	8090	8090	1	0.015693659761456313
2022-01-14	7750	7750	7665	7665	6	-0.052533992583436384
2022-01-17	7825	7825	7755	7755	1611	0.011741682974559797
2022-01-18	7930	7930	7790	7790	2016	0.004513217279174642
2022-01-19	7655	7655	7655	7655	0	-0.01732991014120666
2022-01-20	7805	7970	7730	7970	4019	0.041149575440888375
2022-01-21	7990	8000	7990	8000	2001	0.0037641154328733606
2022-01-24	7835	7835	7780	7790	11003	-0.026249999999999996
2022-01-25	7560	7630	7560	7585	11303	-0.02631578947368418
2022-01-26	7585	7585	7585	7585	0	0.0
2022-01-27	7325	7425	7265	7265	64004	-0.04218852999340805
2022-01-28	7160	7245	7160	7245	153	-0.002752924982794225
2022-02-03	7450	7450	7450	7450	151	0.028295376121463045
2022-02-04	7415	7550	7415	7525	4006	0.010067114093959662
2022-02-07	7525	7590	7525	7535	6395	0.0013289036544850141
2022-02-08	7360	7410	7345	7410	360	-0.016589250165892522
2022-02-09	7610	7655	7590	7655	739	0.03306342780026994
2022-02-10	7720	7720	7720	7720	10	0.00849118223383405
2022-02-11	7635	7635	7545	7545	63	-0.02266839378238339
2022-02-14	7480	7480	7480	7480	0	-0.008614976805831676
2022-02-15	7455	7455	7455	7455	0	-0.0033422459893047707
2022-02-16	7575	7575	7575	7575	0	0.016096579476861272
2022-02-17	7690	7690	7580	7580	686	0.0006600660066007347
2022-02-18	7630	7630	7630	7630	0	0.006596306068601621
2022-02-21	7270	7270	7270	7270	0	-0.047182175622542566
2022-02-22	7155	7155	7020	7040	34052	-0.031636863823933936
2022-02-23	7040	7205	7040	7205	13206	0.0234375
2022-02-24	7040	7040	6885	6885	60007	-0.044413601665510116
2022-02-25	6945	7065	6945	6970	2603	0.012345679012345734
2022-02-28	6895	6895	6895	6895	0	-0.010760401721664259
2022-03-02	6885	6985	6885	6905	12001	0.0014503263234226793
2022-03-03	6840	6840	6720	6720	19389	-0.026792179580014452
2022-03-04	6465	6510	6445	6450	2595	-0.0401785714285714
2022-03-07	6175	6205	6060	6185	10178	-0.041085271317829464
2022-03-08	6090	6090	5980	5980	79	-0.03314470493128541
2022-03-10	6115	6155	5980	5980	5671	0.0
2022-03-11	5825	5825	5495	5750	10582	-0.038461538461538436
2022-03-14	5490	5565	5285	5345	145747	-0.07043478260869562
2022-03-15	4895	5200	4765	4865	83277	-0.08980355472404111
2022-03-16	4985	5645	4920	5600	46635	0.15107913669064743
2022-03-17	6030	6350	6015	6135	287193	0.09553571428571428
2022-03-18	5985	6110	5840	6100	36236	-0.005704971475142595
2022-03-21	6350	6395	6055	6055	5412	-0.007377049180327888
2022-03-22	5985	6075	5985	6050	17135	-0.0008257638315442017
2022-03-23	6355	6625	6355	6500	21535	0.07438016528925617
2022-03-24	6475	6475	6385	6390	8451	-0.01692307692307693
2022-03-25	6200	6250	5925	5990	46332	-0.06259780907668233
2022-03-28	5975	6090	5855	6090	51895	0.016694490818029983
2022-03-29	6205	6240	6160	6160	383	0.011494252873563315
2022-03-30	6350	6380	6275	6275	378	0.018668831168831224
2022-03-31	6185	6185	6185	6185	1	-0.014342629482071767
2022-04-01	5955	6070	5955	6040	4268	-0.023443815683104274
2022-04-04	6220	6360	6220	6360	513	0.052980132450331174
2022-04-05	6465	6540	6465	6485	2199	0.019654088050314433
2022-04-06	6465	6465	6270	6295	3454	-0.029298380878951424
2022-04-07	6160	6160	6100	6105	183	-0.030182684670373328
2022-04-08	5995	6000	5920	5960	1281	-0.02375102375102378
2022-04-11	5985	5985	5715	5720	968	-0.04026845637583898
2022-04-12	5810	5810	5610	5810	1026	0.01573426573426584
2022-04-13	5720	5870	5720	5810	10560	0.0
2022-04-14	5885	5885	5805	5810	10757	0.0
2022-04-15	5715	5750	5700	5750	9177	-0.0103270223752151
2022-04-18	5670	5750	5670	5750	501	0.0
2022-04-19	5750	5750	5635	5710	1205	-0.006956521739130417
2022-04-20	5610	5655	5610	5640	4969	-0.012259194395796813
2022-04-21	5475	5545	5370	5380	10560	-0.046099290780141855
2022-04-22	5220	5460	5220	5425	9584	0.008364312267657992
2022-04-25	5230	5285	5230	5255	107	-0.03133640552995387
2022-04-26	5380	5440	5380	5440	9439	0.03520456707897246
2022-04-27	5185	5405	5185	5395	15790	-0.008272058823529438
2022-04-28	5420	5460	5420	5420	505	0.004633920296570837
2022-04-29	5460	6075	5460	5965	14514	0.10055350553505527
2022-05-02	5890	5890	5890	5890	0	-0.012573344509639539
2022-05-03	5890	6015	5890	6015	1316	0.021222410865874286
2022-05-04	5960	5960	5790	5790	1700	-0.03740648379052369
2022-05-06	5545	5585	5475	5495	6227	-0.050949913644214195
2022-05-09	5395	5395	5345	5345	4	-0.02729754322111011
2022-05-10	5345	5345	5130	5255	2543	-0.016838166510757757
2022-05-11	5255	5550	5255	5540	1640	0.05423406279733589
2022-05-12	5405	5405	5310	5310	123	-0.041516245487364656
2022-05-13	5210	5410	5210	5410	4114	0.01883239171374762
2022-05-16	5585	5610	5480	5510	27	0.01848428835489835
2022-05-17	5645	5750	5640	5750	259	0.04355716878402904
2022-05-18	5730	5770	5710	5710	2015	-0.006956521739130417
2022-05-19	5590	5590	5590	5590	0	-0.021015761821365997
2022-05-20	5755	5755	5755	5755	1	0.02951699463327362
2022-05-23	5670	5770	5670	5685	10100	-0.012163336229365718
2022-05-24	5610	5610	5610	5610	100	-0.01319261213720313
2022-05-25	5430	5500	5400	5500	7972	-0.019607843137254943
2022-05-26	5500	5500	5500	5500	2000	0.0
2022-05-27	5825	5825	5675	5745	6000	0.044545454545454444
2022-05-30	5790	5885	5790	5885	2079	0.024369016536118338
2022-05-31	5910	6110	5910	6110	1378	0.03823279524214107
2022-06-02	6000	6000	5900	5935	400	-0.02864157119476274
2022-06-03	6175	6175	6175	6175	1	0.04043807919123843
2022-06-07	6270	6365	6250	6265	1107	0.014574898785425061
2022-06-08	6450	6505	6400	6500	3175	0.03750997605746198
2022-06-09	6690	6690	6430	6430	4026	-0.010769230769230753
2022-06-10	6275	6520	6245	6500	1513	0.010886469673405896
2022-06-13	6355	6355	6305	6340	4812	-0.024615384615384595
2022-06-14	6110	6290	6090	6290	1357	-0.007886435331230235
2022-06-15	6290	6425	6290	6425	1349	0.021462639109697923
2022-06-16	6435	6460	6290	6290	3584	-0.02101167315175101
2022-06-17	6085	6335	6085	6335	2772	0.007154213036566048
2022-06-20	6280	6280	6280	6280	1	-0.008681925808997626
2022-06-21	6395	6465	6370	6465	14	0.02945859872611467
2022-06-22	6370	6370	6330	6330	161	-0.02088167053364265
2022-06-23	6330	6330	6330	6330	0	0.0
2022-06-24	6350	6585	6350	6585	3874	0.04028436018957349
2022-06-27	6685	6975	6605	6880	7746	0.04479878511769164
2022-06-28	6745	6935	6725	6935	1358	0.007994186046511587
2022-06-29	6825	6825	6700	6705	947	-0.03316510454217736
2022-06-30	6695	6745	6670	6710	2090	0.0007457121551082135
2022-07-01	6655	6655	6590	6590	3001	-0.01788375558867361
2022-07-04	6535	6605	6500	6605	6	0.0022761760242793194
2022-07-05	6725	6740	6605	6605	2176	0.0
2022-07-06	6425	6425	6425	6425	0	-0.027252081756245272
2022-07-07	6480	6480	6480	6480	25	0.008560311284046662
2022-07-08	6505	6505	6505	6505	0	0.0038580246913579863
2022-07-11	6390	6390	6390	6390	1	-0.017678708685626487
2022-07-12	6220	6220	6150	6150	1129	-0.03755868544600938
2022-07-13	6295	6295	6225	6225	619	0.012195121951219523
2022-07-14	6180	6180	6180	6180	10	-0.0072289156626506035
