Date	Open	High	Low	Close	Volume	Change
2022-04-27	20320	20320	20320	20320	1	
2022-04-28	20745	20745	20745	20745	0	0.02091535433070857
2022-04-29	19175	19265	18690	18690	278	-0.09906001446131596
2022-05-02	19170	19170	19170	19170	201	0.025682182985553803
2022-05-03	19255	19255	19255	19255	0	0.004434011476265098
2022-05-04	19455	19455	19455	19455	0	0.010386912490262246
2022-05-06	17960	17960	17725	17725	3	-0.08892315600102796
2022-05-09	17600	17600	17255	17265	15	-0.02595204513399152
2022-05-10	19750	20385	19670	19870	11296	0.15088328989284672
2022-05-11	21155	21280	19670	19695	2790	-0.008807247106190186
2022-05-12	18570	19340	18445	19285	3283	-0.020817466362020864
2022-05-13	18335	18335	17710	18080	1935	-0.062483795696136935
2022-05-16	16685	17555	16630	17410	4309	-0.037057522123893794
2022-05-17	15935	15950	15760	15885	624	-0.08759333716255024
2022-05-18	15995	15995	15745	15790	2076	-0.005980484734025793
2022-05-19	17500	17555	16765	16860	1023	0.06776440785307147
2022-05-20	16400	16700	16325	16460	2627	-0.023724792408066464
2022-05-23	16150	16165	15740	15750	13372	-0.04313487241798297
2022-05-24	16155	16355	16120	16355	1417	0.038412698412698454
2022-05-25	15955	15985	15800	15800	1261	-0.033934576582084985
2022-05-26	15920	15920	15860	15860	2	0.0037974683544304
2022-05-27	14915	14960	14760	14865	449	-0.06273644388398492
2022-05-30	14405	14430	14170	14215	1284	-0.043726875210225336
2022-05-31	14215	14215	13340	13380	6994	-0.058740766795638444
2022-06-02	15085	15190	15015	15015	3931	0.12219730941704032
2022-06-03	13880	14125	13875	14125	356	-0.059274059274059265
2022-06-07	13640	13640	13505	13605	215	-0.03681415929203535
2022-06-08	13530	13530	13300	13370	461	-0.01727306137449469
2022-06-09	12905	12905	12780	12880	3033	-0.03664921465968585
2022-06-10	13190	13320	13130	13170	1663	0.022515527950310643
2022-06-13	13960	14030	13905	14000	4091	0.06302201974183741
2022-06-14	13670	13670	13315	13315	2163	-0.04892857142857143
2022-06-15	14065	14080	13950	13950	241	0.04769057453999248
2022-06-16	14380	14585	14290	14525	6258	0.04121863799283143
2022-06-17	14400	14490	14280	14280	1077	-0.016867469879518038
2022-06-20	15770	16085	15770	15770	23140	0.10434173669467794
2022-06-21	15675	15675	15220	15445	26	-0.020608750792644237
2022-06-22	15670	16880	15625	16880	5636	0.0929103269666558
2022-06-23	17315	17575	17050	17050	3488	0.01007109004739326
2022-06-24	17180	17200	16970	16985	987	-0.0038123167155424964
2022-06-27	16315	16550	15745	16005	2181	-0.057697968795996424
2022-06-28	15170	15170	14930	14930	1405	-0.0671665104654795
2022-06-29	14795	15025	14605	14930	417	0.0
2022-06-30	15495	15605	15305	15395	3018	0.031145344943067643
2022-07-01	16335	16875	16190	16690	10046	0.08411822020136417
2022-07-04	15815	15950	15535	15565	4218	-0.06740563211503892
2022-07-05	15170	15360	14915	15360	25500	-0.013170575008030871
2022-07-06	17710	18575	17480	18330	19638	0.193359375
2022-07-07	18905	19515	18315	18625	29997	0.016093835242771304
2022-07-08	17090	17300	16800	17095	22220	-0.0821476510067114
2022-07-11	16530	16985	16320	16985	11434	-0.006434630008774533
2022-07-12	17075	17370	17015	17110	11554	0.007359434795407793
2022-07-13	19715	19865	19215	19390	24705	0.13325540619520737
2022-07-14	19300	19415	18920	19335	1785	-0.0028365136668385693
