Date	Open	High	Low	Close	Volume	Change
2022-04-27	18835	18835	18835	18835	0	
2022-04-28	18835	18835	18835	18835	0	0.0
2022-04-29	18835	18835	18835	18835	0	0.0
2022-05-02	18835	18835	18835	18835	0	0.0
2022-05-03	18835	18835	18835	18835	0	0.0
2022-05-04	18835	18835	18835	18835	0	0.0
2022-05-06	18835	18835	18835	18835	0	0.0
2022-05-09	18835	18835	18835	18835	0	0.0
2022-05-10	20225	20225	20165	20165	2	0.07061322006902038
2022-05-11	19180	20535	19140	20460	8826	0.014629308207289915
2022-05-12	21780	21780	21345	21345	817	0.043255131964809346
2022-05-13	22660	22715	22530	22530	880	0.055516514406184214
2022-05-16	23050	23135	23050	23135	794	0.026853084775854352
2022-05-17	25230	25230	24905	24905	992	0.07650745623514155
2022-05-18	24485	24485	24390	24390	2	-0.020678578598674946
2022-05-19	22510	23480	22460	23340	7724	-0.043050430504305015
2022-05-20	23730	23770	23660	23695	1015	0.015209940017137935
2022-05-23	24220	24570	24160	24520	6396	0.034817472040514774
2022-05-24	23835	23945	23500	23500	769	-0.0415986949429038
2022-05-25	24160	24160	24070	24070	7	0.024255319148936083
2022-05-26	24375	24375	24330	24330	2	0.01080182800166174
2022-05-27	25740	25740	25700	25700	2	0.05630908343608709
2022-05-30	26145	26470	26010	26010	447	0.012062256809338479
2022-05-31	26880	27530	26795	27530	622	0.05843906189926962
2022-06-02	25135	25265	24360	24980	2428	-0.09262622593534331
2022-06-03	26815	26815	26270	26275	1006	0.05184147317854282
2022-06-07	27795	27895	27620	27895	5	0.06165556612749756
2022-06-08	28045	28045	27970	28045	3	0.005377307761247563
2022-06-09	29290	29290	29235	29235	102	0.042431806026029584
2022-06-10	29120	29120	28885	28970	202	-0.009064477509834079
2022-06-13	28305	28430	28000	28230	1968	-0.025543665861235798
2022-06-14	29350	29695	29175	29695	1569	0.05189514700673037
2022-06-15	28310	28660	28245	28390	1016	-0.04394679238929111
2022-06-16	27180	27245	26990	27100	6809	-0.045438534695315225
2022-06-17	27535	27640	27285	27565	3089	0.0171586715867158
2022-06-20	24850	24850	24165	24685	17673	-0.1044803192454199
2022-06-21	24900	25275	24880	25180	2654	0.02005266356086688
2022-06-22	25005	25005	23220	23220	4447	-0.07783955520254171
2022-06-23	22795	23095	22210	23090	5842	-0.005598621877691667
2022-06-24	22965	23335	22740	23030	5643	-0.0025985275010826925
2022-06-27	23715	24220	23325	24025	7796	0.04320451584889273
2022-06-28	25370	25640	25265	25560	8395	0.06389177939646196
2022-06-29	26185	26325	25740	25915	28	0.01388888888888884
2022-06-30	25330	25455	25095	25325	644	-0.022766737410765958
2022-07-01	23630	23675	22955	22955	10159	-0.09358341559723593
2022-07-04	24485	24780	24175	24770	12610	0.07906774123284688
2022-07-05	25445	25825	25255	25360	7185	0.023819136051675516
2022-07-06	21645	21830	20680	20945	18547	-0.1740930599369085
2022-07-07	20160	20445	19580	20185	7012	-0.03628550966817856
2022-07-08	21915	22330	21585	21805	5787	0.08025761704235812
2022-07-11	22590	22810	22055	22055	323	0.011465260261408039
2022-07-12	22340	22370	21870	21870	7326	-0.008388120607571992
2022-07-13	18785	19265	18630	19265	15754	-0.11911294010059437
2022-07-14	19175	19465	19105	19250	5241	-0.0007786140669607811
