Date	Open	High	Low	Close	Volume	Change
2021-05-24	9680	9680	9660	9660	2	
2021-05-25	9650	9650	9650	9650	0	-0.0010351966873706209
2021-05-26	9550	9550	9450	9450	8	-0.020725388601036232
2021-05-27	9500	9500	9500	9500	0	0.005291005291005346
2021-05-28	9510	9510	9510	9510	1	0.001052631578947416
2021-05-31	9450	9450	9410	9410	2	-0.01051524710830709
2021-06-01	9380	9380	9350	9350	4	-0.006376195536663132
2021-06-02	9475	9475	9475	9475	0	0.013368983957219305
2021-06-03	9510	9510	9510	9510	1	0.003693931398416783
2021-06-04	9635	9635	9635	9635	0	0.013144058885383725
2021-06-07	9535	9535	9535	9535	0	-0.010378827192527251
2021-06-08	9480	9480	9480	9480	0	-0.0057682223387519604
2021-06-09	9510	9510	9510	9510	0	0.0031645569620253333
2021-06-10	9535	9535	9535	9535	0	0.002628811777076745
2021-06-11	9430	9430	9430	9430	0	-0.01101206082852646
2021-06-14	9680	9680	9680	9680	0	0.026511134676564074
2021-06-15	9660	9660	9660	9660	0	-0.0020661157024793875
2021-06-16	9685	9685	9685	9685	0	0.0025879917184266077
2021-06-17	9990	9990	9990	9990	9	0.031491997934951055
2021-06-18	10210	10210	10210	10210	0	0.02202202202202197
2021-06-21	10285	10285	10285	10285	0	0.007345739471106727
2021-06-22	10250	10250	10250	10250	0	-0.003403014098201318
2021-06-23	10295	10295	10295	10295	0	0.004390243902439028
2021-06-24	10290	10290	10290	10290	0	-0.00048567265662946557
2021-06-25	10235	10235	10235	10235	10	-0.005344995140913467
2021-06-28	10210	10210	10210	10210	5	-0.002442598925256445
2021-06-29	10235	10235	10235	10235	0	0.0024485798237021683
2021-06-30	10310	10310	10310	10310	0	0.007327796775769446
2021-07-01	10265	10265	10265	10265	0	-0.004364694471386987
2021-07-02	10285	10285	10285	10285	0	0.00194836824159772
2021-07-05	10210	10210	10210	10210	0	-0.007292173067574126
2021-07-06	10080	10080	10080	10080	0	-0.012732615083251742
2021-07-07	10165	10165	10165	10165	0	0.008432539682539764
2021-07-08	10255	10255	10255	10255	0	0.008853910477127469
2021-07-09	10290	10290	10290	10290	0	0.0034129692832765013
2021-07-12	10265	10265	10265	10265	0	-0.0024295432458697475
2021-07-13	10185	10185	10185	10185	0	-0.007793472966390658
2021-07-14	10190	10190	10190	10190	0	0.0004909180166912108
2021-07-15	10035	10035	10035	10035	0	-0.01521099116781155
2021-07-16	10045	10045	10045	10045	0	0.0009965122072745913
2021-07-19	10230	10230	10230	10230	0	0.018417122946739584
2021-07-20	10195	10195	10195	10195	0	-0.003421309872922773
2021-07-21	10245	10245	10245	10245	0	0.004904364884747325
2021-07-22	10280	10280	10280	10280	0	0.00341630063445586
2021-07-23	10255	10255	10255	10255	0	-0.0024319066147859836
2021-07-26	10295	10295	10295	10295	0	0.003900536323744541
2021-07-27	10320	10320	10320	10320	0	0.002428363283147217
2021-07-28	10300	10300	10300	10300	0	-0.0019379844961240345
2021-07-29	10160	10160	10160	10160	0	-0.013592233009708687
2021-07-30	10130	10130	10130	10130	0	-0.0029527559055118058
2021-08-02	10245	10245	10245	10245	0	0.011352418558736366
2021-08-03	10220	10220	10220	10220	0	-0.0024402147388969953
2021-08-04	10150	10150	10150	10150	0	-0.006849315068493178
2021-08-05	10175	10175	10175	10175	0	0.0024630541871921707
2021-08-06	10215	10215	10215	10215	0	0.0039312039312038305
2021-08-09	10555	10555	10555	10555	0	0.03328438570729331
2021-08-10	10655	10655	10655	10655	0	0.009474182851729074
2021-08-11	10760	10760	10760	10760	0	0.009854528390426998
2021-08-12	10655	10655	10655	10655	0	-0.00975836431226762
2021-08-13	10690	10690	10690	10690	0	0.003284842796809073
2021-08-17	10605	10605	10605	10605	1	-0.007951356407857824
2021-08-18	10490	10490	10490	10490	0	-0.010843941537010848
2021-08-19	10640	10640	10640	10640	0	0.014299332697807365
2021-08-20	10615	10615	10615	10615	0	-0.0023496240601503793
2021-08-23	10570	10570	10570	10570	0	-0.004239284032030111
2021-08-24	10390	10390	10390	10390	0	-0.017029328287606393
2021-08-25	10450	10450	10450	10450	0	0.005774783445620768
2021-08-26	10535	10535	10535	10535	0	0.008133971291865993
2021-08-27	10415	10415	10415	10415	0	-0.011390602752728962
2021-08-30	10335	10335	10335	10335	0	-0.0076812289966394776
2021-08-31	10315	10315	10315	10315	10	-0.0019351717464924922
2021-09-01	10240	10240	10240	10240	0	-0.007270964614638831
2021-09-02	10280	10280	10280	10280	0	0.00390625
2021-09-03	10260	10260	10260	10260	0	-0.0019455252918287869
2021-09-06	10180	10180	10170	10170	2	-0.00877192982456143
2021-09-07	10235	10235	10235	10235	0	0.006391347099311773
2021-09-08	10435	10435	10435	10435	0	0.019540791402051783
2021-09-09	10495	10495	10495	10495	2	0.005749880210828895
2021-09-10	10410	10410	10410	10410	1	-0.008099094807050955
2021-09-13	10550	10550	10550	10550	0	0.01344860710854956
2021-09-14	10550	10550	10550	10550	0	0.0
2021-09-15	10435	10435	10435	10435	0	-0.010900473933649235
2021-09-16	10540	10540	10540	10540	0	0.010062290368950677
2021-09-17	10755	10755	10755	10755	1	0.020398481973434635
2021-09-23	10705	10705	10705	10705	0	-0.004649000464900022
2021-09-24	10760	10760	10760	10760	0	0.005137786081270468
2021-09-27	10755	10755	10755	10755	0	-0.0004646840148698761
2021-09-28	10910	10910	10910	10910	0	0.01441190144119009
2021-09-29	10910	10910	10910	10910	0	0.0
2021-09-30	10985	10985	10985	10985	0	0.006874427131072336
2021-10-01	10865	10865	10865	10865	0	-0.010923987255348155
2021-10-05	10850	10850	10850	10850	0	-0.0013805798435342354
2021-10-06	10920	10920	10920	10920	0	0.006451612903225712
2021-10-07	10850	10850	10850	10850	0	-0.0064102564102563875
2021-10-08	10890	10890	10890	10890	0	0.0036866359447005337
2021-10-12	10910	10910	10910	10910	0	0.0018365472910928382
2021-10-13	10865	10865	10865	10865	0	-0.004124656278643446
2021-10-14	10610	10610	10610	10610	0	-0.02346985734008289
2021-10-15	10555	10555	10555	10555	1	-0.00518378887841664
2021-10-18	10790	10790	10790	10790	0	0.022264329701563224
2021-10-19	10625	10625	10625	10625	0	-0.015291936978683918
2021-10-20	10600	10600	10600	10600	0	-0.0023529411764705577
2021-10-21	10565	10565	10560	10560	40	-0.0037735849056603765
2021-10-22	10545	10545	10545	10545	0	-0.0014204545454545858
2021-10-25	10475	10475	10475	10475	95	-0.006638217164532945
2021-10-26	10355	10355	10355	10355	0	-0.011455847255369966
2021-10-27	10475	10475	10475	10475	0	0.011588604538870007
2021-10-28	10385	10385	10385	10385	0	-0.008591885441527447
2021-10-29	10410	10410	10410	10410	0	0.002407318247472423
2021-11-01	10570	10570	10570	10570	0	0.015369836695485084
2021-11-02	10480	10480	10480	10480	0	-0.008514664143803197
2021-11-03	10625	10625	10625	10625	0	0.013835877862595325
2021-11-04	10630	10630	10630	10630	50	0.00047058823529422256
2021-11-05	10560	10560	10560	10560	0	-0.006585136406397019
2021-11-08	10410	10410	10410	10410	0	-0.014204545454545414
2021-11-09	10315	10315	10315	10315	0	-0.009125840537944296
2021-11-10	10335	10335	10335	10335	0	0.0019389238972369327
2021-11-11	10255	10255	10255	10255	24	-0.007740686985969969
2021-11-12	10145	10145	10145	10145	0	-0.010726474890297433
2021-11-15	10105	10105	10105	10105	25	-0.003942828979793034
2021-11-16	10105	10105	10105	10105	0	0.0
2021-11-17	10200	10200	10200	10200	0	0.009401286491835803
2021-11-18	10120	10120	10120	10120	0	-0.007843137254901933
2021-11-19	10185	10185	10185	10185	0	0.006422924901185789
2021-11-22	10270	10270	10270	10270	0	0.008345606283750584
2021-11-23	10515	10540	10515	10540	3	0.02629016553067176
2021-11-24	10595	10610	10595	10610	4	0.006641366223908873
2021-11-25	10605	10605	10605	10605	0	-0.00047125353440147233
2021-11-26	10595	10595	10595	10595	0	-0.0009429514380009385
2021-11-29	10640	10640	10640	10640	1	0.004247286455875354
2021-11-30	10585	10585	10585	10585	0	-0.005169172932330879
2021-12-01	10545	10545	10545	10545	0	-0.0037789324515824507
2021-12-02	10565	10565	10565	10565	0	0.0018966334755807779
2021-12-03	10630	10630	10630	10630	0	0.006152389966871841
2021-12-06	10605	10605	10605	10605	5309	-0.00235183443085607
2021-12-07	10595	10620	10575	10575	5333	-0.0028288543140028155
2021-12-08	10485	10485	10485	10485	0	-0.008510638297872353
2021-12-09	10495	10495	10495	10495	0	0.0009537434430137992
2021-12-10	10650	10650	10650	10650	0	0.01476893758932829
2021-12-13	10550	10550	10535	10550	15	-0.009389671361502372
2021-12-14	10575	10575	10575	10575	0	0.0023696682464455776
2021-12-15	10720	10720	10720	10720	0	0.01371158392434979
2021-12-16	10605	10605	10605	10605	0	-0.010727611940298476
2021-12-17	10510	10510	10505	10505	2	-0.009429514380009385
2021-12-20	10550	10550	10550	10550	10	0.004283674440742402
2021-12-21	10640	10640	10640	10640	0	0.008530805687203769
2021-12-22	10645	10645	10645	10645	0	0.00046992481203012026
2021-12-23	10505	10505	10505	10505	0	-0.013151714419915472
2021-12-24	10480	10480	10480	10480	0	-0.002379819133745853
2021-12-27	10470	10470	10470	10470	8	-0.000954198473282486
2021-12-28	10465	10465	10465	10465	0	-0.00047755491881562584
2021-12-29	10490	10490	10490	10490	0	0.0023889154323937234
2021-12-30	10565	10565	10565	10565	0	0.007149666348903683
2022-01-03	10380	10380	10380	10380	10	-0.01751064836725036
2022-01-04	10570	10570	10570	10570	0	0.018304431599229343
2022-01-05	10520	10520	10520	10520	0	-0.004730368968779541
2022-01-06	10595	10595	10595	10595	50	0.0071292775665399155
2022-01-07	10735	10735	10715	10715	20	0.011326097215667685
2022-01-10	10685	10685	10685	10685	0	-0.002799813345776947
2022-01-11	10545	10545	10545	10545	0	-0.013102480112306969
2022-01-12	10440	10440	10440	10440	0	-0.009957325746799417
2022-01-13	10400	10400	10400	10400	1	-0.003831417624521105
2022-01-14	10370	10370	10370	10370	0	-0.0028846153846153744
2022-01-17	10475	10475	10460	10460	119	0.00867888138862094
2022-01-18	10460	10460	10460	10460	0	0.0
2022-01-19	10480	10480	10480	10480	0	0.0019120458891013214
2022-01-20	10340	10340	10340	10340	0	-0.013358778625954248
2022-01-21	10355	10355	10355	10355	3	0.0014506769825919363
2022-01-24	10360	10360	10360	10360	3	0.0004828585224530002
2022-01-25	10355	10370	10355	10370	2	0.0009652509652509078
2022-01-26	10340	10340	10340	10340	0	-0.002892960462873684
2022-01-27	10585	10585	10585	10585	0	0.023694390715667257
2022-01-28	10705	10705	10705	10705	0	0.011336797354747352
2022-02-03	10660	10660	10660	10660	0	-0.00420364315740307
2022-02-04	10575	10575	10575	10575	0	-0.007973733583489628
2022-02-07	10580	10580	10580	10580	0	0.00047281323877057524
2022-02-08	10500	10500	10500	10500	0	-0.007561436672967825
2022-02-09	10430	10430	10430	10430	364	-0.00666666666666671
2022-02-10	10405	10405	10405	10405	0	-0.0023969319271333056
2022-02-11	10480	10480	10480	10480	364	0.007208073041806928
2022-02-14	10285	10285	10285	10285	0	-0.018606870229007644
2022-02-15	10180	10180	10180	10180	0	-0.010209042294603843
2022-02-16	10285	10285	10285	10285	0	0.01031434184675839
2022-02-17	10175	10175	10175	10175	0	-0.010695187165775444
2022-02-18	10065	10065	10065	10065	0	-0.010810810810810811
2022-02-21	10045	10045	10045	10045	0	-0.001987083954297031
2022-02-22	9975	9980	9970	9980	3	-0.006470881035340992
2022-02-23	10025	10025	10025	10025	0	0.0045090180360720655
2022-02-24	9865	9865	9865	9865	0	-0.015960099750623402
2022-02-25	10075	10075	10005	10005	29	0.014191586416624435
2022-02-28	10045	10045	10040	10040	26	0.0034982508745626806
2022-03-02	9905	9905	9905	9905	0	-0.01344621513944222
2022-03-03	9940	9940	9940	9940	0	0.0035335689045936647
2022-03-04	9940	9940	9940	9940	10	0.0
2022-03-07	9755	9800	9755	9800	75	-0.014084507042253502
2022-03-08	9830	9830	9830	9830	0	0.003061224489795844
2022-03-10	9765	9875	9765	9875	913	0.004577822990844416
2022-03-11	9795	9795	9795	9795	60	-0.008101265822784809
2022-03-14	9975	9975	9975	9975	0	0.018376722817764257
2022-03-15	10225	10225	10225	10225	0	0.02506265664160412
2022-03-16	10250	10270	10225	10225	9	0.0
2022-03-17	10005	10005	10005	10005	1	-0.021515892420537863
2022-03-18	9900	9900	9900	9900	0	-0.010494752623688153
2022-03-21	10020	10020	9980	9980	56	0.008080808080808133
2022-03-22	9975	9975	9975	9975	0	-0.0005010020040080443
2022-03-23	10035	10035	10035	10035	0	0.006015037593984918
2022-03-24	9930	9955	9930	9955	56	-0.007972097658196287
2022-03-25	9870	9870	9870	9870	0	-0.008538422903063836
2022-03-28	9935	9935	9935	9935	1	0.006585612968591725
2022-03-29	10060	10060	10060	10060	0	0.01258178158027179
2022-03-30	9960	9960	9960	9960	0	-0.00994035785288272
2022-03-31	9985	9985	9985	9985	0	0.0025100401606426015
2022-04-01	9955	9955	9955	9955	0	-0.003004506760140191
2022-04-04	10005	10005	10005	10005	0	0.0050226017076846485
2022-04-05	9960	9960	9960	9960	0	-0.004497751124437732
2022-04-06	10070	10070	10070	10070	0	0.011044176706827225
2022-04-07	10055	10055	10055	10055	0	-0.001489572989076482
2022-04-08	10060	10060	10060	10060	0	0.0004972650422674363
2022-04-11	10070	10070	10070	10070	0	0.0009940357852882276
2022-04-12	10015	10015	10015	10015	0	-0.005461767626613656
2022-04-13	9895	9895	9895	9895	0	-0.011982026959560632
2022-04-14	9825	9825	9825	9825	1	-0.0070742799393632705
2022-04-15	9830	9830	9830	9830	0	0.0005089058524172518
2022-04-18	9830	9830	9830	9830	0	0.0
2022-04-19	9925	9925	9925	9925	0	0.009664292980671396
2022-04-20	10100	10100	10100	10100	0	0.017632241813602123
2022-04-21	10070	10070	10070	10070	0	-0.002970297029702973
2022-04-22	10060	10060	10060	10060	0	-0.0009930486593843213
2022-04-25	10295	10295	10290	10290	2	0.022862823061630122
2022-04-26	10400	10400	10400	10400	7	0.010689990281826933
2022-04-27	10565	10565	10565	10565	0	0.01586538461538467
2022-04-28	10765	10765	10765	10765	0	0.018930430667297715
2022-04-29	10415	10415	10415	10415	0	-0.03251277287505805
2022-05-02	10610	10610	10610	10610	8	0.018722995679308685
2022-05-03	10770	10770	10770	10770	101	0.015080113100848225
2022-05-04	10775	10775	10775	10775	0	0.00046425255338911064
2022-05-06	10775	10775	10775	10775	1	0.0
2022-05-09	10795	10795	10795	10795	7	0.001856148491879317
2022-05-10	10860	10860	10860	10860	20	0.006021306160259421
2022-05-11	10985	10985	10985	10985	0	0.011510128913443829
2022-05-12	11050	11050	11050	11050	0	0.00591715976331364
2022-05-13	11175	11175	11175	11175	0	0.011312217194570096
2022-05-16	11155	11260	11155	11260	190	0.0076062639821028455
2022-05-17	11075	11075	11075	11075	0	-0.01642984014209592
2022-05-18	11100	11100	11100	11100	0	0.0022573363431150906
2022-05-19	11185	11185	11185	11185	0	0.0076576576576576905
2022-05-20	10905	10905	10905	10905	0	-0.025033527045149717
2022-05-23	10830	10830	10830	10830	0	-0.00687757909215958
2022-05-24	10850	10850	10850	10850	0	0.001846722068328699
2022-05-25	10770	10775	10770	10775	8	-0.00691244239631339
2022-05-26	10895	10895	10895	10895	0	0.011136890951276124
2022-05-27	10755	10755	10755	10755	0	-0.012849931161083017
2022-05-30	10565	10565	10565	10565	0	-0.01766620176662015
2022-05-31	10600	10600	10600	10600	0	0.003312825366777128
2022-06-02	10745	10745	10745	10745	0	0.013679245283018782
2022-06-03	10565	10565	10565	10565	0	-0.016751977664029805
2022-06-07	10855	10855	10855	10855	0	0.02744912446758163
2022-06-08	10795	10795	10795	10795	10	-0.005527406725011508
2022-06-09	10795	10795	10795	10795	0	0.0
2022-06-10	10900	10900	10900	10900	10	0.009726725335803543
2022-06-13	10930	10930	10930	10930	0	0.0027522935779815683
2022-06-14	11215	11215	11215	11215	9	0.026075022872827036
2022-06-15	11265	11265	11265	11265	0	0.004458314757021853
2022-06-16	11160	11160	11160	11160	0	-0.009320905459387463
2022-06-17	11075	11075	11075	11075	29	-0.007616487455197163
2022-06-20	11085	11085	11085	11085	46	0.0009029345372459918
2022-06-21	11185	11185	11185	11185	0	0.009021199819575942
2022-06-22	11285	11285	11285	11285	0	0.008940545373267828
2022-06-23	11275	11275	11275	11275	0	-0.0008861320336730483
2022-06-24	11315	11315	11315	11315	2	0.0035476718403548713
2022-06-27	11130	11130	11130	11130	0	-0.016349977905435242
2022-06-28	11150	11150	11150	11150	0	0.0017969451931716396
2022-06-29	11345	11345	11345	11345	0	0.017488789237668056
2022-06-30	11360	11360	11360	11360	0	0.001322168356103992
2022-07-01	11465	11465	11465	11465	0	0.009242957746478764
2022-07-04	11375	11375	11370	11370	11	-0.008286088094199728
2022-07-05	11410	11410	11410	11410	10	0.0035180299032542273
2022-07-06	11770	11770	11770	11770	0	0.03155127081507447
2022-07-07	11835	11835	11835	11835	0	0.005522514868309347
2022-07-08	11870	11870	11870	11870	1	0.0029573299535277098
2022-07-11	11915	11915	11915	11915	0	0.0037910699241785473
2022-07-12	12055	12055	12055	12055	0	0.011749895090222395
2022-07-13	12040	12040	12010	12010	51	-0.0037328909166320923
2022-07-14	12010	12010	12010	12010	0	0.0
