Date	Open	High	Low	Close	Volume	Change
2021-10-01	20105	20105	18800	19750	1751	
2021-10-05	19785	19785	19785	19785	21	0.0017721518987341423
2021-10-06	19950	19950	19950	19950	0	0.00833965125094771
2021-10-07	20175	20180	20175	20180	16	0.011528822055137944
2021-10-08	20190	20240	20115	20240	799	0.0029732408325073845
2021-10-12	20755	20755	20625	20625	170	0.01902173913043481
2021-10-13	21785	21785	21785	21785	100	0.056242424242424205
2021-10-14	21500	21530	21500	21530	130	-0.011705301813174196
2021-10-15	21565	21805	21565	21805	722	0.012772875058058464
2021-10-18	21495	21560	21495	21560	548	-0.011235955056179803
2021-10-19	21840	21840	21640	21715	252	0.007189239332096475
2021-10-20	21790	21790	21790	21790	0	0.003453833755468594
2021-10-21	21750	21750	21510	21510	104	-0.012849931161083017
2021-10-22	21205	21375	21205	21305	1324	-0.009530450953045055
2021-10-25	21415	21415	21140	21300	175	-0.00023468669326454084
2021-10-26	20960	20960	20640	20730	1006	-0.026760563380281654
2021-10-27	21170	22015	21170	22005	1923	0.06150506512301024
2021-10-28	22160	22345	21985	22345	732	0.015451033855941931
2021-10-29	22275	22560	22275	22460	1918	0.005146565227120092
2021-11-01	22540	22555	22270	22270	266	-0.008459483526268907
2021-11-02	22060	22115	22060	22115	145	-0.006960035922766061
2021-11-03	22510	22510	22510	22510	1	0.017861180194438164
2021-11-04	22480	22480	22345	22345	87	-0.007330075521990276
2021-11-05	22490	22490	22260	22310	53	-0.0015663459386887624
2021-11-08	22520	22780	22520	22780	61	0.021066786194531506
2021-11-09	22525	22555	22515	22515	19	-0.011633011413520578
2021-11-10	22165	22200	22065	22085	468	-0.01909837885853871
2021-11-11	22025	22275	21750	22090	519	0.00022639800769752583
2021-11-12	21865	21935	21640	21640	541	-0.020371208691715714
2021-11-15	22320	22420	22320	22420	18	0.03604436229205166
2021-11-16	22270	22280	22050	22050	402	-0.016503122212310428
2021-11-17	21975	22000	21975	22000	3	-0.0022675736961451642
2021-11-18	21990	21990	21990	21990	2	-0.00045454545454548523
2021-11-19	21720	22050	21720	22050	453	0.0027285129604366354
2021-11-22	21555	21805	21475	21805	499	-0.011111111111111072
2021-11-23	21810	21810	21810	21810	1	0.00022930520522823628
2021-11-24	22500	22965	22480	22960	81	0.05272810637322323
2021-11-25	23250	23600	23250	23505	352	0.02373693379790942
2021-11-26	23470	23685	23470	23610	35	0.00446713465220161
2021-11-29	23050	23050	22550	22740	110	-0.03684879288437104
2021-11-30	22885	23215	22885	23205	56	0.02044854881266489
2021-12-01	22385	22580	22385	22530	597	-0.029088558500323214
2021-12-02	22850	22895	22840	22895	238	0.01620062139369738
2021-12-03	22725	22735	22675	22715	190	-0.007861978597947128
2021-12-06	21610	21615	21420	21440	259	-0.056130310367598524
2021-12-07	20885	21385	20885	21330	4946	-0.005130597014925353
2021-12-08	21785	21875	21755	21875	10	0.025550867323019144
2021-12-09	21800	22005	21730	22005	104	0.00594285714285725
2021-12-10	22375	22375	22225	22225	37	0.009997727789138766
2021-12-13	21950	22165	21950	22020	465	-0.0092238470191226
2021-12-14	21940	21940	21930	21930	6	-0.004087193460490468
2021-12-15	21980	22115	21940	22115	40	0.008435932512539823
2021-12-16	22175	22175	21950	21950	18	-0.00746099932172728
2021-12-17	21870	21965	21870	21920	30	-0.0013667425968109104
2021-12-20	22000	22000	21870	21930	28	0.00045620437956195303
2021-12-21	21790	21790	21740	21785	7	-0.006611947104423144
2021-12-22	21935	22000	21770	21770	77	-0.0006885471654808351
2021-12-23	21830	21830	20980	20980	16	-0.03628847037207161
2021-12-24	21060	21145	21060	21140	208	0.007626310772163913
2021-12-27	21845	21855	21700	21700	6	0.026490066225165476
2021-12-28	22025	22115	21930	22110	680	0.018894009216589902
2021-12-29	22150	22150	22105	22105	21	-0.0002261420171868478
2021-12-30	22080	22210	22080	22210	31	0.004750056548292303
2022-01-03	22460	22460	22460	22460	405	0.011256190904997743
2022-01-04	22565	23080	22565	23080	126	0.027604630454140633
2022-01-05	23100	23200	23045	23085	79	0.00021663778162905878
2022-01-06	22770	22975	22770	22970	8	-0.0049815897769114326
2022-01-07	22790	22790	22525	22540	7	-0.01872006965607309
2022-01-10	22535	22535	22330	22405	9	-0.0059893522626441875
2022-01-11	21890	21905	21850	21905	70	-0.02231644722160231
2022-01-12	21755	21755	21240	21325	394	-0.02647797306551014
2022-01-13	22250	22560	22250	22435	344	0.052051582649472516
2022-01-14	21935	22295	21935	22295	7	-0.006240249609984372
2022-01-17	22135	22135	22020	22020	12	-0.012334604171338914
2022-01-18	20875	21025	20765	20975	11782	-0.047456857402361496
2022-01-19	20815	21200	20815	21075	10192	0.004767580452920139
2022-01-20	20940	20965	20875	20965	65	-0.005219454329774664
2022-01-21	20695	21505	20690	21325	34724	0.01717147626997373
2022-01-24	21365	21365	20960	20960	88	-0.017116060961313018
2022-01-25	20600	20685	20500	20685	136	-0.013120229007633544
2022-01-26	21455	21865	21455	21845	12220	0.05607928450568034
2022-01-27	21720	21720	21545	21545	23	-0.01373311970702673
2022-01-28	21795	22240	21795	22140	8044	0.0276166163843119
2022-02-03	22210	22210	22210	22210	5	0.003161698283649539
2022-02-04	22145	22215	22145	22215	8	0.00022512381809991489
2022-02-07	22590	22650	22585	22645	36	0.01935629079450818
2022-02-08	22365	22380	22310	22380	55	-0.011702362552439838
2022-02-09	22660	22900	22660	22865	5	0.02167113494191253
2022-02-10	22700	22700	22440	22440	73	-0.018587360594795488
2022-02-11	22535	22540	22450	22465	17	0.0011140819964350346
2022-02-14	22230	22245	22090	22090	2007	-0.01669263298464274
2022-02-15	21745	21825	21670	21810	1805	-0.012675418741512012
2022-02-16	21955	22250	21835	21840	7384	0.0013755158184318717
2022-02-17	22060	22100	21935	21935	2031	0.004349816849816834
2022-02-18	22045	22145	22015	22015	322	0.0036471392751311615
2022-02-21	22085	22085	22085	22085	58	0.0031796502384737746
2022-02-22	21830	21830	21830	21830	3	-0.01154629839257415
2022-02-23	22125	22335	22125	22335	18	0.023133302794319688
2022-02-24	21690	21720	21680	21720	3	-0.02753525856279382
2022-02-25	21930	22155	21930	22015	2176	0.013581952117863727
2022-02-28	21080	21845	21080	21635	15533	-0.01726095843742903
2022-03-02	21635	21645	21635	21645	2001	0.0004622140050842827
2022-03-03	21420	21575	21420	21495	3471	-0.006930006930006893
2022-03-04	21785	21785	21700	21700	3	0.009537101651546864
2022-03-07	21475	21475	21475	21475	2	-0.010368663594470084
2022-03-08	21065	21300	21065	21255	8001	-0.010244470314318965
2022-03-10	21110	21365	21110	21290	2764	0.0016466713714420322
2022-03-11	20925	20925	20925	20925	1	-0.01714419915453269
2022-03-14	20575	20575	20280	20280	117	-0.03082437275985661
2022-03-15	20205	20250	20175	20240	262	-0.0019723865877712132
2022-03-16	20425	20480	20355	20460	7120	0.010869565217391353
2022-03-17	20665	20745	20605	20605	2370	0.007086999022482887
2022-03-18	20615	20825	20615	20805	4204	0.009706381946129605
2022-03-21	20945	20945	20835	20875	56	0.0033645758231195533
2022-03-22	21150	21445	21120	21445	10500	0.027305389221556897
2022-03-23	21390	21615	21315	21615	4006	0.007927255770575847
2022-03-24	21170	21290	21120	21290	3407	-0.015035854730511167
2022-03-25	21205	21255	21125	21125	8002	-0.007750117426021608
2022-03-28	21080	21080	21080	21080	101	-0.0021301775147929414
2022-03-29	20905	21025	20905	21015	3229	-0.0030834914611005404
2022-03-30	21010	21405	21000	21075	88	0.002855103497501732
2022-03-31	21310	21370	21295	21360	2561	0.013523131672597888
2022-04-01	21240	21780	21240	21780	107	0.0196629213483146
2022-04-04	22015	22390	22015	22200	204	0.019283746556473913
2022-04-05	22255	22255	22030	22145	73	-0.0024774774774775077
2022-04-06	21855	22405	21855	22405	62	0.011740799277489167
2022-04-07	22430	22565	22430	22430	460	0.0011158223610800988
2022-04-08	22155	22180	22155	22180	7	-0.011145786892554632
2022-04-11	21980	21980	21740	21740	8	-0.019837691614066677
2022-04-12	21740	22045	21615	21710	26722	-0.001379944802207933
2022-04-13	21710	21870	21685	21870	21866	0.007369875633348677
2022-04-14	21960	22110	21840	21860	4321	-0.00045724737082764033
2022-04-15	21630	21770	21630	21770	14	-0.004117108874656883
2022-04-18	21040	21040	20575	20575	32	-0.05489205328433622
2022-04-19	20580	20810	20580	20810	465	0.011421628189550503
2022-04-20	19780	20140	19780	19850	43087	-0.0461316674675637
2022-04-21	19495	20040	19495	20040	111039	0.009571788413098137
2022-04-22	20025	20025	19600	19790	3756	-0.012475049900199653
2022-04-25	19455	19620	18175	18175	19598	-0.08160687215765539
2022-04-26	17315	18085	16570	17895	31352	-0.015405777166437429
2022-04-27	18105	18135	17360	17470	19197	-0.02374965074043034
2022-04-28	18715	18715	18115	18435	15887	0.05523755008586151
2022-04-29	18115	18830	18115	18695	6712	0.014103607268782126
2022-05-02	18500	18555	18500	18555	1484	-0.007488633324418292
2022-05-03	18655	18655	18545	18545	1886	-0.0005389382915655938
2022-05-04	18600	18640	18315	18315	1107	-0.012402264761391169
2022-05-06	18305	18305	17725	17935	26691	-0.020748020748020735
2022-05-09	17135	17135	16515	16720	2777	-0.0677446333983831
2022-05-10	15960	16410	15665	16340	5807	-0.022727272727272707
2022-05-11	16690	16740	16265	16655	4130	0.019277845777233793
2022-05-12	16575	16655	15655	15655	1570	-0.060042029420594445
2022-05-13	15115	15440	14830	14830	31754	-0.05269881826892364
2022-05-16	14265	14780	14095	14095	24738	-0.04956169925826026
2022-05-17	13735	14355	13495	14355	38753	0.018446257538134114
2022-05-18	15240	15685	14875	15450	38143	0.0762800417972831
2022-05-19	14845	15225	13910	15040	74636	-0.026537216828478982
2022-05-20	14880	15570	14880	15340	39033	0.019946808510638236
2022-05-23	15110	15270	14715	14755	19021	-0.03813559322033899
2022-05-24	14535	14850	14350	14350	18611	-0.027448322602507624
2022-05-25	14785	15170	14785	15135	13399	0.05470383275261326
2022-05-26	15645	15815	15600	15630	3557	0.03270564915758167
2022-05-27	15710	16105	15710	16105	26950	0.030390275111964238
2022-05-30	16395	16455	16085	16160	21557	0.0034150884818380245
2022-05-31	16170	16225	16030	16055	6787	-0.0064975247524752255
2022-06-02	16175	16290	16110	16110	896	0.0034257240734973937
2022-06-03	16000	16015	15755	15840	1429	-0.016759776536312887
2022-06-07	15900	15945	15470	15470	7229	-0.023358585858585856
2022-06-08	15975	16525	15975	16445	555	0.06302521008403361
2022-06-09	16300	16420	16275	16295	46	-0.00912131346913958
2022-06-10	16420	16420	16215	16255	3360	-0.002454740718011661
2022-06-13	15510	15740	14845	14850	16635	-0.08643494309443245
2022-06-14	14440	14870	14360	14825	3247	-0.0016835016835017313
2022-06-15	14800	14800	14685	14685	21	-0.009443507588532851
2022-06-16	14540	14780	14465	14695	55444	0.0006809669731018264
2022-06-17	14645	14645	13775	13995	7871	-0.047635250085062975
2022-06-20	14470	14470	13915	13985	4931	-0.0007145409074669207
2022-06-21	13675	14245	13580	14245	42232	0.018591347872720876
2022-06-22	14070	14265	13930	13990	11888	-0.017901017901017946
2022-06-23	13695	13915	13695	13775	9273	-0.015368120085775594
2022-06-24	14050	14250	14050	14150	32780	0.02722323049001818
2022-06-27	14050	14345	13950	14345	20998	0.013780918727915203
2022-06-28	14405	14635	14380	14635	4085	0.020216103171836863
2022-06-29	14715	14715	14630	14650	15204	0.0010249402118209794
2022-06-30	14820	14820	14705	14705	227	0.003754266211604129
2022-07-01	14340	14340	13880	13910	2228	-0.05406324379462768
2022-07-04	14330	14470	14330	14390	3395	0.03450754852624005
2022-07-05	14355	14530	14270	14530	11298	0.00972897845726206
2022-07-06	14200	14255	13915	13930	12101	-0.04129387474191326
2022-07-07	13845	13940	13670	13780	37764	-0.01076812634601576
2022-07-08	13980	14085	13350	13995	22723	0.015602322206095698
2022-07-11	13985	13985	13655	13655	2831	-0.024294390853876413
2022-07-12	13350	13590	13320	13590	1943	-0.004760161113145367
2022-07-13	13720	13755	13595	13755	13879	0.012141280353200834
2022-07-14	13535	13635	13470	13565	4404	-0.013813158851326834
