Date	Open	High	Low	Close	Volume	Change
2022-04-27	20000	20360	20000	20310	206	
2022-04-28	20845	20975	20845	20975	58	0.032742491383555006
2022-04-29	19205	19275	18530	18530	428	-0.11656734207389752
2022-05-02	19305	19615	19215	19615	273	0.058553696708041114
2022-05-03	19160	19160	19100	19100	169	-0.026255416772877904
2022-05-04	19660	19670	19560	19560	56	0.02408376963350789
2022-05-06	17995	18045	17600	17670	1485	-0.09662576687116564
2022-05-09	17580	17985	17250	17600	2723	-0.003961516694963252
2022-05-10	19765	20585	19660	19870	505801	0.12897727272727266
2022-05-11	21180	21320	19640	19665	191384	-0.01031706089582285
2022-05-12	18435	19395	18410	19075	155940	-0.030002542588354997
2022-05-13	18125	18250	17695	18000	122389	-0.056356487549148127
2022-05-16	16560	17630	16465	17330	165072	-0.03722222222222227
2022-05-17	15875	16010	15610	15880	126386	-0.0836699365262551
2022-05-18	15960	16225	15640	16135	99329	0.016057934508816096
2022-05-19	17610	17640	16740	16935	121840	0.04958165478772858
2022-05-20	16375	16730	16315	16480	132761	-0.02686743430764693
2022-05-23	16110	16165	15715	15835	57998	-0.039138349514563076
2022-05-24	16150	16475	16125	16475	93001	0.04041679823176514
2022-05-25	15935	16030	15765	15995	66671	-0.029135053110773912
2022-05-26	15905	16045	15800	15965	51485	-0.0018755861206627422
2022-05-27	14945	14975	14675	14880	245044	-0.06796116504854366
2022-05-30	14395	14430	14125	14135	147683	-0.05006720430107525
2022-05-31	13700	13940	13295	13335	164006	-0.05659709939865587
2022-06-02	15110	15300	14875	15005	197303	0.1252343457067866
2022-06-03	13865	14115	13850	14095	38525	-0.06064645118293899
2022-06-07	13600	13725	13510	13595	52196	-0.03547357218871938
2022-06-08	13500	13515	13335	13345	31784	-0.018389113644722288
2022-06-09	12910	12975	12795	12950	84928	-0.029599100786811494
2022-06-10	13170	13425	13165	13220	69427	0.020849420849420763
2022-06-13	13905	14100	13870	14050	214776	0.06278366111951583
2022-06-14	13660	13690	13295	13295	102694	-0.05373665480427048
2022-06-15	14075	14110	13860	13945	134456	0.048890560361037894
2022-06-16	14360	14645	14260	14535	308545	0.04230907135173889
2022-06-17	14400	14545	14220	14260	171320	-0.01891984864121088
2022-06-20	15830	16275	15705	15895	1171497	0.11465638148667612
2022-06-21	15750	16500	15180	15490	253675	-0.025479710600817884
2022-06-22	15670	16960	15670	16950	937032	0.09425435765009693
2022-06-23	17300	17855	17015	17160	724865	0.012389380530973382
2022-06-24	17230	17350	16910	17015	50570	-0.0084498834498834
2022-06-27	16335	16655	15720	16040	519628	-0.057302380252718166
2022-06-28	15160	15215	14890	14930	218591	-0.06920199501246882
2022-06-29	14815	15100	14630	14940	49838	0.0006697923643670389
2022-06-30	15475	15665	15260	15440	349641	0.03346720214190091
2022-07-01	16315	16940	16000	16770	527715	0.08613989637305708
2022-07-04	15815	16080	15540	15585	50611	-0.07066189624329156
2022-07-05	15165	15370	14850	15370	49819	-0.013795316008982983
2022-07-06	17695	18590	17505	18150	486722	0.1808718282368249
2022-07-07	18935	19550	18310	18640	235486	0.026997245179063434
2022-07-08	17045	17410	16805	17110	266715	-0.0820815450643777
2022-07-11	16555	17050	16325	16950	80745	-0.009351256575102274
2022-07-12	17070	17530	17025	17455	358568	0.02979351032448374
2022-07-13	19710	19865	19170	19185	414317	0.099112002291607
2022-07-14	19280	19510	18890	19380	306380	0.010164190774042181
