Date	Open	High	Low	Close	Volume	Change
2021-08-05	20105	20105	20075	20075	3	
2021-08-06	19965	19965	19965	19965	4	-0.005479452054794498
2021-08-09	18165	18540	18165	18535	7	-0.07162534435261703
2021-08-10	18435	18435	18435	18435	1	-0.005395198273536517
2021-08-11	18525	18525	18525	18525	0	0.004882017900732283
2021-08-12	19115	19115	19115	19115	0	0.031848852901484426
2021-08-13	19130	19130	19130	19130	1	0.0007847240387131027
2021-08-17	20220	20220	20220	20220	0	0.05697856769472032
2021-08-18	20140	20140	20125	20125	2	-0.004698318496538123
2021-08-19	19910	19910	19910	19910	0	-0.010683229813664541
2021-08-20	20180	20180	20180	20180	0	0.013561024610748262
2021-08-23	20050	20050	20050	20050	0	-0.006442021803766074
2021-08-24	20320	20320	20320	20320	0	0.013466334164588423
2021-08-25	20185	20185	20185	20185	0	-0.0066437007874016185
2021-08-26	19960	19960	19960	19960	0	-0.011146891255883085
2021-08-27	20380	20380	20380	20380	0	0.02104208416833675
2021-08-30	20585	20585	20585	20585	1	0.010058881256133523
2021-08-31	20505	20505	20505	20505	1	-0.0038863249939276034
2021-09-01	20445	20445	20445	20445	1	-0.002926115581565525
2021-09-02	20470	20470	20470	20470	0	0.0012227928588897097
2021-09-03	20360	20360	20360	20360	0	-0.005373717635564268
2021-09-06	20665	20665	20665	20665	0	0.014980353634577614
2021-09-07	20665	20665	20445	20445	12	-0.010646019840309662
2021-09-08	20090	20125	20090	20125	2	-0.01565174859378826
2021-09-09	20005	20005	20005	20005	1	-0.005962732919254643
2021-09-10	20290	20290	20290	20290	0	0.014246438390402405
2021-09-13	20125	20125	20125	20125	0	-0.008132084770823056
2021-09-14	20125	20125	20125	20125	0	0.0
2021-09-15	20305	20305	20305	20305	0	0.008944099378882076
2021-09-16	19950	19950	19950	19950	0	-0.017483378478207356
2021-09-17	19425	19425	19425	19425	7	-0.02631578947368418
2021-09-23	19565	19565	19565	19565	3	0.007207207207207134
2021-09-24	19150	19215	19150	19215	36	-0.017889087656529523
2021-09-27	19275	19275	19275	19275	2	0.0031225604996096834
2021-09-28	19290	19300	19250	19250	31	-0.0012970168612191912
2021-09-29	19035	19035	19035	19035	13	-0.011168831168831161
2021-09-30	18900	18900	18900	18900	0	-0.007092198581560294
2021-10-01	19415	19415	19415	19415	1	0.0272486772486773
2021-10-05	19565	19565	19565	19565	0	0.00772598506309552
2021-10-06	19510	19510	19510	19510	0	-0.0028111423460260854
2021-10-07	19685	19685	19685	19685	1	0.008969759097898544
2021-10-08	19705	19705	19705	19705	0	0.0010160020320040264
2021-10-12	19575	19575	19575	19575	1	-0.006597310327328132
2021-10-13	19745	19745	19745	19745	0	0.008684546615581157
2021-10-14	20335	20335	20315	20315	34	0.0288680678652824
2021-10-15	20330	20330	20330	20330	12	0.0007383706620722741
2021-10-18	19755	19790	19755	19790	21	-0.026561731431382185
2021-10-19	19825	19825	19825	19825	0	0.0017685699848408731
2021-10-20	19710	19710	19710	19710	0	-0.005800756620428782
2021-10-21	19985	19985	19985	19985	0	0.013952308472856334
2021-10-22	20030	20030	20030	20030	1	0.0022516887665748886
2021-10-25	20220	20220	20140	20175	720	0.007239141288067907
2021-10-26	20325	20325	20235	20235	339	0.0029739776951673846
2021-10-27	20005	20010	19885	19950	333	-0.014084507042253502
2021-10-28	20110	20215	20110	20210	359	0.013032581453634062
2021-10-29	20090	20090	20090	20090	0	-0.005937654626422595
2021-11-01	19930	19930	19930	19930	0	-0.007964161274265802
2021-11-02	20135	20135	20135	20135	0	0.010286001003512402
2021-11-03	19935	19935	19935	19935	0	-0.009932952570151476
2021-11-04	19765	19765	19765	19765	0	-0.008527715073990416
2021-11-05	20345	20345	20345	20345	0	0.029344801416645527
2021-11-08	20795	20795	20795	20795	0	0.02211845662324885
2021-11-09	20890	20890	20885	20885	21	0.004327963452753103
2021-11-10	21000	21000	21000	21000	5	0.005506344266219765
2021-11-11	21595	21595	21595	21595	0	0.02833333333333332
2021-11-12	21685	21685	21685	21685	6	0.0041676313961565015
2021-11-15	21640	21640	21640	21640	0	-0.0020751671662438964
2021-11-16	21640	21640	21640	21640	0	0.0
2021-11-17	21650	21650	21650	21650	0	0.00046210720887240875
2021-11-18	21925	21925	21925	21925	1	0.012702078521940052
2021-11-19	21815	21815	21815	21815	1	-0.005017103762827824
2021-11-22	21460	21460	21460	21460	0	-0.016273206509282656
2021-11-23	20595	20595	20595	20595	0	-0.04030754892823862
2021-11-24	20295	20295	20295	20295	5	-0.014566642388929352
2021-11-25	20290	20290	20290	20290	0	-0.0002463661000245976
2021-11-26	20380	20380	20375	20375	15	0.004189255791030133
2021-11-29	20325	20355	20325	20355	106	-0.0009815950920245564
2021-11-30	20140	20240	20140	20240	3	-0.005649717514124242
2021-12-01	19760	19790	19700	19790	767	-0.022233201581027706
2021-12-02	19805	19805	19795	19795	11	0.00025265285497733103
2021-12-03	19545	19640	19490	19640	29	-0.007830260166708736
2021-12-06	19930	19960	19870	19910	1328	0.013747454175152773
2021-12-07	19830	19830	19830	19830	301	-0.004018081366147674
2021-12-08	19970	19970	19970	19970	0	0.007060010085728763
2021-12-09	19835	19835	19835	19835	0	-0.006760140210315457
2021-12-10	19615	19615	19615	19615	0	-0.01109150491555333
2021-12-13	19820	19820	19820	19820	3	0.010451185317359224
2021-12-14	19985	19985	19985	19985	0	0.008324924318869886
2021-12-15	19620	19620	19620	19620	0	-0.018263697773330034
2021-12-16	19845	19845	19845	19845	2	0.011467889908256979
2021-12-17	20365	20365	20365	20365	0	0.026203073822121503
2021-12-20	20445	20445	20445	20445	0	0.0039283083722072565
2021-12-21	20205	20205	20205	20205	41	-0.011738811445341168
2021-12-22	20140	20140	20140	20140	0	-0.003217025488740366
2021-12-23	20470	20470	20470	20470	0	0.01638530287984108
2021-12-24	20460	20460	20460	20460	1	-0.0004885197850512668
2021-12-27	20555	20555	20555	20555	0	0.004643206256109478
2021-12-28	20665	20665	20665	20665	0	0.005351495986378074
2021-12-29	20460	20460	20460	20460	27	-0.009920154851197682
2021-12-30	20315	20315	20315	20315	0	-0.007086999022482887
2022-01-03	20970	20970	20970	20970	0	0.03224218557715974
2022-01-04	20555	20555	20555	20555	500	-0.019790176442537
2022-01-05	20835	20835	20835	20835	513	0.013621989783507704
2022-01-06	20600	20600	20600	20600	0	-0.011279097672186267
2022-01-07	20360	20380	20330	20330	32	-0.013106796116504893
2022-01-10	20315	20315	20315	20315	0	-0.0007378258730939002
2022-01-11	20550	20550	20550	20550	11	0.011567807039133626
2022-01-12	20830	20830	20830	20830	251	0.013625304136253069
2022-01-13	20900	20900	20900	20900	0	0.00336053768602973
2022-01-14	20915	20915	20915	20915	0	0.0007177033492822282
2022-01-17	20815	20815	20815	20815	0	-0.004781257470714784
2022-01-18	20715	20715	20715	20715	0	-0.0048042277203939054
2022-01-19	20680	20680	20680	20680	0	-0.0016895969104513409
2022-01-20	21225	21290	21225	21290	123	0.02949709864603478
2022-01-21	21310	21310	21310	21310	73	0.0009394081728510972
2022-01-24	21335	21335	21335	21335	0	0.0011731581417175896
2022-01-25	21405	21485	21405	21485	142	0.007030700726505801
2022-01-26	21575	21575	21540	21540	260	0.0025599255294390666
2022-01-27	20995	20995	20955	20955	162	-0.027158774373259087
2022-01-28	20510	20510	20510	20510	256	-0.021235981865903142
2022-02-03	20675	20675	20675	20675	0	0.008044856167723102
2022-02-04	20640	20640	20630	20630	2000	-0.002176541717049618
2022-02-07	20680	20685	20680	20685	2060	0.0026660203587010045
2022-02-08	20900	20945	20880	20880	1574	0.009427121102248082
2022-02-09	20975	21015	20975	21015	166	0.006465517241379226
2022-02-10	21095	21175	21095	21165	1293	0.007137758743754441
2022-02-11	20945	20945	20945	20945	0	-0.010394519253484558
2022-02-14	21810	21825	21680	21680	11	0.03509190737646217
2022-02-15	22090	22300	22090	22300	50	0.02859778597785967
2022-02-16	21585	21605	21580	21605	105	-0.031165919282511223
2022-02-17	22015	22015	22015	22015	1	0.018977088636889627
2022-02-18	22740	22745	22515	22515	3	0.02271178741766966
2022-02-21	22935	22960	22415	22415	95	-0.004441483455474127
2022-02-22	22910	22970	22910	22935	117	0.023198750836493476
2022-02-23	22615	22635	22585	22595	145	-0.014824504033137176
2022-02-24	23015	23865	23015	23860	5	0.05598583757468467
2022-02-25	23050	23050	22985	22985	51	-0.03667225481978209
2022-02-28	23080	23080	23080	23080	50	0.0041331303023710575
2022-03-02	23780	23780	23765	23765	25	0.029679376083188824
2022-03-03	23525	23525	23525	23525	0	-0.010098884914790607
2022-03-04	23900	23900	23900	23900	0	0.015940488841657885
2022-03-07	25445	25445	25445	25445	1	0.06464435146443526
2022-03-08	26050	26050	26050	26050	0	0.023776773432894416
2022-03-10	25225	25225	25145	25145	11	-0.034740882917466465
2022-03-11	25825	25825	25735	25735	70	0.023463909325909693
2022-03-14	25265	25265	25265	25265	50	-0.018263065863609818
2022-03-15	24665	24665	24305	24305	752	-0.037997229368691876
2022-03-16	24085	24085	24085	24085	10	-0.009051635465953556
2022-03-17	23885	23895	23885	23895	55	-0.00788872742370772
2022-03-18	23990	23990	23820	23820	176	-0.003138731952291307
2022-03-21	23570	23570	23570	23570	0	-0.01049538203190592
2022-03-22	23950	23950	23950	23950	0	0.01612218922358921
2022-03-23	23405	23405	23405	23405	0	-0.022755741127348683
2022-03-24	24105	24105	24105	24105	0	0.029908139286477287
2022-03-25	24500	24500	24500	24500	0	0.016386641775565147
2022-03-28	24560	24560	24560	24560	10	0.002448979591836764
2022-03-29	23600	23600	23600	23600	0	-0.039087947882736174
2022-03-30	23505	23505	23505	23505	0	-0.0040254237288135375
2022-03-31	23505	23505	23505	23505	255	0.0
2022-04-01	23830	23830	23830	23830	0	0.013826845352052697
2022-04-04	23470	23470	23470	23470	0	-0.015107007973143127
2022-04-05	23630	23630	23630	23630	0	0.006817213463996552
2022-04-06	23425	23425	23425	23425	0	-0.008675412611087618
2022-04-07	23560	23560	23560	23560	0	0.005763073639274197
2022-04-08	23830	23830	23830	23830	0	0.011460101867572181
2022-04-11	24270	24270	24270	24270	0	0.01846412085606386
2022-04-12	24735	24735	24735	24735	0	0.019159456118664986
2022-04-13	24830	24835	24770	24835	25	0.004042854255104089
2022-04-14	24900	24900	24900	24900	0	0.0026172740084557944
2022-04-15	24885	24885	24885	24885	379	-0.00060240963855418
2022-04-18	25500	25500	25500	25500	0	0.02471368294153109
2022-04-19	25185	25185	25185	25185	0	-0.012352941176470567
2022-04-20	24245	24245	24245	24245	0	-0.037323803851498916
2022-04-21	24675	24675	24675	24675	19	0.017735615590843468
2022-04-22	24650	24650	24650	24650	0	-0.0010131712259371373
2022-04-25	24090	24090	23880	23880	419	-0.03123732251521294
2022-04-26	23480	23640	23445	23640	421	-0.01005025125628145
2022-04-27	23700	23700	23700	23700	1	0.002538071065989911
2022-04-28	23365	23390	23365	23390	11	-0.013080168776371304
2022-04-29	23885	23925	23860	23860	19	0.020094057289439915
2022-05-02	23470	23470	23470	23470	50	-0.01634534786253139
2022-05-03	22730	22730	22730	22730	0	-0.031529612270984275
2022-05-04	22730	22730	22730	22730	2	0.0
2022-05-06	23270	23270	23270	23270	0	0.023757149142102918
2022-05-09	23385	23385	23385	23385	50	0.004941985388912773
2022-05-10	22890	22890	22890	22890	2	-0.021167415009621604
2022-05-11	22450	22450	22450	22450	0	-0.01922236784622111
2022-05-12	22920	22920	22915	22915	2	0.0207126948775056
2022-05-13	22120	22120	22120	22120	0	-0.034693432249618184
2022-05-16	21680	21680	21680	21680	0	-0.019891500904159143
2022-05-17	22080	22120	22080	22120	10	0.02029520295202958
2022-05-18	21540	21540	21540	21540	0	-0.02622061482820981
2022-05-19	21785	21785	21780	21780	5	0.011142061281337101
2022-05-20	22375	22375	22375	22375	0	0.02731864095500458
2022-05-23	22470	22470	22470	22470	0	0.004245810055865995
2022-05-24	22470	22470	22470	22470	0	0.0
2022-05-25	22710	22710	22600	22600	1003	0.005785491766800099
2022-05-26	22330	22330	22330	22330	0	-0.011946902654867309
2022-05-27	22335	22335	22330	22330	20	0.0
2022-05-30	22195	22330	22190	22275	47	-0.0024630541871921707
2022-05-31	21905	21915	21860	21905	31959	-0.016610549943883224
2022-06-02	22025	22025	22010	22010	2	0.004793426158411274
2022-06-03	22390	22390	22390	22390	0	0.01726487960018175
2022-06-07	21925	21925	21910	21910	2	-0.0214381420276909
2022-06-08	22210	22210	22195	22195	45	0.013007759014148856
2022-06-09	22315	22315	22300	22300	2	0.004730795224149542
2022-06-10	22255	22270	22220	22220	7641	-0.0035874439461883734
2022-06-13	23250	23250	23030	23030	8048	0.03645364536453655
2022-06-14	22095	22165	22090	22165	293	-0.037559704732957
2022-06-15	21770	21930	21770	21930	292	-0.01060230092488157
2022-06-16	22210	22210	22190	22190	6	0.011855905152758694
2022-06-17	22750	22750	22660	22660	112	0.02118071203244698
2022-06-20	22500	22625	22500	22605	51318	-0.0024271844660194164
2022-06-21	22505	22560	22505	22560	102	-0.001990710019907138
2022-06-22	22335	22335	22325	22325	3	-0.01041666666666663
2022-06-23	22635	22635	22615	22615	102	0.012989921612541977
2022-06-24	22315	22315	22295	22315	17528	-0.013265531726730062
2022-06-27	22285	22285	22270	22270	2	-0.0020165807752632325
2022-06-28	22025	22090	22010	22085	17780	-0.008307139649753048
2022-06-29	22050	22050	22035	22035	2	-0.0022639800769753693
2022-06-30	22235	22235	22220	22220	2	0.008395734059450932
2022-07-01	21710	21710	21695	21695	2	-0.023627362736273638
2022-07-04	21840	21840	21825	21825	2	0.005992164093109098
2022-07-05	21815	21815	21800	21800	2	-0.001145475372279492
2022-07-06	21055	21055	20935	20935	1756	-0.03967889908256883
2022-07-07	20340	20340	20320	20320	2	-0.02937664198710299
2022-07-08	20265	20265	20250	20250	2	-0.0034448818897637734
2022-07-11	20205	20205	20190	20190	7	-0.002962962962962945
2022-07-12	20245	20435	20065	20290	50026	0.004952947003467045
2022-07-13	19985	20020	19945	19950	98552	-0.01675702316412031
2022-07-14	20100	20125	20060	20070	99472	0.006015037593984918
