Date	Open	High	Low	Close	Volume	Change
2022-04-27	10295	10295	10195	10195	12	
2022-04-28	10210	10210	10210	10210	0	0.0014713094654241754
2022-04-29	10545	10545	10545	10545	0	0.03281096963761021
2022-05-02	10425	10425	10425	10425	0	-0.011379800853485111
2022-05-03	10515	10515	10515	10515	0	0.008633093525179936
2022-05-04	10310	10310	10305	10305	2	-0.0199714693295292
2022-05-06	10915	11015	10915	10975	16	0.06501698204754969
2022-05-09	11050	11050	11050	11050	0	0.006833712984054774
2022-05-10	10405	10415	10190	10315	119028	-0.06651583710407238
2022-05-11	10035	10340	10030	10340	2116	0.002423654871546388
2022-05-12	10760	10760	10575	10645	11147	0.02949709864603478
2022-05-13	10945	10975	10890	10960	4279	0.029591357444809674
2022-05-16	11260	11260	11000	11070	3924	0.010036496350364965
2022-05-17	11535	11580	11445	11460	6202	0.035230352303523116
2022-05-18	11325	11380	11280	11295	4824	-0.014397905759162333
2022-05-19	10860	11110	10855	11040	6672	-0.02257636122177953
2022-05-20	11145	11200	11050	11165	8467	0.011322463768115965
2022-05-23	11280	11335	11270	11320	2482	0.013882669055082841
2022-05-24	11145	11175	11140	11155	1210	-0.014575971731448756
2022-05-25	11220	11260	11210	11260	204	0.009412819363514124
2022-05-26	11290	11310	11280	11305	812	0.00399644760213147
2022-05-27	11605	11605	11525	11525	2432	0.019460415745245374
2022-05-30	11635	11775	11555	11580	2106	0.004772234273318965
2022-05-31	11730	11840	11685	11820	11021	0.020725388601036343
2022-06-02	11385	11460	11225	11460	4082	-0.030456852791878153
2022-06-03	11745	11745	11605	11640	5786	0.015706806282722585
2022-06-07	11990	12075	11990	12035	3893	0.03393470790378017
2022-06-08	12065	12130	12055	12120	202	0.007062733693394163
2022-06-09	12370	12370	12355	12355	12	0.019389438943894444
2022-06-10	12345	12355	12335	12355	102	0.0
2022-06-13	12260	12300	12245	12270	3467	-0.0068798057466612494
2022-06-14	12530	12565	12510	12565	3392	0.024042379788101087
2022-06-15	12295	12365	12285	12365	305	-0.015917230401910065
2022-06-16	12010	12045	11980	12045	21424	-0.025879498584714944
2022-06-17	12130	12145	12075	12135	3186	0.007471980074719831
2022-06-20	11555	11555	11415	11535	5593	-0.04944375772558718
2022-06-21	11575	11575	11565	11565	2	0.002600780234070177
2022-06-22	11610	11610	11250	11250	2244	-0.027237354085603127
2022-06-23	11115	11195	10990	11185	22996	-0.005777777777777771
2022-06-24	11155	11205	11080	11170	6547	-0.0013410818059901297
2022-06-27	11320	11380	11240	11335	5520	0.014771709937332123
2022-06-28	11685	11730	11655	11695	17292	0.03176003528892801
2022-06-29	11900	11920	11820	11850	16914	0.013253527148354038
2022-06-30	11740	11740	11730	11740	3	-0.009282700421940904
2022-07-01	11275	11275	11175	11200	4	-0.04599659284497448
2022-07-04	11555	11555	11490	11525	15116	0.029017857142857206
2022-07-05	11760	11790	11730	11755	10142	0.019956616052060783
2022-07-06	10925	10980	10665	10675	44864	-0.09187579753296471
2022-07-07	10550	10615	10460	10530	35615	-0.013583138173302145
2022-07-08	10965	11100	10960	10965	11008	0.04131054131054124
2022-07-11	11140	11140	11065	11065	104	0.00911992704058373
2022-07-12	11140	11140	11050	11055	21542	-0.0009037505648441524
2022-07-13	10195	10335	10185	10320	151876	-0.06648575305291726
2022-07-14	10335	10445	10325	10390	121565	0.006782945736434121
