Date	Open	High	Low	Close	Volume	Change
2021-11-08	10140	10140	10130	10130	7	
2021-11-09	10305	10305	10305	10305	0	0.01727541954590328
2021-11-10	10300	10300	10300	10300	0	-0.00048520135856378044
2021-11-11	10720	10720	10720	10720	0	0.040776699029126284
2021-11-12	10875	10875	10875	10875	1	0.01445895522388052
2021-11-15	10795	10795	10795	10795	0	-0.007356321839080415
2021-11-16	11200	11200	11200	11200	0	0.03751736915238535
2021-11-17	11515	11515	11515	11515	16	0.028124999999999956
2021-11-18	11460	11460	11460	11460	9	-0.004776378636560996
2021-11-19	11725	11725	11725	11725	0	0.023123909249563646
2021-11-22	11785	11785	11785	11785	0	0.0051172707889126645
2021-11-23	11875	11910	11875	11910	187	0.010606703436571996
2021-11-24	11790	11790	11790	11790	0	-0.010075566750629705
2021-11-25	12380	12380	12380	12380	0	0.05004240882103472
2021-11-26	12680	12680	12680	12680	2	0.024232633279483107
2021-11-29	12365	12365	12365	12365	5	-0.02484227129337535
2021-11-30	12615	12615	12615	12615	0	0.020218358269308512
2021-12-01	12850	12850	12850	12850	161	0.018628616726119596
2021-12-02	13090	13090	13070	13085	36	0.018287937743190597
2021-12-03	13585	13585	13585	13585	0	0.03821169277799008
2021-12-06	13325	13325	13325	13325	0	-0.019138755980861233
2021-12-07	13815	13840	13815	13840	42	0.03864915572232652
2021-12-08	14465	14465	14465	14465	407	0.04515895953757232
2021-12-09	15155	15175	15150	15150	1637	0.04735568613895613
2021-12-10	13710	13710	13685	13690	131	-0.09636963696369638
2021-12-13	14330	14330	14250	14250	499	0.04090577063550027
2021-12-14	14045	14045	13985	14020	17	-0.01614035087719301
2021-12-15	16195	16200	13540	13590	522	-0.030670470756062773
2021-12-16	13775	13775	13710	13710	29	0.008830022075055233
2021-12-17	14545	14545	14475	14535	144	0.060175054704595166
2021-12-20	12555	12555	12525	12550	908	-0.13656690746474032
2021-12-21	13580	13580	13540	13540	713	0.07888446215139444
2021-12-22	13720	13720	13695	13700	37	0.011816838995568624
2021-12-23	13020	13040	13020	13040	6002	-0.04817518248175179
2021-12-24	12650	12650	12635	12635	1891	-0.031058282208588972
2021-12-27	12945	12945	12905	12915	5142	0.02216066481994461
2021-12-28	13055	13055	13005	13010	121	0.007355787843592809
2021-12-29	13440	13440	13410	13435	213	0.032667179093005316
2021-12-30	13625	13625	13590	13605	248	0.012653516933383013
2022-01-03	13670	13670	13670	13670	1	0.004777655273796366
2022-01-04	14235	14235	14210	14235	106	0.04133138258961222
2022-01-05	14390	14400	14365	14395	5046	0.01123990165086064
2022-01-06	14810	14835	14810	14835	176	0.03056616880861407
2022-01-07	14700	14700	14680	14700	15	-0.009100101112234582
2022-01-10	14475	14475	14450	14450	47	-0.017006802721088454
2022-01-11	13575	13680	13575	13680	20520	-0.05328719723183395
2022-01-12	13945	13945	13855	13890	12474	0.015350877192982448
2022-01-13	13650	13650	13615	13650	2043	-0.017278617710583144
2022-01-14	13785	13785	13720	13720	10007	0.00512820512820511
2022-01-17	13965	13965	13930	13930	52	0.015306122448979664
2022-01-18	13600	13600	13600	13600	4	-0.023689877961234784
2022-01-19	14040	14040	13980	13980	82	0.027941176470588136
2022-01-20	13865	13865	13865	13865	127	-0.00822603719599424
2022-01-21	14495	14520	14495	14495	4005	0.045438153624233646
2022-01-24	14325	14325	14325	14325	4	-0.011728182131769627
2022-01-25	14180	14180	14125	14125	72	-0.013961605584642212
2022-01-26	14820	14820	14770	14770	264	0.04566371681415937
2022-01-27	15050	15050	15010	15050	25	0.018957345971563955
2022-01-28	15170	15170	15125	15170	22	0.007973421926910307
2022-02-03	15975	15975	15970	15975	637	0.05306526038233361
2022-02-04	16025	16025	16025	16025	18	0.003129890453834161
2022-02-07	16355	16355	16300	16300	46	0.01716068642745716
2022-02-08	16345	16345	16345	16345	27	0.0027607361963191135
2022-02-09	16255	16255	16255	16255	16	-0.0055062710308962926
2022-02-10	15570	15570	15570	15570	33	-0.04214087972931402
2022-02-11	15445	15445	15410	15445	1659	-0.008028259473346178
2022-02-14	15695	15695	15670	15670	1297	0.014567821301392003
2022-02-15	15570	15570	15570	15570	55	-0.0063816209317166805
2022-02-16	15315	15390	15315	15390	8	-0.011560693641618491
2022-02-17	15200	15200	15200	15200	10	-0.012345679012345734
2022-02-18	14635	14635	14635	14635	41	-0.03717105263157894
2022-02-21	15085	15085	15085	15085	112	0.03074820635462938
2022-02-22	15130	15130	15130	15130	56	0.0029830957905203626
2022-02-23	15195	15195	15140	15195	92	0.004296100462656938
2022-02-24	16085	16085	16030	16035	29	0.05528134254689032
2022-02-25	14755	14850	14755	14850	15000	-0.07390084190832558
2022-02-28	14895	14895	14825	14825	5017	-0.0016835016835017313
2022-03-02	11850	12170	11850	12165	12846	-0.17942664418212484
2022-03-03	11610	11735	11595	11725	10272	-0.03616933826551583
2022-03-04	11450	11450	11335	11450	5174	-0.023454157782516027
2022-03-07	11195	11195	10965	11085	13437	-0.031877729257641874
2022-03-08	9890	9890	9850	9890	1310	-0.10780333784393326
2022-03-10	12225	12330	12225	12330	1055	0.2467138523761374
2022-03-11	12690	12690	12600	12685	1834	0.0287915652879156
2022-03-14	13055	13055	12955	12955	90	0.02128498226251474
2022-03-15	13095	13100	13095	13095	45	0.010806638363566101
2022-03-16	13135	13135	13135	13135	38	0.0030546009927452378
2022-03-17	13275	13275	13275	13275	11	0.010658545869813407
2022-03-18	13275	13450	13275	13450	98	0.013182674199623268
2022-03-21	13290	13355	13290	13355	3	-0.0070631970260223165
2022-03-22	13380	13380	13380	13380	460	0.0018719580681392234
2022-03-23	13590	13590	13590	13590	4	0.015695067264573925
2022-03-24	12915	12960	12915	12960	213	-0.04635761589403975
2022-03-25	13285	13355	13285	13355	5	0.030478395061728447
2022-03-28	13280	13290	13185	13245	6029	-0.008236615499812805
2022-03-29	13620	13620	13570	13605	5034	0.027180067950169917
2022-03-30	13730	13730	13730	13730	5	0.009187798603454533
2022-03-31	13205	13350	13205	13350	9960	-0.0276766205389658
2022-04-01	12980	13085	12925	13085	4041	-0.019850187265917585
2022-04-04	13250	13250	13250	13250	3010	0.012609858616736691
2022-04-05	13310	13310	13300	13310	4910	0.004528301886792541
2022-04-06	13240	13245	13175	13175	26	-0.010142749812171337
2022-04-07	13045	13055	13045	13055	3	-0.009108159392789417
2022-04-08	13510	13545	13510	13545	929	0.03753351206434319
2022-04-11	13515	13515	13515	13515	150	-0.0022148394241418012
2022-04-12	13140	13150	13140	13150	53	-0.027007029226785106
2022-04-13	13310	13310	13310	13310	8	0.012167300380228063
2022-04-14	13145	13150	13140	13140	8003	-0.01277235161532686
2022-04-15	13140	13490	13140	13400	4005	0.019786910197869156
2022-04-18	13480	13480	13480	13480	3	0.005970149253731405
2022-04-19	13490	13500	13490	13500	10	0.0014836795252226587
2022-04-20	13545	13545	13545	13545	12	0.0033333333333334103
2022-04-21	14655	14745	14600	14745	3633	0.08859357696567005
2022-04-22	14605	14605	14595	14595	1896	-0.010172939979654072
2022-04-25	14985	14990	14890	14890	1522	0.020212401507365474
2022-04-26	14135	14200	14135	14170	357	-0.04835460040295503
2022-04-27	13905	13905	13845	13845	17	-0.022935779816513735
2022-04-28	13765	13780	13765	13780	942	-0.0046948356807511304
2022-04-29	14040	14040	13985	14035	8951	0.018505079825834603
2022-05-02	14130	14185	14130	14185	578	0.010687566797292547
2022-05-03	14185	14185	14130	14130	1802	-0.0038773352132533967
2022-05-04	14900	14985	14900	14985	1826	0.060509554140127486
2022-05-06	15005	15005	15005	15005	5	0.001334668001334638
2022-05-09	15500	15535	15500	15535	248	0.03532155948017324
2022-05-10	14730	14855	14630	14855	1412	-0.043772127454135834
2022-05-11	14715	14750	14615	14750	10001	-0.007068327162571553
2022-05-12	15035	15035	14820	14870	13883	0.008135593220339077
2022-05-13	14955	14955	14955	14955	0	0.005716207128446449
2022-05-16	14935	14960	14915	14960	4565	0.00033433634236046395
2022-05-17	15235	15235	15235	15235	3002	0.018382352941176405
2022-05-18	15525	15525	14590	14730	12150	-0.033147358057105336
2022-05-19	14340	14400	14300	14300	5304	-0.029192124915139117
2022-05-20	14075	14135	14015	14110	12110	-0.01328671328671327
2022-05-23	13615	13895	13590	13855	6698	-0.01807228915662651
2022-05-24	13195	13335	13175	13335	5369	-0.037531577047997144
2022-05-25	13715	13715	13715	13715	19	0.028496437945256803
2022-05-26	13745	13800	13745	13800	89	0.00619759387531893
2022-05-27	14350	14400	14350	14350	6702	0.03985507246376807
2022-05-30	14190	14250	14190	14250	2	-0.006968641114982632
2022-05-31	14135	14135	14135	14135	10	-0.00807017543859645
2022-06-02	14540	14610	14540	14610	3832	0.033604527767951975
2022-06-03	14560	14560	14560	14560	2000	-0.003422313483915085
2022-06-07	13915	13915	13895	13895	1001	-0.04567307692307687
2022-06-08	13730	13730	13700	13700	1269	-0.014033825116948506
2022-06-09	13555	13555	13510	13510	3156	-0.013868613138686148
2022-06-10	13735	13735	13690	13690	3156	0.013323464100666094
2022-06-13	13865	13865	13865	13865	3006	0.012783053323593974
2022-06-14	13820	13820	13820	13820	0	-0.0032455824017310064
2022-06-15	14160	14165	14160	14165	1198	0.02496382054992763
2022-06-16	14550	14550	14495	14495	769	0.023296858453935698
2022-06-17	14005	14125	14005	14125	51	-0.02552604346326315
2022-06-20	13865	14400	13865	14400	2645	0.019469026548672552
2022-06-21	14195	14195	14195	14195	0	-0.014236111111111116
2022-06-22	14110	14110	14110	14110	0	-0.005988023952095856
2022-06-23	13810	13810	13810	13810	0	-0.021261516654854762
2022-06-24	14165	14165	14165	14165	0	0.025706010137581448
2022-06-27	14170	14170	14170	14170	300	0.0003529827038475375
2022-06-28	14265	14265	14265	14265	0	0.006704304869442401
2022-06-29	14800	14800	14800	14800	886	0.03750438135296186
2022-06-30	14930	14930	14930	14930	2	0.00878378378378386
2022-07-01	15090	15090	15090	15090	2	0.010716677829872845
2022-07-04	14570	14570	14500	14530	25	-0.03711066931742879
2022-07-05	14250	14265	14250	14265	4001	-0.018238128011011656
2022-07-06	14030	14030	14005	14030	9000	-0.016473887136347676
2022-07-07	14095	14095	14015	14015	8030	-0.0010691375623663735
2022-07-08	14305	14305	14305	14305	2000	0.02069211559043871
2022-07-11	14110	14110	14110	14110	0	-0.01363159734358621
2022-07-12	14175	14175	14175	14175	0	0.004606661941885193
2022-07-13	14490	14490	14490	14490	0	0.022222222222222143
2022-07-14	14490	14490	14490	14490	0	0.0
