Date	Open	High	Low	Close	Volume	Change
2021-09-13	18620	18620	18620	18620	1	
2021-09-14	18620	18620	18620	18620	0	0.0
2021-09-15	18510	18510	18510	18510	0	-0.005907626208378036
2021-09-16	18410	18410	18410	18410	0	-0.0054024851431658805
2021-09-17	17370	17390	17370	17370	11	-0.05649103747963069
2021-09-23	17080	17080	16870	16880	5	-0.02820955670696601
2021-09-24	16890	16890	16880	16880	4	0.0
2021-09-27	16605	16635	16605	16635	6	-0.014514218009478719
2021-09-28	16995	16995	16995	16995	15	0.021641118124436476
2021-09-29	16495	16495	16495	16495	0	-0.029420417769932317
2021-09-30	15400	15400	15400	15400	9	-0.06638375265231888
2021-10-01	16060	16060	16060	16060	9	0.04285714285714293
2021-10-05	16760	16760	16760	16760	0	0.043586550435865457
2021-10-06	16860	16865	16820	16820	20	0.0035799522673030104
2021-10-07	17020	17020	17020	17020	0	0.01189060642092743
2021-10-08	16865	16865	16865	16865	0	-0.009106933019976449
2021-10-12	17200	17200	17200	17200	0	0.01986362288763721
2021-10-13	17145	17145	17145	17145	0	-0.0031976744186046346
2021-10-14	17660	17660	17660	17660	22	0.030037911927675687
2021-10-15	18300	18300	18270	18280	100	0.035107587768969495
2021-10-18	18025	18040	18020	18020	78	-0.01422319474835887
2021-10-19	18055	18170	18040	18170	200	0.008324084350721517
2021-10-20	18505	18505	18505	18505	5	0.01843698403962568
2021-10-21	19470	19605	19470	19470	71	0.05214806808970551
2021-10-22	19275	19315	19275	19315	705	-0.007960965588084234
2021-10-25	19530	19580	19530	19580	30	0.013719906808180138
2021-10-26	19705	19715	19705	19715	60	0.006894790602655743
2021-10-27	19055	19055	19055	19055	131	-0.033477047933045956
2021-10-28	18850	18870	18850	18870	602	-0.009708737864077666
2021-10-29	18710	18720	18710	18720	676	-0.007949125596184436
2021-11-01	18700	18730	18700	18730	630	0.0005341880341880323
2021-11-02	18920	18920	18840	18860	1608	0.0069407367859049
2021-11-03	18205	18210	18100	18100	1570	-0.040296924708377535
2021-11-04	18265	18275	18220	18235	782	0.0074585635359116775
2021-11-05	18800	18805	18765	18780	790	0.029887578831916617
2021-11-08	19500	19500	19420	19430	958	0.034611288604898816
2021-11-09	19550	19550	19550	19550	0	0.006176016469377155
2021-11-10	19420	19420	19415	19415	440	-0.006905370843989789
2021-11-11	20005	20270	20005	20270	1052	0.044038114859644706
2021-11-12	20800	20835	20695	20835	1396	0.027873704982733116
2021-11-15	20480	20590	20475	20590	878	-0.011759059275258
2021-11-16	20590	20590	20590	20590	0	0.0
2021-11-17	20410	20545	20405	20495	2340	-0.004613890237979645
2021-11-18	20730	20775	20500	20520	1066	0.0012198097096853822
2021-11-19	20235	20420	20235	20405	1374	-0.005604288499025389
2021-11-22	20065	20145	20065	20115	1304	-0.0142122028914482
2021-11-23	19415	19480	19220	19220	2759	-0.04449415858811834
2021-11-24	18425	18430	18220	18270	8932	-0.049427679500520294
2021-11-25	18260	18435	18260	18375	8062	0.005747126436781658
2021-11-26	18315	18350	18235	18280	3983	-0.005170068027210872
2021-11-29	17815	18030	17775	17955	1982	-0.01777899343544853
2021-11-30	17245	17245	17000	17000	3691	-0.05318852687273745
2021-12-01	16920	17035	16875	17015	3476	0.0008823529411765563
2021-12-02	16240	16345	16160	16160	1895	-0.05024977960622978
2021-12-03	16350	16350	16350	16350	0	0.011757425742574323
2021-12-06	16430	16430	16430	16430	0	0.004892966360856343
2021-12-07	16250	16250	16130	16130	105	-0.018259281801582428
2021-12-08	16420	16420	16420	16420	0	0.017978921264724113
2021-12-09	16245	16245	16240	16240	2	-0.010962241169305775
2021-12-10	15510	15510	15510	15510	0	-0.04495073891625612
2021-12-13	16085	16085	16085	16085	70	0.03707285622179235
2021-12-14	16200	16200	16200	16200	70	0.007149518184644155
2021-12-15	15725	15725	15725	15725	12	-0.029320987654321007
2021-12-16	16025	16025	16025	16025	0	0.019077901430842648
2021-12-17	16375	16375	16375	16375	31	0.021840873634945357
2021-12-20	16330	16330	16330	16330	30	-0.0027480916030534486
2021-12-21	16175	16175	16175	16175	3	-0.009491733006736114
2021-12-22	16585	16585	16570	16570	27	0.024420401854714058
2021-12-23	17030	17030	17030	17030	10	0.02776101388050689
2021-12-24	17030	17065	17030	17060	1136	0.0017615971814444187
2021-12-27	16890	16890	16805	16805	13	-0.014947245017585042
2021-12-28	17310	17330	17245	17330	86	0.031240702171972723
2021-12-29	17325	17325	17325	17325	1	-0.0002885170225043199
2021-12-30	16965	16965	16760	16765	99	-0.03232323232323231
2022-01-03	17645	17650	17545	17560	40096	0.04742022069788243
2022-01-04	17110	17110	16900	16900	54	-0.0375854214123007
2022-01-05	17455	17455	17455	17455	54	0.03284023668639047
2022-01-06	17045	17045	16875	16875	36	-0.033228301346319156
2022-01-07	16115	16115	16055	16055	688	-0.04859259259259263
2022-01-10	16215	16215	16215	16215	0	0.009965742759264984
2022-01-11	16615	16630	16615	16630	724	0.02559358618563068
2022-01-12	16965	16965	16965	16965	4	0.020144317498496767
2022-01-13	17480	17480	17480	17480	1	0.030356616563513183
2022-01-14	17475	17475	17475	17475	0	-0.00028604118993136307
2022-01-17	17200	17200	17200	17200	0	-0.01573676680972813
2022-01-18	17140	17140	17140	17140	0	-0.0034883720930232176
2022-01-19	17950	17950	17885	17910	313	0.04492415402567085
2022-01-20	18940	19105	18930	19105	9666	0.06672250139586833
2022-01-21	19360	19600	19360	19600	51	0.0259094477885371
2022-01-24	19245	19245	19065	19065	271	-0.027295918367346905
2022-01-25	18570	18625	18530	18545	18369	-0.02727511146079198
2022-01-26	18625	18625	18405	18420	9278	-0.006740361283364749
2022-01-27	18205	18205	17800	17800	497	-0.03365906623235615
2022-01-28	16920	17010	16835	17010	21115	-0.04438202247191014
2022-02-03	16735	16735	16615	16615	2	-0.02322163433274549
2022-02-04	16355	16465	16355	16435	510	-0.01083358411074331
2022-02-07	16885	16890	16835	16835	7	0.024338302403407397
2022-02-08	17240	17240	16990	16990	1571	0.00920700920700912
2022-02-09	17430	17580	17430	17550	107	0.03296056503825784
2022-02-10	17540	17565	17540	17565	1000	0.0008547008547008517
2022-02-11	17440	17440	17120	17120	11162	-0.025334471961286686
2022-02-14	18110	18120	18050	18060	20518	0.054906542056074814
2022-02-15	18550	18660	18465	18465	20073	0.022425249169435224
2022-02-16	17720	17720	17595	17595	11379	-0.04711616571892774
2022-02-17	18040	18040	17920	17920	18027	0.018471156578573567
2022-02-18	18450	18480	18450	18480	81	0.03125
2022-02-21	18705	18705	18145	18145	19961	-0.018127705627705604
2022-02-22	18955	19000	18950	19000	9094	0.04712041884816753
2022-02-23	18840	18955	18715	18715	44620	-0.015000000000000013
2022-02-24	19515	20470	19515	20470	7517	0.09377504675394066
2022-02-25	19045	19395	19035	19210	7849	-0.06155349291646317
2022-02-28	19485	19545	19390	19390	220	0.00937011972930768
2022-03-02	20490	20690	20450	20450	132	0.054667354306343396
2022-03-03	20865	20865	20865	20865	0	0.02029339853300738
2022-03-04	20710	20710	20710	20710	0	-0.007428708363287795
2022-03-07	22430	22805	22200	22455	13509	0.08425881216803477
2022-03-08	22190	22645	21600	22645	3149	0.008461367178802082
2022-03-10	21980	22030	21725	22030	2877	-0.027158313093398112
2022-03-11	22580	22580	22300	22300	505	0.012256014525646952
2022-03-14	22135	22325	22135	22280	28	-0.0008968609865470656
2022-03-15	21090	21090	20540	20560	485	-0.07719928186714542
2022-03-16	20850	20850	20630	20685	253	0.006079766536964959
2022-03-17	20945	21095	20895	20895	75	0.010152284263959421
2022-03-18	21155	21155	20780	20780	30	-0.005503709021296932
2022-03-21	20575	20575	20470	20470	4099	-0.014918190567853706
2022-03-22	21005	21130	21005	21130	4094	0.032242305813385386
2022-03-23	19990	19990	19900	19920	32	-0.05726455276857545
2022-03-24	20710	20710	20710	20710	0	0.03965863453815266
2022-03-25	21820	21885	21745	21745	16	0.049975857073877306
2022-03-28	21425	21425	21110	21110	24	-0.02920211542883422
2022-03-29	20415	20415	20280	20290	21	-0.03884414969208905
2022-03-30	19980	20225	19970	20225	32	-0.003203548546081847
2022-03-31	20025	20025	19645	19645	25	-0.028677379480840592
2022-04-01	20175	20175	20175	20175	1	0.02697887503181473
2022-04-04	19885	19885	19730	19730	25	-0.022057001239157326
2022-04-05	19540	19540	19445	19445	11	-0.014445007602635562
2022-04-06	19250	19320	19200	19200	15	-0.012599640010285462
2022-04-07	19400	19400	19305	19305	21	0.005468749999999911
2022-04-08	19920	19990	19810	19985	1108	0.035224035224035166
2022-04-11	20265	20265	20155	20155	1823	0.008506379784838591
2022-04-12	21125	21125	21125	21125	0	0.048127015628876224
2022-04-13	21485	21520	21450	21490	450	0.017278106508875846
2022-04-14	22090	22090	21880	21880	22	0.018147975802699
2022-04-15	21605	21715	21605	21715	2	-0.007541133455210236
2022-04-18	22285	22285	22125	22125	2864	0.018880957863228076
2022-04-19	22155	22210	22155	22170	661	0.0020338983050847137
2022-04-20	20880	20880	20550	20600	389	-0.0708164185836716
2022-04-21	20835	20835	20745	20745	224	0.0070388349514562965
2022-04-22	20070	20070	19865	19935	703	-0.0390455531453362
2022-04-25	18815	18815	18670	18670	61	-0.06345623275645851
2022-04-26	18645	18860	18625	18800	345	0.006963042313872458
2022-04-27	18640	18640	18525	18585	1512	-0.011436170212765995
2022-04-28	18160	18160	17870	17870	2020	-0.038471885929513006
2022-04-29	18065	18220	18065	18220	1169	0.019585898153329673
2022-05-02	17230	17270	17015	17080	7558	-0.06256860592755209
2022-05-03	17205	17205	17105	17110	1185	0.0017564402810303914
2022-05-04	16910	16950	16820	16820	308	-0.016949152542372836
2022-05-06	16825	16935	16630	16710	601	-0.006539833531510109
2022-05-09	16610	16640	16380	16380	204	-0.019748653500897717
2022-05-10	15870	16135	15800	16130	47	-0.015262515262515208
2022-05-11	15090	15595	15070	15595	10037	-0.03316800991940483
2022-05-12	15600	15720	15395	15395	2916	-0.012824623276691205
2022-05-13	14565	14585	14480	14555	531	-0.05456316986034426
2022-05-16	14990	15120	14860	14860	132	0.020954998282377124
2022-05-17	15725	15725	15585	15690	208	0.055854643337819754
2022-05-18	15610	15610	15460	15460	120	-0.014659018483110242
2022-05-19	15190	15310	15190	15305	4141	-0.010025873221216064
2022-05-20	15935	16085	15850	16085	599	0.050963737340738335
2022-05-23	15895	15895	15825	15860	6	-0.013988187752564496
2022-05-24	15580	15695	15580	15695	4	-0.01040353089533419
2022-05-25	16180	16180	16010	16010	2000	0.02007008601465432
2022-05-26	16015	16015	15720	15720	1646	-0.018113678950655854
2022-05-27	16030	16085	15990	16085	14649	0.02321882951653942
2022-05-30	16020	16135	15910	16090	43971	0.0003108486167235913
2022-05-31	15495	15495	15325	15395	134654	-0.04319453076445001
2022-06-02	15535	15620	15535	15600	10	0.013316011692107832
2022-06-03	16340	16410	16320	16345	26156	0.04775641025641031
2022-06-07	15920	15975	15800	15800	39495	-0.03334353013153868
2022-06-08	16245	16245	15980	16095	21406	0.018670886075949467
2022-06-09	16020	16080	16005	16005	39263	-0.005591798695246952
2022-06-10	15500	15565	15450	15545	38575	-0.02874101843174004
2022-06-13	15955	15955	15720	15720	80	0.011257639112254747
2022-06-14	14955	15115	14945	15055	1625	-0.04230279898218825
2022-06-15	14920	15160	14880	15150	44	0.006310195948189934
2022-06-16	15735	15745	15700	15745	74	0.03927392739273938
2022-06-17	16035	16040	15885	16040	6076	0.018736106700539823
2022-06-20	15845	15845	15670	15815	17548	-0.014027431421446357
2022-06-21	15770	15770	15700	15700	106	-0.00727157761618713
2022-06-22	15600	15600	15355	15355	362	-0.02197452229299368
2022-06-23	15450	15450	15285	15400	3541	0.0029306414848584428
2022-06-24	14815	14930	14580	14845	15	-0.03603896103896109
2022-06-27	14945	15175	14945	15175	2	0.022229706972044516
2022-06-28	14890	15050	14725	15050	8	-0.008237232289950547
2022-06-29	14460	14545	14415	14520	459	-0.035215946843853874
2022-06-30	14460	14460	14350	14350	4	-0.011707988980716233
2022-07-01	13620	13620	13205	13205	134	-0.07979094076655058
2022-07-04	13050	13130	13050	13130	88	-0.005679666792881455
2022-07-05	13290	13495	13290	13495	42	0.02779893373952791
2022-07-06	12410	12445	12005	12040	71280	-0.10781771026306042
2022-07-07	12330	12545	12250	12455	17347	0.034468438538205914
2022-07-08	12345	12345	12200	12200	1305	-0.020473705339221215
2022-07-11	12405	12450	12290	12290	2301	0.007377049180327777
2022-07-12	12195	12270	12090	12100	1005	-0.015459723352318933
2022-07-13	12030	12030	11930	12015	247	-0.007024793388429762
2022-07-14	12300	12300	12150	12180	17075	0.013732833957553092
