Date	Open	High	Low	Close	Volume	Change
2022-04-11	18930	18930	18930	18930	0	
2022-04-12	19975	19975	19975	19975	1	0.05520338087691501
2022-04-13	19510	19540	19480	19540	701	-0.02177722152690864
2022-04-14	20085	20085	20050	20050	850	0.026100307062435935
2022-04-15	20505	20505	20505	20505	466	0.022693266832917613
2022-04-18	20940	20940	20895	20895	4165	0.019019751280175523
2022-04-19	21635	21825	21635	21660	23	0.03661162957645381
2022-04-20	20395	20395	19855	19855	830	-0.08333333333333337
2022-04-21	20100	20100	20100	20100	0	0.01233946109292372
2022-04-22	19545	19555	19525	19525	806	-0.028606965174129306
2022-04-25	17875	17900	17670	17685	3178	-0.09423815620998721
2022-04-26	17435	17710	17435	17550	1968	-0.007633587786259555
2022-04-27	17720	17720	17635	17660	516	0.0062678062678063196
2022-04-28	17410	17480	17410	17440	31	-0.01245753114382786
2022-04-29	17670	17955	17645	17955	615	0.02952981651376141
2022-05-02	18265	18265	18055	18165	257	0.011695906432748648
2022-05-03	18525	18545	18435	18435	290	0.014863748967795187
2022-05-04	19365	19670	19365	19670	22	0.06699213452671549
2022-05-06	19115	19115	18955	19000	142	-0.034062023385866835
2022-05-09	18685	18735	18685	18735	153	-0.013947368421052597
2022-05-10	18560	18900	18560	18900	21	0.008807045636509248
2022-05-11	19015	19500	19015	19500	146	0.031746031746031855
2022-05-12	20725	20800	20485	20485	43	0.05051282051282047
2022-05-13	18855	18995	18855	18880	2877	-0.0783500122040518
2022-05-16	18680	18680	18310	18310	2780	-0.030190677966101642
2022-05-17	18380	18395	18140	18225	28	-0.004642271982523205
2022-05-18	18590	18610	18565	18610	49	0.02112482853223585
2022-05-19	17760	17760	17705	17715	3117	-0.048092423428264364
2022-05-20	18960	19180	18960	19180	67	0.08269827829523013
2022-05-23	19140	19175	19140	19175	6	-0.0002606882168926239
2022-05-24	18595	18700	18595	18700	111	-0.024771838331160367
2022-05-25	18660	18660	18650	18655	331	-0.002406417112299497
2022-05-26	18430	18445	18060	18060	1133	-0.031894934333958735
2022-05-27	18455	18465	18370	18370	59	0.017165005537098654
2022-05-30	18390	18575	18390	18530	7	0.008709853021230174
2022-05-31	18360	18450	18360	18450	11	-0.004317323259579009
2022-06-02	20320	20685	20265	20680	240	0.12086720867208678
2022-06-03	21555	21635	21425	21520	327	0.04061895551257244
2022-06-07	21470	21470	21155	21155	202	-0.01696096654275092
2022-06-08	21210	21295	21070	21085	138	-0.0033089104230678013
2022-06-09	21015	21090	20980	20980	56	-0.0049798434906331845
2022-06-10	19490	19715	19475	19715	160	-0.060295519542421405
2022-06-13	19955	19955	19485	19485	291	-0.01166624397666749
2022-06-14	18400	18720	18400	18625	565	-0.044136515268154985
2022-06-15	17775	18075	17775	18075	406	-0.029530201342281903
2022-06-16	18605	18640	18475	18545	119	0.026002766251728815
2022-06-17	18735	18905	18725	18905	53	0.019412240496090583
2022-06-20	18370	18450	18230	18450	131	-0.024067706955831825
2022-06-21	18445	18525	18330	18330	24	-0.006504065040650375
2022-06-22	18450	18570	18425	18540	38	0.011456628477905184
2022-06-23	18120	18260	18120	18235	42	-0.01645091693635381
2022-06-24	17705	17820	17675	17765	46	-0.025774609267891435
2022-06-27	17220	17405	17210	17245	198	-0.02927103855896429
2022-06-28	17030	17125	16955	17125	48554	-0.006958538706871575
2022-06-29	17340	17650	17340	17650	897	0.03065693430656924
2022-06-30	17755	17855	17685	17690	624	0.002266288951841444
2022-07-01	16620	16620	16495	16495	125	-0.067552289429056
2022-07-04	16130	16285	16130	16175	15	-0.019399818126705104
2022-07-05	16125	16225	16100	16210	12851	0.0021638330757340896
2022-07-06	15535	15605	15035	15035	1985	-0.07248611967921037
2022-07-07	15030	15290	14955	15160	198	0.008313934153641567
2022-07-08	15850	15935	15750	15750	4751	0.03891820580474925
2022-07-11	16360	16390	16100	16100	3981	0.022222222222222143
2022-07-12	15575	15575	15570	15570	2	-0.03291925465838508
2022-07-13	14470	14635	14470	14530	3997	-0.06679511881824018
2022-07-14	14650	14785	14640	14640	4309	0.007570543702684063
