Date	Open	High	Low	Close	Volume	Change
2021-11-09	20050	20050	19855	19920	19041	
2021-11-10	19775	19775	19620	19620	52005	-0.015060240963855387
2021-11-11	19310	19710	19310	19710	32001	0.004587155963302836
2021-11-12	20015	20015	20015	20015	0	0.01547437848807709
2021-11-15	20655	20655	20325	20325	109	0.015488383712215947
2021-11-16	20235	20235	20140	20140	210	-0.009102091020910197
2021-11-17	19710	19710	19710	19710	0	-0.021350546176762686
2021-11-18	18765	18825	18765	18765	58	-0.047945205479452024
2021-11-19	19110	19110	19110	19110	10	0.018385291766586764
2021-11-22	19945	19945	19945	19945	2	0.04369440083725795
2021-11-23	20025	20025	20025	20025	30	0.004011030333416876
2021-11-24	20010	20045	20010	20045	150	0.0009987515605494046
2021-11-25	20925	20925	20925	20925	0	0.04390122224993753
2021-11-26	20520	20520	20520	20520	240	-0.01935483870967747
2021-11-29	19560	19560	19560	19560	511	-0.04678362573099415
2021-11-30	19260	19260	19260	19260	0	-0.015337423312883458
2021-12-01	19420	19420	19420	19420	0	0.008307372793354029
2021-12-02	18835	18835	18835	18835	0	-0.030123583934088538
2021-12-03	19205	19205	19205	19205	0	0.019644279267321485
2021-12-06	19070	19070	19070	19070	3	-0.007029419422025507
2021-12-07	19405	19405	19405	19405	13	0.017566858940744723
2021-12-08	19490	19490	19490	19490	0	0.004380314351971171
2021-12-09	19750	19750	19750	19750	0	0.01334017444843516
2021-12-10	19310	19310	19310	19310	0	-0.02227848101265828
2021-12-13	19250	19250	19250	19250	2	-0.0031071983428275773
2021-12-14	19070	19070	19070	19070	0	-0.009350649350649332
2021-12-15	18880	18880	18875	18875	7	-0.010225485055060268
2021-12-16	18475	18615	18475	18600	21	-0.014569536423841067
2021-12-17	19110	19110	19110	19110	6	0.02741935483870961
2021-12-20	18865	18865	18865	18865	1	-0.012820512820512775
2021-12-21	19280	19295	19280	19295	4	0.022793532997614552
2021-12-22	19565	19565	19565	19565	0	0.01399326250323929
2021-12-23	19830	19830	19830	19830	1	0.013544594939943755
2021-12-24	19880	19880	19880	19880	0	0.002521432173474558
2021-12-27	19615	19615	19615	19615	0	-0.013329979879275644
2021-12-28	20370	20370	20370	20370	0	0.03849095080295695
2021-12-29	20080	20080	20080	20080	1	-0.014236622484045114
2021-12-30	20030	20030	20030	20030	0	-0.002490039840637448
2022-01-03	20310	20310	20310	20310	0	0.013979031452820756
2022-01-04	19835	19835	19835	19835	0	-0.0233874938453964
2022-01-05	20305	20305	20305	20305	0	0.02369548777413666
2022-01-06	19975	19975	19975	19975	1	-0.016252154641713812
2022-01-07	19675	19675	19675	19675	0	-0.015018773466833557
2022-01-10	19935	19935	19935	19935	1	0.013214739517153795
2022-01-11	19860	19860	19860	19860	0	-0.003762227238525262
2022-01-12	20605	20605	20605	20605	0	0.03751258811681768
2022-01-13	21155	21155	21155	21155	0	0.026692550351856248
2022-01-14	21070	21070	21070	21070	0	-0.004017962656582386
2022-01-17	20245	20245	20245	20245	0	-0.03915519696250591
2022-01-18	20235	20235	20235	20235	10	-0.0004939491232403004
2022-01-19	20095	20095	20095	20095	0	-0.006918705213738607
2022-01-20	20795	20795	20795	20795	0	0.03483453595421748
2022-01-21	20970	20970	20875	20875	240	0.0038470786246693756
2022-01-24	20720	20720	20715	20715	2	-0.007664670658682593
2022-01-25	20470	20470	20470	20470	1	-0.011827178373159497
2022-01-26	20470	20470	20340	20340	7	-0.006350757205666802
2022-01-27	20380	20380	20115	20180	13	-0.007866273352999054
2022-01-28	20125	20125	20125	20125	0	-0.0027254707631317876
2022-02-03	20435	20655	20435	20560	3	0.021614906832298164
2022-02-04	20515	20515	20515	20515	0	-0.0021887159533073852
2022-02-07	20350	20350	20350	20350	0	-0.008042895442359255
2022-02-08	20260	20260	20260	20260	0	-0.004422604422604448
2022-02-09	20240	20240	20240	20240	0	-0.000987166831194486
2022-02-10	21680	21690	21680	21690	11	0.07164031620553368
2022-02-11	20980	20980	20980	20980	0	-0.03273397879207007
2022-02-14	20540	20540	20540	20540	2	-0.02097235462345093
2022-02-15	20705	20705	20705	20705	2	0.008033106134371915
2022-02-16	21025	21055	20980	21055	990	0.016904129437333992
2022-02-17	21105	21120	21020	21020	8	-0.0016623129897886946
2022-02-18	21080	21080	21080	21080	150	0.0028544243577546258
2022-02-21	21075	21075	21050	21050	46	-0.0014231499051233776
2022-02-22	20570	20570	20570	20570	978	-0.02280285035629459
2022-02-23	20835	20910	20835	20910	54	0.016528925619834656
2022-02-24	20395	20525	20395	20525	150	-0.01841224294595889
2022-02-25	20770	20770	20770	20770	1	0.01193666260657733
2022-02-28	20770	20770	20770	20770	0	0.0
2022-03-02	21450	21465	21230	21450	115	0.03273952816562353
2022-03-03	22290	22855	22290	22855	5	0.06550116550116547
2022-03-04	23340	24120	23120	24000	451	0.0500984467293808
2022-03-07	25460	25605	25255	25535	914	0.06395833333333334
2022-03-08	23045	24560	22700	24560	4824	-0.038182886234579994
2022-03-10	21275	21710	21250	21625	854	-0.11950325732899025
2022-03-11	21895	21895	21625	21625	142	0.0
2022-03-14	21475	21475	21290	21295	15485	-0.015260115606936409
2022-03-15	20535	20945	20535	20865	295	-0.020192533458558315
2022-03-16	20805	20865	20800	20865	103	0.0
2022-03-17	21665	21665	21550	21605	4067	0.035466091540858
2022-03-18	22505	22700	22365	22615	240	0.046748437861606096
2022-03-21	22490	22545	21985	21985	2498	-0.027857616626133064
2022-03-22	22430	22430	22340	22350	25	0.016602228792358398
2022-03-23	22345	22545	22345	22380	90	0.0013422818791946067
2022-03-24	23090	23090	23090	23090	0	0.03172475424486154
2022-03-25	22870	22870	22870	22870	5	-0.009527934170636687
2022-03-28	22110	22145	22040	22145	2257	-0.031700918233493636
2022-03-29	22570	22670	22560	22620	2308	0.021449537141567054
2022-03-30	22845	23115	22845	23115	451	0.021883289124668526
2022-03-31	22870	22870	22550	22625	104	-0.021198356045857625
2022-04-01	22625	22625	22560	22560	19	-0.0028729281767956305
2022-04-04	22370	22370	22290	22290	1875	-0.01196808510638303
2022-04-05	23220	23390	23220	23390	36	0.049349484073575534
2022-04-06	22895	22895	22800	22800	36	-0.025224454895254378
2022-04-07	22495	22495	22335	22335	26	-0.020394736842105243
2022-04-08	22435	22705	22435	22705	35	0.016565927915827228
2022-04-11	22430	22430	22430	22430	155	-0.012111869632239647
2022-04-12	21905	21920	21905	21920	80	-0.02273740526081136
2022-04-13	22670	22670	22670	22670	0	0.03421532846715336
2022-04-14	22670	22670	22670	22670	0	0.0
2022-04-15	22370	22370	22370	22370	95	-0.013233348037053339
2022-04-18	22885	22885	22875	22875	171	0.022574877067501165
2022-04-19	23105	23105	23105	23105	0	0.010054644808743074
2022-04-20	22285	22285	22285	22285	0	-0.03549015364639685
2022-04-21	21900	21900	21900	21900	0	-0.017276194749831775
2022-04-22	22275	22275	22275	22275	0	0.017123287671232834
2022-04-25	20645	20645	20645	20645	0	-0.07317620650953982
2022-04-26	20325	20325	20325	20325	0	-0.015500121094696007
2022-04-27	20210	20210	20210	20210	0	-0.00565805658056584
2022-04-28	19845	19845	19845	19845	0	-0.018060366155368657
2022-04-29	19565	19565	19565	19565	1	-0.014109347442680775
2022-05-02	19125	19125	18805	18805	192	-0.03884487605417841
2022-05-03	18755	18755	18755	18755	0	-0.0026588673225206305
2022-05-04	18490	18490	18490	18490	83	-0.01412956544921351
2022-05-06	18460	18460	18460	18460	0	-0.0016224986479177472
2022-05-09	17765	17765	17765	17765	0	-0.03764897074756235
2022-05-10	17495	17495	17495	17495	10	-0.015198423867154531
2022-05-11	17630	17785	17630	17785	7	0.01657616461846234
2022-05-12	17185	17185	17185	17185	0	-0.033736294630306474
2022-05-13	17020	17020	17020	17020	0	-0.00960139656677339
2022-05-16	17610	17610	17610	17610	8	0.03466509988249111
2022-05-17	17780	17780	17780	17780	0	0.009653605905735274
2022-05-18	17950	17950	17950	17950	16	0.009561304836895435
2022-05-19	17620	17620	17620	17620	0	-0.01838440111420614
2022-05-20	18440	18440	18440	18440	0	0.04653802497162318
2022-05-23	18560	18560	18560	18560	0	0.006507592190889477
2022-05-24	18580	18580	18580	18580	14	0.0010775862068965747
2022-05-25	18345	18345	18345	18345	0	-0.012648008611410133
2022-05-26	17800	17800	17800	17800	0	-0.029708367402561997
2022-05-27	18200	18200	18200	18200	0	0.022471910112359605
2022-05-30	18570	18615	18570	18605	12000	0.022252747252747174
2022-05-31	18930	18930	18930	18930	0	0.017468422467078693
2022-06-02	18845	18845	18845	18845	0	-0.00449022715266767
2022-06-03	20540	20540	20540	20540	0	0.08994428230299811
2022-06-07	19515	19515	19305	19305	113	-0.060126582278481
2022-06-08	19630	19655	19630	19655	2	0.018130018130018133
2022-06-09	19680	19680	19680	19680	4	0.0012719409819383909
2022-06-10	18975	18975	18975	18975	5	-0.035823170731707266
2022-06-13	17995	17995	17995	17995	0	-0.051646903820816825
2022-06-14	17940	17940	17940	17940	0	-0.003056404556821324
2022-06-15	17400	17600	17400	17600	11	-0.018952062430323324
2022-06-16	17530	17555	17530	17555	6	-0.002556818181818188
2022-06-17	16830	16830	16830	16830	0	-0.04129877527769865
2022-06-20	15970	15970	15970	15970	0	-0.051099227569815775
2022-06-21	15955	15955	15955	15955	0	-0.0009392611145898622
2022-06-22	15955	15955	15955	15955	0	0.0
2022-06-23	15015	15015	15015	15015	0	-0.0589157004073958
2022-06-24	14000	14110	14000	14005	5	-0.06726606726606732
2022-06-27	14085	14265	13955	13955	7280	-0.003570153516601171
2022-06-28	13995	13995	13945	13945	2	-0.0007165890361877647
2022-06-29	13950	13950	13700	13770	170	-0.012549300824668319
2022-06-30	14060	14135	14050	14075	235	0.02214960058097315
2022-07-01	13445	13445	12770	12770	241	-0.09271758436944932
2022-07-04	12660	12805	12620	12700	18	-0.005481597494126911
2022-07-05	12550	12550	12510	12510	11	-0.014960629921259794
2022-07-06	11610	11610	11290	11290	23	-0.09752198241406873
2022-07-07	11540	11540	11475	11475	21	0.016386182462356125
2022-07-08	12255	12450	11905	11905	81	0.037472766884531605
2022-07-11	11815	11815	11670	11670	169	-0.01973960520789586
2022-07-12	11370	11370	11370	11370	11	-0.02570694087403602
2022-07-13	10350	10565	10300	10490	75	-0.07739665787159189
2022-07-14	10650	10770	10470	10470	29	-0.0019065776930410339
