Date	Open	High	Low	Close	Volume	Change
2021-08-05	20155	20155	20150	20150	2	
2021-08-06	20015	20015	19985	19985	4	-0.008188585607940446
2021-08-09	18140	18585	18140	18560	799	-0.0713034776082061
2021-08-10	18420	18475	18420	18475	11	-0.004579741379310387
2021-08-11	18375	18375	18375	18375	0	-0.005412719891745632
2021-08-12	18860	18860	18855	18855	206	0.026122448979591928
2021-08-13	18870	18870	18870	18870	100	0.0007955449482894839
2021-08-17	19570	19570	19570	19570	100	0.037095919448860704
2021-08-18	19585	19670	19585	19660	61	0.004598875830352567
2021-08-19	19570	19570	19410	19415	837	-0.01246185147507628
2021-08-20	19440	19440	19440	19440	70	0.0012876641771826236
2021-08-23	19580	19580	19580	19580	0	0.007201646090535085
2021-08-24	20000	20000	19975	19975	30	0.020173646578141025
2021-08-25	19940	19940	19935	19935	21	-0.0020025031289111483
2021-08-26	19690	19690	19555	19555	33	-0.01906195134186106
2021-08-27	19985	19985	19985	19985	0	0.02198926105855281
2021-08-30	20295	20340	20295	20315	37	0.01651238428821622
2021-08-31	20120	20225	20120	20225	25	-0.0044302239724342
2021-09-01	20220	20260	20220	20260	6	0.001730531520395484
2021-09-02	20215	20215	20140	20140	74	-0.005923000987166804
2021-09-03	20095	20190	20090	20190	775	0.0024826216484608032
2021-09-06	20485	20485	20485	20485	0	0.014611193660227784
2021-09-07	20460	20465	20420	20420	25	-0.0031730534537466326
2021-09-08	19775	19810	19775	19810	16	-0.029872673849167475
2021-09-09	19610	19635	19610	19635	2	-0.00883392226148405
2021-09-10	19845	19845	19845	19845	12	0.010695187165775444
2021-09-13	19620	19620	19620	19620	0	-0.0113378684807256
2021-09-14	19685	19685	19685	19685	0	0.003312945973496406
2021-09-15	19890	19890	19890	19890	0	0.010414020828041659
2021-09-16	19625	19625	19625	19625	1	-0.013323278029160335
2021-09-17	18910	19015	18910	19015	13	-0.031082802547770738
2021-09-23	19035	19035	19035	19035	10	0.0010518012095714901
2021-09-24	18685	18765	18685	18765	15	-0.014184397163120588
2021-09-27	18900	18925	18900	18925	18	0.008526512123634422
2021-09-28	18710	18710	18710	18710	1	-0.011360634081902243
2021-09-29	18400	18415	18400	18415	2	-0.015766969535008002
2021-09-30	18295	18295	18295	18295	0	-0.0065164268259571
2021-10-01	18795	18795	18795	18795	2	0.027329871549603757
2021-10-05	19000	19000	19000	19000	10	0.010907156158552755
2021-10-06	18890	18895	18820	18820	7	-0.0094736842105263
2021-10-07	18930	18930	18930	18930	0	0.0058448459086077875
2021-10-08	18915	18915	18830	18910	16005	-0.0010565240359218242
2021-10-12	18755	18780	18715	18780	42003	-0.00687466948704385
2021-10-13	18945	18945	18930	18930	20	0.007987220447284393
2021-10-14	19610	19635	19525	19565	10012	0.03354463814051778
2021-10-15	19695	19695	19675	19675	2	0.005622284692052171
2021-10-18	19140	19140	18990	18990	10027	-0.03481575603557818
2021-10-19	19240	19240	19240	19240	5	0.01316482359136395
2021-10-20	19240	19240	19240	19240	0	0.0
2021-10-21	19460	19460	19460	19460	0	0.011434511434511352
2021-10-22	19435	19435	19435	19435	1	-0.001284686536485058
2021-10-25	19665	19765	19660	19740	1490	0.015693336763570986
2021-10-26	19905	19905	19870	19900	845	0.008105369807497542
2021-10-27	19640	19640	19500	19550	371	-0.017587939698492483
2021-10-28	19680	19835	19680	19835	313	0.014578005115089443
2021-10-29	19715	19715	19715	19715	0	-0.006049911772119998
2021-11-01	19395	19470	19370	19445	911	-0.01369515597260973
2021-11-02	19615	19645	19585	19610	419	0.008485471843661552
2021-11-03	19370	19400	19295	19345	1774	-0.013513513513513487
2021-11-04	19240	19245	19240	19245	1382	-0.0051692943913156375
2021-11-05	19640	19680	19640	19680	228	0.02260327357755254
2021-11-08	20070	20220	20070	20160	110	0.024390243902439046
2021-11-09	20320	20360	20255	20335	8569	0.00868055555555558
2021-11-10	20445	20445	20360	20360	288	0.001229407425620943
2021-11-11	20865	20935	20835	20935	50158	0.028241650294695386
2021-11-12	21100	21150	21035	21035	349	0.004776689754000474
2021-11-15	21165	21165	21055	21075	481	0.001901592583788858
2021-11-16	21190	21280	21190	21275	58	0.009489916963226541
2021-11-17	20860	20975	20860	20960	1058	-0.014806110458284394
2021-11-18	21300	21300	21255	21255	21	0.01407442748091614
2021-11-19	21150	21150	21150	21150	5	-0.004940014114325986
2021-11-22	20835	20835	20835	20835	4	-0.014893617021276562
2021-11-23	19930	19930	19865	19865	76	-0.04655627549796015
2021-11-24	19585	19585	19585	19585	5	-0.014095142209916922
2021-11-25	19505	19505	19505	19505	50	-0.004084758743936656
2021-11-26	19635	19700	19635	19700	75	0.00999743655472951
2021-11-29	19550	19610	19550	19610	6	-0.004568527918781706
2021-11-30	19370	19565	19370	19565	255	-0.002294747577766487
2021-12-01	19410	19410	19410	19410	5	-0.007922310247891695
2021-12-02	19200	19200	19200	19200	5	-0.010819165378670781
2021-12-03	19070	19115	19070	19115	6	-0.004427083333333304
2021-12-06	19310	19310	19290	19290	210	0.00915511378498568
2021-12-07	19285	19285	19285	19285	5	-0.00025920165889059543
2021-12-08	19380	19380	19380	19380	45	0.0049261083743843415
2021-12-09	19380	19380	19380	19380	0	0.0
2021-12-10	19060	19060	19060	19060	0	-0.016511867905056765
2021-12-13	19315	19315	19315	19315	0	0.013378803777544634
2021-12-14	19315	19315	19315	19315	1	0.0
2021-12-15	18985	18985	18985	18985	10	-0.017085166968677235
2021-12-16	19340	19340	19340	19340	10	0.018698972873321118
2021-12-17	19755	19755	19755	19755	0	0.021458117890382544
2021-12-20	19700	19700	19700	19700	0	-0.0027841052897999985
2021-12-21	19425	19425	19425	19425	0	-0.013959390862944177
2021-12-22	19395	19395	19395	19395	0	-0.001544401544401497
2021-12-23	19755	19810	19735	19810	14	0.02139726733694247
2021-12-24	19810	19810	19810	19810	0	0.0
2021-12-27	19850	19850	19835	19835	35	0.0012619888944978008
2021-12-28	19840	19840	19840	19840	70	0.0002520796571716666
2021-12-29	19810	19810	19810	19810	0	-0.0015120967741935054
2021-12-30	19675	19675	19610	19610	16	-0.010095911155981852
2022-01-03	20240	20280	20185	20185	67	0.02932177460479357
2022-01-04	19720	19720	19705	19705	8	-0.023780034679217188
2022-01-05	19915	19915	19915	19915	1	0.010657193605683846
2022-01-06	19680	19680	19680	19680	0	-0.011800150640220886
2022-01-07	19415	19460	19375	19375	213	-0.015497967479674801
2022-01-10	19395	19395	19395	19395	0	0.0010322580645161228
2022-01-11	19705	19750	19705	19750	12	0.018303686517143536
2022-01-12	20080	20080	20080	20080	2	0.016708860759493627
2022-01-13	20130	20200	20130	20200	271	0.005976095617529875
2022-01-14	20035	20035	20035	20035	181	-0.008168316831683176
2022-01-17	19925	19925	19915	19915	17	-0.005989518342899958
2022-01-18	20040	20040	20040	20040	56	0.0062766758724579486
2022-01-19	19895	19895	19895	19895	5	-0.007235528942115765
2022-01-20	20505	20505	20465	20465	24	0.028650414677054536
2022-01-21	20455	20455	20455	20455	1	-0.000488639139995084
2022-01-24	20315	20395	20315	20395	211	-0.0029332681495967128
2022-01-25	20515	20515	20515	20515	0	0.005883795047805895
2022-01-26	20645	20670	20645	20670	11	0.0075554472337313605
2022-01-27	19835	19835	19835	19835	0	-0.04039671020803093
2022-01-28	19515	19515	19495	19495	19	-0.017141416687673328
2022-02-03	19680	19740	19670	19690	3723	0.010002564760194899
2022-02-04	19685	19685	19685	19685	0	-0.0002539360081259545
2022-02-07	19740	19770	19740	19770	154	0.004318008636017279
2022-02-08	20000	20000	20000	20000	3	0.01163378856853825
2022-02-09	20160	20160	20160	20160	2	0.008000000000000007
2022-02-10	20235	20235	20235	20235	101	0.0037202380952381375
2022-02-11	20045	20045	20045	20045	0	-0.009389671361502372
2022-02-14	20860	20860	20700	20735	246	0.034422549264155666
2022-02-15	21125	21325	21125	21320	695	0.028213166144200663
2022-02-16	20690	20690	20685	20685	453	-0.029784240150093844
2022-02-17	21115	21245	21115	21245	3	0.027072758037224975
2022-02-18	21880	21880	21605	21605	145	0.016945163567898325
2022-02-21	21875	21905	21585	21585	533	-0.0009257116408238897
2022-02-22	22080	22080	21970	21975	349	0.018068102849200907
2022-02-23	21715	21715	21715	21715	0	-0.011831626848691656
2022-02-24	22020	22740	22020	22740	120	0.04720239465807041
2022-02-25	21920	22040	21920	22040	6	-0.030782761653474044
2022-02-28	22040	22040	21955	21955	215	-0.003856624319419244
2022-03-02	22740	22780	22570	22570	296	0.028011842404919163
2022-03-03	22435	22435	22410	22410	2	-0.007089056269384164
2022-03-04	22920	22920	22705	22705	101	0.013163766175814384
2022-03-07	23840	23910	23820	23820	251	0.04910812596344427
2022-03-08	23945	23945	23735	23735	70	-0.003568429890848046
2022-03-10	23850	23850	23570	23840	421	0.004423846639983076
2022-03-11	24010	24010	23715	23715	204	-0.005243288590604078
2022-03-14	23530	23530	23530	23530	1	-0.007800969850305761
2022-03-15	22500	22500	22500	22500	1	-0.043773905652358724
2022-03-16	22160	22160	22160	22160	200	-0.015111111111111075
2022-03-17	22590	22590	22510	22510	24	0.015794223826714804
2022-03-18	22510	22510	22510	22510	0	0.0
2022-03-21	22255	22255	22255	22255	0	-0.01132829853398487
2022-03-22	22525	22525	22525	22525	0	0.012132105144911254
2022-03-23	22140	22140	22140	22140	0	-0.017092119866814692
2022-03-24	22660	22660	22660	22660	0	0.023486901535682003
2022-03-25	23020	23020	23020	23020	0	0.015887025595763493
2022-03-28	22560	22560	22560	22560	0	-0.019982623805386623
2022-03-29	22215	22215	22215	22215	0	-0.015292553191489366
2022-03-30	22135	22135	22135	22135	20	-0.003601170380373664
2022-03-31	22195	22195	22195	22195	0	0.0027106392590918738
2022-04-01	22435	22435	22435	22435	0	0.010813246226627715
2022-04-04	22200	22200	22200	22200	0	-0.010474704702473803
2022-04-05	22315	22315	22315	22315	0	0.005180180180180072
2022-04-06	22080	22080	22080	22080	0	-0.010531032937486029
2022-04-07	22130	22130	22130	22130	0	0.0022644927536232817
2022-04-08	22285	22285	22285	22285	0	0.007004066877541737
2022-04-11	22545	22545	22545	22545	0	0.011667040610275903
2022-04-12	22920	22920	22920	22920	0	0.016633399866932796
2022-04-13	23260	23260	23260	23260	1	0.014834205933682343
2022-04-14	23375	23375	23300	23300	13	0.0017196904557179593
2022-04-15	23300	23300	23300	23300	0	0.0
2022-04-18	23675	23675	23675	23675	0	0.016094420600858417
2022-04-19	23425	23425	23425	23425	6	-0.010559662090813049
2022-04-20	22530	22530	22530	22530	0	-0.03820704375667028
2022-04-21	22710	22710	22710	22710	0	0.007989347536617952
2022-04-22	22715	22715	22700	22700	40	-0.00044033465433734875
2022-04-25	21925	21925	21925	21925	0	-0.03414096916299558
2022-04-26	21600	21660	21600	21660	51	-0.012086659064994287
2022-04-27	21605	21605	21605	21605	0	-0.0025392428439520165
2022-04-28	21160	21160	20975	21010	72	-0.02753992131451055
2022-04-29	21605	21605	21605	21605	1	0.02831984769157536
2022-05-02	21260	21260	21260	21260	0	-0.01596852580421204
2022-05-03	20595	20595	20595	20595	0	-0.0312793979303857
2022-05-04	20710	20710	20710	20710	20	0.0055838795824230125
2022-05-06	20990	20990	20990	20990	23	0.013520038628681785
2022-05-09	20905	20905	20905	20905	0	-0.0040495474035254775
2022-05-10	20445	20445	20445	20445	47	-0.022004305190145845
2022-05-11	20210	20210	20210	20210	0	-0.011494252873563204
2022-05-12	20375	20375	20375	20375	0	0.00816427511133111
2022-05-13	19800	19855	19800	19855	24	-0.025521472392638023
2022-05-16	19615	19615	19615	19615	2	-0.012087635356333393
2022-05-17	19830	19830	19830	19830	0	0.010960999235279045
2022-05-18	19570	19570	19465	19465	23	-0.018406454866364053
2022-05-19	19505	19505	19505	19505	0	0.002054970459799632
2022-05-20	20210	20210	20210	20210	0	0.03614457831325302
2022-05-23	20245	20370	20245	20370	12	0.007916872835230127
2022-05-24	20370	20370	20370	20370	0	0.0
2022-05-25	20430	20430	20430	20430	0	0.002945508100147265
2022-05-26	20235	20235	20235	20235	0	-0.009544787077826689
2022-05-27	20300	20300	20300	20300	0	0.0032122559920928495
2022-05-30	20535	20535	20535	20535	0	0.011576354679802892
2022-05-31	20405	20405	20405	20405	0	-0.006330654979303629
2022-06-02	20210	20210	20210	20210	23	-0.009556481254594407
2022-06-03	20645	20645	20645	20645	0	0.021523998020781754
2022-06-07	20070	20070	20070	20070	25	-0.02785178009203193
2022-06-08	20190	20190	20190	20190	1	0.005979073243647326
2022-06-09	20290	20290	20290	20290	1	0.004952947003467045
2022-06-10	20175	20175	20175	20175	0	-0.005667816658452396
2022-06-13	20870	20870	20740	20740	44	0.028004956629491984
2022-06-14	19800	19800	19800	19800	0	-0.045323047251687565
2022-06-15	19600	19600	19600	19600	0	-0.010101010101010055
2022-06-16	19800	19800	19800	19800	0	0.010204081632652962
2022-06-17	20160	20160	20160	20160	0	0.018181818181818077
2022-06-20	20085	20085	20085	20085	0	-0.0037202380952381375
2022-06-21	19940	19940	19940	19940	0	-0.0072193178989296
2022-06-22	19790	19790	19790	19790	1	-0.0075225677031093285
2022-06-23	19865	19865	19865	19865	5	0.0037897928246588553
2022-06-24	19670	19670	19670	19670	0	-0.009816259753335
2022-06-27	19840	19840	19840	19840	3	0.008642602948652822
2022-06-28	19770	19770	19770	19770	0	-0.0035282258064516236
2022-06-29	19595	19595	19595	19595	0	-0.008851795649974736
2022-06-30	19525	19525	19500	19500	5	-0.00484817555498851
2022-07-01	19290	19290	19290	19290	1	-0.010769230769230753
2022-07-04	19290	19290	19290	19290	150	0.0
2022-07-05	19300	19300	19300	19300	0	0.0005184033177811909
2022-07-06	18445	18445	18365	18365	39	-0.04844559585492225
2022-07-07	17840	17910	17790	17910	176	-0.024775387966240126
2022-07-08	17900	17900	17900	17900	10	-0.0005583472920156485
2022-07-11	17845	17845	17845	17845	0	-0.0030726256983240052
2022-07-12	17615	17615	17520	17520	20	-0.018212384421406602
2022-07-13	17540	17540	17540	17540	10	0.0011415525114155667
2022-07-14	17645	17645	17645	17645	1	0.005986316989737839
