Date	Open	High	Low	Close	Volume	Change
2021-10-21	10070	10125	9970	9970	36010	
2021-10-22	10000	10135	9955	10050	234006	0.008024072216650024
2021-10-25	10015	10015	9955	10000	120007	-0.00497512437810943
2021-10-26	10120	10235	10110	10215	26054	0.021500000000000075
2021-10-27	10260	10260	10210	10225	99326	0.0009789525208028227
2021-10-28	10195	10195	10185	10185	9	-0.003911980440097773
2021-10-29	10135	10135	10055	10055	99394	-0.012763868433971481
2021-11-01	10070	10115	10040	10115	59616	0.005967180507210346
2021-11-02	10150	10150	10130	10130	2	0.0014829461196244065
2021-11-03	10215	10245	10190	10245	19908	0.011352418558736366
2021-11-04	10360	10360	10345	10345	2	0.009760858955587981
2021-11-05	10280	10280	10265	10265	2	-0.007733204446592534
2021-11-08	10325	10325	10245	10285	59286	0.00194836824159772
2021-11-09	10295	10320	10295	10300	4	0.001458434613514914
2021-11-10	10310	10310	10295	10295	2	-0.0004854368932039055
2021-11-11	10030	10115	10015	10100	4	-0.018941233608547825
2021-11-12	10245	10350	10200	10350	19616	0.024752475247524774
2021-11-15	10490	10490	10470	10470	2	0.011594202898550732
2021-11-16	10595	10595	10575	10575	2	0.01002865329512903
2021-11-17	10725	10725	10710	10710	2	0.012765957446808418
2021-11-18	10530	10530	10515	10515	2	-0.018207282913165312
2021-11-19	10585	10700	10570	10695	19778	0.017118402282453538
2021-11-22	10730	10730	10700	10700	2	0.0004675081813931836
2021-11-23	10520	10520	10490	10490	2	-0.01962616822429908
2021-11-24	10420	10420	10400	10400	2	-0.008579599618684486
2021-11-25	10470	10470	10455	10455	2	0.005288461538461631
2021-11-26	10385	10395	10280	10280	19660	-0.016738402678144415
2021-11-29	10260	10260	10245	10245	2	-0.003404669260700377
2021-11-30	10395	10405	10185	10185	9234	-0.005856515373352855
2021-12-01	10210	10210	9965	10160	18528	-0.002454590083456054
2021-12-02	10080	10080	10050	10050	2	-0.010826771653543288
2021-12-03	10150	10205	10120	10205	22	0.015422885572139222
2021-12-06	10260	10260	10230	10230	2	0.002449779519843265
2021-12-07	10220	10220	10190	10190	2	-0.003910068426197455
2021-12-08	10435	10495	10405	10495	10002	0.029931305201177594
2021-12-09	10595	10595	10565	10565	2	0.006669842782277335
2021-12-10	10650	10650	10620	10620	2	0.005205868433506788
2021-12-13	10510	10510	10480	10480	2	-0.013182674199623379
2021-12-14	10345	10345	10315	10315	2	-0.015744274809160297
2021-12-15	10320	10320	10290	10290	2	-0.002423654871546277
2021-12-16	10455	10455	10425	10425	2	0.013119533527696792
2021-12-17	10425	10425	10395	10395	2	-0.0028776978417266452
2021-12-20	10325	10325	10295	10295	2	-0.00962000962000964
2021-12-21	10385	10385	10355	10365	3	0.006799417192812074
2021-12-22	10465	10465	10435	10435	2	0.006753497346840387
2021-12-23	10465	10470	10430	10470	3	0.0033540967896501517
2021-12-24	10480	10515	10450	10515	3	0.004297994269341077
2021-12-27	10450	10540	10420	10540	202	0.002377555872562942
2021-12-28	10650	10650	10620	10620	2	0.007590132827324458
2021-12-29	10875	10890	10845	10890	3	0.025423728813559254
2021-12-30	10720	10725	10690	10725	102	-0.015151515151515138
2022-01-03	10710	10710	10710	10710	0	-0.0013986013986013734
2022-01-04	10700	10700	10670	10670	2	-0.0037348272642390157
2022-01-05	10410	10410	10380	10380	2	-0.027179006560449914
2022-01-06	10150	10150	10120	10120	2	-0.025048169556840083
2022-01-07	10035	10040	10005	10040	3	-0.007905138339920903
2022-01-10	9955	9955	9925	9925	2	-0.01145418326693226
2022-01-11	9930	9930	9900	9900	2	-0.0025188916876573986
2022-01-12	9965	9965	9935	9935	2	0.0035353535353535026
2022-01-13	10070	10070	10040	10040	2	0.010568696527428312
2022-01-14	9755	9755	9725	9725	2	-0.031374501992031845
2022-01-17	9735	9735	9705	9705	2	-0.0020565552699228773
2022-01-18	9740	9740	9710	9710	2	0.0005151983513653757
2022-01-19	9475	9475	9445	9445	2	-0.027291452111225523
2022-01-20	9440	9440	9410	9410	2	-0.0037056643726839367
2022-01-21	9565	9565	9535	9545	4	0.014346439957491963
2022-01-24	9455	9455	9425	9425	2	-0.012572027239392325
2022-01-25	9355	9355	9080	9080	22	-0.036604774535809015
2022-01-26	9170	9170	9140	9140	2	0.0066079295154184425
2022-01-27	8555	8555	8555	8555	0	-0.06400437636761491
2022-01-28	8605	8605	8575	8575	2	0.0023378141437755406
2022-02-03	8970	8970	8935	8965	153	0.045481049562682285
2022-02-04	8990	8990	8955	8955	2	-0.001115448968209698
2022-02-07	9015	9015	8980	8980	2	0.0027917364600782424
2022-02-08	8990	8990	8955	8955	2	-0.0027839643652560753
2022-02-09	8985	8985	8950	8950	2	-0.0005583472920156485
2022-02-10	9125	9125	8930	8930	115	-0.0022346368715083775
2022-02-11	8720	8720	8685	8700	3	-0.025755879059350506
2022-02-14	8510	8510	8475	8475	4	-0.025862068965517238
2022-02-15	8560	8560	8525	8525	2	0.005899705014749346
2022-02-16	8595	8595	8560	8560	2	0.004105571847507372
2022-02-17	8795	8795	8685	8685	2486	0.014602803738317682
2022-02-18	8595	8790	8545	8750	102	0.007484168105929667
2022-02-21	8660	8790	8610	8790	102	0.004571428571428671
2022-02-22	8665	8665	8615	8615	3	-0.019908987485779295
2022-02-23	8825	8825	8770	8825	14	0.024376088218224012
2022-02-24	8720	8720	8680	8680	2	-0.01643059490084986
2022-02-25	8770	8770	8730	8730	2	0.005760368663594528
2022-02-28	8810	8810	8770	8770	2	0.004581901489117968
2022-03-02	8960	9065	8920	9065	12	0.033637400228050174
2022-03-03	9185	9280	9145	9280	226	0.02371759514616656
2022-03-04	9195	9195	9095	9095	4	-0.019935344827586188
2022-03-07	8845	8845	8805	8805	2	-0.03188565145684441
2022-03-08	8720	8860	8680	8860	3	0.006246450880181609
2022-03-10	8795	8795	8755	8755	2	-0.011851015801354392
2022-03-11	9125	9125	9085	9125	3	0.04226156482010279
2022-03-14	9150	9150	9110	9110	2	-0.0016438356164383272
2022-03-15	8830	8830	8790	8790	2	-0.035126234906695974
2022-03-16	9040	9040	9000	9000	2	0.023890784982935065
2022-03-17	9335	9415	9295	9400	82	0.04444444444444451
2022-03-18	9405	9405	9365	9365	2	-0.0037234042553191404
2022-03-21	9530	9530	9490	9490	2	0.013347570742124892
2022-03-22	9320	9320	9280	9280	2	-0.02212855637513167
2022-03-23	9500	9500	9460	9460	2	0.0193965517241379
2022-03-24	9410	9410	9370	9370	2	-0.009513742071881603
2022-03-25	9490	9490	9450	9450	2	0.008537886872998834
2022-03-28	9365	9365	9325	9325	2	-0.013227513227513255
2022-03-29	9400	9400	9360	9360	2	0.0037533512064342744
2022-03-30	9520	9520	9480	9480	2	0.012820512820512775
2022-03-31	9500	9500	9460	9460	2	-0.002109704641350185
2022-04-01	9465	9465	9425	9425	2	-0.0036997885835095
2022-04-04	9450	9450	9365	9365	2	-0.006366047745358094
2022-04-05	9600	9600	9520	9520	22	0.016550987720235
2022-04-06	9480	9480	9410	9410	2	-0.011554621848739455
2022-04-07	9355	9355	9285	9285	2	-0.013283740701381497
2022-04-08	9400	9400	9330	9330	2	0.004846526655896577
2022-04-11	9370	9370	9300	9300	2	-0.003215434083601254
2022-04-12	9120	9120	9050	9050	3	-0.026881720430107503
2022-04-13	9180	9180	9110	9110	2	0.006629834254143541
2022-04-14	9340	9340	9270	9305	5	0.02140504939626786
2022-04-15	9225	9225	9225	9225	0	-0.008597528210639416
2022-04-18	9165	9165	9120	9120	2	-0.011382113821138184
2022-04-19	9270	9305	9225	9305	4	0.020285087719298156
2022-04-20	9360	9360	9315	9315	2	0.0010746910263299547
2022-04-21	9350	9350	9305	9305	2	-0.0010735373054213682
2022-04-22	9160	9160	9115	9120	4	-0.01988178398710372
2022-04-25	9005	9005	8960	8960	2	-0.01754385964912286
2022-04-26	9015	9015	8970	8970	2	0.0011160714285713969
2022-04-27	8860	8860	8815	8815	2	-0.01727982162764774
2022-04-28	8970	8970	8925	8925	2	0.012478729438457181
2022-04-29	8875	8875	8830	8830	2	-0.010644257703081195
2022-05-02	8955	8955	8910	8910	2	0.009060022650056565
2022-05-03	9030	9030	8985	8985	2	0.008417508417508435
2022-05-04	9115	9115	9070	9070	2	0.009460211463550472
2022-05-06	8860	8860	8815	8815	2	-0.02811466372657112
2022-05-09	8715	8715	8670	8670	2	-0.016449234259784506
2022-05-10	8430	8430	8385	8385	2	-0.03287197231833905
2022-05-11	8440	8440	8395	8395	2	0.0011926058437685683
2022-05-12	8540	8540	8495	8495	2	0.011911852293031489
2022-05-13	8465	8465	8420	8420	2	-0.008828722778104758
2022-05-16	8800	8800	8755	8755	2	0.039786223277909816
2022-05-17	8670	8670	8625	8625	2	-0.014848657909765861
2022-05-18	8890	8890	8845	8845	2	0.025507246376811565
2022-05-19	8660	8660	8615	8615	2	-0.026003391746749593
2022-05-20	8900	8900	8855	8855	2	0.02785838653511319
2022-05-23	9085	9085	9040	9040	2	0.020892151326934005
2022-05-24	9065	9065	9020	9020	2	-0.0022123893805309214
2022-05-25	8935	8935	8890	8890	2	-0.014412416851441234
2022-05-26	9030	9030	8985	8985	2	0.010686164229471329
2022-05-27	8985	8985	8985	8985	0	0.0
2022-05-30	9070	9070	9025	9025	2	0.004451864218141255
2022-05-31	9095	9095	9050	9050	2	0.0027700831024930483
2022-06-02	9095	9095	9050	9050	2	0.0
2022-06-03	9190	9190	9140	9140	2	0.009944751381215422
2022-06-07	8985	8985	8935	8935	2	-0.0224288840262582
2022-06-08	8910	8910	8780	8780	4734	-0.01734750979294908
2022-06-09	8790	8790	8740	8740	2	-0.004555808656036442
2022-06-10	8790	8790	8740	8740	2	0.0
2022-06-13	8605	8605	8555	8555	2	-0.021167048054919868
2022-06-14	8285	8285	8235	8235	2	-0.037405026300409094
2022-06-15	8460	8460	8410	8410	2	0.021250758955676963
2022-06-16	8370	8370	8320	8320	2	-0.010701545778834753
2022-06-17	8110	8110	8060	8060	2	-0.03125
2022-06-20	8305	8305	8255	8255	2	0.024193548387096753
2022-06-21	8100	8100	8020	8020	3	-0.028467595396729273
2022-06-22	8130	8130	8080	8080	2	0.007481296758104827
2022-06-23	7850	7850	7800	7800	2	-0.034653465346534684
2022-06-24	7650	7650	7600	7600	2	-0.02564102564102566
2022-06-27	8105	8105	8055	8055	3	0.05986842105263168
2022-06-28	8120	8120	8070	8070	2	0.0018621973929235924
2022-06-29	7875	7875	7825	7825	2	-0.030359355638166052
2022-06-30	7830	7830	7780	7790	14	-0.004472843450479269
2022-07-01	7770	7770	7720	7720	2	-0.00898587933247752
2022-07-04	7535	7535	7485	7485	3	-0.030440414507772018
2022-07-05	7585	7585	7535	7535	2	0.006680026720106813
2022-07-06	7780	7780	7730	7730	2	0.02587923025879224
2022-07-07	7790	7790	7740	7740	2	0.001293661060802087
2022-07-08	7965	7965	7915	7915	2	0.022609819121446995
2022-07-11	7970	7970	7920	7920	2	0.0006317119393557391
2022-07-12	7890	7890	7840	7840	2	-0.010101010101010055
2022-07-13	7805	7805	7755	7755	2	-0.010841836734693855
2022-07-14	7955	7955	7905	7905	2	0.01934235976789167
