Date	Open	High	Low	Close	Volume	Change
2021-06-02	9225	9225	9225	9225	0	
2021-06-03	9490	9490	9490	9490	1	0.02872628726287263
2021-06-04	9890	9890	9890	9890	0	0.04214963119072701
2021-06-07	9595	9740	9335	9740	9652	-0.015166835187057637
2021-06-08	10180	10180	10180	10180	0	0.045174537987679564
2021-06-09	10135	10220	10125	10220	3	0.003929273084479323
2021-06-10	10135	10135	10135	10135	0	-0.008317025440313097
2021-06-11	10030	10030	9915	9915	44	-0.021706956092747864
2021-06-14	10060	10060	10060	10060	0	0.014624306606152215
2021-06-15	10210	10210	10210	10210	0	0.01491053677932408
2021-06-16	10365	10365	10350	10350	503	0.013712047012732542
2021-06-17	10500	10500	10500	10500	502	0.01449275362318847
2021-06-18	10165	10205	10165	10205	2	-0.028095238095238062
2021-06-21	10215	10370	10215	10225	1762	0.0019598236158746563
2021-06-22	10615	10615	10615	10615	0	0.038141809290953566
2021-06-23	10455	10455	10280	10280	1202	-0.031559114460668836
2021-06-24	10020	10020	10020	10020	1200	-0.02529182879377434
2021-06-25	9620	9620	9525	9540	300	-0.04790419161676651
2021-06-28	9500	9500	9500	9500	100	-0.004192872117400381
2021-06-29	9440	9675	9440	9675	600	0.018421052631578894
2021-06-30	9600	9605	9600	9605	222	-0.007235142118863003
2021-07-01	9720	9720	9720	9720	0	0.011972930765226542
2021-07-02	9875	10350	9875	10350	112	0.06481481481481488
2021-07-05	10350	10920	10350	10920	448	0.05507246376811592
2021-07-06	11105	11105	11105	11105	0	0.01694139194139188
2021-07-07	11380	11380	11380	11380	0	0.02476361999099508
2021-07-08	12035	12035	12035	12035	0	0.05755711775043926
2021-07-09	12200	12360	12200	12360	2	0.02700457000415457
2021-07-12	11440	11600	11400	11600	530	-0.06148867313915862
2021-07-13	11435	11435	10865	11105	8278	-0.04267241379310349
2021-07-14	11120	11150	11010	11075	473	-0.0027014858171994227
2021-07-15	10990	10990	10935	10935	651	-0.012641083521444663
2021-07-16	11110	11160	10960	10980	1478	0.004115226337448652
2021-07-19	11275	11660	11275	11660	130	0.06193078324225865
2021-07-20	11905	12185	11900	12185	115	0.045025728987993174
2021-07-21	11910	12085	11865	12085	602	-0.008206811653672541
2021-07-22	11720	11750	11585	11675	2004	-0.033926354985519214
2021-07-23	11960	11960	11960	11960	2	0.02441113490364022
2021-07-26	12930	14010	12930	13685	2822	0.14423076923076916
2021-07-27	14285	15470	13835	15470	7668	0.13043478260869557
2021-07-28	15745	16325	14805	15115	26089	-0.022947640594699448
2021-07-29	13655	13655	12575	12890	36636	-0.1472047634799868
2021-07-30	12915	13810	12910	13575	104733	0.053141970519782866
2021-08-02	13350	13665	13085	13235	57930	-0.025046040515653734
2021-08-03	13035	14115	12980	13475	73101	0.01813373630525117
2021-08-04	13610	13760	12460	12840	114847	-0.04712430426716141
2021-08-05	12845	13385	12690	13385	70535	0.04244548286604366
2021-08-06	13195	13540	13180	13295	73930	-0.006723944714232322
2021-08-09	13590	13935	13235	13465	60605	0.012786761940579261
2021-08-10	13265	13520	13030	13030	44428	-0.03230597846268102
2021-08-11	13190	13625	12770	13050	75413	0.0015349194167306734
2021-08-12	13075	13495	13055	13445	133460	0.030268199233716375
2021-08-13	13730	14250	13690	14235	524134	0.05875790256600966
2021-08-17	15110	15995	15025	15935	367466	0.11942395504039349
2021-08-18	15105	15910	15105	15615	384183	-0.020081581424537198
2021-08-19	15940	16500	15625	16500	183507	0.0566762728146013
2021-08-20	16630	18240	16350	17450	635558	0.05757575757575761
2021-08-23	17255	17255	15925	16540	58332	-0.05214899713467047
2021-08-24	16035	16105	14625	14855	210292	-0.10187424425634828
2021-08-25	13815	14385	13380	14320	132607	-0.0360148098283406
2021-08-26	14330	15105	14150	15000	130295	0.04748603351955305
2021-08-27	14840	14915	14185	14780	133764	-0.014666666666666717
2021-08-30	14655	14940	14270	14595	70745	-0.012516914749661656
2021-08-31	14355	14805	13645	13730	114015	-0.0592668722165125
2021-09-01	13385	13435	12715	12920	119224	-0.05899490167516386
2021-09-02	12565	12810	12165	12750	268670	-0.013157894736842146
2021-09-03	12690	12990	12645	12945	65279	0.015294117647058902
2021-09-06	12890	13045	12630	12735	79126	-0.016222479721900385
2021-09-07	12605	12665	12040	12155	120937	-0.0455437769925402
2021-09-08	12040	12600	12040	12455	58603	0.0246812011517894
2021-09-09	12850	13400	12815	13345	58649	0.07145724608590931
2021-09-10	13205	13385	12755	12840	76144	-0.03784188834769575
2021-09-13	12700	13710	12700	13530	39122	0.053738317757009435
2021-09-14	13400	13685	13195	13680	32832	0.011086474501108556
2021-09-15	14150	14565	14030	14515	32369	0.06103801169590639
2021-09-16	14535	15190	14335	15190	55760	0.04650361694798488
2021-09-17	14630	14960	13755	13935	108054	-0.08262014483212643
2021-09-23	14515	14730	13845	14625	35041	0.049515608180839665
2021-09-24	14505	14815	14310	14730	10204	0.007179487179487243
2021-09-27	15380	15495	14700	15205	64275	0.03224711473183972
2021-09-28	15250	15290	14520	14785	16106	-0.027622492601118043
2021-09-29	15335	15825	15100	15150	34913	0.024687182955698272
2021-09-30	15570	15810	15290	15385	15394	0.0155115511551156
2021-10-01	15445	15740	15445	15725	12865	0.022099447513812098
2021-10-05	16600	16890	16150	16310	58230	0.037201907790143096
2021-10-06	15740	16695	15740	16590	199030	0.01716738197424883
2021-10-07	16260	16375	15205	15270	80282	-0.07956600361663657
2021-10-08	14355	15255	14330	15020	78308	-0.016371971185330736
2021-10-12	14445	14850	14360	14850	71638	-0.011318242343541951
2021-10-13	14905	14905	14815	14830	1014	-0.0013468013468013185
2021-10-14	14695	14695	14430	14430	913	-0.02697235333782877
2021-10-15	14355	14575	14185	14270	80651	-0.011088011088011052
2021-10-18	14115	14640	14105	14640	118159	0.02592852137351076
2021-10-19	13820	13980	13285	13285	58216	-0.0925546448087432
2021-10-20	12775	12890	12225	12355	151919	-0.0700037636432066
2021-10-21	12350	12945	12315	12800	67266	0.036017806556050136
2021-10-22	12540	12655	12055	12190	193605	-0.047656249999999956
2021-10-25	12305	12410	11965	12030	38527	-0.01312551271534046
2021-10-26	12060	12530	11925	12530	99778	0.04156275976724855
2021-10-27	12875	13370	12865	13350	38682	0.06544293695131675
2021-10-28	12945	13220	12855	13180	17334	-0.012734082397003799
2021-10-29	13220	13525	13185	13415	22148	0.01783004552352052
2021-11-01	13760	14150	12815	13950	34567	0.039880730525531094
2021-11-02	13265	13660	12885	13660	57850	-0.02078853046594986
2021-11-03	13950	14375	13720	14240	159845	0.04245973645680823
2021-11-04	13840	13870	13540	13780	95644	-0.032303370786516905
2021-11-05	13965	14615	13735	13895	116661	0.00834542815674899
2021-11-08	14430	14570	14275	14425	24090	0.03814321698452683
2021-11-09	14030	14405	14005	14220	64433	-0.014211438474870053
2021-11-10	14330	14515	14000	14185	7719	-0.0024613220815752346
2021-11-11	13990	13990	13285	13285	40912	-0.0634473034896017
2021-11-12	12620	12890	12530	12810	28440	-0.03575461046292816
2021-11-15	12560	12660	12425	12515	25463	-0.023028883684621415
2021-11-16	12670	12690	12105	12205	66184	-0.024770275669196984
2021-11-17	12310	12605	12310	12380	26169	0.014338385907415097
2021-11-18	12800	13060	12790	13055	15132	0.05452342487883688
2021-11-19	13435	13575	13210	13280	9991	0.017234775947912784
2021-11-22	13465	13465	13205	13410	6518	0.009789156626506035
2021-11-23	13845	13880	13710	13795	1072	0.028709917971663
2021-11-24	13890	13910	13600	13600	9069	-0.01413555636100039
2021-11-25	13970	13970	13625	13625	4944	0.0018382352941177516
2021-11-26	13575	14385	13575	14315	11965	0.050642201834862455
2021-11-29	14810	14995	14170	14785	9348	0.032832692979392286
2021-11-30	14865	15490	14585	15290	15860	0.03415623943185664
2021-12-01	15075	15310	14440	14620	28779	-0.04381948986265538
2021-12-02	15100	15150	14790	14960	53544	0.023255813953488413
2021-12-03	15495	15805	15220	15375	14671	0.02774064171123003
2021-12-06	16205	16495	15955	16480	3403	0.07186991869918691
2021-12-07	15625	15910	15385	15450	13189	-0.0625
2021-12-08	14965	14980	14670	14840	21445	-0.039482200647249166
2021-12-09	14725	14735	14150	14260	15293	-0.03908355795148244
2021-12-10	14500	14705	14215	14705	4494	0.031206171107994285
2021-12-13	14700	14700	14035	14475	36792	-0.01564093845630743
2021-12-14	14930	15410	14895	15340	12341	0.059758203799654686
2021-12-15	15430	15800	15285	15800	15576	0.02998696219035213
2021-12-16	15590	16400	15535	15975	36158	0.011075949367088667
2021-12-17	16045	16510	16040	16425	13877	0.028169014084507005
2021-12-20	16270	17585	16270	17585	1831	0.0706240487062404
2021-12-21	17685	17875	17170	17260	18893	-0.018481660506113218
2021-12-22	16360	16720	16160	16675	20290	-0.033893395133256066
2021-12-23	16080	16980	16080	16700	18854	0.0014992503748125774
2021-12-24	16250	16930	16250	16930	6941	0.01377245508982039
2021-12-27	16850	16850	16620	16620	185	-0.018310691080921426
2021-12-28	16630	17320	16525	17045	13436	0.025571600481347767
2021-12-29	17440	17735	17210	17735	4193	0.04048107949545332
2021-12-30	17365	18000	17260	17950	3112	0.012122920778122381
2022-01-03	16160	17950	16045	16630	52148	-0.07353760445682456
2022-01-04	16450	17160	16450	16970	21638	0.020444978953698234
2022-01-05	17605	18425	17595	18340	12586	0.08073070123747783
2022-01-06	18195	19155	18030	18855	16353	0.028080697928026144
2022-01-07	17780	18145	17565	17565	8494	-0.06841686555290372
2022-01-10	17535	17565	16625	16810	25037	-0.042983205237688615
2022-01-11	16935	16990	16370	16675	23607	-0.008030933967876241
2022-01-12	15750	15910	15185	15240	19090	-0.08605697151424285
2022-01-13	14665	15660	14665	15610	23923	0.024278215223097144
2022-01-14	16000	16395	15795	15845	15012	0.015054452274183117
2022-01-17	15840	16090	15630	15935	5914	0.005680025244556575
2022-01-18	15750	15900	15200	15740	32521	-0.012237213680577397
2022-01-19	15870	16440	15695	16420	6675	0.043202033036848775
2022-01-20	15905	16190	14955	14955	50645	-0.0892204628501827
2022-01-21	14905	15290	14770	15170	23551	0.01437646272149773
2022-01-24	15530	15815	15530	15705	8915	0.035266974291364495
2022-01-25	16630	16630	16065	16580	15902	0.05571474052849412
2022-01-26	16415	16720	16035	16495	5393	-0.0051266586248491786
2022-01-27	16690	17985	16690	17915	28253	0.08608669293725368
2022-01-28	17895	18705	17785	18120	7625	0.01144292492324861
2022-02-03	17120	17360	16790	16900	3022	-0.06732891832229582
2022-02-04	17060	17060	16280	16330	1874	-0.03372781065088759
2022-02-07	16380	16940	16265	16770	11965	0.026944274341702323
2022-02-08	16755	17380	16755	17105	6536	0.01997614788312463
2022-02-09	16490	16490	15795	15885	9540	-0.07132417421806492
2022-02-10	15405	16100	15335	15850	7173	-0.00220333648095683
2022-02-11	15705	16440	15705	16335	2586	0.030599369085173578
2022-02-14	16690	16775	16535	16590	1385	0.015610651974288237
2022-02-15	16945	16945	16350	16735	11284	0.00874020494273653
2022-02-16	15850	16170	15850	16115	2140	-0.037048102778607706
2022-02-17	15750	16145	15660	15875	369	-0.014892956872479046
2022-02-18	15850	16650	15780	15820	3450	-0.003464566929133883
2022-02-21	17105	17335	16840	17335	4259	0.09576485461441209
2022-02-22	18330	18590	17845	18455	4488	0.0646091721949813
2022-02-23	18175	18175	17580	17620	7265	-0.04524519100514768
2022-02-24	18635	19445	18320	19445	9981	0.10357548240635639
2022-02-25	19245	19245	18400	18880	5314	-0.02905631267678066
2022-02-28	19445	19760	19215	19305	854	0.02251059322033888
2022-03-02	19380	19445	18960	19445	28809	0.007252007252007253
2022-03-03	19605	20295	19605	20295	4571	0.04371303677037797
2022-03-04	21410	22195	20220	22195	2848	0.09361911800936196
2022-03-07	23880	25365	23810	24135	3653	0.08740707366523992
2022-03-08	25175	26165	24190	26165	1299	0.08411021338305358
2022-03-10	26165	26165	23955	25745	3789	-0.016051977832982955
2022-03-11	25700	30030	25700	28010	13423	0.08797824820353473
2022-03-14	29440	32480	29440	32060	12078	0.14459121742234915
2022-03-15	34625	39070	32985	37910	28975	0.1824703680598878
2022-03-16	39900	39955	25245	25740	27667	-0.3210234766552361
2022-03-17	19225	20000	17000	18625	141037	-0.2764180264180264
2022-03-18	18630	20370	18430	18430	39332	-0.010469798657718132
2022-03-21	17260	19520	17260	19345	44492	0.04964731416169288
2022-03-22	19360	19360	17990	18265	14879	-0.05582837942620833
2022-03-23	17505	17900	15650	16280	54996	-0.10867779906925812
2022-03-24	16770	17100	16455	17040	17395	0.04668304668304679
2022-03-25	17220	19430	17220	19275	35056	0.131161971830986
2022-03-28	19275	20000	17695	18865	13804	-0.021271076523994847
2022-03-29	17805	18090	17440	17685	20713	-0.06254969520275644
2022-03-30	16510	17235	16510	16870	9965	-0.04608425219112244
2022-03-31	17000	17785	16980	17660	4424	0.04682868998221701
2022-04-01	17925	18945	17925	18200	3205	0.0305775764439411
2022-04-04	16700	17550	15925	16065	17169	-0.11730769230769234
2022-04-05	15505	15795	15505	15720	2508	-0.02147525676937445
2022-04-06	16500	17125	16200	16905	5155	0.07538167938931295
2022-04-07	17385	17860	16685	17560	6984	0.03874593315587105
2022-04-08	17570	18900	17570	18865	12617	0.07431662870159461
2022-04-11	18910	20445	18705	20445	7906	0.08375298171216539
2022-04-12	20355	21100	19465	19765	8764	-0.0332599657617999
2022-04-13	19910	20265	19035	19240	7549	-0.0265621047305844
2022-04-14	18940	19320	18800	18940	2128	-0.015592515592515621
2022-04-15	20000	20000	19435	19495	4341	0.0293030623020063
2022-04-18	19620	20030	19605	19660	353	0.008463708643241752
2022-04-19	19970	20865	19970	20610	571	0.04832146490335698
2022-04-20	20405	21090	20010	20750	1387	0.006792819019893148
2022-04-21	21780	22835	21475	22835	4612	0.1004819277108433
2022-04-22	24660	24660	22220	22395	6589	-0.019268666520691924
2022-04-25	23445	24180	23105	24180	6548	0.07970529135967852
2022-04-26	24180	24180	21590	23140	8331	-0.043010752688172005
2022-04-27	23795	24455	22170	22600	4936	-0.023336214347450257
2022-04-28	22325	22775	21775	22640	3567	0.001769911504424737
2022-04-29	21935	22180	17320	17830	15819	-0.21245583038869253
2022-05-02	17930	18565	17930	18480	2583	0.03645541222658433
2022-05-03	18570	18625	17285	17630	7606	-0.045995670995671034
2022-05-04	17910	18835	17710	18820	5797	0.06749858196256375
2022-05-06	19995	21200	19995	21020	9720	0.1168969181721573
2022-05-09	21845	22200	21770	22190	2775	0.05566127497621309
2022-05-10	23730	24290	22145	22775	22363	0.026363226678684182
2022-05-11	22795	23030	20125	20640	11042	-0.09374313940724477
2022-05-12	21455	23340	21455	23090	3009	0.118701550387597
2022-05-13	24235	24235	20725	21300	11986	-0.07752273711563451
2022-05-16	20350	21240	19320	20875	15074	-0.0199530516431925
2022-05-17	20430	20430	18505	18610	2567	-0.10850299401197605
2022-05-18	18300	19195	18130	18280	15178	-0.01773240193444381
2022-05-19	20105	20300	19365	19645	5238	0.07467177242888412
2022-05-20	19000	19000	18010	18010	2137	-0.08322728429625859
2022-05-23	18835	19160	18165	18770	6884	0.042198778456413066
2022-05-24	18925	19865	18485	19825	5833	0.05620671283963774
2022-05-25	19825	20330	19575	19820	1277	-0.00025220680958382147
2022-05-26	19895	20525	19600	20325	3854	0.025479313824419814
2022-05-27	20290	20290	18555	18785	1256	-0.07576875768757685
2022-05-30	17880	18780	16685	16900	12053	-0.10034602076124566
2022-05-31	17360	17360	15445	15445	23398	-0.086094674556213
2022-06-02	15725	16710	15725	16445	13109	0.06474587245063135
2022-06-03	15305	15795	14870	15450	7754	-0.06050471267862567
2022-06-07	14775	15340	14440	14940	47985	-0.03300970873786413
2022-06-08	14440	14505	13515	13720	23803	-0.0816599732262383
2022-06-09	13505	14150	13040	14015	24013	0.02150145772594758
2022-06-10	14255	14800	13350	13400	17016	-0.04388155547627537
2022-06-13	14065	15060	14065	14815	17641	0.1055970149253731
2022-06-14	15475	15710	14670	14755	13990	-0.004049949375632855
2022-06-15	14645	14645	14100	14250	9788	-0.0342256862080651
2022-06-16	14000	14945	13005	14685	19438	0.030526315789473735
2022-06-17	15335	15840	14260	14440	7095	-0.016683690840994192
2022-06-20	14600	15180	14500	14660	10503	0.015235457063711877
2022-06-21	14450	14505	13725	14245	10201	-0.02830832196452937
2022-06-22	13750	14880	13750	14880	5422	0.04457704457704459
2022-06-23	14795	14995	14300	14545	1975	-0.022513440860215006
2022-06-24	14445	14600	13275	13275	4668	-0.0873152286008938
2022-06-27	13200	13225	11305	12150	35682	-0.0847457627118644
2022-06-28	12000	12540	11695	11695	17481	-0.03744855967078187
2022-06-29	12300	12730	12100	12725	10478	0.08807182556648141
2022-06-30	12780	13170	12620	13170	12045	0.03497053045186638
2022-07-01	12915	13210	12310	13210	11473	0.0030372057706908873
2022-07-04	13135	13400	12780	13080	7687	-0.009841029523088518
2022-07-05	12950	13110	12440	13075	9631	-0.0003822629969418845
2022-07-06	13100	14020	13075	14020	3411	0.07227533460803048
2022-07-07	14020	14335	13460	13775	4106	-0.01747503566333808
2022-07-08	13690	13690	13040	13570	14883	-0.014882032667876577
2022-07-11	13600	14625	13330	14520	7153	0.07000736919675754
2022-07-12	14990	15325	14780	15110	8030	0.0406336088154271
2022-07-13	15185	15185	14435	15065	8224	-0.0029781601588352302
2022-07-14	14850	15060	14445	14890	9004	-0.011616329239960144
