Date	Open	High	Low	Close	Volume	Change
2022-04-27	20190	20260	19990	20260	177	
2022-04-28	20450	21055	20450	21055	514	0.03923988153998015
2022-04-29	19210	19340	18575	18650	6394	-0.11422464972690571
2022-05-02	28855	28855	19240	19585	7673	0.050134048257372665
2022-05-03	19090	19285	18820	19285	4131	-0.015317845289762544
2022-05-04	19525	19715	19435	19455	1719	0.008815141301529605
2022-05-06	17775	18045	17645	17715	8865	-0.08943716268311486
2022-05-09	17615	17965	17255	17535	7913	-0.010160880609652811
2022-05-10	19745	20380	19635	19890	14461	0.13430282292557738
2022-05-11	21195	21275	19675	19675	14906	-0.010809451985922536
2022-05-12	18485	19380	18410	19245	9565	-0.02185514612452355
2022-05-13	18160	18275	17710	18020	16612	-0.06365289685632636
2022-05-16	16590	17625	16495	17340	40539	-0.037735849056603765
2022-05-17	15885	16005	15600	15885	85398	-0.08391003460207613
2022-05-18	16500	16500	15725	16145	23524	0.016367642429965468
2022-05-19	17655	17665	16750	17050	38358	0.0560545060390214
2022-05-20	16345	16695	16250	16490	20271	-0.032844574780058644
2022-05-23	16165	16165	15725	15840	25357	-0.03941782898726498
2022-05-24	16185	16465	16105	16465	18855	0.03945707070707072
2022-05-25	15970	16000	15760	15975	18529	-0.029760097175827505
2022-05-26	15925	16035	15790	15950	8342	-0.0015649452269170805
2022-05-27	15000	15200	14900	14975	9096	-0.061128526645768066
2022-05-30	14125	14925	14125	14130	16339	-0.056427378964941544
2022-05-31	13700	13920	13300	13355	60741	-0.054847841472045245
2022-06-02	15105	15305	14900	15025	34611	0.12504679895170345
2022-06-03	13870	14095	13850	14090	25865	-0.0622296173044925
2022-06-07	13620	13745	13520	13595	20969	-0.035131298793470545
2022-06-08	13525	13525	13330	13360	27617	-0.017285766826038995
2022-06-09	12940	12980	12810	12945	39689	-0.031062874251497008
2022-06-10	13070	13425	13070	13235	14773	0.022402471996910034
2022-06-13	13895	14090	13895	14030	28509	0.060068001511144775
2022-06-14	13610	13680	13325	13325	41543	-0.050249465431218776
2022-06-15	14065	14090	13865	13940	57192	0.04615384615384621
2022-06-16	14385	14650	14250	14540	45040	0.043041606886657036
2022-06-17	14405	14530	14250	14275	26441	-0.018225584594222854
2022-06-20	15695	16285	15680	15910	65685	0.11453590192644492
2022-06-21	15725	15725	15185	15500	33387	-0.025769956002514194
2022-06-22	15675	16950	15640	16895	54601	0.09000000000000008
2022-06-23	17275	17855	17010	17165	48624	0.015981059485054683
2022-06-24	17220	17315	16900	16990	58429	-0.010195164579085314
2022-06-27	16100	16650	15700	15970	28198	-0.06003531489111247
2022-06-28	15175	15175	14870	14910	82939	-0.06637445209768311
2022-06-29	14810	15085	14615	14920	73801	0.0006706908115359234
2022-06-30	15470	15640	15240	15425	38588	0.033847184986595114
2022-07-01	16270	16920	16160	16750	62921	0.0858995137763372
2022-07-04	15110	16085	15090	15590	40989	-0.06925373134328361
2022-07-05	15175	15370	14845	15370	46307	-0.014111610006414366
2022-07-06	17660	18540	17470	18115	114714	0.1785946649316852
2022-07-07	18875	19535	18350	18630	58342	0.028429478332873348
2022-07-08	17045	17400	16800	17100	99816	-0.08212560386473433
2022-07-11	16530	17035	16270	16925	54057	-0.010233918128654929
2022-07-12	16990	17515	16990	17430	63181	0.029837518463810886
2022-07-13	19675	19840	19160	19165	108557	0.09954102122776831
2022-07-14	19280	19465	18890	19375	68706	0.010957474563005443
