Date	Open	High	Low	Close	Volume	Change
2021-08-18	9700	9805	9700	9805	11	
2021-08-19	9635	9635	9560	9560	622	-0.0249872514023457
2021-08-20	9710	9710	9405	9405	553	-0.01621338912133896
2021-08-23	9610	9610	9610	9610	1	0.021796916533758592
2021-08-24	9690	9710	9660	9660	3	0.00520291363163361
2021-08-25	9575	9635	9575	9635	2	-0.0025879917184264967
2021-08-26	9570	9570	9570	9570	10	-0.006746237675142708
2021-08-27	9500	9515	9500	9515	9	-0.005747126436781658
2021-08-30	9475	9475	9475	9475	0	-0.004203888596952199
2021-08-31	9785	9785	9785	9785	0	0.032717678100263825
2021-09-01	9705	9750	9665	9665	82059	-0.012263668880940215
2021-09-02	9680	9680	9590	9610	40003	-0.005690636316606268
2021-09-03	9670	9715	9660	9680	15	0.007284079084287187
2021-09-06	9645	9690	9620	9645	55415	-0.003615702479338845
2021-09-07	9680	9690	9515	9540	1966	-0.010886469673405896
2021-09-08	9465	9465	8960	8990	4209	-0.057651991614255715
2021-09-09	8815	8845	8560	8570	4166	-0.04671857619577313
2021-09-10	8585	8780	8580	8640	1346	0.008168028004667427
2021-09-13	8455	8505	8270	8320	2521	-0.03703703703703709
2021-09-14	8320	8530	8295	8480	964	0.019230769230769162
2021-09-15	8500	8600	8455	8490	2115	0.001179245283018826
2021-09-16	8635	8635	8325	8355	1057	-0.01590106007067138
2021-09-17	8380	8450	8240	8450	485	0.011370436864153177
2021-09-23	8310	8440	8250	8405	3180	-0.005325443786982298
2021-09-24	8525	8580	8395	8520	3239	0.013682331945270576
2021-09-27	8545	8585	8410	8485	5748	-0.004107981220657253
2021-09-28	8405	8405	8170	8185	44113	-0.03535651149086627
2021-09-29	7855	8105	7840	8105	88866	-0.009773976786805139
2021-09-30	8080	8280	8060	8280	80356	0.021591610117211557
2021-10-01	8260	8260	7990	8010	66115	-0.03260869565217395
2021-10-05	7745	7770	7220	7250	113708	-0.09488139825218478
2021-10-06	7430	7495	7055	7110	132625	-0.0193103448275862
2021-10-07	7250	7405	7150	7315	62442	0.028832630098452938
2021-10-08	7465	7530	7370	7420	80742	0.014354066985645897
2021-10-12	7455	7455	7195	7390	59151	-0.0040431266846361336
2021-10-13	7410	7645	7390	7555	38487	0.022327469553450552
2021-10-14	7725	7840	7705	7840	30684	0.03772336201191262
2021-10-15	7970	7970	7830	7910	60068	0.008928571428571397
2021-10-18	7890	7985	7800	7840	24129	-0.008849557522123908
2021-10-19	8010	8160	7990	8160	50085	0.04081632653061229
2021-10-20	8300	8320	8125	8130	24053	-0.003676470588235281
2021-10-21	8100	8130	8015	8015	24068	-0.014145141451414545
2021-10-22	8095	8200	8005	8120	56652	0.013100436681222627
2021-10-25	8105	8105	7975	8090	315551	-0.003694581280788145
2021-10-26	8205	8310	8160	8275	180476	0.022867737948083944
2021-10-27	8280	8325	8080	8115	217765	-0.01933534743202414
2021-10-28	8175	8215	7940	7940	34793	-0.02156500308071474
2021-10-29	7940	7970	7650	7695	68615	-0.03085642317380355
2021-11-01	7765	7835	7710	7790	113146	0.012345679012345734
2021-11-02	7920	8070	7890	7890	119690	0.012836970474968012
2021-11-03	7860	7895	7745	7795	125351	-0.012040557667934104
2021-11-04	7840	7840	7635	7745	193678	-0.006414368184733843
2021-11-05	7725	7725	7450	7620	110550	-0.016139444803098812
2021-11-08	7495	7495	7160	7380	124331	-0.03149606299212604
2021-11-09	7370	7515	7370	7505	14336	0.01693766937669383
2021-11-10	7515	7580	7380	7385	38219	-0.0159893404397069
2021-11-11	7365	8055	7335	8055	63984	0.09072444143534186
2021-11-12	8060	8125	7870	8030	6794	-0.0031036623215394687
2021-11-15	8110	8310	8075	8115	13032	0.010585305105853093
2021-11-16	8205	8325	8155	8225	20889	0.013555144793592211
2021-11-17	8285	8285	8055	8055	10223	-0.020668693009118555
2021-11-18	8055	8175	7980	8090	12872	0.004345127250155123
2021-11-19	8030	8110	8000	8050	15202	-0.0049443757725586845
2021-11-22	7940	7990	7760	7845	49286	-0.02546583850931672
2021-11-23	7810	7810	7575	7590	15900	-0.0325047801147228
2021-11-24	7605	7645	7520	7620	25461	0.0039525691699604515
2021-11-25	7630	7695	7600	7650	16398	0.003937007874015741
2021-11-26	7645	7710	7550	7610	5916	-0.005228758169934622
2021-11-29	7580	7650	7500	7500	21366	-0.014454664914586024
2021-11-30	7520	7530	7185	7185	18234	-0.04200000000000004
2021-12-01	7085	7450	7085	7310	8341	0.01739735560194844
2021-12-02	7265	7385	7150	7365	5537	0.007523939808481428
2021-12-03	7355	7575	7275	7555	644	0.025797691785471866
2021-12-06	7470	7470	7225	7325	3670	-0.030443414956982107
2021-12-07	7265	7265	7095	7110	1254	-0.029351535836177445
2021-12-08	7370	7505	7335	7445	4139	0.04711673699015462
2021-12-09	7525	7575	7470	7560	12831	0.015446608462055034
2021-12-10	7570	7570	7450	7555	3059	-0.000661375661375696
2021-12-13	7610	7620	7385	7395	14303	-0.021178027796161514
2021-12-14	7345	7355	7215	7285	9777	-0.01487491548343478
2021-12-15	7240	7240	7130	7185	8648	-0.013726835964310236
2021-12-16	7170	7385	7140	7345	8897	0.022268615170494055
2021-12-17	7315	7390	7280	7330	909	-0.002042205582028611
2021-12-20	7360	7360	7040	7070	6519	-0.03547066848567526
2021-12-21	7040	7040	6860	6960	6265	-0.01555869872701554
2021-12-22	6935	6940	6760	6775	6763	-0.026580459770114917
2021-12-23	6790	6810	6700	6775	3903	0.0
2021-12-24	6865	6905	6775	6775	191	0.0
2021-12-27	6850	6850	6660	6660	6514	-0.01697416974169741
2021-12-28	6685	6740	6650	6710	3512	0.007507507507507505
2021-12-29	6830	6850	6790	6830	5421	0.017883755588673722
2021-12-30	6885	6885	6745	6785	8978	-0.0065885797950219205
2022-01-03	6960	7085	6910	6970	16335	0.02726602800294775
2022-01-04	8300	8300	6715	6765	4803	-0.02941176470588236
2022-01-05	6605	6605	6315	6365	14485	-0.059127864005912745
2022-01-06	6165	6235	5950	5965	6773	-0.06284367635506682
2022-01-07	6075	6145	6040	6100	8024	0.022632020117351326
2022-01-10	6080	6080	5880	5980	5565	-0.01967213114754096
2022-01-11	6070	6070	5910	5960	2778	-0.0033444816053511683
2022-01-12	6155	6330	6120	6330	5393	0.06208053691275173
2022-01-13	6275	6275	6165	6170	2842	-0.025276461295418606
2022-01-14	5910	5940	5735	5795	8781	-0.060777957860615905
2022-01-17	5705	5820	5565	5635	8048	-0.02761000862812768
2022-01-18	5730	5780	5525	5545	7732	-0.015971606033717833
2022-01-19	5445	5485	5295	5325	3629	-0.039675383228133465
2022-01-20	5305	5565	5270	5565	2640	0.04507042253521121
2022-01-21	5530	5580	5390	5455	2697	-0.019766397124887702
2022-01-24	5390	5390	5270	5335	1741	-0.021998166819431675
2022-01-25	5325	5325	4945	4950	2634	-0.07216494845360821
2022-01-26	5045	5045	4830	4870	4009	-0.016161616161616155
2022-01-27	4435	4460	4295	4315	13441	-0.11396303901437377
2022-01-28	4725	4725	4185	4435	7290	0.02780996523754342
2022-02-03	4645	4645	4495	4495	7002	0.013528748590755368
2022-02-04	4485	4670	4450	4670	9966	0.03893214682981094
2022-02-07	4640	4640	4570	4635	431	-0.00749464668094213
2022-02-08	4670	4670	4545	4555	530	-0.017259978425027023
2022-02-09	4565	4565	4525	4530	123	-0.005488474204171201
2022-02-10	4650	4650	4610	4610	2	0.017660044150110465
2022-02-11	4360	4390	4290	4300	1007	-0.06724511930585686
2022-02-14	4155	4205	4110	4205	2377	-0.02209302325581397
2022-02-15	4280	4280	4115	4150	332	-0.013079667063020217
2022-02-16	4220	4290	4180	4275	2417	0.030120481927710774
2022-02-17	4310	4350	4210	4335	5358	0.01403508771929829
2022-02-18	4205	4250	4160	4250	2678	-0.019607843137254943
2022-02-21	4110	4270	4075	4255	2567	0.0011764705882353343
2022-02-22	4120	4120	4050	4110	491	-0.034077555816686256
2022-02-23	4185	4185	4125	4125	189	0.0036496350364962904
2022-02-24	4020	4020	3820	3860	933	-0.06424242424242421
2022-02-25	3975	4010	3905	4010	2510	0.03886010362694292
2022-02-28	3945	4075	3910	4075	497	0.016209476309226867
2022-03-02	4155	4170	4120	4170	14	0.02331288343558291
2022-03-03	4225	4295	4190	4295	2572	0.029976019184652314
2022-03-04	4245	4245	4050	4070	14764	-0.052386495925494714
2022-03-07	3935	3935	3790	3835	4132	-0.057739557739557745
2022-03-08	3835	3920	3695	3900	1261	0.016949152542372836
2022-03-10	3845	4065	3800	4065	446	0.04230769230769238
2022-03-11	4015	4015	3985	4005	3	-0.014760147601476037
2022-03-14	4070	4070	4040	4040	2	0.008739076154806513
2022-03-15	3960	3960	3855	3890	4044	-0.03712871287128716
2022-03-16	3980	3980	3905	3905	2592	0.003856041131105492
2022-03-17	4185	4240	4155	4200	2878	0.07554417413572345
2022-03-18	4195	4260	4165	4200	806	0.0
2022-03-21	4305	4305	4160	4160	2542	-0.00952380952380949
2022-03-22	4145	4185	4115	4185	8031	0.006009615384615419
2022-03-23	4290	4295	4255	4275	110	0.021505376344086002
2022-03-24	4235	4250	4150	4250	229	-0.005847953216374324
2022-03-25	4280	4280	4225	4225	211	-0.00588235294117645
2022-03-28	4145	4155	4115	4155	463	-0.016568047337278125
2022-03-29	4260	4260	4230	4245	104	0.02166064981949467
2022-03-30	4330	4360	4300	4360	504	0.027090694935217874
2022-03-31	4395	4440	4365	4425	331	0.014908256880733939
2022-04-01	4355	4355	4325	4325	102	-0.02259887005649719
2022-04-04	4240	4435	4200	4435	5	0.025433526011560792
2022-04-05	4525	4535	4485	4535	465	0.022547914317925688
2022-04-06	4420	4420	4310	4340	3259	-0.04299889746416763
2022-04-07	4225	4225	4125	4125	1111	-0.04953917050691248
2022-04-08	4180	4180	4050	4050	4	-0.018181818181818188
2022-04-11	4015	4045	3950	3985	335	-0.016049382716049387
2022-04-12	3910	3910	3800	3825	27	-0.04015056461731492
2022-04-13	3880	3945	3845	3945	12	0.031372549019607954
2022-04-14	4010	4025	3975	4025	1003	0.020278833967046994
2022-04-15	3955	4005	3920	3990	4030	-0.008695652173912993
2022-04-18	3955	3955	3930	3940	107	-0.01253132832080206
2022-04-19	4310	4310	3975	4015	11	0.019035532994923887
2022-04-20	4010	4010	3925	3950	14	-0.016189290161892855
2022-04-21	3985	3985	3885	3905	641	-0.011392405063291089
2022-04-22	3800	3800	3715	3725	1734	-0.04609475032010246
2022-04-25	3665	3665	3605	3605	622	-0.03221476510067112
2022-04-26	3715	3715	3690	3710	9	0.029126213592232997
2022-04-27	3515	3630	3490	3630	5	-0.021563342318059342
2022-04-28	3690	3690	3655	3680	103	0.01377410468319562
2022-04-29	3690	3695	3645	3675	17	-0.0013586956521739468
2022-05-02	3600	3600	3555	3555	1657	-0.03265306122448974
2022-05-03	3605	3660	3580	3630	7	0.021097046413502074
2022-05-04	3660	3660	3510	3510	1392	-0.03305785123966942
2022-05-06	3375	3410	3350	3385	4715	-0.035612535612535634
2022-05-09	3345	3345	3310	3310	63	-0.02215657311669128
2022-05-10	3215	3270	3160	3270	13	-0.012084592145015116
2022-05-11	3245	3310	3220	3310	15	0.012232415902140747
2022-05-12	3215	3235	3105	3105	5998	-0.0619335347432024
2022-05-13	3150	3200	3125	3140	14	0.011272141706924366
2022-05-16	3255	3255	3120	3120	605	-0.006369426751592355
2022-05-17	3130	3155	3105	3155	564	0.011217948717948678
2022-05-18	3225	3225	3200	3220	1625	0.020602218700475516
2022-05-19	3075	3140	3050	3135	418	-0.026397515527950333
2022-05-20	3215	3355	3190	3350	474	0.06858054226475274
2022-05-23	3395	3420	3370	3395	74	0.013432835820895495
2022-05-24	3400	3400	3265	3265	7123	-0.038291605301914555
2022-05-25	3305	3365	3280	3345	5755	0.02450229709035212
2022-05-26	3380	3420	3355	3420	7	0.022421524663677195
2022-05-27	3550	3550	3375	3390	104	-0.00877192982456143
2022-05-30	3640	3640	3450	3490	8603	0.029498525073746285
2022-05-31	3510	3535	3420	3535	10036	0.012893982808023008
2022-06-02	3505	3505	3445	3485	21617	-0.014144271570014189
2022-06-03	3555	3565	3515	3555	1279	0.020086083213773254
2022-06-07	3450	3455	3435	3435	15	-0.03375527426160341
2022-06-08	3480	3550	3480	3550	38	0.033478893740902516
2022-06-09	3500	3515	3500	3515	22	-0.009859154929577452
2022-06-10	3445	3490	3445	3490	37	-0.007112375533428139
2022-06-13	3250	3255	3210	3210	680	-0.08022922636103147
2022-06-14	3180	3180	3070	3075	1047	-0.04205607476635509
2022-06-15	3000	3000	2940	2965	1136	-0.03577235772357723
2022-06-16	3100	3100	3100	3100	1	0.045531197301855064
2022-06-17	3085	3085	2835	3010	1763	-0.029032258064516148
2022-06-20	2885	2920	2885	2920	27	-0.029900332225913595
2022-06-21	2980	3005	2980	3005	13	0.02910958904109595
2022-06-22	2835	2870	2820	2825	903	-0.05990016638935103
2022-06-23	2815	2925	2815	2925	244	0.03539823008849563
2022-06-24	2870	3020	2870	3020	230	0.032478632478632585
2022-06-27	3085	3085	3000	3020	140	0.0
2022-06-28	3010	3010	2970	3000	2047	-0.0066225165562914245
2022-06-29	2915	2915	2865	2870	303	-0.043333333333333335
2022-06-30	2760	2760	2635	2645	1007	-0.07839721254355403
2022-07-01	2675	2675	2455	2480	342	-0.06238185255198492
2022-07-04	2525	2525	2440	2510	481	0.012096774193548487
2022-07-05	2555	2710	2555	2710	1083	0.07968127490039834
2022-07-06	2670	2770	2670	2770	320	0.022140221402213944
2022-07-07	2830	2870	2825	2870	207	0.036101083032491044
2022-07-08	2930	2930	2845	2875	769	0.0017421602787457413
2022-07-11	2870	2905	2870	2870	54	-0.0017391304347825765
2022-07-12	2810	2825	2790	2825	1768	-0.015679442508710784
2022-07-13	2845	2880	2845	2880	5	0.019469026548672552
2022-07-14	2900	2945	2900	2945	2	0.02256944444444442
