Date	Open	High	Low	Close	Volume	Change
2021-06-17	9885	9885	9830	9830	3	
2021-06-18	9830	9830	9830	9830	0	0.0
2021-06-21	9820	9820	9820	9820	0	-0.0010172939979654627
2021-06-22	9830	9830	9830	9830	2	0.0010183299389001643
2021-06-23	9830	9830	9830	9830	0	0.0
2021-06-24	9830	9830	9830	9830	0	0.0
2021-06-25	9885	9885	9855	9855	20	0.0025432349949134903
2021-06-28	9820	9825	9820	9825	160	-0.0030441400304414
2021-06-29	9780	9780	9760	9760	112	-0.00661577608142494
2021-06-30	9780	9780	9780	9780	0	0.002049180327868827
2021-07-01	9780	9780	9780	9780	0	0.0
2021-07-02	9760	9760	9755	9755	2	-0.002556237218813928
2021-07-05	9785	9795	9760	9760	136	0.0005125576627371675
2021-07-06	9760	9760	9760	9760	100	0.0
2021-07-07	9770	9770	9770	9770	0	0.0010245901639345245
2021-07-08	9815	9830	9815	9830	250	0.0061412487205732
2021-07-09	9835	9855	9835	9855	62	0.0025432349949134903
2021-07-12	9840	9870	9840	9870	60	0.0015220700152207556
2021-07-13	9890	9890	9875	9875	136	0.0005065856129686797
2021-07-14	9865	9865	9865	9865	50	-0.0010126582278481289
2021-07-15	9915	9915	9830	9845	446	-0.0020273694880892368
2021-07-16	9860	9885	9860	9880	264	0.003555104113763363
2021-07-19	9905	9905	9870	9870	5460	-0.0010121457489878916
2021-07-20	9895	9895	9895	9895	20	0.002532928064842954
2021-07-21	9910	9910	9910	9910	10	0.001515917129863542
2021-07-22	9915	9925	9915	9925	264	0.0015136226034309086
2021-07-23	9965	9965	9965	9965	20	0.004030226700251882
2021-07-26	9990	9990	9990	9990	12	0.0025087807325638867
2021-07-27	10045	10065	10045	10060	333	0.00700700700700696
2021-07-28	10055	10055	10035	10035	128	-0.00248508946322068
2021-07-29	10055	10055	10055	10055	10	0.0019930244145491827
2021-07-30	10050	10050	10050	10050	10	-0.0004972650422675473
2021-08-02	10075	10075	10075	10075	10	0.0024875621890547706
2021-08-03	10110	10110	10100	10100	15	0.002481389578163684
2021-08-04	10095	10095	10095	10095	10	-0.0004950495049504955
2021-08-05	10100	10100	10085	10085	85	-0.000990589400693409
2021-08-06	10080	10090	10080	10090	33	0.0004957858205254517
2021-08-09	10050	10050	10050	10050	100	-0.003964321110009883
2021-08-10	10070	10070	10070	10070	10	0.0019900497512437276
2021-08-11	10085	10085	10070	10070	510	0.0
2021-08-12	10075	10075	10075	10075	0	0.0004965243296921606
2021-08-13	10095	10095	10095	10095	0	0.001985111662531125
2021-08-17	10105	10130	10100	10130	381	0.0034670629024269317
2021-08-18	10095	10110	10095	10110	309	-0.001974333662388972
2021-08-19	10070	10110	10070	10110	207	0.0
2021-08-20	10135	10135	10135	10135	9	0.002472799208704357
2021-08-23	10095	10095	10090	10090	40	-0.004440059200789381
2021-08-24	10060	10060	10060	10060	5	-0.0029732408325073845
2021-08-25	10025	10025	10025	10025	15	-0.0034791252485089075
2021-08-26	10040	10040	10040	10040	2	0.0014962593516210099
2021-08-27	10075	10075	10075	10075	5	0.003486055776892538
2021-08-30	10085	10105	10085	10095	320	0.001985111662531125
2021-08-31	10120	10120	10120	10120	10	0.0024764735017335227
2021-09-01	10100	10100	10090	10090	111	-0.0029644268774703386
2021-09-02	10105	10105	10105	10105	22	0.0014866204162538033
2021-09-03	10120	10120	10115	10115	6	0.0009896091044037103
2021-09-06	10115	10155	10115	10145	335	0.002965892239248591
2021-09-07	10165	10165	10150	10165	9	0.0019714144898965724
2021-09-08	10140	10140	10140	10140	10	-0.0024594195769798155
2021-09-09	10180	10180	10180	10180	5	0.0039447731755424265
2021-09-10	10165	10165	10155	10155	60	-0.0024557956777996326
2021-09-13	10160	10185	10145	10145	82	-0.000984736582964052
2021-09-14	10155	10155	10125	10125	101	-0.0019714144898964614
2021-09-15	10125	10160	10125	10160	20	0.0034567901234567877
2021-09-16	10145	10155	10145	10150	421	-0.0009842519685039353
2021-09-17	10120	10120	10120	10120	40	-0.002955665024630516
2021-09-23	10135	10145	10130	10145	217	0.0024703557312253377
2021-09-24	10095	10095	10080	10080	27	-0.006407097092163583
2021-09-27	10080	10115	10080	10115	21	0.003472222222222321
2021-09-28	10125	10125	10115	10115	60	0.0
2021-09-29	10080	10080	10060	10065	238	-0.004943153732081096
2021-09-30	10150	10150	10150	10150	50	0.008445106805762492
2021-10-01	10190	10190	10080	10080	571	-0.006896551724137945
2021-10-05	10130	10130	10100	10100	63	0.001984126984126977
2021-10-06	10095	10095	10065	10065	17	-0.0034653465346534684
2021-10-07	10050	10055	10040	10055	70	-0.0009935419771485154
2021-10-08	10060	10060	10060	10060	50	0.0004972650422674363
2021-10-12	10070	10070	9995	9995	28	-0.006461232604373812
2021-10-13	9890	9890	9855	9855	125	-0.014007003501750881
2021-10-14	9870	9870	9870	9870	10	0.0015220700152207556
2021-10-15	9955	9965	9955	9965	85	0.009625126646403137
2021-10-18	9915	9915	9910	9910	37	-0.005519317611640706
2021-10-19	9955	9960	9955	9955	95	0.004540867810292726
2021-10-20	9885	9885	9885	9885	20	-0.007031642390758375
2021-10-21	9935	9935	9935	9935	30	0.005058168942842611
2021-10-22	9910	9910	9875	9885	33	-0.0050327126321086935
2021-10-25	9915	9955	9915	9945	123	0.006069802731411222
2021-10-26	9945	9945	9880	9885	34	-0.006033182503770718
2021-10-27	9945	9945	9940	9940	80	0.005563985837127028
2021-10-28	9905	9905	9905	9905	20	-0.0035211267605633756
2021-10-29	9895	9895	9895	9895	20	-0.001009591115598174
2021-11-01	9945	9945	9840	9840	154	-0.005558362809499728
2021-11-02	9815	9815	9800	9800	19	-0.004065040650406471
2021-11-03	9805	9805	9795	9795	94	-0.0005102040816326037
2021-11-04	9830	9830	9830	9830	122	0.0035732516590096797
2021-11-05	9900	9905	9900	9905	67	0.007629704984740693
2021-11-08	9960	9960	9960	9960	10	0.005552751135790013
2021-11-09	10010	10010	9995	10010	152	0.005020080321285203
2021-11-10	10070	10070	10065	10065	25	0.005494505494505475
2021-11-11	10090	10090	10090	10090	48	0.0024838549428713996
2021-11-12	10190	10190	10190	10190	5	0.009910802775024763
2021-11-15	10215	10215	10215	10215	9	0.002453385672227748
2021-11-16	10205	10205	10205	10205	5	-0.0009789525208027117
2021-11-17	10270	10270	10250	10250	64	0.004409603135717699
2021-11-18	10240	10240	10240	10240	30	-0.0009756097560975618
2021-11-19	10140	10140	10140	10140	5	-0.009765625
2021-11-22	10105	10105	10090	10090	12	-0.004930966469428033
2021-11-23	9900	9920	9895	9920	12	-0.01684836471754214
2021-11-24	9925	9925	9925	9925	5	0.0005040322580645018
2021-11-25	10000	10040	9990	10040	303	0.011586901763224189
2021-11-26	10100	10180	10090	10180	641	0.013944223107569709
2021-11-29	10085	10100	10060	10100	967	-0.007858546168958758
2021-11-30	10110	10130	10110	10130	1760	0.002970297029702973
2021-12-01	10150	10150	10150	10150	2	0.001974333662388972
2021-12-02	10205	10230	10190	10190	562	0.003940886699507429
2021-12-03	10200	10200	10180	10180	125	-0.0009813542688911214
2021-12-06	10270	10270	10270	10270	10	0.008840864440078589
2021-12-07	10315	10315	10315	10315	15	0.004381694255112034
2021-12-08	10365	10365	10340	10350	341	0.0033931168201648543
2021-12-09	10335	10375	10320	10375	167	0.0024154589371980784
2021-12-10	10450	10450	10405	10405	5	0.0028915662650601526
2021-12-13	10395	10400	10395	10395	12	-0.0009610764055741905
2021-12-14	10390	10390	10390	10390	179	-0.0004810004810005264
2021-12-15	10350	10355	10350	10355	1278	-0.00336862367661217
2021-12-16	10375	10375	10375	10375	100	0.0019314340898117788
2021-12-17	10395	10395	10375	10390	238	0.0014457831325300763
2021-12-20	10410	10415	10395	10415	8	0.002406159769008598
2021-12-21	10425	10445	10415	10445	14	0.002880460873739832
2021-12-22	10440	10440	10415	10420	320	-0.002393489707994245
2021-12-23	10430	10430	10350	10350	83	-0.006717850287907834
2021-12-24	10360	10395	10360	10390	4009	0.0038647342995168366
2021-12-27	10395	10420	10395	10410	118	0.0019249278152069227
2021-12-28	10470	10475	10470	10475	4	0.006243996157540899
2021-12-29	10495	10525	10495	10525	3	0.004773269689737569
2021-12-30	10510	10510	10475	10475	910	-0.004750593824228044
2022-01-03	10445	10475	10445	10460	165	-0.0014319809069212042
2022-01-04	10420	10440	10395	10440	145	-0.0019120458891013214
2022-01-05	10415	10420	10370	10375	141	-0.00622605363984674
2022-01-06	10315	10330	10210	10210	1255	-0.015903614457831283
2022-01-07	10260	10260	10175	10175	34	-0.003428011753183191
2022-01-10	10195	10195	10105	10135	1334	-0.0039312039312039415
2022-01-11	10170	10170	10120	10120	32	-0.0014800197335964604
2022-01-12	10170	10210	10170	10210	110	0.008893280632411127
2022-01-13	10235	10295	10235	10295	263	0.008325171400587639
2022-01-14	10285	10285	10240	10240	297	-0.005342399222923788
2022-01-17	10220	10220	10195	10195	572	-0.00439453125
2022-01-18	10195	10195	10160	10160	236	-0.00343305541932315
2022-01-19	10180	10230	10180	10230	1515	0.006889763779527547
2022-01-20	10260	10260	10260	10260	200	0.0029325513196480912
2022-01-21	10260	10260	10200	10200	405	-0.005847953216374324
2022-01-24	10185	10185	10185	10185	3	-0.0014705882352941124
2022-01-25	10175	10175	10175	10175	42	-0.0009818360333824216
2022-01-26	10130	10130	10130	10130	1	-0.004422604422604448
2022-01-27	10130	10130	10130	10130	42	0.0
2022-01-28	10170	10170	10170	10170	3	0.003948667324777944
2022-02-03	10200	10200	10195	10195	18	0.002458210422812135
2022-02-04	10160	10160	10145	10150	32	-0.004413928396272637
2022-02-07	10140	10140	10140	10140	13	-0.0009852216748768017
2022-02-08	10080	10080	10080	10080	2	-0.00591715976331364
2022-02-09	10050	10070	10050	10055	40	-0.0024801587301587213
2022-02-10	10065	10065	10065	10065	14	0.0009945300845350946
2022-02-11	9960	9960	9940	9940	1706	-0.012419274714356665
2022-02-14	10015	10025	9995	9995	20	0.005533199195171035
2022-02-15	10015	10015	9990	9990	75	-0.0005002501250624958
2022-02-16	9965	9985	9965	9985	25	-0.0005005005005005447
2022-02-17	9970	9970	9970	9970	30	-0.001502253380070151
2022-02-18	9955	9955	9955	9955	28	-0.0015045135406218657
2022-02-21	9925	9925	9875	9875	24	-0.008036162732295349
2022-02-22	9910	9930	9910	9920	21	0.004556962025316524
2022-02-23	10015	10015	10015	10015	3	0.009576612903225756
2022-02-24	10135	10220	10135	10220	161	0.020469296055916075
2022-02-25	10200	10230	10200	10225	1212	0.0004892367906066397
2022-02-28	10305	10315	10300	10315	3348	0.008801955990220156
2022-03-02	10430	10430	10430	10430	400	0.01114881240911303
2022-03-03	10445	10465	10440	10455	1017	0.0023969319271333056
2022-03-04	10455	10455	10440	10445	1006	-0.0009564801530368428
2022-03-07	10485	10495	10480	10495	1004	0.00478697941598849
2022-03-08	10475	10530	10470	10525	611	0.002858504049547461
2022-03-10	10500	10500	10430	10430	2003	-0.009026128266033218
2022-03-11	10480	10480	10450	10450	1011	0.0019175455417066445
2022-03-14	10450	10450	10440	10440	2002	-0.000956937799043045
2022-03-15	10390	10390	10375	10375	5905	-0.00622605363984674
2022-03-16	10370	10370	10355	10355	1000	-0.001927710843373509
2022-03-17	10410	10430	10410	10430	1290	0.007242877836793893
2022-03-18	10595	10595	10575	10575	1500	0.01390220517737295
2022-03-21	10585	10600	10585	10600	502	0.0023640661938533203
2022-03-22	10540	10540	10530	10530	2009	-0.006603773584905714
2022-03-23	10435	10475	10435	10470	2010	-0.005698005698005715
2022-03-24	10570	10570	10525	10525	2295	0.005253104106972328
2022-03-25	10495	10495	10495	10495	1000	-0.002850356294536782
2022-03-28	10355	10355	10350	10350	1002	-0.013816102906145766
2022-03-29	10355	10360	10340	10340	2002	-0.0009661835748792091
2022-03-30	10400	10420	10400	10420	3387	0.007736943907156624
2022-03-31	10455	10455	10440	10450	3000	0.0028790786948176272
2022-04-01	10425	10425	10425	10425	1000	-0.0023923444976076125
2022-04-04	10380	10380	10315	10320	2139	-0.010071942446043147
2022-04-05	10340	10340	10300	10300	1002	-0.0019379844961240345
2022-04-06	10160	10170	10150	10170	1056	-0.012621359223300987
2022-04-07	10225	10225	10215	10220	35	0.004916420845624492
2022-04-08	10205	10205	10205	10205	29	-0.0014677103718199191
2022-04-11	10150	10150	10010	10010	57	-0.019108280254777066
2022-04-12	9990	9990	9935	9935	51	-0.007492507492507516
2022-04-13	9940	9940	9840	9840	283	-0.009562154001006573
2022-04-14	10000	10000	10000	10000	2	0.016260162601626105
2022-04-15	9965	9985	9965	9985	60	-0.0014999999999999458
2022-04-18	9930	9935	9930	9930	170	-0.0055082623935903685
2022-04-19	9940	9940	9940	9940	50	0.001007049345417954
2022-04-20	9945	9975	9945	9975	12	0.0035211267605634866
2022-04-21	10045	10045	10000	10000	130	0.0025062656641603454
2022-04-22	9970	9970	9965	9965	52	-0.0034999999999999476
2022-04-25	10045	10045	10040	10045	160	0.008028098344204704
2022-04-26	10085	10085	10080	10080	69	0.0034843205574912606
2022-04-27	10110	10110	10100	10100	113	0.001984126984126977
2022-04-28	10135	10135	10135	10135	0	0.0034653465346534684
2022-04-29	10140	10140	10110	10110	30	-0.0024666995559941007
2022-05-02	9915	9925	9905	9925	35	-0.01829871414441142
2022-05-03	9815	9815	9815	9815	2	-0.011083123425692731
2022-05-04	9725	9730	9720	9720	6	-0.009679062659195159
2022-05-06	9750	9860	9750	9860	66	0.014403292181069949
2022-05-09	9975	9975	9975	9975	2	0.011663286004056861
2022-05-10	10040	10040	10040	10040	10	0.006516290726817031
2022-05-11	10035	10035	10035	10035	2	-0.0004980079681274896
2022-05-12	10130	10160	10105	10160	13	0.012456402590931726
2022-05-13	10180	10180	10110	10110	10	-0.004921259842519676
2022-05-16	10070	10070	10070	10070	2	-0.003956478733926794
2022-05-17	10070	10070	10070	10070	2	0.0
2022-05-18	10040	10040	10040	10040	2	-0.002979145978152964
2022-05-19	10015	10025	10015	10025	3	-0.0014940239043824688
2022-05-20	10110	10110	10110	10110	1	0.008478802992518686
2022-05-23	10190	10190	10105	10105	5	-0.0004945598417408492
2022-05-24	10045	10045	10045	10045	2	-0.005937654626422595
2022-05-25	10110	10110	10105	10105	535	0.0059731209556994624
2022-05-26	10105	10105	10105	10105	534	0.0
2022-05-27	10195	10275	10195	10265	233	0.015833745670460253
2022-05-30	10280	10300	10280	10290	63	0.00243546030199715
2022-05-31	10220	10220	10205	10210	104	-0.007774538386783325
2022-06-02	10115	10115	10115	10115	4	-0.00930460333006855
2022-06-03	10080	10135	10080	10135	107	0.001977261492832394
2022-06-07	10170	10170	10120	10120	81	-0.0014800197335964604
2022-06-08	10145	10145	10145	10145	99	0.0024703557312253377
2022-06-09	10155	10155	10155	10155	2	0.0009857072449481752
2022-06-10	10255	10255	10255	10255	2	0.00984736582964052
2022-06-13	10235	10235	10230	10230	19	-0.0024378352023403105
2022-06-14	10330	10330	10330	10330	1	0.009775171065493637
2022-06-15	10285	10285	10175	10175	3	-0.015004840271055198
2022-06-16	10215	10215	10215	10215	2	0.0039312039312038305
2022-06-17	10085	10085	10085	10085	1	-0.012726382770435585
2022-06-20	10055	10055	9980	9980	51	-0.010411502231036152
2022-06-21	9960	9995	9960	9995	6	0.0015030060120240218
2022-06-22	9975	9975	9975	9975	2	-0.002001000500250094
2022-06-23	10150	10150	10150	10150	2	0.01754385964912286
2022-06-24	10150	10150	10150	10150	2	0.0
2022-06-27	10210	10210	10195	10195	4	0.004433497536945774
2022-06-28	10200	10200	10200	10200	2	0.0004904364884747991
2022-06-29	10285	10285	10285	10285	0	0.008333333333333304
2022-06-30	10305	10305	10305	10305	2	0.001944579484686404
2022-07-01	10305	10305	10305	10305	2	0.0
2022-07-04	10435	10440	10435	10440	3	0.013100436681222627
2022-07-05	10375	10375	10375	10375	11	-0.00622605363984674
2022-07-06	10490	10490	10490	10490	1	0.011084337349397622
2022-07-07	10515	10515	10515	10515	2	0.0023832221163011535
2022-07-08	10490	10490	10480	10480	12	-0.003328578221588163
2022-07-11	10475	10475	10475	10475	2	-0.0004770992366411875
2022-07-12	10490	10495	10465	10465	5	-0.0009546539379474694
2022-07-13	10475	10475	10475	10475	10	0.000955566172957445
2022-07-14	10500	10500	10465	10465	51	-0.0009546539379474694
