Date	Open	High	Low	Close	Volume	Change
2021-07-21	10240	10300	10235	10290	130	
2021-07-22	10160	10160	10040	10040	122	-0.024295432458697808
2021-07-23	10035	10035	10035	10035	0	-0.0004980079681274896
2021-07-26	10030	10205	10030	10205	1041	0.016940707523667164
2021-07-27	10200	10200	10200	10200	0	-0.0004899559039686086
2021-07-28	10220	10220	10220	10220	0	0.0019607843137254832
2021-07-29	10140	10140	10140	10140	0	-0.007827788649706457
2021-07-30	10390	10390	10390	10390	0	0.024654832347140054
2021-08-02	10305	10305	10305	10305	10	-0.008180943214629477
2021-08-03	10200	10255	10200	10255	7252	-0.004852013585638026
2021-08-04	10050	10095	9830	9840	1541	-0.04046806435884931
2021-08-05	9850	9885	9840	9840	77946	0.0
2021-08-06	9865	9975	9815	9950	1026	0.011178861788617933
2021-08-09	10070	10075	9970	10030	31	0.008040201005025116
2021-08-10	10105	10105	10105	10105	154	0.007477567298105781
2021-08-11	10330	10330	10330	10330	0	0.022266204849084703
2021-08-12	10420	10420	10420	10420	0	0.00871248789932233
2021-08-13	10710	10710	10710	10710	527	0.027831094049904026
2021-08-17	10915	10960	10915	10960	35	0.023342670401493848
2021-08-18	10805	10805	10805	10805	5	-0.01414233576642332
2021-08-19	11015	11225	10900	11195	192	0.03609440074039805
2021-08-20	11255	11510	11255	11505	693	0.02769093345243423
2021-08-23	11240	11240	11165	11195	19	-0.026944806605823546
2021-08-24	10895	10895	10890	10890	802	-0.027244305493523857
2021-08-25	10750	10915	10750	10810	217	-0.00734618916437102
2021-08-26	10920	10920	10920	10920	0	0.010175763182238562
2021-08-27	10945	10945	10945	10945	0	0.0022893772893772812
2021-08-30	10935	10935	10760	10895	966	-0.004568296025582508
2021-08-31	10585	10585	10555	10555	612	-0.031206975676915993
2021-09-01	10400	10400	10400	10400	1	-0.014684983420179987
2021-09-02	10530	10580	10530	10580	396	0.017307692307692246
2021-09-03	10520	10520	10520	10520	443	-0.005671077504725952
2021-09-06	10505	10525	10390	10425	320810	-0.009030418250950523
2021-09-07	10515	10625	10490	10590	475883	0.015827338129496438
2021-09-08	10575	10700	10510	10685	216402	0.008970727101038634
2021-09-09	10730	10790	10635	10750	44002	0.006083294337856815
2021-09-10	10810	10920	10740	10785	100274	0.0032558139534883956
2021-09-13	10895	10895	10690	10785	77203	0.0
2021-09-14	10650	10680	10490	10570	53604	-0.019935095039406603
2021-09-15	10585	10650	10490	10535	54408	-0.0033112582781457123
2021-09-16	10495	10750	10455	10715	41878	0.017085904129093388
2021-09-17	10755	10825	10635	10680	48402	-0.003266448903406438
2021-09-23	10735	10820	10670	10710	52802	0.002808988764045006
2021-09-24	10990	10990	10610	10730	100002	0.0018674136321195078
2021-09-27	10800	10800	10610	10690	114002	-0.0037278657968312645
2021-09-28	10755	10945	10715	10945	130012	0.02385406922357336
2021-09-29	11330	11455	11170	11280	156554	0.03060758337140257
2021-09-30	11350	11350	11125	11155	91323	-0.011081560283687897
2021-10-01	11300	11585	11260	11560	124607	0.03630658897355454
2021-10-05	11780	12120	11750	12005	146208	0.03849480968858132
2021-10-06	11795	12340	11725	12180	165097	0.014577259475218707
2021-10-07	12105	12180	11935	12005	62971	-0.014367816091954033
2021-10-08	11840	12030	11810	11985	93330	-0.0016659725114535062
2021-10-12	12155	12485	12130	12410	83163	0.03546099290780136
2021-10-13	12385	12385	12070	12130	110874	-0.02256244963738918
2021-10-14	11970	11995	11685	11685	96929	-0.03668590272052763
2021-10-15	11530	11670	11505	11570	58899	-0.009841677364142098
2021-10-18	11680	11735	11515	11625	68919	0.004753673292999139
2021-10-19	11445	11510	11390	11405	68866	-0.018924731182795695
2021-10-20	11275	11485	11260	11480	82479	0.006576063130206089
2021-10-21	11460	11585	11410	11560	106785	0.006968641114982521
2021-10-22	11555	11625	11450	11525	76520	-0.003027681660899617
2021-10-25	11640	11700	11400	11415	233504	-0.009544468546637708
2021-10-26	11285	11325	11190	11190	113702	-0.019710906701708275
2021-10-27	11275	11460	11250	11405	265782	0.01921358355674707
2021-10-28	11460	11465	11310	11465	61946	0.005260850504164916
2021-10-29	11385	11825	11355	11825	64609	0.03139991277802001
2021-11-01	11745	11760	11630	11695	71808	-0.010993657505285359
2021-11-02	11500	11500	11245	11425	74213	-0.023086789226165028
2021-11-03	11435	11745	11410	11725	189525	0.026258205689277947
2021-11-04	11445	11625	11375	11595	155528	-0.011087420042643958
2021-11-05	11530	11760	11505	11685	149065	0.0077619663648125226
2021-11-08	11750	11925	11635	11660	148738	-0.0021394950791613354
2021-11-09	11540	11710	11475	11630	100862	-0.002572898799313883
2021-11-10	11655	11880	11630	11850	73410	0.018916595012897774
2021-11-11	12090	12090	11915	11950	94146	0.00843881856540074
2021-11-12	11775	11775	11530	11580	73692	-0.030962343096234357
2021-11-15	11460	11460	11275	11295	84808	-0.024611398963730546
2021-11-16	11360	11410	11215	11295	36859	0.0
2021-11-17	11305	11610	11280	11585	111357	0.025675077467906204
2021-11-18	11600	11735	11555	11600	68285	0.0012947777298231156
2021-11-19	11545	11670	11505	11590	53350	-0.0008620689655172153
2021-11-22	11360	11360	11055	11055	49244	-0.04616048317515098
2021-11-23	11105	11245	11085	11200	76693	0.013116236996834063
2021-11-24	11150	11345	11055	11290	52670	0.008035714285714368
2021-11-25	11315	11450	11290	11405	59812	0.010186005314437585
2021-11-26	11445	11845	11420	11825	85383	0.036825953529153965
2021-11-29	11985	12015	11825	12015	65580	0.016067653276955696
2021-11-30	11750	12650	11745	12650	59209	0.05285060341240122
2021-12-01	12320	12550	11910	11910	65185	-0.058498023715415015
2021-12-02	12115	12115	11610	11620	106919	-0.02434928631402178
2021-12-03	11685	11725	11340	11390	38237	-0.019793459552495674
2021-12-06	11525	11630	11290	11290	14292	-0.008779631255487308
2021-12-07	11445	11475	11190	11195	61728	-0.008414526129318034
2021-12-08	10965	11190	10890	11145	40283	-0.004466279589102284
2021-12-09	11225	11235	11095	11135	32126	-0.0008972633467922986
2021-12-10	11250	11295	11175	11220	56437	0.007633587786259444
2021-12-13	11130	11300	10960	11275	65913	0.004901960784313708
2021-12-14	11430	11465	11325	11350	66924	0.006651884700665134
2021-12-15	11465	11470	11360	11380	78933	0.002643171806167466
2021-12-16	11160	11360	11135	11280	38991	-0.008787346221441172
2021-12-17	11395	11395	11200	11245	57765	-0.00310283687943258
2021-12-20	11385	11585	11315	11545	45253	0.02667852378835045
2021-12-21	11415	11600	11370	11390	29850	-0.013425725422260726
2021-12-22	11225	11375	11200	11350	32235	-0.0035118525021948788
2021-12-23	11145	11350	11145	11260	40510	-0.007929515418502175
2021-12-24	11095	11095	10990	11050	12010	-0.018650088809946674
2021-12-27	11140	11195	11115	11175	9746	0.011312217194570096
2021-12-28	11195	11270	11070	11080	52904	-0.008501118568232657
2021-12-29	10975	11110	10950	11065	50304	-0.0013537906137184308
2021-12-30	11080	11215	11040	11190	57051	0.011296882060551239
2022-01-03	11090	11220	10960	11165	37529	-0.0022341376228776078
2022-01-04	11170	11270	11130	11245	9519	0.0071652485445588
2022-01-05	11230	11580	11205	11535	31693	0.025789239662072028
2022-01-06	11665	11790	11535	11790	1997	0.022106631989596837
2022-01-07	11645	11645	11460	11535	50113	-0.021628498727735423
2022-01-10	11800	11850	11725	11740	238	0.017771998266146616
2022-01-11	11645	11770	11620	11635	14691	-0.008943781942078344
2022-01-12	11390	11395	11255	11265	5941	-0.03180060163300391
2022-01-13	11285	11400	11255	11390	24073	0.011096316023080366
2022-01-14	11630	11755	11620	11715	2064	0.028533801580333584
2022-01-17	11765	12060	11745	11970	318	0.02176696542893719
2022-01-18	11970	12170	11805	12130	54445	0.013366750208855471
2022-01-19	12315	12345	12050	12295	35861	0.013602638087386598
2022-01-20	12345	12365	12120	12120	14151	-0.014233428222854783
2022-01-21	12350	12530	12290	12475	22707	0.029290429042904353
2022-01-24	12450	12805	12425	12700	35539	0.018036072144288484
2022-01-25	12800	13480	12775	13335	53013	0.050000000000000044
2022-01-26	13295	13445	13110	13445	86422	0.00824896887889004
2022-01-27	13390	14270	13365	14270	3182	0.061361100780959354
2022-01-28	14205	14530	13590	13590	105376	-0.047652417659425406
2022-02-03	12985	13205	12985	13180	29423	-0.030169242089771897
2022-02-04	13175	13215	12950	13000	32489	-0.01365705614567525
2022-02-07	13250	13375	13140	13230	35614	0.017692307692307674
2022-02-08	12940	13370	12915	13000	55897	-0.017384731670445963
2022-02-09	12940	12985	12840	12840	38783	-0.012307692307692353
2022-02-10	12620	12775	12570	12615	42697	-0.017523364485981352
2022-02-11	12975	12990	12705	12880	59840	0.02100673801030517
2022-02-14	13175	13430	13105	13305	33968	0.032996894409937916
2022-02-15	13265	13610	13185	13495	32112	0.014280345734686284
2022-02-16	13110	13110	12950	12970	5003	-0.038903297517599134
2022-02-17	12975	12975	12565	12710	24117	-0.02004626060138781
2022-02-18	13060	13080	12840	12840	8551	0.010228166797797034
2022-02-21	13295	13345	12930	13020	4968	0.014018691588784993
2022-02-22	13285	13375	13175	13220	19121	0.015360983102918668
2022-02-23	13060	13230	13035	13075	29662	-0.010968229954614217
2022-02-24	13460	13845	12300	12300	38324	-0.05927342256214152
2022-02-25	13525	13585	13345	13435	45272	0.09227642276422765
2022-02-28	13655	13655	13395	13440	41017	0.00037216226274661146
2022-03-02	13250	13250	13155	13230	12430	-0.015625
2022-03-03	13005	13005	12845	12845	8017	-0.02910052910052907
2022-03-04	13030	13215	13010	13155	193	0.024133904242896076
2022-03-07	13610	13805	13575	13750	8581	0.0452299505891296
2022-03-08	13750	13795	13710	13795	149	0.003272727272727316
2022-03-10	13160	14995	13035	14995	83	0.08698803914461761
2022-03-11	13340	13505	13280	13505	4310	-0.09936645548516176
2022-03-14	12710	13485	12710	13460	20655	-0.0033320992225102097
2022-03-15	13800	13960	13455	13630	12388	0.012630014858840966
2022-03-16	13360	13490	13230	13255	8846	-0.027512839325018357
2022-03-17	12785	12785	12620	12720	57178	-0.04036212749905699
2022-03-18	12810	12855	12645	12645	4448	-0.005896226415094352
2022-03-21	12755	12930	12705	12920	62252	0.02174772637406086
2022-03-22	12935	12945	12735	12735	37070	-0.014318885448916463
2022-03-23	12510	12680	12465	12550	28986	-0.014526894385551659
2022-03-24	12745	12825	12705	12720	36232	0.013545816733067761
2022-03-25	12685	12770	12685	12710	38900	-0.0007861635220125507
2022-03-28	12925	12980	12715	12790	49330	0.006294256490952055
2022-03-29	12565	12710	12550	12650	45374	-0.0109460516028147
2022-03-30	12475	12610	12430	12610	27958	-0.003162055335968361
2022-03-31	12640	12640	12425	12490	28519	-0.009516256938937317
2022-04-01	13300	13300	12640	12660	24698	0.013610888710968716
2022-04-04	12800	13005	12480	12495	64346	-0.013033175355450233
2022-04-05	12450	12530	12400	12455	44896	-0.003201280512204918
2022-04-06	12710	12755	12630	12720	57005	0.02127659574468077
2022-04-07	13000	13350	12900	13080	8366	0.028301886792452935
2022-04-08	13035	13155	12990	13040	120	-0.003058103975535187
2022-04-11	13100	13495	13100	13210	4030	0.013036809815951012
2022-04-12	13550	13550	13275	13415	4275	0.015518546555639556
2022-04-13	13280	13300	12890	12890	28786	-0.0391352963101006
2022-04-14	12935	13000	12900	13000	34	0.00853374709076804
2022-04-15	13245	13320	13210	13250	16247	0.019230769230769162
2022-04-18	13365	13365	13185	13260	52355	0.0007547169811321641
2022-04-19	13175	13175	12955	13020	108499	-0.018099547511312264
2022-04-20	13130	13200	12990	13020	37589	0.0
2022-04-21	12965	12965	12810	12900	41665	-0.009216589861751112
2022-04-22	13200	13270	13130	13145	58544	0.018992248062015493
2022-04-25	13540	13690	13440	13690	135760	0.04146063141879042
2022-04-26	13550	13560	13470	13550	45734	-0.010226442658875068
2022-04-27	14000	14040	13830	13875	172291	0.023985239852398532
2022-04-28	13780	13905	13665	13675	40894	-0.014414414414414378
2022-04-29	13510	13510	13225	13245	57288	-0.03144424131627055
2022-05-02	13400	13465	13320	13340	61536	0.0071725179312949194
2022-05-03	13295	13310	13110	13270	73766	-0.005247376311844132
2022-05-04	13190	13355	13150	13335	102294	0.0048982667671439994
2022-05-06	13650	13750	13605	13675	41267	0.025496812898387677
2022-05-09	13820	14045	13725	14045	8158	0.027056672760511935
2022-05-10	14250	14590	14100	14135	34112	0.006407974368102476
2022-05-11	14290	14315	14075	14075	69190	-0.004244782454899232
2022-05-12	14430	14655	14215	14590	68509	0.03658969804618106
2022-05-13	14360	14415	13955	14000	57210	-0.04043865661411927
2022-05-16	13695	14065	13670	13985	94586	-0.001071428571428612
2022-05-17	13950	13950	13745	13745	34186	-0.017161244190203817
2022-05-18	13520	13715	13480	13655	75146	-0.0065478355765733465
2022-05-19	14160	14205	13970	14015	23654	0.02636396924203588
2022-05-20	13870	13870	13500	13515	67399	-0.03567606136282553
2022-05-23	13525	13555	13395	13475	20842	-0.002959674435812021
2022-05-24	13565	13910	13525	13910	6493	0.0322820037105751
2022-05-25	13825	13950	13625	13750	21070	-0.011502516175413424
2022-05-26	13715	13975	13540	13975	16367	0.016363636363636358
2022-05-27	13565	13660	13530	13655	38799	-0.0228980322003578
2022-05-30	13370	13420	13250	13280	23028	-0.02746246796045404
2022-05-31	13310	13355	13110	13140	21108	-0.010542168674698815
2022-06-02	13360	13445	13335	13445	15209	0.023211567732115634
2022-06-03	13215	13335	13155	13295	6368	-0.011156563778356277
2022-06-07	13750	13850	13750	13850	161	0.04174501692365551
2022-06-08	13720	13720	13720	13720	50	-0.009386281588447676
2022-06-09	13880	13880	13880	13880	50	0.011661807580174877
2022-06-10	14185	14185	14125	14170	52	0.02089337175792516
2022-06-13	14845	15090	14845	15090	79	0.06492589978828511
2022-06-14	15655	15655	15230	15230	184	0.009277667329357087
2022-06-15	15700	15700	15660	15660	36	0.028233749179251477
2022-06-16	15290	15290	15250	15250	81	-0.0261813537675607
2022-06-17	16515	16515	16000	16000	43	0.049180327868852514
2022-06-20	16665	16845	16665	16775	41	0.04843749999999991
2022-06-21	16465	16485	16345	16345	52	-0.025633383010432165
2022-06-22	16755	17215	16755	17215	109	0.053227286631997606
2022-06-23	17455	17710	17405	17595	46	0.0220737728724949
2022-06-24	17225	17235	16805	16805	3167	-0.04489911906791699
2022-06-27	16620	16620	16300	16300	120	-0.030050580184468934
2022-06-28	16380	16380	16380	16380	35	0.004907975460122671
2022-06-29	16725	16725	16605	16695	67	0.019230769230769162
2022-06-30	16955	17245	16955	17245	103	0.03294399520814606
2022-07-01	17125	17900	17100	17785	102	0.03131342418092209
2022-07-04	17945	18050	17775	17775	88	-0.0005622715771718134
2022-07-05	17015	17285	17015	17065	131	-0.03994374120956401
2022-07-06	17250	17795	17185	17795	102	0.04277761500146493
2022-07-07	17255	17255	16920	17090	46	-0.03961787018825513
2022-07-08	16810	16815	16605	16815	142	-0.016091281451141026
2022-07-11	16720	17015	16720	16990	31	0.010407374368123667
2022-07-12	17435	17585	17435	17585	47	0.0350206003531488
2022-07-13	17025	17025	17025	17025	30	-0.03184532271822571
2022-07-14	17415	17415	17065	17290	32	0.01556534508076357
