Date	Open	High	Low	Close	Volume	Change
2021-09-09	20530	20530	20530	20530	1	
2021-09-10	20405	20405	20280	20280	3	-0.012177301509985416
2021-09-13	20525	20525	20525	20525	0	0.012080867850098542
2021-09-14	20470	20470	20470	20470	0	-0.0026796589524969994
2021-09-15	20215	20215	20215	20215	1	-0.01245725451880797
2021-09-16	20615	20615	20615	20615	0	0.01978728666831553
2021-09-17	21240	21240	21240	21240	1	0.03031772980839187
2021-09-23	21120	21120	21120	21120	0	-0.005649717514124242
2021-09-24	21300	21300	21300	21300	0	0.008522727272727293
2021-09-27	21270	21270	21270	21270	0	-0.0014084507042253502
2021-09-28	21590	21590	21590	21590	0	0.015044663845792172
2021-09-29	21705	21705	21705	21705	0	0.005326540064844787
2021-09-30	21905	21905	21905	21905	0	0.009214466712738956
2021-10-01	21285	21285	21285	21285	0	-0.02830404017347643
2021-10-05	21200	21200	21200	21200	0	-0.003993422598073781
2021-10-06	21335	21335	21335	21335	0	0.006367924528301927
2021-10-07	21140	21140	21140	21140	0	-0.00913991094445743
2021-10-08	21150	21150	21150	21150	0	0.00047303689687794304
2021-10-12	21100	21100	21100	21100	0	-0.0023640661938534313
2021-10-13	21095	21095	21095	21095	0	-0.00023696682464457997
2021-10-14	20350	20350	20350	20350	0	-0.0353164256932923
2021-10-15	20370	20370	20370	20370	0	0.0009828009828010131
2021-10-18	21000	21000	21000	21000	0	0.030927835051546282
2021-10-19	20690	20690	20690	20690	0	-0.014761904761904754
2021-10-20	20720	20720	20720	20720	0	0.0014499758337360724
2021-10-21	20480	20480	20480	20480	0	-0.01158301158301156
2021-10-22	20415	20415	20415	20415	0	-0.003173828125
2021-10-25	20280	20295	20280	20295	86	-0.005878030859661987
2021-10-26	20030	20030	20030	20030	0	-0.013057403301305781
2021-10-27	20385	20385	20385	20385	0	0.017723414877683474
2021-10-28	20055	20055	20055	20055	0	-0.016188373804267853
2021-10-29	20205	20205	20205	20205	0	0.007479431563201189
2021-11-01	20520	20520	20520	20520	0	0.015590200445434244
2021-11-02	20245	20245	20245	20245	0	-0.013401559454191081
2021-11-03	20505	20565	20420	20535	58002	0.014324524573968933
2021-11-04	20690	20690	20690	20690	2	0.007548088629169669
2021-11-05	20265	20265	20250	20250	3	-0.02126631222812958
2021-11-08	19640	19660	19620	19620	2013	-0.03111111111111109
2021-11-09	19525	19550	19500	19500	2267	-0.006116207951070374
2021-11-10	19500	19500	19500	19500	0	0.0
2021-11-11	18990	18990	18990	18990	1	-0.026153846153846194
2021-11-12	18820	18840	18805	18815	2003	-0.009215376513954765
2021-11-15	18795	18795	18795	18795	100	-0.0010629816635663314
2021-11-16	18665	18665	18665	18665	0	-0.006916733173716438
2021-11-17	18880	18880	18880	18880	0	0.011518885614786978
2021-11-18	18685	18685	18685	18685	0	-0.010328389830508433
2021-11-19	18750	18750	18750	18750	0	0.003478726251003428
2021-11-22	19070	19070	19070	19070	0	0.017066666666666563
2021-11-23	19830	19830	19810	19810	3	0.03880440482433145
2021-11-24	20200	20230	20200	20230	7	0.021201413427561766
2021-11-25	20200	20200	20200	20200	1	-0.0014829461196242955
2021-11-26	20200	20200	20200	20200	1	0.0
2021-11-29	20245	20245	20245	20245	10	0.0022277227722771187
2021-11-30	20245	20245	20245	20245	0	0.0
2021-12-01	20345	20345	20345	20345	0	0.004939491232403004
2021-12-02	20570	20570	20570	20570	0	0.011059228311624425
2021-12-03	20655	20655	20655	20655	0	0.004132231404958775
2021-12-06	20410	20410	20410	20410	0	-0.011861534737351742
2021-12-07	20455	20455	20455	20455	0	0.0022048015678588495
2021-12-08	20235	20235	20235	20235	0	-0.010755316548521132
2021-12-09	20350	20350	20350	20350	0	0.005683222139856614
2021-12-10	20675	20675	20675	20675	0	0.01597051597051591
2021-12-13	20675	20675	20675	20675	0	0.0
2021-12-14	20335	20335	20335	20335	0	-0.016444981862152375
2021-12-15	20760	20760	20760	20760	0	0.020899926235554478
2021-12-16	20535	20535	20535	20535	55	-0.010838150289017356
2021-12-17	19885	19885	19885	19885	0	-0.031653274896518147
2021-12-20	19970	19970	19970	19970	0	0.004274578828262543
2021-12-21	20245	20245	20245	20245	0	0.013770655983975866
2021-12-22	20245	20245	20245	20245	1	0.0
2021-12-23	19890	19890	19890	19890	0	-0.017535193875030886
2021-12-24	19815	19815	19815	19815	0	-0.0037707390648566985
2021-12-27	19795	19795	19795	19795	0	-0.0010093363613423723
2021-12-28	19710	19710	19710	19710	0	-0.004294013639808081
2021-12-29	19840	19840	19840	19840	0	0.006595636732622978
2021-12-30	20055	20055	20055	20055	0	0.01083669354838701
2022-01-03	19460	19460	19460	19460	0	-0.029668411867364797
2022-01-04	19910	19910	19910	19910	0	0.02312435765673171
2022-01-05	19610	19610	19610	19610	0	-0.015067805123053724
2022-01-06	19920	19920	19920	19920	0	0.015808261091279974
2022-01-07	20205	20205	20205	20205	0	0.014307228915662717
2022-01-10	20085	20150	20075	20150	7	-0.0027220984904726686
2022-01-11	19920	19920	19920	19920	5	-0.011414392059553302
2022-01-12	19500	19500	19500	19500	0	-0.02108433734939763
2022-01-13	19380	19380	19380	19380	0	-0.006153846153846176
2022-01-14	19360	19360	19360	19360	0	-0.0010319917440660964
2022-01-17	19540	19540	19540	19540	0	0.009297520661156966
2022-01-18	19600	19600	19600	19600	0	0.003070624360286489
2022-01-19	19650	19650	19650	19650	0	0.0025510204081633514
2022-01-20	19095	19095	19095	19095	0	-0.028244274809160252
2022-01-21	19070	19070	19070	19070	0	-0.0013092432573972301
2022-01-24	19090	19090	19090	19090	0	0.001048767697954922
2022-01-25	19020	19020	19020	19020	0	-0.0036668412781560855
2022-01-26	18895	18895	18895	18895	0	-0.006572029442691862
2022-01-27	19665	19665	19665	19665	0	0.04075152156655193
2022-01-28	19985	19985	19985	19985	0	0.016272565471650235
2022-02-03	19805	19805	19805	19805	0	-0.009006755066299776
2022-02-04	19785	19785	19785	19785	0	-0.0010098459984851926
2022-02-07	19710	19710	19710	19710	0	-0.0037907505686125553
2022-02-08	19475	19475	19475	19475	0	-0.011922881785895512
2022-02-09	19330	19330	19330	19330	0	-0.007445442875481434
2022-02-10	19175	19175	19175	19175	0	-0.008018623900672539
2022-02-11	19410	19410	19410	19410	0	0.012255541069100317
2022-02-14	18780	18780	18780	18780	0	-0.03245749613601234
2022-02-15	18250	18250	18250	18250	0	-0.028221512247071368
2022-02-16	18715	18715	18715	18715	0	0.025479452054794516
2022-02-17	18410	18410	18405	18405	31	-0.016564253272775886
2022-02-18	17960	17960	17960	17960	0	-0.02417821244227114
2022-02-21	17690	17690	17690	17690	9	-0.015033407572383028
2022-02-22	17655	17655	17655	17655	5	-0.001978518937252649
2022-02-23	17875	17875	17875	17875	0	0.012461059190031154
2022-02-24	17045	17045	17045	17045	0	-0.04643356643356644
2022-02-25	17505	17505	17505	17505	0	0.026987386330302066
2022-02-28	17610	17610	17610	17610	0	0.005998286203941827
2022-03-02	17085	17085	17085	17085	0	-0.029812606473594516
2022-03-03	17255	17255	17255	17255	0	0.00995024875621886
2022-03-04	16980	16980	16980	16980	2	-0.01593740944653721
2022-03-07	16115	16115	16035	16035	13	-0.055653710247349775
2022-03-08	15985	16140	15985	15985	30	-0.003118178983473663
2022-03-10	16070	16070	16070	16070	0	0.005317485142320999
2022-03-11	16090	16090	16090	16090	0	0.001244555071561848
2022-03-14	16390	16390	16390	16390	1	0.01864512119328765
2022-03-15	17110	17110	17110	17110	0	0.04392922513727893
2022-03-16	17310	17310	17310	17310	0	0.011689070718877925
2022-03-17	17030	17030	17030	17030	0	-0.016175621028307385
2022-03-18	16980	16980	16980	16980	0	-0.0029359953024075125
2022-03-21	17125	17125	17125	17125	1	0.008539458186101356
2022-03-22	16950	16950	16950	16950	0	-0.010218978102189746
2022-03-23	17225	17225	17225	17225	1	0.016224188790560534
2022-03-24	16835	16835	16835	16835	0	-0.02264150943396226
2022-03-25	16560	16560	16560	16560	0	-0.016335016335016328
2022-03-28	16920	16920	16920	16920	0	0.021739130434782705
2022-03-29	17180	17180	17180	17180	0	0.015366430260047359
2022-03-30	17145	17145	17120	17120	4	-0.0034924330616996624
2022-03-31	16990	16990	16990	16990	2	-0.007593457943925186
2022-04-01	16935	16935	16935	16935	0	-0.0032371983519717817
2022-04-04	17235	17235	17165	17165	11	0.013581340419249965
2022-04-05	17030	17030	17030	17030	0	-0.007864841246722931
2022-04-06	17205	17240	17205	17240	69	0.012331180270111597
2022-04-07	17165	17165	17165	17165	0	-0.004350348027842177
2022-04-08	17040	17040	17040	17040	0	-0.0072822604136324465
2022-04-11	16810	16810	16810	16810	61	-0.013497652582159625
2022-04-12	16560	16560	16560	16560	0	-0.01487209994051164
2022-04-13	16355	16355	16355	16355	2	-0.012379227053140096
2022-04-14	16290	16290	16290	16290	34	-0.003974319779883828
2022-04-15	16290	16290	16290	16290	0	0.0
2022-04-18	16110	16110	16110	16110	3	-0.011049723756906049
2022-04-19	16225	16260	16225	16260	80	0.009310986964618184
2022-04-20	16695	16700	16695	16700	80	0.027060270602706105
2022-04-21	16670	16670	16670	16670	0	-0.00179640718562879
2022-04-22	16635	16635	16635	16635	0	-0.0020995800839832546
2022-04-25	17325	17325	17325	17325	5	0.041478809738503264
2022-04-26	17490	17490	17490	17490	5	0.00952380952380949
2022-04-27	17560	17560	17560	17560	0	0.004002287021154904
2022-04-28	18045	18045	18045	18045	0	0.027619589977220915
2022-04-29	17535	17535	17535	17535	2	-0.02826267664172899
2022-05-02	17820	17820	17820	17820	0	0.016253207869974418
2022-05-03	18360	18360	18360	18360	0	0.030303030303030276
2022-05-04	18250	18250	18250	18250	0	-0.005991285403050162
2022-05-06	18000	18000	18000	18000	1	-0.013698630136986356
2022-05-09	18060	18060	18060	18060	0	0.0033333333333334103
2022-05-10	18415	18415	18390	18390	2	0.0182724252491695
2022-05-11	18655	18655	18655	18655	0	0.01441000543773785
2022-05-12	18405	18405	18405	18405	1	-0.013401232913427985
2022-05-13	19065	19065	19065	19065	0	0.03585982070089644
2022-05-16	19400	19400	19400	19400	1	0.017571466037241024
2022-05-17	18995	18995	18995	18995	1	-0.02087628865979385
2022-05-18	19260	19260	19210	19210	3	0.011318768096867604
2022-05-19	19285	19285	19285	19285	0	0.0039042165538782925
2022-05-20	18585	18585	18585	18585	2	-0.0362976406533575
2022-05-23	18460	18460	18460	18460	0	-0.006725854183481261
2022-05-24	18490	18490	18490	18490	0	0.0016251354279523955
2022-05-25	18395	18395	18395	18395	0	-0.005137912385072996
2022-05-26	18630	18630	18630	18630	1	0.012775210655069369
2022-05-27	18440	18440	18440	18440	0	-0.010198604401502998
2022-05-30	18290	18290	18290	18290	0	-0.00813449023861168
2022-05-31	18535	18535	18525	18525	2	0.012848551120831164
2022-06-02	18530	18530	18530	18530	0	0.00026990553306349696
2022-06-03	18195	18195	18195	18195	0	-0.018078791149487294
2022-06-07	18735	18735	18735	18735	0	0.02967848309975274
2022-06-08	18530	18560	18530	18560	3	-0.009340805978115818
2022-06-09	18545	18545	18545	18545	0	-0.0008081896551723755
2022-06-10	18650	18650	18635	18635	5	0.004853060124022646
2022-06-13	18145	18295	18145	18270	3	-0.019586799034075675
2022-06-14	19110	19110	19085	19085	5	0.04460864805692388
2022-06-15	19355	19355	19355	19355	1	0.014147236049253387
2022-06-16	18795	18795	18795	18795	1	-0.02893309222423146
2022-06-17	18545	18545	18545	18545	0	-0.013301409949454612
2022-06-20	18650	18650	18650	18650	0	0.005661903478026531
2022-06-21	18785	18785	18785	18785	0	0.007238605898123307
2022-06-22	18985	18985	18985	18985	0	0.010646792653713044
2022-06-23	18840	18840	18840	18840	0	-0.007637608638398685
2022-06-24	19050	19050	19050	19050	0	0.011146496815286566
2022-06-27	18790	18790	18790	18790	0	-0.01364829396325462
2022-06-28	18955	18955	18955	18955	0	0.008781266631186835
2022-06-29	19130	19130	19130	19130	0	0.009232392508572884
2022-06-30	19210	19210	19210	19210	0	0.004181913225300482
2022-07-01	19450	19535	19450	19535	12	0.016918271733472157
2022-07-04	19330	19330	19330	19330	0	-0.010493985154850227
2022-07-05	19330	19330	19330	19330	1	0.0
2022-07-06	20215	20390	20215	20390	5	0.05483704086911545
2022-07-07	20960	20960	20960	20960	1	0.02795487984306022
2022-07-08	20935	20935	20935	20935	1	-0.0011927480916030797
2022-07-11	20930	20930	20905	20905	12	-0.0014330069262001865
2022-07-12	21110	21110	21100	21100	3	0.009327911982779158
2022-07-13	21340	21340	21340	21340	20	0.011374407582938284
2022-07-14	21225	21225	21225	21225	1	-0.005388940955951216
