Date	Open	High	Low	Close	Volume	Change
2021-09-13	21015	21015	21015	21015	0	
2021-09-14	21015	21015	21015	21015	0	0.0
2021-09-15	21015	21015	21015	21015	0	0.0
2021-09-16	21265	21265	21265	21265	0	0.011896264572924142
2021-09-17	21265	21265	21265	21265	0	0.0
2021-09-23	23920	23920	23920	23920	1	0.12485304490947557
2021-09-24	23555	23555	23555	23555	1	-0.01525919732441472
2021-09-27	24160	24160	24160	24160	1	0.02568456803226482
2021-09-28	24010	24010	24010	24010	0	-0.006208609271523224
2021-09-29	24420	24420	24420	24420	0	0.01707621824239891
2021-09-30	25980	25980	25980	25980	0	0.06388206388206386
2021-10-01	24700	24700	24700	24700	0	-0.049268668206312594
2021-10-05	23820	23820	23820	23820	0	-0.035627530364372495
2021-10-06	23950	23950	23950	23950	0	0.005457598656591012
2021-10-07	23515	23515	23515	23515	0	-0.018162839248434204
2021-10-08	23805	23805	23805	23805	0	0.012332553689134551
2021-10-12	23400	23400	23400	23400	0	-0.017013232514177745
2021-10-13	23410	23430	23315	23355	26222	-0.0019230769230769162
2021-10-14	22365	22365	22365	22365	0	-0.042389210019267876
2021-10-15	21685	21685	21685	21685	0	-0.03040465012296001
2021-10-18	22150	22150	22150	22150	0	0.02144339405118756
2021-10-19	21505	21505	21505	21505	0	-0.029119638826185068
2021-10-20	20965	20965	20965	20965	0	-0.02511043943269009
2021-10-21	19945	20080	19885	19900	1618	-0.05079895063200568
2021-10-22	20295	20295	20295	20295	0	0.019849246231155693
2021-10-25	19865	20115	19740	19815	6552	-0.023651145602365142
2021-10-26	19730	19945	19730	19915	3348	0.005046681806712083
2021-10-27	20315	20675	20315	20670	5896	0.03791112226964599
2021-10-28	20555	20590	20555	20590	606	-0.0038703434929849845
2021-10-29	20530	20550	20530	20550	602	-0.0019426906265177513
2021-11-01	20875	20875	20875	20875	0	0.015815085158150888
2021-11-02	20575	20685	20520	20685	1610	-0.00910179640718567
2021-11-03	21480	21670	21480	21550	12444	0.04181774232535651
2021-11-04	21100	21400	21100	21400	4453	-0.00696055684454755
2021-11-05	20815	20885	20720	20765	1700	-0.02967289719626165
2021-11-08	19985	20125	19980	20075	1903	-0.033228991090777704
2021-11-09	19740	19780	19725	19725	463	-0.01743462017434616
2021-11-10	20045	20055	19895	19905	1414	0.009125475285171047
2021-11-11	19325	19385	18950	18950	3859	-0.04797789500125593
2021-11-12	18490	18640	18375	18640	7538	-0.016358839050131913
2021-11-15	18325	18795	18325	18795	1134	0.008315450643776812
2021-11-16	18635	18660	18500	18500	1491	-0.01569566374035647
2021-11-17	18855	18855	18855	18855	0	0.019189189189189104
2021-11-18	18665	18880	18630	18880	1372	0.0013259082471492878
2021-11-19	19015	19130	18990	18990	1764	0.005826271186440746
2021-11-22	19380	19390	19380	19390	560	0.021063717746182098
2021-11-23	19945	19965	19935	19935	1154	0.028107271789582278
2021-11-24	21020	21255	21020	21255	551	0.06621519939804354
2021-11-25	21255	21255	21255	21255	0	0.0
2021-11-26	21165	21210	21040	21040	1076	-0.01011526699600096
2021-11-29	21490	21560	21425	21425	1076	0.018298479087452524
2021-11-30	22515	22555	22515	22555	916	0.05274212368728115
2021-12-01	22465	22490	22465	22490	584	-0.0028818443804035088
2021-12-02	23415	23415	23415	23415	0	0.04112939084037359
2021-12-03	23340	23340	23340	23340	0	-0.0032030749519538215
2021-12-06	23255	23255	23255	23255	0	-0.003641816623821792
2021-12-07	23325	23325	23325	23325	0	0.003010105353687287
2021-12-08	23145	23145	23145	23145	0	-0.007717041800643032
2021-12-09	23325	23325	23325	23325	0	0.007777057679844379
2021-12-10	24310	24310	24310	24310	1	0.04222936763129681
2021-12-13	24310	24310	24310	24310	0	0.0
2021-12-14	23690	23690	23690	23690	0	-0.025503907856849084
2021-12-15	24450	24450	24450	24450	0	0.03208104685521307
2021-12-16	23705	23705	23705	23705	0	-0.03047034764826173
2021-12-17	23025	23025	23025	23025	0	-0.028685931238135454
2021-12-20	23385	23385	23385	23385	0	0.015635179153094425
2021-12-21	23255	23255	23255	23255	0	-0.005559119093435982
2021-12-22	22965	22965	22965	22965	0	-0.012470436465276236
2021-12-23	22315	22315	22315	22315	0	-0.02830394077944698
2021-12-24	22130	22130	22130	22130	0	-0.008290387631637919
2021-12-27	22480	22480	22480	22480	0	0.01581563488477178
2021-12-28	21790	21790	21790	21790	0	-0.03069395017793597
2021-12-29	21705	21705	21705	21705	0	-0.003900871959614527
2021-12-30	22605	22605	22605	22605	0	0.04146510020732541
2022-01-03	21675	21675	21675	21675	0	-0.041141340411413374
2022-01-04	22370	22370	22370	22370	0	0.03206459054209909
2022-01-05	21975	21975	21975	21975	0	-0.017657577112203837
2022-01-06	22595	22595	22595	22595	0	0.028213879408418574
2022-01-07	23735	23735	23735	23735	0	0.05045364018588194
2022-01-10	23015	23015	23015	23015	2	-0.03033494838845585
2022-01-11	22405	22405	22405	22405	0	-0.026504453617206214
2022-01-12	22025	22025	22025	22025	0	-0.016960499888417746
2022-01-13	21415	21415	21415	21415	0	-0.02769580022701479
2022-01-14	21335	21335	21335	21335	0	-0.003735699276208315
2022-01-17	21740	21740	21740	21740	0	0.01898289196156555
2022-01-18	21785	21785	21785	21785	0	0.002069917203311844
2022-01-19	20675	20675	20675	20675	0	-0.050952490245581794
2022-01-20	19600	19600	19600	19600	10	-0.051995163240628806
2022-01-21	19145	19145	19145	19145	10000	-0.023214285714285743
2022-01-24	19505	19505	19505	19505	0	0.01880386523896571
2022-01-25	19910	19910	19910	19910	10	0.02076390669059225
2022-01-26	20155	20155	20155	20155	0	0.012305374183827267
2022-01-27	21110	21110	21110	21110	0	0.04738278342842972
2022-01-28	21850	21850	21850	21850	5	0.03505447655139737
2022-02-03	22255	22255	22255	22255	1	0.01853546910755144
2022-02-04	22485	22485	22280	22280	10005	0.001123343068973215
2022-02-07	21880	21880	21880	21880	0	-0.01795332136445238
2022-02-08	21525	21525	21525	21525	0	-0.016224862888482683
2022-02-09	20915	20915	20915	20915	0	-0.028339140534262452
2022-02-10	20810	20810	20810	20810	0	-0.005020320344250484
2022-02-11	21335	21335	21335	21335	0	0.025228255646323916
2022-02-14	20235	20235	20235	20235	0	-0.051558471994375465
2022-02-15	19835	19835	19835	19835	0	-0.019767729182110227
2022-02-16	20510	20510	20510	20510	0	0.03403075371817499
2022-02-17	20295	20295	20295	20295	0	-0.010482691370063413
2022-02-18	19565	19565	19565	19565	0	-0.03596945060359691
2022-02-21	19960	19960	19960	19960	0	0.020189113212369048
2022-02-22	19140	19140	19140	19140	0	-0.0410821643286573
2022-02-23	19175	19175	19175	19175	10	0.0018286311389759113
2022-02-24	17955	17955	17955	17955	0	-0.06362451108213818
2022-02-25	18910	18910	18910	18910	0	0.05318852687273745
2022-02-28	18875	18875	18875	18875	0	-0.0018508725542041304
2022-03-02	17410	17410	17410	17410	11	-0.07761589403973512
2022-03-03	17300	17300	17300	17300	0	-0.00631820792647908
2022-03-04	17555	17555	17555	17555	0	0.014739884393063507
2022-03-07	16360	16535	16300	16535	137	-0.05810310452862433
2022-03-08	16580	16725	16580	16725	85	0.011490777139401276
2022-03-10	16450	16450	16450	16450	358	-0.01644245142002987
2022-03-11	16055	16170	16020	16120	140	-0.020060790273556228
2022-03-14	16415	16415	16415	16415	0	0.01830024813895781
2022-03-15	17445	17450	17445	17450	930	0.06305208650624428
2022-03-16	17525	17525	17525	17525	40	0.004297994269341077
2022-03-17	16955	16955	16955	16955	20	-0.032524964336661966
2022-03-18	16850	16850	16850	16850	0	-0.006192863462105569
2022-03-21	17330	17330	17330	17330	20	0.028486646884273048
2022-03-22	16890	16890	16890	16890	30	-0.025389497980380815
2022-03-23	17615	17615	17615	17615	30	0.04292480757844874
2022-03-24	16875	16985	16875	16985	60	-0.03576497303434578
2022-03-25	16165	16210	16040	16165	256	-0.0482778922578746
2022-03-28	16465	16540	16465	16540	105	0.023198267862666322
2022-03-29	17305	17305	17305	17305	0	0.04625151148730344
2022-03-30	17350	17350	17350	17350	2	0.0026004045073677595
2022-03-31	17380	17380	17380	17380	2	0.0017291066282421053
2022-04-01	17330	17330	17330	17330	4	-0.0028768699654775354
2022-04-04	17735	17735	17600	17600	23	0.015579919215233717
2022-04-05	17645	17645	17645	17645	0	0.002556818181818077
2022-04-06	18150	18150	18060	18060	22	0.02351941059790308
2022-04-07	18125	18125	18125	18125	0	0.003599114064230413
2022-04-08	17595	17595	17595	17595	0	-0.029241379310344873
2022-04-11	17485	17485	17485	17485	0	-0.006251776072747961
2022-04-12	16765	16765	16765	16765	0	-0.041178152702316284
2022-04-13	16310	16325	16310	16325	8	-0.026245153593796644
2022-04-14	15915	15915	15915	15915	0	-0.025114854517610974
2022-04-15	16130	16130	16130	16130	3000	0.013509267986176576
2022-04-18	15815	15850	15800	15800	3005	-0.020458772473651576
2022-04-19	15935	15935	15935	15935	0	0.0085443037974684
2022-04-20	17040	17040	17040	17040	0	0.06934421085660492
2022-04-21	16945	16945	16945	16945	0	-0.005575117370892002
2022-04-22	17680	17680	17600	17600	20	0.038654470345234504
2022-04-25	18995	18995	18995	18995	0	0.07926136363636371
2022-04-26	18855	18855	18720	18720	17	-0.014477494077388742
2022-04-27	19165	19165	19165	19165	0	0.023771367521367548
2022-04-28	19655	19655	19620	19620	17	0.02374119488651183
2022-04-29	19335	19335	19335	19335	0	-0.014525993883792054
2022-05-02	20725	20725	20725	20725	1	0.0718903542798035
2022-05-03	20990	20990	20990	20990	0	0.012786489746682728
2022-05-04	21095	21095	21095	21095	0	0.0050023820867080016
2022-05-06	21325	21325	21325	21325	0	0.01090305759658694
2022-05-09	21835	21835	21835	21835	0	0.02391559202813598
2022-05-10	22115	22115	22115	22115	0	0.012823448591710473
2022-05-11	22935	22935	22935	22935	0	0.03707890572009953
2022-05-12	23440	23440	23440	23440	0	0.022018748637453678
2022-05-13	24670	24670	24670	24670	0	0.0524744027303754
2022-05-16	24130	24130	24130	24130	0	-0.02188893392784763
2022-05-17	22725	22725	22725	22725	1	-0.058226274347285556
2022-05-18	22580	22580	22575	22575	4	-0.0066006600660065695
2022-05-19	23215	23215	23215	23215	0	0.0283499446290143
2022-05-20	22255	22255	21840	21840	3	-0.05922894680163693
2022-05-23	22040	22040	22040	22040	0	0.009157509157509125
2022-05-24	22530	22530	22530	22530	2	0.022232304900181576
2022-05-25	21985	21985	21985	21985	0	-0.02418996893031511
2022-05-26	22405	22405	22405	22405	0	0.01910393450079595
2022-05-27	21615	21615	21615	21615	0	-0.03525998661013163
2022-05-30	21330	21330	21330	21330	0	-0.013185287994448291
2022-05-31	22270	22325	22010	22010	12982	0.03187998124706981
2022-06-02	21930	21930	21930	21930	0	-0.0036347114947751225
2022-06-03	21085	21085	21085	21085	0	-0.03853169174646598
2022-06-07	21975	21975	21975	21975	0	0.042210101968223945
2022-06-08	21445	21445	21445	21445	0	-0.024118316268486928
2022-06-09	21735	21735	21735	21735	0	0.013522965726276537
2022-06-10	22440	22440	22440	22440	0	0.03243616287094553
2022-06-13	22470	22470	22470	22470	0	0.0013368983957218195
2022-06-14	23210	23210	23210	23210	0	0.032932799287939574
2022-06-15	23760	23760	23760	23760	2	0.023696682464454888
2022-06-16	22210	22450	22210	22450	201	-0.05513468013468015
2022-06-17	21910	22145	21910	22140	24	-0.0138084632516704
2022-06-20	22485	22485	22295	22315	100	0.007904245709123847
2022-06-21	22620	22620	22620	22620	0	0.013667936365673317
2022-06-22	23110	23110	23110	23110	0	0.021662245800176727
2022-06-23	23125	23125	23125	23125	0	0.0006490696668108864
2022-06-24	23860	23860	23860	23860	0	0.03178378378378377
2022-06-27	22970	22970	22970	22970	0	-0.03730092204526403
2022-06-28	23225	23225	23225	23225	0	0.011101436656508534
2022-06-29	24230	24230	24230	24230	0	0.04327233584499468
2022-06-30	24485	24485	24485	24485	0	0.010524143623607207
2022-07-01	25920	25920	25920	25920	1	0.05860731059832558
2022-07-04	26790	26790	26790	26790	10	0.03356481481481488
2022-07-05	26210	26210	26210	26210	0	-0.02164986935423663
2022-07-06	29235	29235	29235	29235	0	0.11541396413582605
2022-07-07	28695	28695	28695	28695	1	-0.018471010774756325
2022-07-08	28510	28510	28510	28510	0	-0.0064471162223384
2022-07-11	28595	28595	28595	28595	0	0.0029814100315679326
2022-07-12	29300	29300	29300	29300	0	0.024654659905577914
2022-07-13	29340	29340	29340	29340	0	0.0013651877133105117
2022-07-14	28675	28675	28675	28675	1	-0.022665303340149934
