Date	Open	High	Low	Close	Volume	Change
2021-09-09	10100	10100	10065	10075	193	
2021-09-10	10060	10130	10055	10125	5100	0.00496277915632759
2021-09-13	10110	10115	10110	10115	80	-0.0009876543209876854
2021-09-14	10150	10195	10150	10195	161	0.007909045971329798
2021-09-15	10180	10200	10175	10175	140	-0.0019617459538989745
2021-09-16	10170	10180	10155	10180	42	0.0004914004914005066
2021-09-17	10190	10250	10190	10235	182	0.005402750491159125
2021-09-23	10160	10215	10130	10215	2203	-0.0019540791402051783
2021-09-24	10365	10365	10325	10365	2101	0.014684287812041008
2021-09-27	10405	10405	10355	10355	598	-0.0009647853352628966
2021-09-28	10445	10530	10435	10530	687	0.016900048285852343
2021-09-29	10540	10590	10455	10505	1105	-0.0023741690408357607
2021-09-30	10505	10550	10500	10550	78	0.004283674440742402
2021-10-01	10530	10560	10475	10530	110	-0.0018957345971564177
2021-10-05	10535	10535	10535	10535	50	0.0004748338081670411
2021-10-06	10570	10615	10570	10615	971	0.007593735168486049
2021-10-07	10615	10615	10600	10600	40	-0.0014130946773434072
2021-10-08	10670	10675	10615	10655	120	0.005188679245283101
2021-10-12	10725	10790	10675	10780	1826	0.011731581417175008
2021-10-13	10750	10790	10715	10715	1398	-0.006029684601113194
2021-10-14	10640	10640	10635	10635	112	-0.0074661689220718586
2021-10-15	10575	10700	10575	10675	68	0.003761165961448043
2021-10-18	10780	10790	10710	10715	40	0.0037470725995316645
2021-10-19	10690	10690	10645	10645	70	-0.006532897806812876
2021-10-20	10760	10760	10625	10645	55	0.0
2021-10-21	10680	10680	10630	10640	40	-0.0004697040864255486
2021-10-22	10740	10740	10700	10740	37	0.009398496240601517
2021-10-25	10810	10890	10810	10880	553	0.013035381750465591
2021-10-26	10970	11060	10970	11045	65	0.015165441176470562
2021-10-27	11020	11030	11010	11020	615	-0.002263467632412808
2021-10-28	11050	11100	11050	11060	207	0.003629764065335772
2021-10-29	11080	11110	11020	11110	1788	0.004520795660036159
2021-11-01	11135	11190	11000	11000	144	-0.00990099009900991
2021-11-02	10980	10980	10925	10940	91	-0.00545454545454549
2021-11-03	10970	10970	10945	10960	496	0.001828153564899404
2021-11-04	10920	10920	10920	10920	20	-0.0036496350364964014
2021-11-05	10820	10885	10755	10755	675	-0.015109890109890056
2021-11-08	10635	10670	10635	10650	116	-0.009762900976290068
2021-11-09	10590	10610	10590	10610	7	-0.003755868544600971
2021-11-10	10590	10665	10590	10665	73	0.005183788878416529
2021-11-11	10755	10755	10660	10660	177	-0.00046882325363339916
2021-11-12	10725	10725	10700	10700	15	0.0037523452157599557
2021-11-15	10610	10615	10570	10570	2259	-0.012149532710280408
2021-11-16	10650	10665	10630	10665	70	0.00898770104068114
2021-11-17	10675	10675	10665	10665	100	0.0
2021-11-18	10630	10670	10630	10670	10	0.00046882325363339916
2021-11-19	10720	10720	10720	10720	5	0.004686035613870709
2021-11-22	10725	10735	10725	10735	3000	0.0013992537313431974
2021-11-23	10835	10835	10790	10790	1162	0.005123428039124356
2021-11-24	10890	10890	10830	10830	1001	0.003707136237256714
2021-11-25	10810	10820	10810	10820	85	-0.0009233610341643494
2021-11-26	10695	10695	10695	10695	5	-0.01155268022181144
2021-11-29	10580	10700	10580	10685	2020	-0.0009350163627863672
2021-11-30	10600	10600	10585	10585	5005	-0.009358914365933502
2021-12-01	10365	10365	10350	10365	976	-0.020784128483703368
2021-12-02	10310	10365	10305	10365	646	0.0
2021-12-03	10365	10450	10365	10420	1106	0.005306319343945987
2021-12-06	10420	10420	10420	10420	20	0.0
2021-12-07	10460	10460	10460	10460	250	0.0038387715930903177
2021-12-08	10485	10485	10470	10470	175	0.0009560229445506607
2021-12-09	10500	10500	10500	10500	25	0.002865329512893977
2021-12-10	10460	10460	10460	10460	10	-0.003809523809523818
2021-12-13	10450	10450	10450	10450	10	-0.0009560229445506607
2021-12-14	10435	10435	10435	10435	10	-0.0014354066985645675
2021-12-15	10465	10465	10465	10465	10	0.0028749401054144474
2021-12-16	10430	10430	10430	10430	10	-0.0033444816053511683
2021-12-17	10415	10415	10415	10415	5	-0.0014381591562799834
2021-12-20	10365	10365	10365	10365	4	-0.004800768122899646
2021-12-21	10395	10395	10335	10335	128	-0.0028943560057886897
2021-12-22	10380	10380	10380	10380	5	0.004354136429608024
2021-12-23	10415	10415	10415	10415	5	0.00337186897880537
2021-12-24	10505	10505	10505	10505	3	0.008641382621219496
2021-12-27	10545	10545	10545	10545	5	0.0038077106139933203
2021-12-28	10575	10575	10575	10575	9	0.002844950213371167
2021-12-29	10555	10555	10555	10555	3	-0.001891252955082745
2021-12-30	10635	10635	10635	10635	2	0.007579346281383126
2022-01-03	10720	10725	10720	10725	10	0.008462623413258097
2022-01-04	10740	10740	10740	10740	5	0.0013986013986013734
2022-01-05	10740	10765	10740	10765	467	0.002327746741154657
2022-01-06	10795	10840	10795	10840	490	0.0069670227589411216
2022-01-07	10855	10855	10855	10855	1	0.0013837638376383854
2022-01-10	10890	10890	10890	10890	1	0.0032243205895901017
2022-01-11	10835	10875	10835	10875	192	-0.0013774104683195176
2022-01-12	10805	10805	10805	10805	1	-0.006436781609195363
2022-01-13	10795	10795	10795	10795	3	-0.0009254974548820183
2022-01-14	10755	10755	10755	10755	370	-0.0037054191755442334
2022-01-17	10945	10945	10945	10945	1	0.01766620176662026
2022-01-18	10970	10970	10970	10970	1	0.0022841480127913094
2022-01-19	11000	11000	11000	11000	1	0.0027347310847767314
2022-01-20	10940	10940	10940	10940	1	-0.00545454545454549
2022-01-21	11000	11000	11000	11000	1	0.005484460694698434
2022-01-24	11040	11040	11040	11040	1	0.0036363636363636598
2022-01-25	11115	11115	11090	11090	114	0.004528985507246341
2022-01-26	11085	11085	11085	11085	2	-0.00045085662759247747
2022-01-27	11075	11075	11075	11075	2	-0.0009021199819575498
2022-01-28	11120	11125	11120	11125	52	0.004514672686230181
2022-02-03	11095	11100	11095	11100	46	-0.0022471910112359383
2022-02-04	11185	11185	11185	11185	1	0.0076576576576576905
2022-02-07	11345	11345	11345	11345	2	0.014304872597228346
2022-02-08	11370	11415	11370	11415	8	0.006170118995151963
2022-02-09	11370	11370	11370	11370	1	-0.003942181340341633
2022-02-10	11390	11390	11390	11390	92	0.0017590149516271136
2022-02-11	11510	11510	11470	11480	90	0.007901668129938644
2022-02-14	11395	11395	11385	11385	23	-0.008275261324041772
2022-02-15	11360	11360	11325	11325	26	-0.005270092226614009
2022-02-16	11470	11470	11395	11400	42	0.0066225165562914245
2022-02-17	11390	11400	11360	11360	849	-0.0035087719298245723
2022-02-18	11370	11425	11370	11425	50	0.005721830985915499
2022-02-21	11450	11515	11450	11515	10	0.007877461706783384
2022-02-22	11385	11400	11385	11400	140	-0.009986973512809416
2022-02-23	11430	11430	11370	11370	58	-0.0026315789473684292
2022-02-24	11295	11295	11255	11255	77	-0.010114335971855737
2022-02-25	11335	11335	11335	11335	4	0.007107952021323749
2022-02-28	11390	11390	11390	11390	2	0.00485222761358628
2022-03-02	11265	11265	11260	11260	17	-0.011413520632133412
2022-03-03	11345	11345	11345	11345	5	0.007548845470692678
2022-03-04	11435	11435	11435	11435	5	0.007933010136623952
2022-03-07	11335	11335	11325	11335	54	-0.008745080891998214
2022-03-08	11405	11405	11405	11405	6	0.006175562417291669
2022-03-10	11380	11415	11380	11415	52	0.0008768084173607082
2022-03-11	11355	11355	11355	11355	3	-0.005256241787122251
2022-03-14	11420	11420	11420	11420	5	0.005724350506384868
2022-03-15	11510	11510	11510	11510	3	0.007880910683012221
2022-03-16	11485	11485	11485	11485	3	-0.002172024326672406
2022-03-17	11385	11385	11385	11385	53	-0.008707009142359556
2022-03-18	11430	11430	11430	11430	5	0.0039525691699604515
2022-03-21	11510	11510	11510	11510	5	0.006999125109361293
2022-03-22	11555	11555	11555	11555	4	0.003909643788010397
2022-03-23	11535	11535	11535	11535	2	-0.0017308524448290674
2022-03-24	11605	11620	11605	11620	3	0.007368877329865686
2022-03-25	11700	11720	11700	11720	84	0.008605851979345935
2022-03-28	11825	12050	11825	12050	134	0.028156996587030747
2022-03-29	12005	12005	11965	11970	52	-0.00663900414937757
2022-03-30	11840	11840	11770	11780	73	-0.015873015873015928
2022-03-31	11735	11735	11735	11735	3	-0.0038200339558573937
2022-04-01	11870	11965	11870	11965	159	0.01959948870899031
2022-04-04	12380	12380	12380	12380	13	0.034684496447973334
2022-04-05	12205	12215	12200	12210	600	-0.013731825525040375
2022-04-06	12375	12375	12375	12375	5	0.013513513513513598
2022-04-07	12370	12370	12370	12370	2	-0.00040404040404040664
2022-04-08	12420	12420	12370	12370	92	0.0
2022-04-11	12565	12565	12565	12565	903	0.015763945028294257
2022-04-12	12775	12775	12655	12660	51	0.007560684440907295
2022-04-13	12570	12570	12420	12535	14	-0.009873617693522907
2022-04-14	12480	12530	12465	12505	407	-0.0023932987634622815
2022-04-15	12625	12725	12625	12640	375	0.010795681727309159
2022-04-18	12875	13005	12875	12900	913	0.020569620253164667
2022-04-19	12885	12885	12725	12840	1235	-0.0046511627906976605
2022-04-20	12850	12870	12760	12825	949	-0.001168224299065379
2022-04-21	12635	12800	12630	12750	2358	-0.005847953216374324
2022-04-22	12860	12905	12815	12865	3909	0.009019607843137267
2022-04-25	12745	12745	12705	12705	802	-0.012436844150796711
2022-04-26	12595	12610	12530	12595	77	-0.008658008658008698
2022-04-27	12370	12505	12360	12505	52	-0.007145692735212372
2022-04-28	12455	12455	12455	12455	0	-0.003998400639744104
2022-04-29	12550	12550	12550	12550	10	0.007627458851866775
2022-05-02	12960	12960	12960	12960	35	0.03266932270916345
2022-05-03	12910	12910	12910	12910	2	-0.0038580246913579863
2022-05-04	12930	12930	12920	12920	31	0.0007745933384972759
2022-05-06	12985	12990	12965	12965	1019	0.0034829721362228394
2022-05-09	13055	13055	12930	12945	1094	-0.001542614731970704
2022-05-10	12920	12970	12920	12970	5	0.0019312475859405431
2022-05-11	12800	12800	12800	12800	79	-0.013107170393215073
2022-05-12	12605	12650	12570	12585	1515	-0.016796875000000044
2022-05-13	12540	12540	12395	12460	1840	-0.009932459276916994
2022-05-16	12660	12670	12450	12495	1611	0.002808988764045006
2022-05-17	12530	12580	12530	12565	1281	0.0056022408963585235
2022-05-18	12580	12600	12575	12575	516	0.0007958615200955865
2022-05-19	12585	12585	12585	12585	0	0.0007952286282306709
2022-05-20	12525	12525	12520	12520	43	-0.005164878823996855
2022-05-23	12500	12585	12500	12585	5	0.005191693290734767
2022-05-24	12580	12580	12580	12580	1	-0.0003972983710767153
2022-05-25	12410	12415	12410	12415	5	-0.013116057233704348
2022-05-26	12530	12530	12530	12530	2	0.009262988320579923
2022-05-27	12375	12375	12375	12375	2	-0.012370311252992816
2022-05-30	12380	12380	12355	12355	6	-0.0016161616161616266
2022-05-31	12440	12440	12435	12435	10	0.006475111290975333
2022-06-02	12590	12590	12565	12565	12	0.010454362685967
2022-06-03	12695	12695	12695	12695	10	0.010346199761241515
2022-06-07	12710	12760	12710	12760	30	0.005120126033871575
2022-06-08	12700	12700	12700	12700	2	-0.00470219435736674
2022-06-09	12705	12705	12705	12705	2	0.0003937007874015297
2022-06-10	12860	12860	12860	12860	5	0.012199921290830362
2022-06-13	13155	13220	13095	13220	86	0.027993779160186527
2022-06-14	13315	13315	13315	13315	34	0.007186081694402491
2022-06-15	13445	13445	13400	13400	237	0.006383777694329629
2022-06-16	13345	13455	13345	13455	40	0.004104477611940327
2022-06-17	13635	13635	13580	13590	137	0.010033444816053505
2022-06-20	13660	13690	13660	13690	16	0.00735835172921262
2022-06-21	13830	13830	13725	13725	9	0.0025566106647187947
2022-06-22	13660	13660	13565	13565	272	-0.011657559198542833
2022-06-23	13300	13400	13280	13400	88	-0.012163656468853645
2022-06-24	13385	13385	13385	13385	60	-0.0011194029850746245
2022-06-27	13435	13515	13435	13515	11	0.009712364587224576
2022-06-28	13490	13490	13490	13490	1	-0.0018497965223824853
2022-06-29	13455	13455	13455	13455	0	-0.0025945144551520194
2022-06-30	13475	13475	13475	13475	2	0.0014864362690449884
2022-07-01	13185	13185	12990	12990	52	-0.035992578849721735
2022-07-04	12845	12915	12845	12915	60	-0.005773672055427226
2022-07-05	12875	12875	12875	12875	2	-0.0030971738288811945
2022-07-06	12400	12555	12400	12555	104	-0.02485436893203885
2022-07-07	12430	12430	12430	12430	2	-0.009956192751891635
2022-07-08	12490	12570	12490	12570	154	0.011263073209975882
2022-07-11	12655	12700	12655	12655	147	0.00676213206046139
2022-07-12	12550	12650	12550	12600	120	-0.00434610825760573
2022-07-13	12510	12510	12510	12510	1	-0.0071428571428571175
2022-07-14	12340	12435	12340	12395	46	-0.009192645883293382
