Date	Open	High	Low	Close	Volume	Change
2021-07-21	9755	9755	9755	9755	2	
2021-07-22	9885	9885	9885	9885	310	0.013326499231163469
2021-07-23	9910	9970	9905	9940	400	0.005563985837127028
2021-07-26	9960	9960	9765	9765	838	-0.017605633802816878
2021-07-27	9785	9785	9785	9785	0	0.0020481310803890374
2021-07-28	9720	9720	9720	9720	200	-0.006642820643842584
2021-07-29	9840	9840	9840	9840	0	0.012345679012345734
2021-07-30	9720	9720	9580	9580	200	-0.026422764227642226
2021-08-02	9580	9580	9580	9580	1	0.0
2021-08-03	9720	9765	9705	9765	6316	0.019311064718162907
2021-08-04	9985	9985	9985	9985	1	0.02252944188428052
2021-08-05	10085	10085	10060	10070	8564	0.00851276915373056
2021-08-06	10005	10005	10005	10005	0	-0.006454816285997977
2021-08-09	9935	9935	9935	9935	10	-0.006996501749125472
2021-08-10	9850	9860	9740	9740	20610	-0.01962757926522396
2021-08-11	9635	9635	9635	9635	0	-0.010780287474332684
2021-08-12	9625	9625	9625	9625	89	-0.0010378827192527584
2021-08-13	9290	9290	9265	9265	719	-0.03740259740259744
2021-08-17	9035	9035	9035	9035	0	-0.024824608742579635
2021-08-18	9170	9170	9170	9170	0	0.014941892639734444
2021-08-19	9075	9075	8820	8820	6	-0.03816793893129766
2021-08-20	8760	8760	8520	8520	411	-0.03401360544217691
2021-08-23	8810	8855	8810	8855	4	0.03931924882629101
2021-08-24	9070	9070	9070	9070	815	0.024280067758328583
2021-08-25	9175	9175	9175	9175	0	0.011576626240352716
2021-08-26	9060	9060	9060	9060	0	-0.01253405994550405
2021-08-27	9035	9035	9035	9035	0	-0.0027593818984547047
2021-08-30	9095	9095	9050	9050	791	0.0016602102933038765
2021-08-31	9340	9360	9340	9360	797	0.034254143646408775
2021-09-01	9470	9470	9470	9470	0	0.01175213675213671
2021-09-02	9375	9375	9295	9295	377	-0.018479408658922947
2021-09-03	9380	9380	9380	9380	459	0.009144701452393766
2021-09-06	9405	9495	9390	9455	255030	0.007995735607675858
2021-09-07	9405	9420	9285	9325	502803	-0.01374933897408781
2021-09-08	9365	9400	9220	9240	227098	-0.009115281501340444
2021-09-09	9235	9285	9140	9155	30407	-0.009199134199134207
2021-09-10	9135	9190	9035	9145	41249	-0.0010922992900054274
2021-09-13	9070	9230	9050	9140	36002	-0.0005467468562055933
2021-09-14	9285	9400	9240	9325	30004	0.020240700218818297
2021-09-15	9345	9385	9255	9365	39203	0.00428954423592498
2021-09-16	9410	9410	9170	9185	41972	-0.019220501868659867
2021-09-17	9190	9260	9110	9235	40002	0.005443658138268859
2021-09-23	9200	9230	9100	9205	34002	-0.003248511099079643
2021-09-24	9280	9295	9145	9165	53213	-0.00434546442151007
2021-09-27	9150	9290	9125	9205	136002	0.004364429896344779
2021-09-28	9190	9205	8990	8990	116002	-0.023356871265616475
2021-09-29	8740	8810	8590	8720	82008	-0.030033370411568394
2021-09-30	8695	8835	8655	8820	38002	0.011467889908256979
2021-10-01	8715	8735	8475	8485	80006	-0.03798185941043086
2021-10-05	8350	8360	8085	8185	74268	-0.03535651149086627
2021-10-06	8325	8350	7945	8030	120448	-0.01893708002443495
2021-10-07	8120	8210	8050	8190	30837	0.01992528019925288
2021-10-08	8290	8290	8150	8180	59017	-0.0012210012210012167
2021-10-12	8085	8085	7830	7865	51460	-0.03850855745721271
2021-10-13	7920	8085	7895	8060	10004	0.024793388429751984
2021-10-14	8195	8280	8155	8265	64626	0.025434243176178706
2021-10-15	8475	8475	8375	8450	64766	0.02238354506957041
2021-10-18	8385	8495	8315	8405	94602	-0.005325443786982298
2021-10-19	8550	8565	8480	8555	80226	0.01784651992861397
2021-10-20	8680	8680	8500	8500	66339	-0.006428988895382792
2021-10-21	8530	8545	8440	8440	34294	-0.007058823529411784
2021-10-22	8465	8525	8395	8440	56003	0.0
2021-10-25	8405	8530	8335	8530	68856	0.010663507109004655
2021-10-26	8665	8710	8615	8710	96423	0.021101992966002348
2021-10-27	8670	8670	8515	8540	59757	-0.019517795637198576
2021-10-28	8535	8595	8495	8495	54062	-0.005269320843091285
2021-10-29	8590	8590	8215	8215	44676	-0.03296056503825784
2021-11-01	8325	8370	8290	8320	63273	0.012781497261107777
2021-11-02	8500	8625	8485	8505	67686	0.022235576923076872
2021-11-03	8535	8535	8250	8250	110767	-0.029982363315696703
2021-11-04	8530	8540	8360	8360	73620	0.01333333333333342
2021-11-05	8460	8460	8270	8325	124818	-0.004186602870813405
2021-11-08	8320	8370	8160	8370	65809	0.00540540540540535
2021-11-09	8425	8460	8300	8350	66328	-0.002389486260453988
2021-11-10	8365	8365	8175	8195	29284	-0.018562874251497052
2021-11-11	8060	8135	8035	8080	15280	-0.014032946918852929
2021-11-12	8275	8405	8250	8385	6959	0.037747524752475226
2021-11-15	8500	8595	8475	8570	33535	0.022063208109719845
2021-11-16	8570	8630	8515	8560	30533	-0.001166861143523934
2021-11-17	8605	8605	8355	8355	41735	-0.02394859813084116
2021-11-18	8335	8345	8315	8330	17520	-0.0029922202274087484
2021-11-19	8425	8430	8320	8410	22860	0.009603841536614643
2021-11-22	8570	8770	8530	8770	59691	0.04280618311533879
2021-11-23	8735	8735	8595	8615	57878	-0.01767388825541616
2021-11-24	8720	8750	8525	8575	21704	-0.004643064422518828
2021-11-25	8565	8565	8445	8445	46672	-0.015160349854227428
2021-11-26	8475	8475	8140	8140	19467	-0.03611604499703969
2021-11-29	8075	8145	7990	8035	12560	-0.012899262899262909
2021-11-30	8230	8230	7610	7610	15351	-0.05289359054138143
2021-12-01	7845	8055	7690	8050	25595	0.05781865965834432
2021-12-02	7935	8250	7920	8250	28602	0.024844720496894457
2021-12-03	8245	8465	8185	8430	44921	0.021818181818181737
2021-12-06	8360	8435	8210	8435	2581	0.0005931198102016033
2021-12-07	8430	8585	8375	8540	9982	0.012448132780082943
2021-12-08	8745	8795	8545	8545	23673	0.0005854800936768711
2021-12-09	8580	8630	8555	8610	30646	0.0076067875950849295
2021-12-10	8545	8560	8490	8525	33662	-0.009872241579558683
2021-12-13	8650	8690	8495	8495	14569	-0.0035190615835777317
2021-12-14	8420	8450	8355	8425	42052	-0.008240141259564404
2021-12-15	8390	8425	8350	8415	27090	-0.001186943620178016
2021-12-16	8610	8610	8460	8495	26355	0.009506833036244888
2021-12-17	8440	8560	8415	8530	29180	0.0041200706297821466
2021-12-20	8440	8455	8285	8285	17076	-0.028722157092614276
2021-12-21	8410	8410	8265	8375	9234	0.010863005431502648
2021-12-22	8550	8550	8415	8415	19894	0.004776119402985168
2021-12-23	8625	8625	8445	8475	11806	0.007130124777183555
2021-12-24	8685	8685	8620	8655	2472	0.02123893805309729
2021-12-27	8615	8615	8525	8525	4918	-0.015020219526285405
2021-12-28	8575	8630	8535	8630	2448	0.012316715542521894
2021-12-29	8740	8740	8630	8630	9257	0.0
2021-12-30	8665	8665	8530	8530	26993	-0.011587485515643148
2022-01-03	8690	8695	8570	8595	19156	0.007620164126612039
2022-01-04	8585	8585	8470	8485	2545	-0.012798138452588703
2022-01-05	8535	8535	8250	8255	10114	-0.02710665880966412
2022-01-06	8235	8275	8040	8040	4956	-0.02604482132041186
2022-01-07	8235	8320	8200	8240	12143	0.02487562189054726
2022-01-10	8075	8075	8075	8075	2	-0.020024271844660158
2022-01-11	8190	8190	8165	8165	5156	0.011145510835913308
2022-01-12	8360	8455	8360	8440	2381	0.03368034292712796
2022-01-13	8470	8470	8350	8350	14960	-0.010663507109004766
2022-01-14	8235	8235	8075	8110	10300	-0.028742514970059863
2022-01-17	8110	8110	7895	7895	7250	-0.026510480887792842
2022-01-18	8015	8040	7825	7870	7757	-0.0031665611146295403
2022-01-19	7745	7765	7685	7690	2744	-0.02287166454891998
2022-01-20	7750	7805	7710	7805	9978	0.014954486345903684
2022-01-21	7710	7710	7575	7575	507	-0.029468289557975647
2022-01-24	7655	7655	7410	7465	2462	-0.014521452145214497
2022-01-25	7440	7440	7045	7140	7770	-0.043536503683857974
2022-01-26	7145	7220	7035	7085	10044	-0.00770308123249297
2022-01-27	7095	7095	6555	6555	2872	-0.0748059280169372
2022-01-28	6645	6890	6530	6890	5120	0.05110602593440117
2022-02-03	7210	7210	7145	7175	19	0.04136429608127723
2022-02-04	7135	7200	7115	7200	13890	0.0034843205574912606
2022-02-07	7090	7090	7020	7020	4892	-0.025000000000000022
2022-02-08	7255	7255	7145	7145	72	0.017806267806267817
2022-02-09	7255	7300	7245	7300	5	0.021693491952414323
2022-02-10	7435	7435	7365	7365	5	0.008904109589041198
2022-02-11	7230	7300	7205	7280	2426	-0.01154107264086901
2022-02-14	7120	7120	6945	7015	43607	-0.03640109890109888
2022-02-15	7065	7065	6890	6890	5244	-0.01781895937277267
2022-02-16	7155	7210	7105	7210	22	0.046444121915820036
2022-02-17	7225	7425	7190	7235	1622	0.0034674063800277377
2022-02-18	7160	7160	7135	7135	2	-0.013821700069108545
2022-02-21	7040	7040	7015	7015	2	-0.016818500350385457
2022-02-22	7035	7035	6985	7030	5074	0.002138275124732747
2022-02-23	7150	7150	7130	7130	2	0.014224751066856278
2022-02-24	6940	6940	6720	6720	3986	-0.057503506311360475
2022-02-25	6890	6960	6870	6905	7724	0.027529761904761862
2022-02-28	6825	6920	6800	6920	3	0.0021723388848660097
2022-03-02	7030	7040	6955	7010	4204	0.013005780346820872
2022-03-03	7165	7225	7140	7225	12042	0.030670470756062773
2022-03-04	7145	7145	7120	7120	2	-0.01453287197231834
2022-03-07	6840	6840	6695	6745	4235	-0.0526685393258427
2022-03-08	6795	6795	6780	6780	28	0.005189028910304039
2022-03-10	7080	7080	7010	7010	66	0.03392330383480835
2022-03-11	6940	6965	6915	6935	4172	-0.010699001426533572
2022-03-14	6925	6950	6835	6870	8184	-0.009372746935832788
2022-03-15	6890	6890	6830	6830	3936	-0.005822416302765698
2022-03-16	6950	6965	6880	6965	4118	0.019765739385065872
2022-03-17	7250	7305	7250	7305	4157	0.04881550610193819
2022-03-18	7235	7235	7210	7210	3	-0.013004791238877433
2022-03-21	7240	7250	7110	7110	12306	-0.01386962552011095
2022-03-22	7160	7210	7135	7210	8068	0.014064697609001309
2022-03-23	7400	7405	7290	7335	61969	0.01733703190013869
2022-03-24	7260	7260	7235	7235	2	-0.013633265167007469
2022-03-25	7260	7270	7230	7235	37202	0.0
2022-03-28	7190	7190	7110	7160	8163	-0.010366275051831408
2022-03-29	7405	7405	7280	7295	20402	0.0188547486033519
2022-03-30	7445	7445	7315	7335	8053	0.005483207676490798
2022-03-31	7345	7410	7290	7400	20208	0.008861622358554921
2022-04-01	7310	7310	7240	7260	4181	-0.018918918918918948
2022-04-04	7220	7370	7195	7370	5549	0.015151515151515138
2022-04-05	7430	7430	7375	7390	4108	0.0027137042062415073
2022-04-06	7275	7310	7220	7255	28949	-0.01826792963464141
2022-04-07	7140	7155	7035	7035	4197	-0.030323914541695363
2022-04-08	7090	7090	7020	7020	10	-0.002132196162046962
2022-04-11	7005	7030	6980	6995	4200	-0.0035612535612535856
2022-04-12	6980	6980	6875	6880	4096	-0.01644031451036454
2022-04-13	6960	6960	6935	6935	2	0.007994186046511587
2022-04-14	7135	7135	7055	7055	4111	0.017303532804614274
2022-04-15	6970	6970	6935	6935	11960	-0.01700921332388372
2022-04-18	6895	6960	6880	6920	16690	-0.00216294160057684
2022-04-19	6990	7065	6975	7045	20507	0.018063583815028927
2022-04-20	7020	7030	6975	7030	20842	-0.002129169623846683
2022-04-21	7110	7150	7090	7105	8062	0.010668563300142209
2022-04-22	6960	6970	6920	6970	16303	-0.01900070372976781
2022-04-25	6795	6805	6700	6700	12169	-0.038737446197991354
2022-04-26	6785	6810	6765	6810	4305	0.016417910447761086
2022-04-27	6560	6605	6525	6600	8490	-0.03083700440528636
2022-04-28	6650	6700	6585	6700	24718	0.015151515151515138
2022-04-29	6780	6915	6765	6890	20070	0.028358208955223896
2022-05-02	6830	6865	6790	6850	44536	-0.005805515239477477
2022-05-03	6890	6965	6870	6935	24616	0.012408759124087565
2022-05-04	6945	6955	6820	6835	20129	-0.014419610670511895
2022-05-06	6710	6710	6640	6675	24907	-0.023408924652523755
2022-05-09	6625	6665	6585	6585	12476	-0.013483146067415741
2022-05-10	6420	6445	6250	6445	9371	-0.021260440394836766
2022-05-11	6405	6475	6370	6475	26187	0.004654771140419012
2022-05-12	6350	6430	6235	6235	19104	-0.037065637065637036
2022-05-13	6365	6515	6340	6515	8704	0.04490777866880524
2022-05-16	6655	6655	6470	6490	21586	-0.0038372985418265726
2022-05-17	6545	6605	6525	6605	12080	0.017719568567026167
2022-05-18	6755	6755	6625	6645	18257	0.006056018168054456
2022-05-19	6435	6505	6405	6450	9729	-0.02934537246049662
2022-05-20	6565	6715	6545	6705	18961	0.03953488372093017
2022-05-23	6750	6750	6720	6720	3080	0.0022371364653244186
2022-05-24	6720	6720	6510	6510	3146	-0.03125
2022-05-25	6580	6580	6545	6545	2	0.005376344086021501
2022-05-26	6635	6670	6470	6470	3295	-0.01145912910618796
2022-05-27	6700	6700	6635	6665	605	0.030139103554868596
2022-05-30	6790	6800	6765	6800	3028	0.02025506376594155
2022-05-31	6820	6890	6775	6890	17608	0.013235294117647012
2022-06-02	6790	6790	6730	6730	5861	-0.023222060957910018
2022-06-03	6790	6790	6790	6790	0	0.008915304606240682
2022-06-07	6620	6620	6570	6570	100	-0.032400589101620025
2022-06-08	6575	6575	6575	6575	0	0.0007610350076103778
2022-06-09	6525	6525	6510	6510	76	-0.009885931558935357
2022-06-10	6405	6405	6400	6400	280	-0.016897081413210446
2022-06-13	6030	6030	5945	5945	5	-0.07109374999999996
2022-06-14	5830	5895	5795	5870	3711	-0.012615643397813292
2022-06-15	5720	5720	5640	5640	1535	-0.03918228279386715
2022-06-16	5835	5865	5835	5865	403	0.039893617021276695
2022-06-17	5535	5560	5510	5510	1402	-0.06052855924978684
2022-06-20	5480	5480	5480	5480	300	-0.005444646098003658
2022-06-21	5440	5440	5440	5440	1587	-0.007299270072992692
2022-06-22	5200	5200	5200	5200	0	-0.044117647058823484
2022-06-23	5185	5185	5040	5040	505	-0.03076923076923077
2022-06-24	5185	5345	5185	5345	9	0.06051587301587302
2022-06-27	5420	5535	5410	5535	222	0.035547240411599734
2022-06-28	5500	5500	5500	5500	100	-0.006323396567298967
2022-06-29	5325	5325	5325	5325	1	-0.03181818181818186
2022-06-30	5165	5165	5165	5165	1	-0.030046948356807546
2022-07-01	4980	4980	4980	4980	1	-0.03581800580832528
2022-07-04	5065	5065	5065	5065	4	0.017068273092369468
2022-07-05	5090	5225	5090	5190	1966	0.024679170779861703
2022-07-06	5090	5090	5090	5090	1	-0.019267822736030782
2022-07-07	5090	5205	5085	5205	1186	0.022593320235756442
2022-07-08	5335	5335	5280	5280	504	0.014409221902017322
2022-07-11	5310	5310	5310	5310	942	0.005681818181818121
2022-07-12	5140	5140	5055	5055	22	-0.04802259887005644
2022-07-13	5140	5180	5125	5180	948	0.02472799208704246
2022-07-14	5180	5180	5180	5180	0	0.0
