Date	Open	High	Low	Close	Volume	Change
2022-06-13	9740	9750	9730	9740	16	
2022-06-14	9460	9555	9435	9555	4	-0.018993839835729
2022-06-15	9345	9370	9335	9370	6	-0.019361590790162198
2022-06-16	9410	9410	9410	9410	2	0.004268943436499528
2022-06-17	9580	9580	9580	9580	2	0.018065887353878818
2022-06-20	9605	9605	9605	9605	2	0.0026096033402922547
2022-06-21	9465	9465	9455	9455	3	-0.015616866215512726
2022-06-22	9485	9510	9485	9510	3	0.005817028027498727
2022-06-23	9705	9705	9705	9705	1	0.020504731861198833
2022-06-24	9765	9765	9765	9765	2	0.0061823802163833985
2022-06-27	9665	9665	9665	9665	105	-0.010240655401945742
2022-06-28	9540	9540	9540	9540	1	-0.012933264355923457
2022-06-29	9660	9660	9660	9660	0	0.012578616352201255
2022-06-30	9730	9730	9730	9730	2	0.007246376811594235
2022-07-01	9815	9850	9815	9850	2827	0.012332990750256956
2022-07-04	9970	9970	9970	9970	1225	0.012182741116751217
2022-07-05	9885	9885	9840	9840	2	-0.013039117352056206
2022-07-06	10080	10095	10075	10095	448	0.02591463414634143
2022-07-07	9995	9995	9940	9940	58	-0.01535413571074784
2022-07-08	9820	9820	9815	9815	256	-0.012575452716297786
2022-07-11	9670	9685	9660	9685	269	-0.013245033112582738
2022-07-12	9850	9890	9850	9890	760	0.021166752710376935
2022-07-13	9855	9865	9845	9865	9	-0.0025278058645096246
2022-07-14	9990	9990	9990	9990	1	0.012671059300557452
