Date	Open	High	Low	Close	Volume	Change
2022-06-13	9485	9485	9485	9485	10	
2022-06-14	8960	8960	8960	8960	2	-0.05535055350553508
2022-06-15	8765	8765	8765	8765	2	-0.021763392857142905
2022-06-16	8835	8835	8835	8835	2	0.00798630918425558
2022-06-17	9175	9175	9175	9175	2	0.03848330503678543
2022-06-20	9205	9205	9205	9205	2	0.003269754768392419
2022-06-21	8925	8925	8925	8925	100	-0.03041825095057038
2022-06-22	8980	8980	8980	8980	2	0.006162464985994376
2022-06-23	9375	9385	9350	9350	114	0.04120267260579058
2022-06-24	9500	9525	9500	9520	615	0.018181818181818077
2022-06-27	9300	9310	9135	9135	108	-0.0404411764705882
2022-06-28	9095	9145	9095	9145	61	0.0010946907498632363
2022-06-29	9245	9315	9220	9315	116	0.018589393110989505
2022-06-30	9485	9500	9420	9420	33	0.011272141706924366
2022-07-01	9565	9765	9565	9720	1035	0.031847133757961776
2022-07-04	9905	9985	9900	9900	1730	0.0185185185185186
2022-07-05	9670	9675	9620	9675	565	-0.022727272727272707
2022-07-06	10080	10225	10060	10220	1005	0.05633074935400506
2022-07-07	9855	9915	9855	9865	1376	-0.03473581213307242
2022-07-08	9550	9635	9510	9610	2948	-0.02584896097313738
2022-07-11	9300	9375	9280	9375	3242	-0.024453694068678478
2022-07-12	9665	9730	9635	9705	294	0.0351999999999999
2022-07-13	9715	9715	9620	9700	2643	-0.0005151983513652647
2022-07-14	9840	9930	9825	9900	1001	0.020618556701030855
