Date	Open	High	Low	Close	Volume	Change
2022-06-13	10270	10270	10270	10270	10	
2022-06-14	10545	10545	10545	10545	3	0.02677702044790653
2022-06-15	10710	10715	10675	10675	524	0.0123281175912755
2022-06-16	10615	10615	10615	10615	2	-0.005620608899297386
2022-06-17	10455	10455	10455	10455	2	-0.015073009891662714
2022-06-20	10435	10435	10405	10420	607	-0.0033476805356288386
2022-06-21	10560	10565	10560	10565	174	0.013915547024952124
2022-06-22	10525	10525	10485	10485	678	-0.007572172266919086
2022-06-23	10305	10305	10300	10300	4	-0.01764425369575584
2022-06-24	10225	10225	10225	10225	2	-0.007281553398058249
2022-06-27	10350	10405	10350	10405	32	0.01760391198044009
2022-06-28	10450	10450	10450	10450	1	0.004324843825084024
2022-06-29	10330	10330	10330	10330	100	-0.011483253588516762
2022-06-30	10250	10250	10250	10250	2	-0.007744433688286589
2022-07-01	10110	10110	10100	10100	5	-0.014634146341463428
2022-07-04	9965	9965	9965	9965	2	-0.013366336633663378
2022-07-05	10150	10150	10150	10150	5	0.018564977420973516
2022-07-06	9870	9890	9870	9890	98	-0.025615763546798065
2022-07-07	9995	9995	9995	9995	1	0.010616784630940401
2022-07-08	10130	10130	10130	10130	2	0.013506753376688385
2022-07-11	10275	10275	10275	10275	2	0.014313919052319823
2022-07-12	10070	10070	10070	10070	2	-0.019951338199513335
2022-07-13	10095	10095	10095	10095	2	0.0024826216484608032
2022-07-14	10010	10010	10010	10010	2	-0.008420009905893977
