Date	Open	High	Low	Close	Volume	Change
2021-12-16	9900	9910	9870	9905	412	
2021-12-17	9960	9990	9960	9980	200	0.007571933366986361
2021-12-20	10000	10025	9995	9995	192	0.0015030060120240218
2021-12-21	10060	10085	10055	10085	201	0.00900450225112559
2021-12-22	10205	10205	10205	10205	1	0.01189885969261284
2021-12-23	10395	10395	10395	10395	10	0.018618324350808457
2021-12-24	10420	10420	10415	10415	290	0.0019240019240018835
2021-12-27	10405	10460	10405	10430	210	0.001440230436869916
2021-12-28	10515	10530	10490	10520	188	0.008628954937679678
2021-12-29	10345	10355	10280	10290	200	-0.02186311787072248
2021-12-30	10360	10370	10330	10330	200	0.0038872691933915515
2022-01-03	10155	10275	10155	10255	300	-0.007260406582768608
2022-01-04	10100	10185	10100	10165	200	-0.008776206728425162
2022-01-05	10365	10365	10315	10320	156	0.0152484013772749
2022-01-06	10260	10260	10150	10150	150	-0.016472868217054293
2022-01-07	10200	10205	10175	10175	151	0.0024630541871921707
2022-01-10	10315	10315	10275	10275	141	0.00982800982800991
2022-01-11	10240	10240	10210	10225	160	-0.0048661800486617945
2022-01-12	10285	10285	10270	10270	130	0.004400977995109967
2022-01-13	10255	10255	10185	10190	204	-0.007789678675754641
2022-01-14	10065	10065	10000	10005	162	-0.018155053974484803
2022-01-17	10070	10070	10070	10070	10	0.006496751624187835
2022-01-18	10080	10080	10005	10040	100	-0.002979145978152964
2022-01-19	10235	10240	10235	10235	17	0.019422310756972205
2022-01-20	10395	10435	10395	10435	273	0.019540791402051783
2022-01-21	10495	10495	10385	10410	201	-0.002395783421178743
2022-01-24	10485	10540	10480	10530	485	0.011527377521613813
2022-01-25	10565	10565	10545	10560	12	0.002849002849002913
2022-01-26	10610	10610	10525	10550	189	-0.0009469696969697239
2022-01-27	10665	10665	10590	10590	614	0.0037914691943128354
2022-01-28	10615	10655	10580	10655	250	0.006137865911236995
2022-02-03	10740	10765	10695	10695	362	0.0037541060534960202
2022-02-04	10700	10810	10700	10785	152	0.008415147265077083
2022-02-07	10790	10930	10790	10900	1451	0.01066295781177562
2022-02-08	10920	10930	10920	10930	3	0.0027522935779815683
2022-02-09	10990	11035	10965	11030	270	0.009149130832570851
2022-02-10	11170	11190	11140	11190	189	0.014505893019038929
2022-02-11	11025	11035	10990	11015	2120	-0.015638963360143032
2022-02-14	11220	11310	11215	11280	2281	0.024058102587380947
2022-02-15	11200	11200	11145	11145	230	-0.01196808510638303
2022-02-16	10985	11030	10955	11030	173	-0.010318528488111212
2022-02-17	11095	11160	11060	11150	297	0.010879419764279197
2022-02-18	11220	11220	11185	11185	185	0.003139013452914785
2022-02-21	11300	11300	11270	11270	1300	0.007599463567277587
2022-02-22	11350	11485	11340	11485	957	0.019077196095829585
2022-02-23	11660	11665	11650	11660	100	0.015237265999129335
2022-02-24	11950	12465	11935	12440	2201	0.06689536878216118
2022-02-25	12205	12265	12180	12235	2187	-0.01647909967845662
2022-02-28	11550	12070	11550	11880	71797	-0.029015120555782592
2022-03-02	12890	12890	12235	12675	408	0.06691919191919182
2022-03-03	12800	13285	12800	13285	853	0.048126232741617425
2022-03-04	13310	13715	13310	13590	3756	0.022958223560406443
2022-03-07	14490	14490	13920	14065	1631	0.03495217071376011
2022-03-08	13900	13985	13350	13985	1554	-0.0056878777106291745
2022-03-10	13360	13415	12955	13140	1980	-0.06042188058634246
2022-03-11	13160	13210	13140	13170	192	0.0022831050228311334
2022-03-14	13205	13325	13105	13125	386	-0.003416856492027387
2022-03-15	13075	13095	13000	13065	317	-0.00457142857142856
2022-03-16	13280	13350	13260	13350	633	0.021814006888633664
2022-03-17	12890	12890	12740	12765	441	-0.043820224719101075
2022-03-18	13065	13155	13065	13135	429	0.02898550724637672
2022-03-21	12995	13055	12965	13030	749	-0.007993909402360111
2022-03-22	13380	13530	13300	13515	1077	0.0372217958557175
2022-03-23	13250	13285	13210	13255	336	-0.019237883832778357
2022-03-24	13395	13400	13195	13210	451	-0.003394945303659025
2022-03-25	13180	13200	13125	13130	319	-0.006056018168054456
2022-03-28	13115	13120	13040	13040	739	-0.006854531607006886
2022-03-29	12865	12930	12860	12920	1486	-0.009202453987730008
2022-03-30	12700	12700	12555	12645	1698	-0.021284829721362253
2022-03-31	12760	12785	12705	12745	3201	0.007908264136022192
2022-04-01	12620	12620	12555	12555	251	-0.014907806983130656
2022-04-04	12410	12530	12410	12530	154	-0.0019912385503783048
2022-04-05	12755	12800	12755	12790	1931	0.020750199521149204
2022-04-06	13005	13005	12890	12950	269	0.012509773260359625
2022-04-07	12830	12870	12825	12870	34	-0.00617760617760621
2022-04-08	12885	12915	12885	12915	278	0.0034965034965035446
2022-04-11	13220	13250	13190	13230	2182	0.024390243902439046
2022-04-12	13120	13345	13120	13345	962	0.008692365835222926
2022-04-13	13375	13375	13320	13330	337	-0.0011240164855751411
2022-04-14	13505	13585	13505	13505	214	0.013128282070517638
2022-04-15	13485	13485	13400	13400	1385	-0.007774898185857082
2022-04-18	13550	13610	13545	13565	1191	0.012313432835820981
2022-04-19	13795	13860	13795	13860	506	0.02174714338370798
2022-04-20	13680	13730	13645	13715	355	-0.010461760461760505
2022-04-21	13705	13705	13670	13670	188	-0.0032810791104630477
2022-04-22	13605	13605	13475	13505	4365	-0.012070226773957526
2022-04-25	13510	13510	13370	13370	1067	-0.009996297667530518
2022-04-26	13565	13590	13545	13590	193	0.01645474943904257
2022-04-27	13625	13625	13490	13500	811	-0.0066225165562914245
2022-04-28	13730	13730	13655	13655	180	0.011481481481481426
2022-04-29	13665	13665	13570	13580	548	-0.005492493592090808
2022-05-02	13375	13395	13295	13355	155	-0.016568483063328476
2022-05-03	13350	13380	13335	13355	95	0.0
2022-05-04	13220	13220	13165	13205	5679	-0.011231748408835673
2022-05-06	13450	13450	13375	13385	97	0.013631200302915536
2022-05-09	13465	13465	13365	13385	210	0.0
2022-05-10	13080	13235	13080	13220	192	-0.012327231976092645
2022-05-11	13260	13275	13215	13275	56	0.004160363086233021
2022-05-12	13405	13425	13405	13405	24	0.009792843691148745
2022-05-13	13770	13825	13770	13810	388	0.03021260723610597
2022-05-16	14070	14155	14070	14110	312	0.02172338884866032
2022-05-17	14285	14285	14145	14155	222	0.003189227498228142
2022-05-18	14315	14315	14120	14190	278	0.0024726245143058545
2022-05-19	14000	14090	14000	14060	132	-0.009161381254404466
2022-05-20	13940	13940	13850	13880	202	-0.012802275960170695
2022-05-23	13885	13910	13885	13910	163	0.002161383285302687
2022-05-24	13885	13900	13850	13850	208	-0.004313443565780006
2022-05-25	13650	13665	13650	13650	1080	-0.014440433212996373
2022-05-26	13475	13475	13425	13460	459	-0.01391941391941387
2022-05-27	13685	13725	13685	13720	25	0.019316493313521477
2022-05-30	13790	13890	13790	13890	10	0.012390670553935834
2022-05-31	13775	13775	13685	13745	108	-0.010439164866810624
2022-06-02	14030	14030	12985	13020	527	-0.05274645325572935
2022-06-03	13225	13225	13160	13185	56	0.012672811059907918
2022-06-07	13245	13255	13235	13250	353	0.004929844520288107
2022-06-08	13430	13470	13430	13450	504	0.015094339622641506
2022-06-09	13470	13480	13460	13460	128	0.0007434944237918462
2022-06-10	13560	13560	13545	13545	1497	0.006315007429420483
2022-06-13	13625	13630	13510	13510	304	-0.0025839793281653423
2022-06-14	13415	13415	13365	13375	707	-0.009992598075499681
2022-06-15	13235	13265	13235	13240	70	-0.010093457943925244
2022-06-16	13335	13360	13325	13325	649	0.006419939577039235
2022-06-17	13555	13555	13475	13505	902	0.013508442776735352
2022-06-20	13340	13340	13235	13235	45	-0.019992595335061036
2022-06-21	13115	13115	13070	13070	133	-0.012466943709860234
2022-06-22	12795	12795	12675	12675	19	-0.030221882172915104
2022-06-23	12525	12525	12350	12350	35	-0.02564102564102566
2022-06-24	12130	12130	12035	12070	69	-0.02267206477732797
2022-06-27	11970	12060	11970	12060	74	-0.0008285004142501995
2022-06-28	12050	12080	12030	12080	17	0.0016583747927032544
2022-06-29	12185	12190	12135	12160	164	0.0066225165562914245
2022-06-30	12145	12180	12145	12180	15	0.00164473684210531
2022-07-01	11815	11815	11680	11680	67	-0.04105090311986859
2022-07-04	11390	11390	11295	11295	83	-0.03296232876712324
2022-07-05	11310	11310	11310	11310	1	0.0013280212483399723
2022-07-06	10820	10820	10685	10685	280	-0.055260831122900034
2022-07-07	10885	10910	10885	10910	353	0.021057557323350462
2022-07-08	11240	11290	11240	11240	44	0.030247479376718678
2022-07-11	12000	12005	11890	11890	36	0.057829181494661874
2022-07-12	11520	11580	11520	11535	21	-0.029857022708158154
2022-07-13	10880	10895	10865	10865	18	-0.05808409189423491
2022-07-14	11040	11040	11040	11040	2	0.016106764841233412
