Date	Open	High	Low	Close	Volume	Change
2021-02-02	10410	10575	10350	10515	26542	
2021-02-03	11000	11000	10470	10570	8774	0.005230622919638606
2021-02-04	10510	10540	10420	10500	2081	-0.0066225165562914245
2021-02-05	10575	10695	10435	10695	24202	0.01857142857142846
2021-02-08	10680	10680	10560	10560	2887	-0.012622720897615736
2021-02-09	10540	10570	10475	10500	1765	-0.005681818181818232
2021-02-10	10545	10625	10445	10570	3532	0.006666666666666599
2021-02-15	10585	10650	10555	10650	918	0.007568590350047311
2021-02-16	10635	10720	10600	10605	3218	-0.004225352112676051
2021-02-17	10520	10545	10470	10470	3329	-0.012729844413012725
2021-02-18	10470	10505	10370	10445	4307	-0.0023877745940783512
2021-02-19	10345	10390	10165	10390	1598	-0.005265677357587317
2021-02-22	10330	10330	10005	10005	2828	-0.03705486044273343
2021-02-23	10005	10005	9860	9860	3643	-0.01449275362318836
2021-02-24	9835	9920	9460	9460	8485	-0.04056795131845847
2021-02-25	9710	9805	9625	9805	1375	0.03646934460887952
2021-02-26	9525	9525	9390	9510	319	-0.030086690464048993
2021-03-02	9650	9845	9530	9530	1609	0.002103049421661396
2021-03-03	9430	9575	9415	9490	2153	-0.0041972717733472775
2021-03-04	9535	9565	9415	9490	498	0.0
2021-03-05	9265	9350	9175	9350	344	-0.01475237091675452
2021-03-08	9380	9380	9080	9080	1426	-0.02887700534759363
2021-03-09	9075	9075	8755	8920	2854	-0.017621145374449365
2021-03-10	9060	9075	8925	8925	1531	0.0005605381165918466
2021-03-11	8985	9245	8980	9200	2359	0.03081232492997188
2021-03-12	9410	9410	9295	9390	38	0.020652173913043415
2021-03-15	9285	9285	9250	9265	836	-0.013312034078807211
2021-03-16	9210	9210	9170	9170	192	-0.010253642741500313
2021-03-17	9195	9230	9060	9060	2080	-0.01199563794983638
2021-03-18	9285	9290	9245	9245	20	0.02041942604856506
2021-03-19	9120	9120	9120	9120	50	-0.013520822065981597
2021-03-22	9215	11855	8970	9010	3366	-0.01206140350877194
2021-03-23	9080	9095	8950	8950	136	-0.006659267480577102
2021-03-24	8980	9000	8980	9000	591	0.005586592178770999
2021-03-25	9020	9020	8975	8975	70	-0.002777777777777768
2021-03-26	8975	9100	8975	9100	308	0.013927576601671321
2021-03-29	9130	9130	8965	9000	138	-0.01098901098901095
2021-03-30	9130	9150	9100	9125	972	0.01388888888888884
2021-03-31	9215	9215	9105	9110	309	-0.0016438356164383272
2021-04-01	9210	9235	9155	9215	103	0.011525795828759566
2021-04-02	9220	9220	9170	9205	3811	-0.0010851871947911151
2021-04-05	9180	9180	9090	9090	48	-0.012493210211841355
2021-04-06	9200	9200	9130	9130	6	0.004400440044004306
2021-04-07	9210	9230	9120	9120	95	-0.0010952902519167917
2021-04-08	9160	9255	9160	9255	308	0.014802631578947345
2021-04-09	9300	9350	9290	9345	125	0.009724473257698651
2021-04-12	9495	9495	9490	9490	33	0.015516318887105474
2021-04-13	9590	9690	9590	9675	855	0.01949420442571137
2021-04-14	9680	9760	9680	9730	122	0.00568475452196382
2021-04-15	9915	9915	9735	9740	8474	0.0010277492291881352
2021-04-16	9830	9880	9805	9880	8037	0.014373716632443578
2021-04-19	9930	9930	9895	9900	1071	0.002024291497975783
2021-04-20	9850	9850	9825	9825	206	-0.007575757575757569
2021-04-21	9720	9720	9720	9720	0	-0.010687022900763399
2021-04-22	9650	9650	9565	9565	2039	-0.015946502057613166
2021-04-23	9505	9505	9505	9505	4	-0.006272869837950834
2021-04-26	9600	9600	9600	9600	0	0.009994739610731163
2021-04-27	9700	9700	9620	9620	232	0.002083333333333437
2021-04-28	9545	9545	9445	9460	15	-0.016632016632016633
2021-04-29	9415	9580	9415	9460	127	0.0
2021-04-30	9360	9375	9245	9250	8697	-0.022198731501057112
2021-05-03	9180	9210	9180	9200	52	-0.00540540540540535
2021-05-04	9055	9070	9040	9070	12	-0.01413043478260867
2021-05-06	9255	9255	9200	9200	2	0.014332965821389099
2021-05-07	9310	9310	9310	9310	0	0.011956521739130421
2021-05-10	9435	9455	9435	9455	7	0.015574650912996812
2021-05-11	9230	9270	9220	9220	225	-0.024854574299312482
2021-05-12	9230	9230	9135	9135	30	-0.009219088937093223
2021-05-13	9080	9080	9075	9075	78	-0.006568144499178974
2021-05-14	9155	9155	9155	9155	0	0.008815426997245135
2021-05-17	9205	9205	9140	9140	5	-0.0016384489350081965
2021-05-18	9290	9290	9290	9290	0	0.01641137855579866
2021-05-20	9310	9345	9310	9345	1250	0.005920344456404658
2021-05-21	9420	9440	9420	9440	205	0.01016586409844833
2021-05-24	9350	9350	9325	9330	4132	-0.01165254237288138
2021-05-25	9370	9370	9370	9370	0	0.004287245444801746
2021-05-26	9370	9370	9370	9370	0	0.0
2021-05-27	9265	9275	9235	9250	12	-0.012806830309498363
2021-05-28	9340	9340	9340	9340	1	0.00972972972972963
2021-05-31	9375	9375	9375	9375	1	0.0037473233404710093
2021-06-01	9375	9375	9375	9375	0	0.0
2021-06-02	9350	9350	9350	9350	1	-0.002666666666666706
2021-06-03	9350	9410	9350	9410	53	0.0064171122994651775
2021-06-04	9320	9355	9320	9355	11	-0.0058448459086078985
2021-06-07	9355	9355	9355	9355	180	0.0
2021-06-08	9445	9445	9445	9445	0	0.009620523784072743
2021-06-09	9465	9465	9465	9465	180	0.002117522498676472
2021-06-10	9550	9550	9550	9550	0	0.00898045430533534
2021-06-11	9625	9630	9625	9630	782	0.008376963350785305
2021-06-14	9760	9760	9760	9760	0	0.01349948078920038
2021-06-15	9770	9770	9760	9770	137	0.0010245901639345245
2021-06-16	9755	9755	9745	9745	2	-0.0025588536335721113
2021-06-17	9760	9760	9760	9760	0	0.001539250897896416
2021-06-18	9900	9940	9900	9910	114	0.015368852459016313
2021-06-21	9875	9875	9875	9875	30	-0.003531786074672083
2021-06-22	9890	9890	9890	9890	219	0.0015189873417722488
2021-06-23	9945	10095	9945	10095	505	0.020728008088978678
2021-06-24	10105	10105	10035	10035	115	-0.005943536404160454
2021-06-25	9940	9940	9905	9905	8	-0.012954658694569021
2021-06-28	9905	9905	9905	9905	0	0.0
2021-06-29	9950	9950	9950	9950	0	0.004543160020191728
2021-06-30	10040	10080	10040	10080	105	0.01306532663316573
2021-07-01	10090	10090	10090	10090	100	0.0009920634920634885
2021-07-02	10265	10390	10265	10390	558	0.02973240832507429
2021-07-05	10505	10510	10450	10450	387	0.005774783445620768
2021-07-06	10450	10470	10450	10455	306	0.0004784688995216335
2021-07-07	10480	10500	10480	10495	450	0.003825920612147371
2021-07-08	10505	10580	10475	10520	660	0.0023820867079562547
2021-07-09	10380	10380	10380	10380	55	-0.013307984790874472
2021-07-12	10435	10435	10435	10435	0	0.005298651252408471
2021-07-13	10555	10555	10555	10555	0	0.01149976042165779
2021-07-14	10535	10535	10535	10535	4	-0.001894836570345837
2021-07-15	10480	10480	10480	10480	55	-0.0052206929283341585
2021-07-16	10600	10620	10580	10600	806	0.011450381679389388
2021-07-19	10490	10500	10480	10500	3	-0.009433962264150941
2021-07-20	10465	10465	10465	10465	192	-0.0033333333333332993
2021-07-21	10440	10440	10440	10440	0	-0.0023889154323937234
2021-07-22	10500	10550	10500	10550	600	0.010536398467432928
2021-07-23	10675	10745	10670	10725	877	0.016587677725118377
2021-07-26	10795	10795	10795	10795	93	0.006526806526806483
2021-07-27	10625	10625	10625	10625	0	-0.015748031496062964
2021-07-28	10560	10560	10560	10560	12	-0.006117647058823561
2021-07-29	10535	10570	10535	10570	120	0.0009469696969697239
2021-07-30	10360	10360	10360	10360	93	-0.019867549668874163
2021-08-02	10390	10390	10390	10390	0	0.0028957528957529455
2021-08-03	10315	10315	10295	10295	2	-0.009143407122232938
2021-08-04	10340	10350	10340	10350	4	0.005342399222923788
2021-08-05	10440	10440	10440	10440	156	0.008695652173912993
2021-08-06	10400	10400	10400	10400	0	-0.003831417624521105
2021-08-09	10390	10390	10390	10390	0	-0.0009615384615384581
2021-08-10	10380	10380	10350	10350	2	-0.0038498556304138454
2021-08-11	10495	10505	10460	10460	307	0.010628019323671412
2021-08-12	10460	10460	10460	10460	0	0.0
2021-08-13	10360	10360	10350	10350	2	-0.010516252390057379
2021-08-17	10350	10350	10350	10350	1	0.0
2021-08-18	10240	10315	10240	10315	138	-0.0033816425120772875
2021-08-19	10280	10300	10280	10300	4010	-0.0014541929229278105
2021-08-20	10300	10300	10135	10170	325	-0.012621359223300987
2021-08-23	10195	10195	10195	10195	5	0.002458210422812135
2021-08-24	10205	10205	10205	10205	0	0.0009808729769493763
2021-08-25	10295	10295	10295	10295	0	0.00881920627143562
2021-08-26	10215	10215	10210	10210	98	-0.00825643516270036
2021-08-27	10145	10145	10145	10145	0	-0.006366307541625815
2021-08-30	10145	10145	10145	10145	0	0.0
2021-08-31	10305	10305	10305	10305	0	0.015771315919171913
2021-09-01	10310	10310	10310	10310	200	0.00048520135856389146
2021-09-02	10215	10215	10215	10215	0	-0.009214354995150331
2021-09-03	10240	10240	10215	10215	2	0.0
2021-09-06	10285	10285	10245	10245	2	0.002936857562408246
2021-09-07	10265	10265	10235	10235	2	-0.0009760858955587537
2021-09-08	10205	10205	10180	10180	2	-0.005373717635564268
2021-09-09	9900	9900	9640	9685	1073	-0.04862475442043224
2021-09-10	9680	9680	9650	9650	902	-0.0036138358286009753
2021-09-13	9640	9640	9520	9520	22	-0.013471502590673534
2021-09-14	9565	9565	9530	9540	7	0.0021008403361344463
2021-09-15	9625	9675	9585	9675	3	0.014150943396226356
2021-09-16	9675	9675	9565	9580	22	-0.009819121447028456
2021-09-17	9570	9570	9510	9565	4	-0.0015657620041753528
2021-09-23	9600	9600	9530	9530	64	-0.003659174072138005
2021-09-24	9625	9625	9555	9555	2	0.002623294858342007
2021-09-27	9670	9670	9600	9600	3	0.0047095761381474865
2021-09-28	9575	9575	9445	9445	805	-0.016145833333333304
2021-09-29	9470	9470	9270	9290	7	-0.01641079936474321
2021-09-30	9410	9460	9365	9460	7	0.01829924650161474
2021-10-01	9505	9505	9440	9440	2	-0.0021141649048626032
2021-10-05	9365	9365	8915	8915	12	-0.05561440677966101
2021-10-06	9035	9060	8850	8865	24	-0.005608524957936067
2021-10-07	8810	8990	8770	8970	2016	0.011844331641285955
2021-10-08	8985	9060	8950	9035	14	0.007246376811594235
2021-10-12	9045	9045	9005	9005	2	-0.003320420586607642
2021-10-13	9020	9120	8980	9080	212	0.008328706274292053
2021-10-14	9095	9250	9065	9250	4	0.018722466960352513
2021-10-15	9355	9360	9295	9310	13	0.00648648648648642
2021-10-18	9320	9320	9290	9290	2	-0.002148227712137518
2021-10-19	9400	9460	9370	9450	60	0.017222820236813874
2021-10-20	9490	9525	9450	9525	3	0.007936507936507908
2021-10-21	9435	9440	9355	9355	14	-0.01784776902887142
2021-10-22	9405	9405	9355	9355	2	0.0
2021-10-25	9475	9475	9425	9430	17	0.00801710315339399
2021-10-26	9430	9430	9380	9380	2	-0.005302226935312793
2021-10-27	9550	9550	9500	9500	2	0.01279317697228155
2021-10-28	9470	9470	9420	9420	2	-0.008421052631578996
2021-10-29	9360	9360	9195	9195	3	-0.023885350318471388
2021-11-01	9195	9195	9145	9145	2	-0.0054377379010331905
2021-11-02	9265	9265	9215	9215	2	0.007654455986878084
2021-11-03	9330	9330	9280	9280	2	0.007053716766142193
2021-11-04	9265	9300	9195	9195	5	-0.009159482758620663
2021-11-05	9240	9240	9190	9190	2	-0.0005437737901032857
2021-11-08	9090	9090	8885	8885	4	-0.03318824809575627
2021-11-09	9010	9045	9010	9045	6	0.018007878446820502
2021-11-10	9080	9080	9050	9050	2	0.0005527915975678255
2021-11-11	9010	9225	8970	9220	4	0.01878453038674044
2021-11-12	9490	9490	9430	9450	5	0.024945770065075923
2021-11-15	9430	9545	9380	9470	23	0.002116402116402183
2021-11-16	9515	9515	9460	9460	2	-0.001055966209081327
2021-11-17	9565	9565	9410	9410	8	-0.005285412262156397
2021-11-18	9440	9445	9420	9420	4	0.0010626992561104665
2021-11-19	9415	9415	9355	9355	2	-0.006900212314225107
2021-11-22	9360	9360	9325	9325	2	-0.003206841261357618
2021-11-23	9295	9295	9250	9250	2	-0.008042895442359255
2021-11-24	9180	9180	9125	9140	4	-0.011891891891891881
2021-11-25	9200	9200	9140	9140	2	0.0
2021-11-26	9200	9200	9150	9150	2	0.001094091903719896
2021-11-29	9160	9160	8810	9045	5	-0.011475409836065542
2021-11-30	9150	9150	8970	8970	22	-0.008291873963515717
2021-12-01	9025	9050	8955	8985	4440	0.0016722408026756952
2021-12-02	8960	9000	8920	9000	3	0.0016694490818029983
2021-12-03	9010	9010	8960	8960	2	-0.004444444444444473
2021-12-06	9085	9085	9040	9040	2	0.008928571428571397
2021-12-07	8920	8920	8850	8850	4	-0.021017699115044253
2021-12-08	9015	9060	8980	9060	3	0.023728813559322104
2021-12-09	9120	9120	9080	9080	2	0.002207505518763808
2021-12-10	9105	9105	9050	9050	2	-0.0033039647577092213
2021-12-13	9175	9175	9140	9140	2	0.009944751381215422
2021-12-14	9010	9010	8935	8955	494	-0.020240700218818408
2021-12-15	8960	8960	8890	8890	5	-0.007258514796203208
2021-12-16	9025	9025	8980	9010	203	0.013498312710911176
2021-12-17	9025	9025	8970	8970	2	-0.004439511653718142
2021-12-20	9045	9045	8890	8890	3	-0.00891861761426982
2021-12-21	8830	8830	8720	8720	6	-0.019122609673790758
2021-12-22	8775	8775	8650	8660	11	-0.006880733944954143
2021-12-23	8695	8695	8625	8635	17	-0.0028868360277136684
2021-12-24	8725	8725	8680	8680	2	0.005211349160393786
2021-12-27	8675	8675	8585	8585	25	-0.010944700460829515
2021-12-28	8615	8615	8565	8565	2	-0.002329644729178848
2021-12-29	8705	8705	8660	8705	14	0.016345592527729158
2021-12-30	8710	8710	8620	8620	14	-0.009764503159103932
2022-01-03	8750	8755	8750	8755	2	0.015661252900232014
2022-01-04	8760	8760	8650	8650	22	-0.011993146773272456
2022-01-05	8565	8565	8400	8400	21	-0.028901734104046284
2022-01-06	8270	8270	8140	8140	120	-0.030952380952380953
2022-01-07	8200	8200	8175	8175	2	0.004299754299754266
2022-01-10	8230	8230	8185	8185	2	0.0012232415902140303
2022-01-11	8205	8205	8105	8125	2620	-0.007330482590103826
2022-01-12	8265	8365	8225	8320	2340	0.02400000000000002
2022-01-13	8375	8375	8255	8255	14	-0.0078125
2022-01-14	8100	8100	8055	8055	4	-0.0242277407631738
2022-01-17	7980	7980	7905	7905	5	-0.01862197392923648
2022-01-18	7995	7995	7940	7945	3	0.005060088551549713
2022-01-19	7780	7780	7680	7680	9	-0.033354310887350525
2022-01-20	7695	7875	7660	7875	2670	0.025390625
2022-01-21	7860	7860	7780	7780	7	-0.01206349206349211
2022-01-24	7710	7755	7680	7680	4	-0.01285347043701801
2022-01-25	7710	7710	7430	7430	9	-0.03255208333333337
2022-01-26	7505	7505	7395	7395	5	-0.004710632570659512
2022-01-27	7350	7350	6950	6950	4899	-0.060175794455713305
2022-01-28	6965	6965	6930	6930	2	-0.0028776978417266452
2022-02-03	7205	7205	7145	7155	5	0.032467532467532534
2022-02-04	7100	7100	7055	7055	2	-0.013976240391334716
2022-02-07	7220	7220	7170	7175	2365	0.01700921332388372
2022-02-08	7235	7235	7115	7115	2462	-0.00836236933797907
2022-02-09	7170	7170	7090	7090	2639	-0.0035137034434293835
2022-02-10	7225	7225	7180	7180	2	0.012693935119887145
2022-02-11	7005	7025	6950	6950	16	-0.03203342618384397
2022-02-14	6835	6875	6795	6860	5	-0.012949640287769792
2022-02-15	6940	6955	6900	6940	5	0.011661807580174877
2022-02-16	6885	6885	6850	6850	2	-0.012968299711815567
2022-02-17	6955	7005	6860	6915	2520	0.009489051094890621
2022-02-18	6870	6870	6850	6850	2	-0.009399855386840184
2022-02-21	6780	6780	6770	6770	2	-0.011678832116788329
2022-02-22	6810	6810	6745	6745	18	-0.0036927621861152504
2022-02-23	6865	6865	6825	6825	13	0.011860637509266025
2022-02-24	6725	6725	6545	6545	21	-0.04102564102564099
2022-02-25	6700	6700	6670	6695	4	0.02291825821237592
2022-02-28	6690	6690	6645	6645	2	-0.007468259895444307
2022-03-02	6850	6850	6795	6795	3	0.02257336343115135
2022-03-03	6900	6900	6865	6865	2	0.010301692420897623
2022-03-04	6910	6910	6775	6775	3	-0.01310997815003645
2022-03-07	6660	6660	6640	6640	202	-0.019926199261992572
2022-03-08	6490	6500	6475	6475	152	-0.02484939759036142
2022-03-10	6730	6800	6715	6765	115	0.04478764478764474
2022-03-11	6755	6755	6735	6740	24	-0.003695491500369519
2022-03-14	6775	6775	6710	6710	138	-0.004451038575667643
2022-03-15	6675	6675	6620	6635	5	-0.011177347242920965
2022-03-16	6700	6715	6695	6695	3	0.009042954031650341
2022-03-17	6875	6885	6855	6885	3	0.028379387602688544
2022-03-18	6885	6905	6860	6905	3962	0.002904865649963728
2022-03-21	6975	6975	6955	6955	2	0.007241129616220032
2022-03-22	6855	6870	6835	6845	4	-0.01581595974119343
2022-03-23	6960	6960	6940	6940	2	0.013878743608473298
2022-03-24	6910	6910	6900	6900	2	-0.0057636887608069065
2022-03-25	6950	6950	6930	6930	2	0.004347826086956497
2022-03-28	6835	6835	6820	6820	2	-0.015873015873015928
2022-03-29	6915	6915	6890	6890	2	0.01026392961876832
2022-03-30	7000	7000	6985	6985	2	0.013788098693759077
2022-03-31	7050	7050	7025	7025	2	0.005726556907659219
2022-04-01	7015	7015	7000	7000	2	-0.003558718861209953
2022-04-04	6925	6925	6900	6900	2	-0.014285714285714235
2022-04-05	7140	7140	7125	7125	3	0.032608695652173836
2022-04-06	7065	7065	7050	7050	2	-0.010526315789473717
2022-04-07	6890	6890	6875	6875	2	-0.024822695035460973
2022-04-08	6870	6870	6845	6845	2	-0.004363636363636347
2022-04-11	6740	6750	6690	6690	5	-0.02264426588750912
2022-04-12	6635	6635	6570	6570	3	-0.017937219730941756
2022-04-13	6630	6630	6610	6610	2	0.0060882800608828
2022-04-14	6735	6785	6720	6775	4120	0.024962178517397904
2022-04-15	6705	6705	6685	6685	2	-0.013284132841328455
2022-04-18	6695	6695	6670	6670	2	-0.002243829468960401
2022-04-19	6735	6735	6710	6710	2	0.0059970014992503096
2022-04-20	6745	6745	6725	6725	2	0.0022354694485842153
2022-04-21	6710	6710	6695	6695	2	-0.004460966542750966
2022-04-22	6560	6560	6545	6545	2	-0.022404779686333032
2022-04-25	6445	6445	6400	6400	107	-0.022154316271963292
2022-04-26	6485	6485	6465	6465	2	0.010156250000000089
2022-04-27	6315	6315	6300	6300	2	-0.025522041763341052
2022-04-28	6465	6465	6400	6400	3	0.015873015873015817
2022-04-29	6470	6470	6450	6450	2	0.0078125
2022-05-02	6390	6390	6380	6380	2	-0.010852713178294615
2022-05-03	6395	6395	6375	6375	2	-0.0007836990595611049
2022-05-04	6435	6435	6305	6305	12	-0.01098039215686275
2022-05-06	6190	6190	6175	6175	4	-0.020618556701030966
2022-05-09	6170	6170	6145	6145	103	-0.004858299595141724
2022-05-10	6060	6060	6000	6000	3	-0.02359641985353944
2022-05-11	6060	6145	6040	6145	4	0.02416666666666667
2022-05-12	6055	6055	6015	6015	3	-0.0211554109031733
2022-05-13	5995	5995	5970	5970	3	-0.007481296758104716
2022-05-16	6080	6080	6060	6060	2	0.015075376884422065
2022-05-17	5965	5965	5940	5940	2	-0.01980198019801982
2022-05-18	6045	6045	6025	6025	2	0.014309764309764272
2022-05-19	5920	5920	5900	5900	2	-0.020746887966805017
2022-05-20	6055	6055	6030	6030	2	0.02203389830508473
2022-05-23	6210	6210	6195	6195	2	0.027363184079602032
2022-05-24	6230	6230	6210	6210	2	0.002421307506053294
2022-05-25	6135	6135	6115	6115	2	-0.015297906602254385
2022-05-26	6215	6215	6195	6195	2	0.013082583810302584
2022-05-27	6305	6305	6290	6290	2	0.015334947538337307
2022-05-30	6320	6320	6295	6295	2	0.0007949125596184992
2022-05-31	6340	6340	6320	6320	2	0.003971405877680745
2022-06-02	6340	6340	6310	6310	2	-0.0015822784810126667
2022-06-03	6365	6365	6350	6350	2	0.006339144215530945
2022-06-07	6320	6320	6245	6245	6	-0.016535433070866135
2022-06-08	6310	6310	6295	6295	2	0.008006405124099336
2022-06-09	6300	6300	6285	6285	2	-0.001588562351072298
2022-06-10	6260	6260	6245	6245	2	-0.006364359586316648
2022-06-13	6160	6160	6085	6085	6	-0.02562049639711772
2022-06-14	5935	5990	5915	5990	6	-0.01561216105176666
2022-06-15	6000	6000	5980	5980	3	-0.0016694490818029983
2022-06-16	5935	5935	5920	5920	2	-0.010033444816053505
2022-06-17	5690	5830	5675	5830	6	-0.015202702702702742
2022-06-20	5895	5895	5875	5875	2	0.007718696397941649
2022-06-21	5830	5830	5805	5830	10248	-0.007659574468085073
2022-06-22	5840	5840	5720	5720	4	-0.018867924528301883
2022-06-23	5700	5700	5665	5680	10757	-0.006993006993006978
2022-06-24	5720	5865	5710	5865	10514	0.03257042253521125
2022-06-27	5935	5935	5865	5880	10040	0.002557544757033181
2022-06-28	5920	5920	5905	5905	2	0.00425170068027203
2022-06-29	5810	5810	5745	5745	3	-0.02709568162574094
2022-06-30	5675	5675	5500	5500	156	-0.04264577893820709
2022-07-01	5525	5525	5320	5320	21868	-0.032727272727272716
2022-07-04	5370	5370	5325	5360	22342	0.007518796992481258
2022-07-05	5405	5405	5390	5390	2	0.005597014925373234
2022-07-06	5555	5585	5540	5585	4	0.036178107606678944
2022-07-07	5685	5720	5680	5720	21130	0.024171888988361756
2022-07-08	5805	5805	5795	5795	2	0.013111888111888126
2022-07-11	5785	5785	5765	5765	2	-0.0051768766177739955
2022-07-12	5715	5715	5700	5700	2	-0.011274934952298366
2022-07-13	5735	5735	5715	5715	2	0.002631578947368318
2022-07-14	5725	5725	5710	5710	2	-0.0008748906386701893
