Date	Open	High	Low	Close	Volume	Change
2021-12-16	19865	19900	19865	19900	13	
2021-12-17	19730	19730	19700	19715	13	-0.00929648241206027
2021-12-20	19585	19665	19465	19665	4	-0.002536139994927744
2021-12-21	19695	19695	19640	19640	32	-0.001271294177472626
2021-12-22	19255	19255	19215	19215	2	-0.021639511201629325
2021-12-23	18975	18975	18825	18825	59	-0.020296643247462942
2021-12-24	18775	18775	18775	18775	2	-0.0026560424966799445
2021-12-27	18775	18775	18550	18550	23	-0.011984021304926817
2021-12-28	18150	18160	18130	18160	19	-0.021024258760107828
2021-12-29	18890	18890	18890	18890	2	0.04019823788546262
2021-12-30	18730	18730	18730	18730	200	-0.00847008999470622
2022-01-03	19040	19040	19040	19040	305	0.016550987720235
2022-01-04	19425	19425	19425	19425	105	0.020220588235294157
2022-01-05	18535	18535	18535	18535	0	-0.04581724581724578
2022-01-06	19175	19175	19175	19175	399	0.03452926895063402
2022-01-07	18770	18770	18735	18750	254	-0.022164276401564487
2022-01-10	18670	18670	18665	18665	2	-0.004533333333333278
2022-01-11	18905	18905	18905	18905	2	0.01285829091883195
2022-01-12	18935	18935	18935	18935	2	0.0015868817773074806
2022-01-13	19145	19145	19145	19145	59	0.01109057301293892
2022-01-14	19840	19840	19840	19840	1	0.03630190650300347
2022-01-17	19215	19215	19215	19215	0	-0.03150201612903225
2022-01-18	19430	19430	19430	19430	2	0.011189175123601292
2022-01-19	18695	18695	18695	18695	60	-0.03782810087493571
2022-01-20	18290	18290	18280	18280	20	-0.02219844878309707
2022-01-21	18260	18495	18255	18435	426	0.008479212253829305
2022-01-24	18435	18435	17760	17760	114	-0.03661513425549223
2022-01-25	17725	17755	17725	17755	182	-0.00028153153153154253
2022-01-26	17955	17955	17880	17910	1012	0.008729935229512709
2022-01-27	17330	17490	17325	17490	15	-0.02345058626465657
2022-01-28	17340	17340	17340	17340	2	-0.00857632933104635
2022-02-03	17440	17690	17440	17690	6	0.020184544405997595
2022-02-04	17550	17605	17535	17600	27	-0.005087620124364034
2022-02-07	17625	17625	17250	17250	17	-0.019886363636363646
2022-02-08	16790	16900	16750	16900	203	-0.020289855072463725
2022-02-09	16865	16865	16700	16700	17	-0.011834319526627168
2022-02-10	16225	16290	16150	16150	359	-0.03293413173652693
2022-02-11	16485	16600	16455	16485	721	0.020743034055727527
2022-02-14	16485	16485	15730	15775	653	-0.043069457082195894
2022-02-15	15830	15870	15830	15870	70	0.00602218700475432
2022-02-16	16605	16660	16535	16535	221	0.041902961562696905
2022-02-17	16140	16330	16140	16140	7	-0.023888720895071103
2022-02-18	16140	16140	16105	16105	3	-0.0021685254027261625
2022-02-21	15820	15855	15820	15855	321	-0.015523129462899687
2022-02-22	15360	15360	15230	15230	8	-0.0394197414064964
2022-02-23	14835	14930	14835	14930	321	-0.019697964543663793
2022-02-24	14445	14445	12985	13010	1510	-0.12860013395847292
2022-02-25	14115	14115	13665	13735	3511	0.0557263643351269
2022-02-28	15450	15525	14090	14425	1518	0.05023662176920274
2022-03-02	12480	12630	12440	12440	2301	-0.1376083188908146
2022-03-03	12535	12535	11825	11880	2930	-0.045016077170418
2022-03-04	11600	11620	10965	11275	3693	-0.05092592592592593
2022-03-07	11620	11620	10750	10760	1711	-0.04567627494456761
2022-03-08	11680	12220	11510	11510	4352	0.06970260223048319
2022-03-10	12210	12210	11560	11965	2069	0.03953084274543883
2022-03-11	11600	11600	11260	11260	2081	-0.05892185541161721
2022-03-14	11190	11380	11025	11370	2150	0.009769094138543544
2022-03-15	11655	11880	11650	11870	7331	0.043975373790677175
2022-03-16	11870	11870	11320	11370	2710	-0.04212299915754003
2022-03-17	12000	12040	11825	11935	1316	0.04969217238346535
2022-03-18	11385	11385	11300	11365	670	-0.04775869291998325
2022-03-21	11600	11600	11415	11415	2425	0.00439947206335245
2022-03-22	11115	11305	11100	11120	1614	-0.025843188786684235
2022-03-23	11435	11435	11370	11390	117	0.024280575539568305
2022-03-24	11195	11400	11055	11370	3441	-0.0017559262510974394
2022-03-25	11410	11550	11410	11510	1747	0.012313104661389573
2022-03-28	11535	11600	11515	11600	2899	0.007819287576020795
2022-03-29	11500	11575	11490	11560	1295	-0.0034482758620689724
2022-03-30	11975	12025	11925	11960	227	0.03460207612456756
2022-03-31	11735	11910	11670	11695	342	-0.022157190635451518
2022-04-01	11565	11595	11360	11595	653	-0.008550662676357401
2022-04-04	12000	12000	11450	11450	5610	-0.01250539025441999
2022-04-05	11205	11240	11150	11235	1801	-0.018777292576419247
2022-04-06	11065	11135	11010	11090	3332	-0.01290609701824652
2022-04-07	11160	11160	11065	11120	2309	0.0027051397655546428
2022-04-08	11085	11120	11080	11100	15	-0.0017985611510791255
2022-04-11	10800	10800	10660	10690	1653	-0.03693693693693689
2022-04-12	10780	10810	10615	10645	755	-0.004209541627689384
2022-04-13	10575	10640	10575	10640	217	-0.0004697040864255486
2022-04-14	10370	10370	10235	10325	791	-0.02960526315789469
2022-04-15	10285	10285	10280	10280	10	-0.004358353510895863
2022-04-18	10080	10080	10030	10070	3146	-0.020428015564202373
2022-04-19	9565	9570	9440	9440	1723	-0.06256206554121146
2022-04-20	9750	9765	9680	9765	1118	0.03442796610169485
2022-04-21	9600	9600	9540	9545	4184	-0.022529441884280632
2022-04-22	9845	10030	9840	9985	2157	0.046097433211105265
2022-04-25	9915	10195	9915	10195	3820	0.021031547320981447
2022-04-26	9710	9735	9610	9610	1868	-0.05738106915154484
2022-04-27	9700	9825	9700	9765	1821	0.016129032258064502
2022-04-28	9405	9420	9300	9345	1694	-0.043010752688172005
2022-04-29	9465	9465	9355	9390	530	0.0048154093097914075
2022-05-02	9540	9700	9525	9645	3037	0.02715654952076685
2022-05-03	9565	9615	9530	9615	282	-0.0031104199066873672
2022-05-04	9885	9885	9855	9875	340	0.027041081643265796
2022-05-06	9830	9945	9830	9945	4575	0.007088607594936791
2022-05-09	10000	10340	10000	10340	2882	0.039718451483157446
2022-05-10	10365	10420	10265	10320	14359	-0.0019342359767892114
2022-05-11	10310	10310	10240	10260	122	-0.005813953488372103
2022-05-12	9980	10060	9900	10060	486	-0.01949317738791423
2022-05-13	9860	9860	9795	9835	258	-0.02236580516898612
2022-05-16	9640	9770	9625	9700	169	-0.01372648703609558
2022-05-17	9495	9605	9470	9590	5194	-0.01134020618556697
2022-05-18	9635	9710	9630	9710	835	0.012513034410844615
2022-05-19	10055	10060	9990	10030	25	0.032955715756951554
2022-05-20	10125	10240	10125	10190	2401	0.0159521435692922
2022-05-23	10040	10090	10040	10090	8	-0.00981354268891066
2022-05-24	10065	10080	10030	10080	18	-0.0009910802775024985
2022-05-25	10375	10450	10375	10425	10	0.034226190476190466
2022-05-26	10590	10670	10555	10610	2074	0.017745803357314127
2022-05-27	10530	10530	10480	10490	5189	-0.011310084825636224
2022-05-30	10120	10270	10120	10270	495	-0.02097235462345093
2022-05-31	10330	10345	10330	10330	23	0.0058422590068158975
2022-06-02	11500	11570	11460	11560	1720	0.11907066795740562
2022-06-03	11515	11515	11460	11510	846	-0.004325259515570945
2022-06-07	11195	11290	11175	11265	648	-0.02128583840139009
2022-06-08	10580	10580	10395	10420	1103	-0.0750110963160231
2022-06-09	10435	10545	10435	10545	446	0.011996161228406965
2022-06-10	10295	10320	10270	10310	168	-0.022285443338074917
2022-06-13	10110	10190	10060	10190	639	-0.011639185257032003
2022-06-14	10400	10400	10330	10355	352	0.01619234543670256
2022-06-15	10370	10395	10365	10385	6647	0.002897151134717557
2022-06-16	10315	10345	10265	10345	601	-0.003851709195955677
2022-06-17	10025	10025	9910	9915	1856	-0.04156597390043504
2022-06-20	10050	10200	10050	10200	1441	0.02874432677760974
2022-06-21	10390	10575	10370	10575	897	0.03676470588235303
2022-06-22	10825	11115	10825	11115	4842	0.051063829787234116
2022-06-23	11320	11640	11250	11625	15992	0.045883940620782715
2022-06-24	12190	12380	12150	12355	13042	0.06279569892473114
2022-06-27	12330	12350	12150	12170	8463	-0.01497369486038036
2022-06-28	12165	12305	12165	12175	3032	0.00041084634346755244
2022-06-29	12110	12215	12025	12100	9531	-0.006160164271047264
2022-06-30	12355	12430	12325	12370	598	0.022314049586776852
2022-07-01	13365	13800	13250	13675	6559	0.10549717057396935
2022-07-04	14045	14045	13845	14045	3603	0.027056672760511935
2022-07-05	13850	14050	13850	14050	1285	0.0003559985760057671
2022-07-06	15035	15515	15000	15460	9455	0.10035587188612105
2022-07-07	14550	14590	14145	14315	4496	-0.07406209573091849
2022-07-08	14025	14115	13910	14115	1655	-0.013971358714634952
2022-07-11	11950	12240	11855	12220	6044	-0.13425433935529574
2022-07-12	12915	13160	12915	13045	4493	0.06751227495908352
2022-07-13	15200	15240	14680	14680	3677	0.12533537753928714
2022-07-14	14190	14365	14050	14255	16007	-0.02895095367847411
