Date	Open	High	Low	Close	Volume	Change
2021-10-21	10085	10085	10000	10000	3	
2021-10-22	10000	10115	9950	10115	3	0.011500000000000066
2021-10-25	10075	10075	10025	10025	8800	-0.008897676717745884
2021-10-26	10050	10050	10000	10000	2	-0.0024937655860348684
2021-10-27	10300	10300	10175	10175	3	0.01750000000000007
2021-10-28	10240	10240	10060	10060	19642	-0.011302211302211318
2021-10-29	10160	10160	10080	10080	2	0.001988071570576455
2021-11-01	10005	10005	9955	9955	2	-0.012400793650793607
2021-11-02	10150	10150	10100	10100	2	0.014565544952285236
2021-11-03	10240	10240	10185	10195	19902	0.009405940594059414
2021-11-04	10225	10380	10175	10200	19890	0.0004904364884747991
2021-11-05	10260	10260	10210	10210	2	0.0009803921568627416
2021-11-08	10325	10325	10275	10275	2	0.006366307541625815
2021-11-09	10290	10325	10290	10290	4	0.0014598540145984717
2021-11-10	10320	10320	10285	10285	2	-0.0004859086491739717
2021-11-11	10045	10045	9995	9995	2	-0.0281964025279533
2021-11-12	10265	10265	10215	10215	2	0.02201100550275137
2021-11-15	10410	10410	10360	10360	2	0.014194811551639708
2021-11-16	10610	10610	10560	10560	2	0.019305019305019266
2021-11-17	10740	10740	10695	10695	2	0.012784090909090828
2021-11-18	10580	10580	10490	10575	19888	-0.011220196353436185
2021-11-19	10600	10600	10555	10555	2	-0.001891252955082745
2021-11-22	10790	10790	10740	10740	2	0.017527238275698798
2021-11-23	10530	10530	10480	10480	2	-0.02420856610800748
2021-11-24	10435	10435	10385	10385	2	-0.009064885496183228
2021-11-25	10480	10480	10430	10430	2	0.004333172845450095
2021-11-26	10390	10390	10345	10345	2	-0.008149568552253128
2021-11-29	10260	10260	10220	10220	2	-0.012083131947800863
2021-11-30	10390	10390	10350	10350	2	0.012720156555773077
2021-12-01	10205	10205	9945	10155	9040	-0.018840579710144967
2021-12-02	10095	10095	10050	10050	2	-0.010339734121122546
2021-12-03	10140	10140	10085	10085	2	0.0034825870646766344
2021-12-06	10300	10300	10250	10250	2	0.01636093207734257
2021-12-07	10265	10305	10265	10300	9316	0.004878048780487809
2021-12-08	10475	10475	10420	10420	2	0.011650485436893288
2021-12-09	10665	10665	10615	10615	2	0.018714011516314688
2021-12-10	10545	10545	10490	10490	2	-0.011775788977861468
2021-12-13	10510	10510	10470	10470	2	-0.0019065776930410339
2021-12-14	10325	10325	10280	10280	2	-0.018147086914995225
2021-12-15	10325	10405	10275	10400	4586	0.011673151750972721
2021-12-16	10595	10595	10545	10545	2	0.013942307692307754
2021-12-17	10410	10410	10300	10300	4492	-0.023233760075865306
2021-12-20	10325	10325	10275	10275	4494	-0.0024271844660194164
2021-12-21	10405	10405	10345	10360	4782	0.008272506082725117
2021-12-22	10460	10460	10365	10365	4538	0.00048262548262556493
2021-12-23	10455	10455	10395	10395	2	0.0028943560057888007
2021-12-24	10475	10475	10435	10435	2	0.003848003848003767
2021-12-27	10485	10485	10440	10440	2	0.00047915668423570423
2021-12-28	10650	10650	10600	10600	2	0.015325670498084198
2021-12-29	10875	10875	10815	10815	3	0.020283018867924607
2021-12-30	10725	10725	10685	10685	2	-0.012020342117429528
2022-01-03	10580	10685	10580	10680	4668	-0.00046794571829666953
2022-01-04	10715	10715	10485	10500	4730	-0.016853932584269704
2022-01-05	10450	10450	10410	10410	2	-0.008571428571428563
2022-01-06	10145	10145	10110	10110	2	-0.028818443804034533
2022-01-07	10020	10025	9985	10025	3	-0.008407517309594437
2022-01-10	9975	9975	9920	9920	2	-0.010473815461346625
2022-01-11	9910	9910	9735	9740	2660	-0.01814516129032262
2022-01-12	9960	9960	9910	9910	2	0.017453798767967044
2022-01-13	10065	10065	10025	10025	2	0.01160443995963667
2022-01-14	9725	9725	9680	9680	2	-0.034413965087281784
2022-01-17	9735	9735	9700	9700	2	0.0020661157024792765
2022-01-18	9735	9735	9505	9505	2274	-0.020103092783505194
2022-01-19	9460	9460	9410	9410	2	-0.009994739610731163
2022-01-20	9430	9430	9395	9395	2	-0.0015940488841658107
2022-01-21	9555	9555	9515	9515	2	0.012772751463544507
2022-01-24	9440	9440	9395	9395	2	-0.012611665790856597
2022-01-25	9365	9365	9325	9325	2	-0.007450771687067537
2022-01-26	9155	9155	9115	9115	2	-0.02252010723860587
2022-01-27	8885	8885	8865	8865	2	-0.027427317608337942
2022-01-28	8600	8600	8555	8570	3	-0.03327693175408908
2022-02-03	8965	8965	8930	8930	2	0.04200700116686118
2022-02-04	8965	8965	8910	8910	2	-0.002239641657334812
2022-02-07	9005	9005	8875	8875	2538	-0.003928170594837299
2022-02-08	8975	8975	8930	8930	2	0.00619718309859163
2022-02-09	8970	9035	8930	9025	2618	0.010638297872340496
2022-02-10	9105	9105	8835	8835	2620	-0.021052631578947323
2022-02-11	8710	8710	8675	8675	2	-0.018109790605546072
2022-02-14	8485	8485	8445	8445	2	-0.026512968299711837
2022-02-15	8540	8540	8495	8495	2	0.005920663114268754
2022-02-16	8570	8570	8535	8535	2	0.004708652148322612
2022-02-17	8775	8775	8580	8670	10280	0.01581722319859402
2022-02-18	8570	8740	8540	8740	2516	0.008073817762399127
2022-02-21	8650	8650	8615	8615	2	-0.014302059496567487
2022-02-22	8625	8625	8590	8590	2	-0.0029019152640742396
2022-02-23	8795	8795	8765	8765	2	0.02037252619324792
2022-02-24	8690	8690	8650	8650	2	-0.01312036508841985
2022-02-25	8730	8730	8705	8705	2	0.0063583815028902535
2022-02-28	8855	8855	8765	8765	2	0.006892590465249926
2022-03-02	8900	8900	8860	8860	2	0.01083856246434678
2022-03-03	9150	9150	9120	9120	2	0.02934537246049662
2022-03-04	9210	9210	9175	9175	2	0.006030701754385914
2022-03-07	8805	8805	8780	8780	2	-0.04305177111716618
2022-03-08	8725	8725	8705	8705	2	-0.008542141230068356
2022-03-10	9155	9155	9140	9140	2	0.04997128087306146
2022-03-11	9130	9130	9110	9110	2	-0.003282275711159688
2022-03-14	9120	9120	9090	9090	2	-0.002195389681668547
2022-03-15	8790	8790	8765	8765	7	-0.03575357535753576
2022-03-16	8995	9120	8955	9090	130	0.03707929264118648
2022-03-17	9285	9315	9270	9315	7	0.024752475247524774
2022-03-18	9370	9370	9350	9350	2	0.0037573805689747886
2022-03-21	9485	9485	9465	9465	2	0.012299465240641627
2022-03-22	9300	9300	9280	9280	2	-0.01954569466455358
2022-03-23	9465	9465	9440	9440	2	0.01724137931034475
2022-03-24	9370	9370	9350	9350	2	-0.009533898305084776
2022-03-25	9435	9435	9415	9415	2	0.006951871657753905
2022-03-28	9355	9355	9335	9335	2	-0.0084970791290494
2022-03-29	9330	9330	9310	9310	2	-0.0026780931976432276
2022-03-30	9495	9495	9470	9470	2	0.017185821697099923
2022-03-31	9440	9440	9440	9440	2	-0.0031678986272439813
2022-04-01	9430	9430	9410	9410	2	-0.0031779661016949623
2022-04-04	9405	9405	9390	9390	2	-0.002125398512221044
2022-04-05	9555	9600	9540	9595	3876	0.02183173588924392
2022-04-06	9455	9455	9435	9435	2	-0.016675351745700895
2022-04-07	9315	9315	9295	9295	2	-0.014838367779544281
2022-04-08	9355	9355	9335	9335	2	0.004303388918773576
2022-04-11	9325	9325	9155	9155	4128	-0.019282271023031594
2022-04-12	9045	9045	9030	9030	2	-0.01365374112506823
2022-04-13	9145	9145	9120	9120	2	0.009966777408637828
2022-04-14	9295	9295	9275	9275	2	0.016995614035087758
2022-04-15	9145	9145	9125	9125	2	-0.016172506738544423
2022-04-18	9120	9120	9100	9100	2	-0.002739726027397249
2022-04-19	9190	9190	9170	9170	2	0.007692307692307665
2022-04-20	9310	9310	9290	9290	2	0.013086150490730697
2022-04-21	9310	9310	9290	9290	2	0.0
2022-04-22	9115	9115	9100	9100	2	-0.020452099031216364
2022-04-25	8945	8945	8935	8935	2	-0.01813186813186818
2022-04-26	8970	8970	8950	8950	2	0.0016787912702853625
2022-04-27	8820	8820	8795	8795	2	-0.017318435754189898
2022-04-28	8925	8925	8905	8905	2	0.012507106310403637
2022-04-29	8825	8825	8805	8805	2	-0.011229646266142645
2022-05-02	8910	8910	8890	8890	2	0.009653605905735274
2022-05-03	8990	8990	8970	8970	2	0.008998875140607376
2022-05-04	9075	9075	9045	9045	2	0.008361204013378032
2022-05-06	8825	8825	8805	8805	2	-0.026533996683250405
2022-05-09	8665	8670	8595	8595	3868	-0.023850085178875657
2022-05-10	8390	8390	8270	8270	296	-0.037812681791739355
2022-05-11	8380	8380	8350	8350	2	0.0096735187424426
2022-05-12	8510	8510	8485	8485	2	0.016167664670658777
2022-05-13	8420	8610	8400	8610	2168	0.014731879787860835
2022-05-16	8750	8750	8735	8735	2	0.014518002322880363
2022-05-17	8620	8620	8600	8600	2	-0.015455065827132186
2022-05-18	8835	8835	8815	8815	2	0.02499999999999991
2022-05-19	8595	8595	8575	8575	2	-0.027226318774815628
2022-05-20	8835	8835	8810	8810	2	0.027405247813411027
2022-05-23	9035	9035	9015	9015	2	0.02326901248581148
2022-05-24	9025	9025	9005	9005	2	-0.0011092623405435376
2022-05-25	8875	8875	8855	8855	2	-0.016657412548584105
2022-05-26	8970	8970	8950	8950	2	0.010728402032749829
2022-05-27	9045	9045	9030	9030	2	0.00893854748603351
2022-05-30	9025	9025	9005	9005	2	-0.002768549280177224
2022-05-31	9045	9045	9020	9020	2	0.0016657412548584105
2022-06-02	9040	9040	9020	9020	2	0.0
2022-06-03	9135	9135	9115	9115	2	0.010532150776053184
2022-06-07	8910	8910	8890	8890	2	-0.024684585847504104
2022-06-08	8875	8875	8760	8760	9494	-0.01462317210348707
2022-06-09	8735	8735	8710	8710	2	-0.005707762557077611
2022-06-10	8710	8710	8695	8695	2	-0.001722158438576371
2022-06-13	8550	8550	8360	8360	4522	-0.03852788959171938
2022-06-14	8220	8345	8175	8345	19854	-0.0017942583732057926
2022-06-15	8400	8400	8160	8160	5034	-0.022168963451168366
2022-06-16	8315	8315	8310	8310	2	0.018382352941176405
2022-06-17	8075	8140	8035	8135	20296	-0.021058965102286442
2022-06-20	8245	8245	7945	7945	29737	-0.023355869698832188
2022-06-21	8045	8045	7915	8045	15014	0.012586532410320928
2022-06-22	8100	8100	8045	8045	4	0.0
2022-06-23	7785	7785	7510	7510	15846	-0.06650093225605969
2022-06-24	7630	7740	7595	7740	7	0.030625832223701632
2022-06-27	8020	8070	7890	8070	46	0.04263565891472876
2022-06-28	8065	8065	8035	8035	2	-0.004337050805452325
2022-06-29	7825	7825	7795	7795	3	-0.02986932171748602
2022-06-30	7775	7775	7740	7740	2	-0.007055805003207238
2022-07-01	7720	7720	7685	7685	2	-0.00710594315245483
2022-07-04	7485	7485	7460	7460	2	-0.029277813923227036
2022-07-05	7525	7525	7505	7505	2	0.0060321715817694965
2022-07-06	7700	7700	7680	7680	2	0.023317788141239193
2022-07-07	7740	7740	7715	7715	2	0.004557291666666741
2022-07-08	7915	7915	7885	7885	3	0.022034996759559222
2022-07-11	7930	7930	7895	7895	2	0.0012682308180089752
2022-07-12	7825	7825	7790	7790	2	-0.013299556681444002
2022-07-13	7755	7920	7730	7920	3	0.016688061617458283
2022-07-14	7895	7895	7865	7865	2	-0.00694444444444442
