Date	Open	High	Low	Close	Volume	Change
2021-08-19	25196	32755	25196	32756	6830161	
2021-08-20	35527	37341	25700	26809	6102987	-0.18155452436194897
2021-08-23	28925	28976	23584	25197	2111115	-0.06012906113618566
2021-08-24	24844	25146	23433	24214	959858	-0.03901258086280113
2021-08-25	24188	28522	23685	25802	5879028	0.0655818947716198
2021-08-26	25600	26103	24188	24517	1063621	-0.049802340903805864
2021-08-27	24163	24264	22727	22879	675610	-0.06681078435371379
2021-08-30	22929	23458	22097	22173	362404	-0.030857992045106863
2021-08-31	22500	22500	21795	22148	306062	-0.001127497406755995
2021-09-01	22148	23206	21921	22677	411671	0.023884775148997672
2021-09-02	22400	22551	21442	21443	397014	-0.0544163690082462
2021-09-03	21266	21291	20560	20737	272675	-0.03292449750501325
2021-09-06	20938	21165	20006	20082	263158	-0.031586053913295054
2021-09-07	20031	20862	19955	20435	242197	0.01757793048501144
2021-09-08	20963	21140	19502	19502	317958	-0.04565696109615858
2021-09-09	19325	19451	18494	18494	190367	-0.05168700646087576
2021-09-10	18544	18746	17965	18167	130822	-0.017681410187087687
2021-09-13	18141	18418	17436	17865	127091	-0.01662354819177625
2021-09-14	17788	18166	17562	18167	135039	0.016904561992723277
2021-09-15	18217	18368	17662	17789	118902	-0.020806957670501447
2021-09-16	18141	19174	17889	18192	287671	0.022654449378829655
2021-09-17	18192	18292	17688	17688	74898	-0.02770448548812665
2021-09-23	17159	17285	15420	15420	522893	-0.12822252374491183
2021-09-24	15344	15647	14689	14866	417693	-0.03592736705577171
2021-09-27	14866	14941	13732	13959	488656	-0.061011704560742674
2021-09-28	14110	14412	13707	13707	261598	-0.0180528691166989
2021-09-29	13278	13959	13077	13254	290818	-0.033048807178813755
2021-09-30	13379	13455	13001	13052	142478	-0.01524068205824658
2021-10-01	12951	13631	12573	13405	283222	0.027045663499846828
2021-10-05	13152	13278	12346	12346	164497	-0.07900037299515106
2021-10-06	12699	13379	12321	12573	340830	0.018386521950429335
2021-10-07	12749	13530	12699	13430	269196	0.06816193430366657
2021-10-08	13455	13757	12850	12850	195354	-0.04318689501116901
2021-10-12	12623	12699	12018	12044	149904	-0.06272373540856035
2021-10-13	12044	12371	12018	12145	98159	0.008385918299568251
2021-10-14	12321	12875	12195	12800	134918	0.0539316591189789
2021-10-15	12951	14740	12825	13732	1013186	0.07281249999999995
2021-10-18	13757	14085	13152	13682	219609	-0.0036411302068162232
2021-10-19	13656	14437	13555	14438	288588	0.0552550796667155
2021-10-20	14538	15244	14236	15017	641864	0.04010250727247544
2021-10-21	15269	15395	14740	14816	355989	-0.013384830525404512
2021-10-22	14891	14891	13984	14161	202126	-0.04420896328293733
2021-10-25	14160	14916	13908	14740	210782	0.04088694301249918
2021-10-26	14916	15067	14664	14665	131463	-0.0050881953867027985
2021-10-27	14765	14891	14311	14362	104616	-0.020661438799863596
2021-10-28	14261	14337	13757	13757	136551	-0.04212505222113916
2021-10-29	13757	14034	13656	13707	72702	-0.003634513338663936
2021-11-01	13732	13757	13001	13203	107053	-0.03676953381483916
2021-11-02	13303	13707	13203	13556	67834	0.026736347799742433
2021-11-03	13606	14614	13606	13934	219355	0.027884331661256923
2021-11-04	13933	14085	13555	13556	89162	-0.02712788861776949
2021-11-05	13581	13656	13001	13153	81959	-0.029728533490705256
2021-11-08	13127	13127	12548	12951	70386	-0.015357713069261814
2021-11-09	12925	13278	12774	13203	54991	0.0194579569145239
2021-11-10	13228	13984	13177	13254	131362	0.0038627584639854273
2021-11-11	13127	13177	12598	12699	67155	-0.04187415119963789
2021-11-12	12598	13329	12497	13254	77891	0.043704228679423585
2021-11-15	13354	14286	13253	14287	266460	0.07793873547608277
2021-11-16	14664	15092	14488	14992	552462	0.04934555889969894
2021-11-17	14992	15722	13757	15521	527804	0.035285485592315924
2021-11-18	15521	15546	14614	14967	189988	-0.035693576444816744
2021-11-19	14462	15017	13933	14967	485321	0.0
2021-11-22	14765	15143	14059	14110	303592	-0.05725930380169708
2021-11-23	14110	14437	13807	13959	125121	-0.010701630049610222
2021-11-24	13933	14211	13505	13657	147733	-0.02163478759223436
2021-11-25	13606	14009	13203	13480	196838	-0.012960386614922714
2021-11-26	13455	13581	12749	13329	165943	-0.011201780415430296
2021-11-29	12749	13480	12749	13153	135537	-0.01320429139470325
2021-11-30	13203	13530	12396	12447	161818	-0.05367596745989511
2021-12-01	12497	12825	12094	12825	120485	0.030368763557483636
2021-12-02	12900	14337	12900	14085	568212	0.0982456140350878
2021-12-03	14211	14765	14085	14287	437644	0.014341498047568235
2021-12-06	14135	14135	13782	13808	134777	-0.03352698257156861
2021-12-07	13959	14185	13707	13707	133346	-0.0073146002317496794
2021-12-08	13883	14966	13782	14715	423815	0.07353906762967832
2021-12-09	14689	15269	14462	14816	324350	0.006863744478423417
2021-12-10	14815	15672	14614	15320	580581	0.034017278617710645
2021-12-13	15344	15370	14714	14715	255290	-0.039490861618799
2021-12-14	14588	14790	14236	14589	160141	-0.008562691131498434
2021-12-15	14462	14815	14387	14513	85812	-0.00520940434573991
2021-12-16	14614	15092	14387	15043	155299	0.03651898298077594
2021-12-17	14916	14966	14639	14765	121491	-0.01848035631190592
2021-12-20	14488	14689	14034	14085	117804	-0.046054859464950915
2021-12-21	14110	15269	13833	15143	300873	0.07511537096201626
2021-12-22	15042	15445	14664	15118	181175	-0.0016509278214356105
2021-12-23	15344	15344	14840	14917	101773	-0.013295409445693851
2021-12-24	15042	15042	14513	14917	88176	0.0
2021-12-27	14840	15017	14639	15017	72584	0.006703760809814385
2021-12-28	15042	15622	14891	15244	179842	0.015116201638143423
2021-12-29	15118	15244	14840	14841	103469	-0.0264366308055628
2021-12-30	14840	15118	14765	14841	99897	0.0
2022-01-03	14891	15168	14714	14841	78843	0.0
2022-01-04	14866	15017	14362	14488	145687	-0.023785459200862502
2022-01-05	14362	14740	14337	14564	125766	0.005245720596355641
2022-01-06	14362	14765	14160	14186	127931	-0.025954408129634676
2022-01-07	14362	14362	13883	13934	105174	-0.017763992668828443
2022-01-10	13908	13933	13152	13203	140018	-0.05246160470790873
2022-01-11	13228	13530	13077	13329	71487	0.009543285616905317
2022-01-12	13530	13581	13379	13506	28051	0.013279315777627643
2022-01-13	13505	13555	12951	13077	92706	-0.03176366059529101
2022-01-14	12951	13102	12749	12976	38306	-0.007723483979505952
2022-01-17	13127	13329	12875	12926	62734	-0.0038532675709000985
2022-01-18	13051	13228	12774	12901	59424	-0.0019340863376141604
2022-01-19	12800	13278	12724	13228	51893	0.025346872335477943
2022-01-20	13278	13530	13001	13480	61178	0.019050498941638905
2022-01-21	13303	13606	13127	13128	36286	-0.026112759643916905
2022-01-24	12951	13051	12648	12649	42154	-0.03648689823278484
2022-01-25	12875	12875	11918	12094	100330	-0.0438769863230295
2022-01-26	11918	12598	11918	12094	58575	0.0
2022-01-27	12195	12573	11993	12019	114280	-0.006201422192822936
2022-01-28	12018	12220	11666	12019	71618	0.0
2022-02-03	12447	12472	12094	12094	56209	0.006240119810300371
2022-02-04	12018	12270	11918	12120	32982	0.002149826360178686
2022-02-07	12094	12220	11993	12195	40350	0.006188118811881083
2022-02-08	12220	12522	12144	12321	51580	0.010332103321033292
2022-02-09	12371	12548	12346	12548	17415	0.018423829234640143
2022-02-10	12548	12699	12321	12548	35534	0.0
2022-02-11	12497	12623	12296	12548	27595	0.0
2022-02-14	12195	12346	11993	12019	47605	-0.042158112846668816
2022-02-15	11918	12447	11842	12246	66066	0.018886762625842435
2022-02-16	12422	12648	12270	12523	34673	0.022619630899885612
2022-02-17	12522	12598	12044	12296	79631	-0.018126646969576
2022-02-18	12094	12346	11993	12246	22029	-0.004066363044892607
2022-02-21	12094	12346	11842	12246	27851	0.0
2022-02-22	11993	12220	11943	12069	36084	-0.014453699167074952
2022-02-23	12044	12321	12018	12120	27880	0.004225702212279359
2022-02-24	12069	12270	11464	11465	68505	-0.05404290429042902
2022-02-25	11716	11817	11565	11792	36074	0.028521587440034857
2022-02-28	11666	11943	11666	11918	26335	0.010685210312076032
2022-03-02	11691	12069	11666	11994	16439	0.006376908877328447
2022-03-03	11993	12296	11968	12296	29373	0.0251792562948141
2022-03-04	12296	12346	12018	12170	29909	-0.010247234873129507
2022-03-07	12069	12220	12018	12019	16333	-0.012407559572719773
2022-03-08	11842	12220	11792	12145	31931	0.01048340128130465
2022-03-10	12321	12724	12245	12699	84985	0.04561547962124335
2022-03-11	13001	13404	12925	13102	204506	0.031734782266320094
2022-03-14	13051	13303	12774	12850	113814	-0.019233704777896543
2022-03-15	12850	13303	12648	13304	98588	0.03533073929961095
2022-03-16	13555	13732	13177	13354	108309	0.0037582681900181214
2022-03-17	13455	13480	13152	13304	83419	-0.003744196495432117
2022-03-18	13177	13455	13177	13354	48964	0.0037582681900181214
2022-03-21	13354	13555	12976	13077	65038	-0.020742848584693774
2022-03-22	13152	13177	12825	12976	40652	-0.007723483979505952
2022-03-23	12976	13656	12724	13657	123428	0.05248150431565968
2022-03-24	13656	14236	13530	13883	189030	0.01654829025408211
2022-03-25	13984	14160	13681	13984	102197	0.007275084635885554
2022-03-28	14009	14261	13757	14261	130248	0.01980835240274592
2022-03-29	14362	14437	14034	14035	78962	-0.015847416029731387
2022-03-30	14185	14211	13656	13657	67245	-0.026932668329177067
2022-03-31	13757	14009	13631	13757	48131	0.007322252324815093
2022-04-01	13606	13984	13505	13959	57027	0.01468343388820248
2022-04-04	14211	14362	13883	14362	87059	0.028870262912816136
2022-04-05	14261	14412	14059	14236	83016	-0.008773151371675225
2022-04-06	14034	14714	13858	14413	157315	0.012433267771845946
2022-04-07	14412	14412	13782	13833	86398	-0.04024144869215296
2022-04-08	14009	14085	13681	13959	42283	0.009108653220559537
2022-04-11	13782	14110	13732	13909	38181	-0.0035819184755354616
2022-04-12	13707	13883	13102	13430	84475	-0.03443813358257242
2022-04-13	13606	13606	13278	13455	20689	0.0018615040953089412
2022-04-14	13505	13555	12472	13077	49590	-0.02809364548494986
2022-04-15	13102	13455	12900	13254	36118	0.01353521449873818
2022-04-18	13253	13480	13102	13380	25166	0.009506564056134037
2022-04-19	13278	15319	13278	14236	1072291	0.06397608370702534
2022-04-20	14563	14714	14135	14161	272536	-0.005268333801629721
2022-04-21	14160	14261	13833	13883	131761	-0.0196313819645505
2022-04-22	13732	14085	13606	14009	103009	0.009075848159619593
2022-04-25	13732	14135	13732	13783	89162	-0.016132486258833567
2022-04-26	13933	13959	13757	13833	49607	0.0036276572589422074
2022-04-27	13581	13707	13177	13380	113179	-0.032747777054868754
2022-04-28	13253	13404	12875	13002	75434	-0.028251121076233177
2022-04-29	13026	13303	13026	13077	50455	0.0057683433317952115
2022-05-02	13001	13404	12623	13354	67534	0.021182228339833298
2022-05-03	13480	13480	13177	13178	68870	-0.01317957166392092
2022-05-04	13051	13177	12749	12800	150695	-0.028684170587342517
2022-05-06	13300	13850	12800	12900	93954	0.0078125
2022-05-09	12900	12950	12000	12000	39014	-0.06976744186046513
2022-05-10	11850	11900	11350	11700	40722	-0.025000000000000022
2022-05-11	11500	11850	11500	11650	15329	-0.004273504273504258
2022-05-12	11650	11800	11250	11450	19030	-0.01716738197424894
2022-05-13	11500	11850	11200	11800	15678	0.03056768558951961
2022-05-16	11800	11950	11700	11850	6419	0.004237288135593209
2022-05-17	11850	12100	11800	12000	9412	0.012658227848101333
2022-05-18	12150	12150	11900	12000	10226	0.0
2022-05-19	11850	12000	11550	11750	11676	-0.02083333333333337
2022-05-20	11750	12100	11650	12000	9176	0.02127659574468077
2022-05-23	12000	12400	11850	11900	17010	-0.008333333333333304
2022-05-24	12000	12000	11700	11750	6652	-0.012605042016806678
2022-05-25	11850	11850	11550	11550	9200	-0.017021276595744705
2022-05-26	11250	11900	11150	11500	34202	-0.0043290043290042934
2022-05-27	11550	11750	11450	11450	12631	-0.004347826086956497
2022-05-30	11250	11500	11200	11300	85841	-0.013100436681222738
2022-05-31	11300	11400	11100	11350	64301	0.004424778761061843
2022-06-02	11600	12050	11400	11400	123821	0.004405286343612369
2022-06-03	11550	11600	11400	11450	25068	0.004385964912280604
2022-06-07	11300	11400	10850	10850	87362	-0.05240174672489084
2022-06-08	10900	10950	10500	10650	70072	-0.018433179723502335
2022-06-09	10550	10650	10350	10600	38789	-0.0046948356807511304
2022-06-10	10550	10550	10150	10400	52068	-0.018867924528301883
2022-06-13	10100	10250	9620	9620	98197	-0.07499999999999996
2022-06-14	9110	9560	9110	9250	83055	-0.038461538461538436
2022-06-15	9250	9330	8900	8950	81734	-0.032432432432432434
2022-06-16	9000	9250	8820	8910	61706	-0.004469273743016755
2022-06-17	8690	8900	8540	8900	42194	-0.001122334455667784
2022-06-20	9010	9420	8480	8490	104754	-0.046067415730337125
2022-06-21	8470	8670	8330	8610	40824	0.014134275618374659
2022-06-22	8570	8700	7950	8080	74316	-0.061556329849012825
2022-06-23	8080	8100	7500	7560	85897	-0.0643564356435643
2022-06-24	7470	7890	7470	7860	61299	0.039682539682539764
2022-06-27	7900	8280	7860	8210	49233	0.04452926208651409
2022-06-28	8210	8300	8070	8210	22172	0.0
2022-06-29	8100	8130	7910	8120	21466	-0.010962241169305775
2022-06-30	8060	8110	7800	7900	30124	-0.027093596059113323
2022-07-01	8200	8200	7500	7700	26126	-0.025316455696202556
2022-07-04	7660	8000	7310	7500	29728	-0.025974025974025983
2022-07-05	7420	8070	7420	7950	55055	0.06000000000000005
2022-07-06	8000	8660	7890	8220	133015	0.03396226415094339
2022-07-07	8250	8620	8200	8450	41375	0.027980535279805263
2022-07-08	8460	8520	8350	8520	26105	0.008284023668639007
2022-07-11	8520	8670	8320	8510	22352	-0.0011737089201877549
2022-07-12	8510	8910	8250	8550	78480	0.004700352526439522
2022-07-13	8550	8550	8380	8470	18913	-0.009356725146198785
2022-07-14	8420	8660	8290	8620	31498	0.017709563164108655
