Date	Open	High	Low	Close	Volume	Change
2022-01-24	13338	17340	13338	17340	9368221	
2022-01-25	18840	19341	13205	13339	11907450	-0.23073817762399074
2022-01-26	14138	15939	12705	13956	19969395	0.04625534147987098
2022-01-27	13605	14922	12721	12872	4237536	-0.07767268558326168
2022-01-28	12571	12888	10937	11121	2542531	-0.13603169670602855
2022-02-03	11804	12304	11204	11521	2552124	0.03596798849024374
2022-02-04	11321	11654	11171	11521	1486720	0.0
2022-02-07	11838	11971	11471	11505	1057811	-0.0013887683360819247
2022-02-08	11271	11838	11071	11338	1315009	-0.014515428074750147
2022-02-09	11421	11604	11137	11138	620250	-0.01763979537837357
2022-02-10	11304	11437	10770	10804	640066	-0.029987430418387473
2022-02-11	10454	10704	10004	10004	572863	-0.0740466493891151
2022-02-14	9670	9737	8936	9020	586904	-0.09836065573770492
2022-02-15	9020	9120	8636	8653	327115	-0.0406873614190687
2022-02-16	8886	9470	8886	9170	762184	0.05974806425517154
2022-02-17	9253	9887	9053	9437	943467	0.029116684841875573
2022-02-18	9203	9537	9086	9254	248786	-0.019391755854614834
2022-02-21	9036	9120	8786	9070	272525	-0.019883293710827754
2022-02-22	8770	8870	8620	8620	269352	-0.04961411245865488
2022-02-23	8470	8620	8153	8170	866488	-0.05220417633410668
2022-02-24	8036	8036	7503	7503	1151074	-0.08164014687882493
2022-02-25	7669	7819	7536	7570	358053	0.008929761428761784
2022-02-28	7469	7703	7452	7586	263561	0.0021136063408189187
2022-03-02	7586	7753	7569	7703	239322	0.015423147904033652
2022-03-03	7819	8053	7686	8003	556520	0.038945865247306255
2022-03-04	7903	7903	7736	7803	276240	-0.02499062851430711
2022-03-07	7719	7936	7586	7736	168137	-0.008586441112392706
2022-03-08	7703	7819	7569	7636	154585	-0.01292657704239919
2022-03-10	7769	7969	7703	7770	215401	0.01754845468831845
2022-03-11	7753	8203	7686	7953	614823	0.02355212355212366
2022-03-14	7953	8103	7636	7670	341530	-0.0355840563309443
2022-03-15	7669	7853	7619	7620	309752	-0.006518904823989535
2022-03-16	7669	7869	7636	7703	228871	0.01089238845144358
2022-03-17	7836	8786	7753	8637	2509781	0.12125146046994684
2022-03-18	8536	8636	8336	8387	587564	-0.028945235614217912
2022-03-21	8503	8703	8403	8487	663388	0.011923214498628765
2022-03-22	8553	9053	8536	8870	1157782	0.04512784258277369
2022-03-23	9103	10570	9020	10254	5534081	0.15603156708004517
2022-03-24	10070	10837	9937	10554	2395470	0.029256875365710977
2022-03-25	10537	10770	10254	10638	877520	0.007959067652075102
2022-03-28	10587	11171	10504	11171	1493422	0.050103402895281146
2022-03-29	11171	11187	10554	11004	784159	-0.014949422612120622
2022-03-30	10887	11137	10670	10921	459554	-0.0075427117411850375
2022-03-31	10921	10921	10704	10771	348616	-0.013735005951835966
2022-04-01	10704	10720	10204	10554	585257	-0.020146690186612193
2022-04-04	10620	10987	10387	10788	434727	0.022171688459351913
2022-04-05	10720	10871	10187	10237	580231	-0.051075268817204256
2022-04-06	10137	10370	9970	10237	367326	0.0
2022-04-07	10204	10204	9737	9737	255192	-0.04884243430692581
2022-04-08	9737	10437	9737	10171	481310	0.04457225017972677
2022-04-11	10170	10437	9820	9904	297562	-0.02625110608593062
2022-04-12	9870	9903	9270	9420	341464	-0.048869143780290836
2022-04-13	9503	9570	9387	9437	142689	0.0018046709129511118
2022-04-14	9387	9520	9337	9370	121556	-0.007099713892126713
2022-04-15	9303	9437	9103	9370	77942	0.0
2022-04-18	9370	9370	9120	9220	94837	-0.016008537886872953
2022-04-19	9187	9353	9153	9304	75645	0.009110629067245135
2022-04-20	9337	9870	9337	9704	344340	0.042992261392949205
2022-04-21	9587	9670	9503	9571	105066	-0.01370568837592745
2022-04-22	9637	9753	9520	9621	204176	0.0052241145125901944
2022-04-25	9136	9270	8286	8320	962266	-0.13522502858330732
2022-04-26	8420	8453	8136	8337	368486	0.0020432692307692513
2022-04-27	8036	8236	7969	8120	175583	-0.026028547439126748
2022-04-28	8303	8520	8053	8053	232743	-0.008251231527093617
2022-04-29	8053	8353	8036	8070	228937	0.0021110145287470683
2022-05-02	7953	8219	7836	8103	192241	0.004089219330855043
2022-05-03	8269	8570	8153	8403	405030	0.03702332469455749
2022-05-04	8470	8470	8153	8203	134727	-0.02380102344400814
2022-05-06	7986	8103	7953	7970	108494	-0.028404242350359654
2022-05-09	7969	7969	7519	7586	213604	-0.04818067754077793
2022-05-10	7302	7503	7136	7503	216330	-0.010941207487476956
2022-05-11	7503	7586	7336	7420	88375	-0.011062241769958736
2022-05-12	7386	7402	6936	6936	210165	-0.06522911051212943
2022-05-13	6936	7086	6869	6903	145952	-0.004757785467128017
2022-05-16	7002	7286	7002	7153	166550	0.03621613791105327
2022-05-17	7269	7402	7202	7403	85430	0.03495037047392713
2022-05-18	7469	7469	7236	7236	110836	-0.022558422261245492
2022-05-19	7052	7102	6969	7103	80929	-0.018380320619126644
2022-05-20	7102	7553	7102	7520	179580	0.058707588342953754
2022-05-23	7436	7686	7419	7570	122789	0.0066489361702126715
2022-05-24	7619	7953	7519	7536	221875	-0.004491413474240424
2022-05-25	7569	7636	7319	7370	115958	-0.022027600849256923
2022-05-26	7402	7803	7336	7536	118662	0.022523744911804533
2022-05-27	7769	7819	7636	7653	115157	0.015525477707006408
2022-05-30	7803	7803	7686	7736	60558	0.010845420096694092
2022-05-31	7603	7836	7603	7720	93536	-0.0020682523267838704
2022-06-02	7703	7703	7486	7520	73881	-0.025906735751295318
2022-06-03	7619	7636	7519	7536	45732	0.0021276595744681437
2022-06-07	7569	7703	7503	7670	84689	0.017781316348195242
2022-06-08	7553	8169	7553	8003	653654	0.043415906127770576
2022-06-09	7969	8069	7669	7720	158810	-0.03536173934774456
2022-06-10	7669	7886	7586	7736	138844	0.002072538860103723
2022-06-13	7553	7719	7302	7536	225372	-0.02585315408479838
2022-06-14	7202	7536	7086	7436	170899	-0.013269639065817462
2022-06-15	7219	7419	7019	7103	159335	-0.04478214093598709
2022-06-16	7202	7536	7036	7103	168715	0.0
2022-06-17	6952	7069	6719	6969	159482	-0.018865268196536666
2022-06-20	7086	7086	6502	6636	187293	-0.04778303917348259
2022-06-21	6569	7152	6569	7086	269265	0.0678119349005426
2022-06-22	8953	9203	8720	9204	3523957	0.29889923793395434
2022-06-23	9670	9770	7336	7370	5115542	-0.19926119078661453
2022-06-24	7469	7486	7086	7370	1426294	0.0
2022-06-27	7386	7919	7269	7786	1609320	0.05644504748982371
2022-06-28	7686	8069	7519	7870	1445124	0.010788594913948124
2022-06-29	8053	9570	7903	9087	12868082	0.15463786531130874
2022-06-30	8986	10170	8920	9154	12813132	0.007373170463299328
2022-07-01	9503	9703	9053	9337	4191429	0.019991260651081477
2022-07-04	9203	9520	8186	8320	3740974	-0.1089214951269144
2022-07-05	10800	10800	10800	10800	148143	0.29807692307692313
2022-07-06	14000	14000	13100	14000	1648619	0.2962962962962963
2022-07-07	15700	17550	12800	12900	8670772	-0.07857142857142863
2022-07-08	12850	13650	12150	12300	2492898	-0.046511627906976716
2022-07-11	12300	12300	11150	11300	1121607	-0.08130081300813008
2022-07-12	11400	11600	10450	10600	1122126	-0.06194690265486724
2022-07-13	10500	10700	10200	10350	425943	-0.02358490566037741
2022-07-14	10300	10450	9650	9890	660026	-0.0444444444444444
