Date	Open	High	Low	Close	Volume	Change
2021-10-28	14325	16000	12700	12700	9757468	
2021-10-29	12700	12700	11475	11650	905548	-0.08267716535433067
2021-11-01	11800	11850	10875	10900	537820	-0.06437768240343344
2021-11-02	10900	11600	10825	11050	402786	0.013761467889908285
2021-11-03	11100	11175	10625	10625	174274	-0.038461538461538436
2021-11-04	10625	10750	10250	10400	157284	-0.02117647058823524
2021-11-05	10600	10600	10025	10125	93094	-0.02644230769230771
2021-11-08	10250	10450	10025	10425	90826	0.029629629629629672
2021-11-09	10650	11275	10575	11225	270720	0.0767386091127098
2021-11-10	11150	11225	10575	10850	88732	-0.03340757238307346
2021-11-11	10725	10875	10325	10450	83228	-0.03686635944700456
2021-11-12	10450	10575	10325	10325	68942	-0.011961722488038284
2021-11-15	10325	10500	10250	10450	51032	0.012106537530266248
2021-11-16	10325	10825	10175	10775	163134	0.031100478468899517
2021-11-17	10875	10900	10350	10400	80306	-0.03480278422273786
2021-11-18	10400	10500	10175	10350	55100	-0.004807692307692291
2021-11-19	10350	10350	10175	10250	41148	-0.009661835748792313
2021-11-22	10275	10275	9825	9875	69088	-0.03658536585365857
2021-11-23	9925	10000	9700	9800	24880	-0.0075949367088608
2021-11-24	9700	9900	9625	9875	24254	0.007653061224489832
2021-11-25	9875	9875	9700	9775	28950	-0.010126582278481067
2021-11-26	9700	9750	9375	9500	46202	-0.02813299232736577
2021-11-29	9275	9275	8775	8850	89674	-0.06842105263157894
2021-11-30	9025	9025	8225	8350	89102	-0.05649717514124297
2021-12-01	8350	8450	8275	8425	32986	0.008982035928143617
2021-12-02	8225	8550	8200	8400	47622	-0.0029673590504450953
2021-12-03	8425	8625	8325	8625	53158	0.02678571428571419
2021-12-06	8625	8700	8400	8600	21194	-0.0028985507246376274
2021-12-07	8675	8675	8500	8600	26426	0.0
2021-12-08	8700	9250	8575	8850	77308	0.029069767441860517
2021-12-09	8875	9075	8775	9075	51194	0.025423728813559254
2021-12-10	9075	9075	8750	9050	36838	-0.0027548209366391463
2021-12-13	9075	9100	8850	8900	24206	-0.016574585635359074
2021-12-14	9000	9000	8800	8825	13674	-0.008426966292134797
2021-12-15	8825	9200	8800	9100	29414	0.031161473087818692
2021-12-16	9050	9200	8900	8975	23800	-0.013736263736263687
2021-12-17	9000	9200	8850	9050	30704	0.008356545961002881
2021-12-20	8975	9050	8700	8725	37094	-0.035911602209944715
2021-12-21	8725	8800	8525	8650	27056	-0.008595988538681931
2021-12-22	8675	9150	8675	8875	32456	0.026011560693641522
2021-12-23	9050	9050	8650	8750	14874	-0.014084507042253502
2021-12-24	8775	8800	8600	8600	22422	-0.017142857142857126
2021-12-27	8600	8925	8500	8850	29128	0.029069767441860517
2021-12-28	8975	8975	8675	8825	18538	-0.0028248587570621764
2021-12-29	8825	8900	8775	8875	9922	0.0056657223796034994
2021-12-30	8850	8900	8725	8850	11636	-0.0028169014084507005
2022-01-03	8850	9075	8750	9025	21060	0.019774011299435124
2022-01-04	9075	9075	8900	9025	18994	0.0
2022-01-05	9025	9025	8775	8850	21762	-0.01939058171745156
2022-01-06	8825	8975	8700	8925	26184	0.008474576271186418
2022-01-07	9075	9500	8900	9500	91984	0.06442577030812324
2022-01-10	9500	9875	9150	9725	70802	0.023684210526315752
2022-01-11	9525	9700	9450	9550	16366	-0.01799485861182515
2022-01-12	9550	9675	9275	9475	23254	-0.007853403141361293
2022-01-13	9525	9525	9250	9500	17704	0.0026385224274405594
2022-01-14	9500	9850	9375	9550	51034	0.0052631578947368585
2022-01-17	9550	9625	9000	9000	25968	-0.05759162303664922
2022-01-18	8950	9300	8750	8750	16304	-0.02777777777777779
2022-01-19	8900	8900	8575	8750	18074	0.0
2022-01-20	8750	9275	8675	8725	22388	-0.0028571428571428914
2022-01-21	8825	8925	8675	8800	18120	0.008595988538681931
2022-01-24	8900	8900	8475	8600	27502	-0.022727272727272707
2022-01-25	8600	8600	8075	8525	39736	-0.008720930232558155
2022-01-26	8400	8550	8275	8500	14750	-0.0029325513196480912
2022-01-27	8300	8600	8075	8400	13714	-0.0117647058823529
2022-01-28	8400	8500	8200	8500	10012	0.011904761904761862
2022-02-03	8825	8825	8450	8500	20396	0.0
2022-02-04	8525	9000	8425	9000	15514	0.05882352941176472
2022-02-07	9200	10500	9000	9550	312458	0.061111111111111116
2022-02-08	9700	9875	9425	9500	58258	-0.005235602094240788
2022-02-09	9600	11000	9600	10600	557610	0.11578947368421044
2022-02-10	10650	10950	10475	10650	164930	0.004716981132075526
2022-02-11	10650	11350	10075	10300	401222	-0.032863849765258246
2022-02-14	9925	10150	9475	9725	95892	-0.05582524271844658
2022-02-15	9625	10275	9600	10000	104522	0.028277634961439535
2022-02-16	10250	10600	10000	10000	82750	0.0
2022-02-17	10250	12425	10125	11525	1172550	0.15250000000000008
2022-02-18	11275	12000	11125	11400	329982	-0.010845986984815648
2022-02-21	11499	12050	11499	11750	395754	0.030701754385964897
2022-02-22	11499	12299	11375	11950	513954	0.017021276595744705
2022-02-23	12150	12825	11800	11850	531012	-0.008368200836820106
2022-02-24	11625	11750	11075	11200	236158	-0.05485232067510548
2022-02-25	11600	12700	11250	12325	516806	0.1004464285714286
2022-02-28	12200	12500	11900	12375	227218	0.0040567951318457585
2022-03-02	12375	13450	12100	13175	476562	0.06464646464646462
2022-03-03	13450	13825	13025	13400	403686	0.017077798861480087
2022-03-04	13400	13699	12875	13450	146858	0.003731343283582156
2022-03-07	13175	13200	12425	12825	221364	-0.04646840148698883
2022-03-08	12250	12950	12150	12750	181804	-0.005847953216374324
2022-03-10	13000	13425	12725	12850	304064	0.007843137254901933
2022-03-11	12725	13050	12400	12600	179088	-0.01945525291828798
2022-03-14	12550	12550	11400	11475	273060	-0.0892857142857143
2022-03-15	11275	11975	11175	11550	154942	0.006535947712418277
2022-03-16	11550	11750	11275	11450	110342	-0.008658008658008698
2022-03-17	11675	11750	11200	11400	104346	-0.004366812227074246
2022-03-18	11400	11725	11175	11600	76854	0.01754385964912286
2022-03-21	11550	11750	11450	11475	51326	-0.010775862068965525
2022-03-22	11525	12875	11399	12525	349214	0.0915032679738561
2022-03-23	12500	12824	12250	12575	143080	0.003992015968063978
2022-03-24	12449	12575	12275	12500	67628	-0.005964214711729587
2022-03-25	12525	13200	12325	12725	138944	0.018000000000000016
2022-03-28	12649	12750	12300	12500	65696	-0.017681728880157177
2022-03-29	12500	12950	12375	12900	62606	0.03200000000000003
2022-03-30	12899	13150	12725	12850	34262	-0.003875968992248069
2022-03-31	12850	12925	12725	12750	41768	-0.0077821011673151474
2022-04-01	12750	14775	12650	14125	826410	0.10784313725490202
2022-04-04	14200	15150	13900	14600	598380	0.03362831858407089
2022-04-05	14575	14875	14125	14625	163308	0.001712328767123239
2022-04-06	14350	14675	14225	14500	101684	-0.008547008547008517
2022-04-07	14325	14750	14075	14750	104128	0.01724137931034475
2022-04-08	15175	15900	14499	15650	467564	0.0610169491525423
2022-04-11	15650	15750	14775	14950	178342	-0.04472843450479236
2022-04-12	14575	15000	14250	14600	127022	-0.02341137123745818
2022-04-13	14600	14749	14025	14700	86716	0.006849315068493178
2022-04-14	14675	17750	14375	16450	1418286	0.11904761904761907
2022-04-15	16199	16625	15600	16225	360498	-0.01367781155015202
2022-04-18	15900	17450	15850	16500	574768	0.016949152542372836
2022-04-19	16400	16800	15750	15950	231420	-0.033333333333333326
2022-04-20	16075	16725	15500	16500	189376	0.034482758620689724
2022-04-21	16500	17025	16100	16700	211852	0.0121212121212122
2022-04-22	16725	16900	16125	16750	115154	0.0029940119760478723
2022-04-25	16325	16400	15399	15525	118430	-0.07313432835820899
2022-04-26	15825	15825	15149	15500	98592	-0.0016103059581320522
2022-04-27	14825	14975	13775	14850	149546	-0.041935483870967794
2022-04-28	14999	16300	14750	15975	273638	0.07575757575757569
2022-04-29	15950	16750	15150	15775	459886	-0.012519561815336422
2022-05-02	15625	15925	15075	15100	109496	-0.0427892234548336
2022-05-03	14975	15000	14575	14850	70530	-0.01655629139072845
2022-05-04	14625	15150	14625	14800	41356	-0.0033670033670033517
2022-05-06	14700	14774	13625	13825	163394	-0.0658783783783784
2022-05-09	13575	14075	13175	13250	118520	-0.04159132007233268
2022-05-10	12874	13150	12275	12725	149266	-0.03962264150943395
2022-05-11	12800	13450	12800	13200	154880	0.037328094302554016
2022-05-12	12850	13050	12525	12625	122238	-0.04356060606060608
2022-05-13	12700	14100	12650	14025	236478	0.11089108910891099
2022-05-16	13975	14350	13799	13925	105892	-0.007130124777183555
2022-05-17	14000	14775	13875	14250	189212	0.02333931777378817
2022-05-18	14600	14600	13675	14175	139914	-0.0052631578947368585
2022-05-19	13750	14600	13499	14350	111938	0.012345679012345734
2022-05-20	14350	15450	14275	15325	164674	0.06794425087108014
2022-05-23	15725	16750	14500	14700	705482	-0.04078303425774876
2022-05-24	14800	15425	14400	14925	256788	0.015306122448979664
2022-05-25	15350	15350	14550	14775	92258	-0.01005025125628145
2022-05-26	14850	15250	14700	14725	128406	-0.0033840947546531774
2022-05-27	14825	15150	14650	14725	46280	0.0
2022-05-30	14775	15100	14775	14850	48604	0.008488964346349714
2022-05-31	14850	15350	14775	15250	76964	0.026936026936027035
2022-06-02	15625	15625	14725	14800	162460	-0.02950819672131144
2022-06-03	15500	15750	14300	14300	99008	-0.03378378378378377
2022-06-07	14100	14450	13800	14100	42068	-0.013986013986013957
2022-06-08	14000	14250	13900	14100	21456	0.0
2022-06-09	14000	17000	14000	15450	789345	0.0957446808510638
2022-06-10	15250	15850	14850	15350	117250	-0.006472491909385147
2022-06-13	14700	15000	13950	14000	67292	-0.08794788273615639
2022-06-14	13750	15700	12950	14850	157508	0.06071428571428572
2022-06-15	14700	15150	14100	14500	124873	-0.023569023569023573
2022-06-16	14650	15300	14550	14900	63108	0.02758620689655178
2022-06-17	14600	15050	14200	15000	23872	0.006711409395973256
2022-06-20	15450	15450	14300	14400	43075	-0.040000000000000036
2022-06-21	14400	14950	13900	14400	30815	0.0
2022-06-22	14400	14950	13350	13350	30934	-0.07291666666666663
2022-06-23	13050	13550	12800	13000	67149	-0.02621722846441943
2022-06-24	12850	13750	12850	13700	26341	0.05384615384615388
2022-06-27	13900	14250	13450	13750	59079	0.0036496350364962904
2022-06-28	13750	14050	13550	13600	27532	-0.010909090909090868
2022-06-29	13200	13650	12850	13200	166704	-0.02941176470588236
2022-06-30	13050	13200	11600	11650	246973	-0.11742424242424243
2022-07-01	11700	12800	11350	11450	212435	-0.01716738197424894
2022-07-04	11550	11600	10800	11200	67630	-0.02183406113537123
2022-07-05	11250	11800	11150	11650	72958	0.0401785714285714
2022-07-06	11700	12000	11300	11500	86193	-0.012875536480686733
2022-07-07	11600	12000	11450	11800	42768	0.026086956521739202
2022-07-08	12050	12550	11700	12200	99221	0.03389830508474567
2022-07-11	12250	12750	12000	12250	152029	0.004098360655737654
2022-07-12	12100	12100	11200	11800	122771	-0.03673469387755102
2022-07-13	11700	12150	11550	11950	41922	0.012711864406779627
2022-07-14	11950	12800	11800	12600	170517	0.05439330543933063
