Date	Open	High	Low	Close	Volume	Change
2021-10-07	36000	39550	28100	28350	5327259	
2021-10-08	29000	30500	26150	26800	6094519	-0.05467372134038806
2021-10-12	26550	26900	24650	24700	497461	-0.07835820895522383
2021-10-13	24450	25700	24300	24500	368573	-0.0080971659919028
2021-10-14	24900	26600	24750	25350	380830	0.03469387755102038
2021-10-15	25850	27300	25500	26550	689996	0.047337278106508895
2021-10-18	26600	26750	25500	25650	186205	-0.03389830508474578
2021-10-19	26000	31150	25300	28150	3012935	0.09746588693957126
2021-10-20	28850	29250	27750	28550	743808	0.014209591474245054
2021-10-21	28800	29950	28250	29400	701137	0.02977232924693518
2021-10-22	29000	29550	28050	28200	303866	-0.04081632653061229
2021-10-25	28200	28550	27200	27200	197666	-0.03546099290780147
2021-10-26	27450	28300	27300	27450	180552	0.009191176470588314
2021-10-27	27550	27600	26400	26400	149217	-0.03825136612021862
2021-10-28	26200	27400	25700	26500	134306	0.0037878787878788955
2021-10-29	26900	27200	25350	25650	118285	-0.0320754716981132
2021-11-01	25700	26450	25100	25300	74493	-0.013645224171540016
2021-11-02	25250	26050	25100	25400	74635	0.0039525691699604515
2021-11-03	25550	25650	24950	25000	88790	-0.015748031496062964
2021-11-04	25200	25250	24450	24550	77729	-0.018000000000000016
2021-11-05	24850	25400	24700	24800	102151	0.010183299389002087
2021-11-08	24550	24700	22100	22950	204181	-0.07459677419354838
2021-11-09	23100	23500	22450	22700	106946	-0.01089324618736387
2021-11-10	23000	23500	22450	22700	73113	0.0
2021-11-11	22700	22850	22050	22100	73891	-0.026431718061673992
2021-11-12	22250	22850	22050	22500	50300	0.018099547511312153
2021-11-15	22600	26800	22600	24100	377693	0.07111111111111112
2021-11-16	24350	25850	23700	25600	239870	0.06224066390041494
2021-11-17	26050	26100	24950	25050	118599	-0.021484375
2021-11-18	25100	26950	25100	25650	223503	0.0239520958083832
2021-11-19	25750	25800	25100	25550	55493	-0.003898635477582846
2021-11-22	25550	25550	24350	24350	101849	-0.046966731898238745
2021-11-23	24450	24800	23850	24000	75131	-0.014373716632443578
2021-11-24	24000	24200	23450	23600	52039	-0.01666666666666672
2021-11-25	23750	24150	23450	23550	45751	-0.0021186440677966045
2021-11-26	23600	23850	22600	23000	62941	-0.023354564755838636
2021-11-29	22000	22700	21900	22300	74780	-0.0304347826086957
2021-11-30	22750	22750	21200	21350	61007	-0.04260089686098656
2021-12-01	21350	22100	21050	21650	33976	0.014051522248243575
2021-12-02	21350	22900	21250	22750	48454	0.050808314087759765
2021-12-03	22900	23100	22350	23050	30686	0.01318681318681314
2021-12-06	23100	26950	22750	25000	680110	0.08459869848156187
2021-12-07	25400	25850	25000	25100	121634	0.0040000000000000036
2021-12-08	25800	26900	24800	25000	204731	-0.003984063745019917
2021-12-09	25150	25250	24050	24900	83166	-0.0040000000000000036
2021-12-10	24600	25150	24350	24950	39388	0.002008032128514081
2021-12-13	25150	25350	24600	24650	49973	-0.012024048096192397
2021-12-14	24600	24850	23850	24300	45440	-0.014198782961460488
2021-12-15	24300	24350	23700	23750	37095	-0.02263374485596703
2021-12-16	24100	24350	23800	24000	35386	0.010526315789473717
2021-12-17	23700	24150	23400	23900	43231	-0.004166666666666652
2021-12-20	23700	23800	22900	22950	48423	-0.03974895397489542
2021-12-21	22950	23100	22550	22800	38361	-0.006535947712418277
2021-12-22	23200	23900	22900	22900	61525	0.004385964912280604
2021-12-23	22950	23300	22800	22900	30545	0.0
2021-12-24	23150	24450	22900	24000	71877	0.048034934497816595
2021-12-27	24450	24500	23800	23950	36960	-0.002083333333333326
2021-12-28	24200	24200	23750	23950	27320	0.0
2021-12-29	24250	24250	23550	23850	42331	-0.0041753653444676075
2021-12-30	23850	24050	23750	23800	23354	-0.002096436058700246
2022-01-03	23900	24500	23750	24300	32205	0.021008403361344463
2022-01-04	24350	24950	23950	24950	57787	0.026748971193415683
2022-01-05	25150	25400	23750	24150	63831	-0.03206412825651306
2022-01-06	23750	24250	23300	23400	41904	-0.03105590062111796
2022-01-07	23300	23650	23000	23550	71325	0.0064102564102563875
2022-01-10	23400	23500	22650	22800	41556	-0.031847133757961776
2022-01-11	22800	23000	22350	22750	29970	-0.002192982456140302
2022-01-12	22800	23400	22800	22950	26358	0.00879120879120876
2022-01-13	23000	23250	22850	23200	15852	0.01089324618736387
2022-01-14	22950	23500	22500	23300	29035	0.004310344827586299
2022-01-17	23400	23500	22900	23200	33669	-0.0042918454935622075
2022-01-18	23250	24550	23050	23600	138456	0.01724137931034475
2022-01-19	23100	23800	23000	23100	33161	-0.021186440677966156
2022-01-20	23100	23400	22700	23300	31830	0.008658008658008587
2022-01-21	22900	23150	22650	23050	24267	-0.010729613733905574
2022-01-24	22750	22950	21950	22200	45617	-0.03687635574837311
2022-01-25	22450	22500	21200	21350	54624	-0.03828828828828834
2022-01-26	21000	21450	21000	21300	37567	-0.0023419203747072626
2022-01-27	21600	21600	20050	20150	49674	-0.0539906103286385
2022-01-28	20250	21950	20050	21050	32928	0.04466501240694787
2022-02-03	21950	22000	21500	21850	23951	0.03800475059382413
2022-02-04	21500	22000	21500	21900	18416	0.0022883295194509046
2022-02-07	22200	22700	21700	22000	21131	0.004566210045662045
2022-02-08	22000	22300	21700	21800	12851	-0.009090909090909038
2022-02-09	21850	22450	21800	22000	17574	0.00917431192660545
2022-02-10	22450	22450	21450	22000	33054	0.0
2022-02-11	21800	21950	21400	21400	14782	-0.027272727272727226
2022-02-14	21000	21500	20650	20800	23636	-0.028037383177570097
2022-02-15	20450	21300	20400	20400	22111	-0.019230769230769273
2022-02-16	20750	21200	20600	20900	11801	0.02450980392156854
2022-02-17	21250	21300	20700	20950	13921	0.0023923444976077235
2022-02-18	20700	21350	20650	20850	15043	-0.004773269689737458
2022-02-21	20950	21000	20050	20600	18502	-0.011990407673860948
2022-02-22	20600	21150	20550	21000	12376	0.01941747572815533
2022-02-23	21350	21350	20700	21000	19651	0.0
2022-02-24	20750	20950	19950	20050	52013	-0.04523809523809519
2022-02-25	20150	20600	20050	20200	23080	0.007481296758104827
2022-02-28	20200	20500	20150	20500	11484	0.014851485148514865
2022-03-02	20500	20750	20200	20700	12714	0.009756097560975618
2022-03-03	20800	20850	20600	20650	10840	-0.0024154589371980784
2022-03-04	20750	20750	20350	20600	11596	-0.002421307506053294
2022-03-07	20300	20850	20050	20200	13835	-0.01941747572815533
2022-03-08	20150	20200	20000	20100	12389	-0.004950495049504955
2022-03-10	20300	20500	20200	20250	9067	0.00746268656716409
2022-03-11	20300	20650	20150	20250	11483	0.0
2022-03-14	20400	20600	19900	20000	16555	-0.012345679012345734
2022-03-15	20050	20100	19900	20000	9816	0.0
2022-03-16	20200	20650	20000	20550	19544	0.02750000000000008
2022-03-17	20750	21400	20750	21200	38620	0.031630170316301776
2022-03-18	21200	21450	20800	21350	14602	0.007075471698113178
2022-03-21	21350	21350	21000	21000	8093	-0.016393442622950838
2022-03-22	21000	21350	20800	21350	11445	0.016666666666666607
2022-03-23	21350	21400	21200	21200	9647	-0.007025761124121788
2022-03-24	21100	21200	20950	21100	12547	-0.004716981132075526
2022-03-25	21400	21400	20950	21200	14043	0.004739336492890933
2022-03-28	21150	21900	20950	21550	23658	0.01650943396226423
2022-03-29	21600	21800	21300	21450	14021	-0.004640371229698403
2022-03-30	21800	21850	21400	21800	19580	0.01631701631701632
2022-03-31	21800	22200	21550	22000	26062	0.00917431192660545
2022-04-01	21850	21900	21450	21850	11012	-0.006818181818181834
2022-04-04	21700	22300	21700	22050	17481	0.009153318077803174
2022-04-05	22250	22250	21550	21800	20815	-0.0113378684807256
2022-04-06	21700	21750	21350	21600	13373	-0.00917431192660545
2022-04-07	21300	21500	20600	20900	34571	-0.03240740740740744
2022-04-08	20850	21300	20550	20850	9050	-0.0023923444976076125
2022-04-11	21100	21150	20700	20750	8191	-0.004796163069544335
2022-04-12	20600	20950	20500	20750	8236	0.0
2022-04-13	21000	21000	20450	20650	23136	-0.004819277108433773
2022-04-14	20650	20950	20550	20900	12943	0.012106537530266248
2022-04-15	20700	21000	20600	21000	9075	0.004784688995215225
2022-04-18	21000	21050	20700	20800	7849	-0.00952380952380949
2022-04-19	20800	24500	20600	21750	272825	0.04567307692307687
2022-04-20	21850	22550	21800	21900	58869	0.006896551724137945
2022-04-21	22000	22250	21800	22200	35143	0.013698630136986356
2022-04-22	22000	22250	21700	22250	24836	0.0022522522522523403
2022-04-25	22250	22250	21650	22000	24136	-0.011235955056179803
2022-04-26	21850	22000	21650	21850	15233	-0.006818181818181834
2022-04-27	21250	21700	21200	21700	19201	-0.006864988558352381
2022-04-28	22000	22000	21000	21250	28956	-0.020737327188940058
2022-04-29	21350	21850	21200	21350	21247	0.004705882352941115
2022-05-02	21200	21200	20850	21150	14891	-0.00936768149882905
2022-05-03	21150	21700	21150	21650	14817	0.023640661938534313
2022-05-04	21650	21850	21250	21400	7299	-0.011547344110854452
2022-05-06	21300	21300	20700	21100	8397	-0.014018691588784993
2022-05-09	21100	21300	20500	20950	25481	-0.007109004739336511
2022-05-10	20200	20850	19950	20700	30060	-0.011933174224343701
2022-05-11	20600	20800	20400	20700	11200	0.0
2022-05-12	20200	20650	20050	20100	16677	-0.02898550724637683
2022-05-13	20100	20500	20000	20000	20948	-0.00497512437810943
2022-05-16	20100	20600	19850	19850	17849	-0.007499999999999951
2022-05-17	19800	20150	19800	20000	12009	0.007556675062972307
2022-05-18	20100	20400	19950	20300	15081	0.014999999999999902
2022-05-19	20000	20350	19900	20200	10207	-0.0049261083743842304
2022-05-20	20100	21150	20100	20750	19736	0.027227722772277252
2022-05-23	20700	20800	20500	20600	15828	-0.0072289156626506035
2022-05-24	20650	20850	20300	20300	11231	-0.014563106796116498
2022-05-25	20350	20500	20100	20450	6337	0.00738916256157629
2022-05-26	20350	21150	20350	20600	17186	0.007334963325183352
2022-05-27	20750	21700	20650	21350	55657	0.03640776699029136
2022-05-30	21450	21600	21150	21250	19731	-0.004683840749414525
2022-05-31	21350	21700	21200	21550	12347	0.014117647058823568
2022-06-02	21300	21650	21250	21450	11086	-0.004640371229698403
2022-06-03	21750	21750	21250	21350	7785	-0.004662004662004615
2022-06-07	21300	24450	21000	22200	444806	0.03981264637002346
2022-06-08	22200	22300	21800	21850	43615	-0.015765765765765716
2022-06-09	21650	22250	21650	21750	20490	-0.004576659038901587
2022-06-10	21950	22300	21600	22150	21787	0.01839080459770126
2022-06-13	21550	21950	21250	21300	35281	-0.038374717832957095
2022-06-14	20550	21250	20500	21000	24936	-0.014084507042253502
2022-06-15	20750	24100	20750	23650	542990	0.1261904761904762
2022-06-16	23000	24150	22650	23400	232577	-0.010570824524312905
2022-06-17	22550	23850	22500	23000	145290	-0.017094017094017144
2022-06-20	22950	23100	21100	21500	120897	-0.06521739130434778
2022-06-21	21750	22000	21000	21600	47478	0.0046511627906977715
2022-06-22	21750	21900	20700	20700	48327	-0.04166666666666663
2022-06-23	20600	20750	18950	19100	87658	-0.07729468599033817
2022-06-24	18650	19600	18550	19200	32548	0.005235602094240788
2022-06-27	19200	19900	19000	19750	18060	0.02864583333333326
2022-06-28	19750	21600	19600	20800	47909	0.05316455696202538
2022-06-29	20400	21650	20300	21600	35608	0.03846153846153855
2022-06-30	21600	21800	20950	21150	23197	-0.02083333333333337
2022-07-01	21150	22150	21050	21800	50786	0.030732860520094496
2022-07-04	21700	23200	21650	22700	83447	0.041284403669724856
2022-07-05	22700	23650	22200	23000	67710	0.013215859030837107
2022-07-06	23000	24550	22650	23550	164775	0.023913043478260843
2022-07-07	23300	24000	23050	23250	49737	-0.01273885350318471
2022-07-08	23350	23700	22650	23100	49183	-0.006451612903225823
2022-07-11	23000	24150	22900	23650	44514	0.023809523809523725
2022-07-12	23650	24100	22550	22800	61044	-0.03594080338266381
2022-07-13	22950	24950	22850	24300	224533	0.06578947368421062
2022-07-14	24800	25900	24200	24950	195328	0.026748971193415683
