Date	Open	High	Low	Close	Volume	Change
2022-03-10	18000	18000	15750	16050	2745591	
2022-03-11	16350	16800	14950	16800	3278599	0.04672897196261672
2022-03-14	16550	16900	15350	16000	993270	-0.04761904761904767
2022-03-15	15650	16500	15300	15650	576748	-0.021874999999999978
2022-03-16	15650	16050	15300	15350	291094	-0.019169329073482455
2022-03-17	15550	16000	15250	15350	337758	0.0
2022-03-18	15400	15650	15050	15450	196595	0.006514657980456029
2022-03-21	15550	15900	15250	15250	219397	-0.012944983818770184
2022-03-22	15400	16300	15300	15850	414052	0.03934426229508192
2022-03-23	15750	15950	15650	15650	164782	-0.012618296529968487
2022-03-24	15500	15700	15200	15500	147614	-0.009584664536741228
2022-03-25	15650	15700	15350	15400	66724	-0.006451612903225823
2022-03-28	15400	15650	15050	15300	84335	-0.00649350649350644
2022-03-29	15400	15600	15200	15350	77618	0.0032679738562091387
2022-03-30	15450	15500	15250	15400	93320	0.0032573289902280145
2022-03-31	15500	15750	15300	15300	142165	-0.00649350649350644
2022-04-01	15450	15900	15400	15600	228963	0.019607843137254832
2022-04-04	15700	15700	15400	15450	89365	-0.009615384615384581
2022-04-05	15500	15500	15250	15300	77904	-0.009708737864077666
2022-04-06	15250	15250	14750	14850	219977	-0.02941176470588236
2022-04-07	14650	14650	14200	14300	127509	-0.03703703703703709
2022-04-08	14350	14450	14100	14100	61176	-0.013986013986013957
2022-04-11	14100	14450	14050	14300	36806	0.014184397163120588
2022-04-12	14050	15050	14050	14700	144277	0.027972027972027913
2022-04-13	14700	14850	14450	14500	45576	-0.013605442176870763
2022-04-14	14550	14600	14250	14350	35029	-0.010344827586206917
2022-04-15	14200	14400	14050	14300	29766	-0.0034843205574912606
2022-04-18	14300	14600	14200	14550	23654	0.0174825174825175
2022-04-19	14550	14650	14350	14500	26757	-0.0034364261168384758
2022-04-20	14500	14700	14350	14550	24731	0.0034482758620688614
2022-04-21	14550	14650	14400	14450	28983	-0.0068728522336769515
2022-04-22	14350	14600	14250	14500	22336	0.0034602076124568004
2022-04-25	14200	14650	14100	14100	74714	-0.02758620689655178
2022-04-26	14200	14300	14100	14250	18719	0.010638297872340496
2022-04-27	13900	13950	13700	13750	42131	-0.03508771929824561
2022-04-28	13800	13850	13450	13600	39900	-0.010909090909090868
2022-04-29	13700	13800	13550	13800	35664	0.014705882352941124
2022-05-02	13600	13750	13300	13750	30866	-0.0036231884057971175
2022-05-03	13650	14000	13600	13650	42031	-0.0072727272727273196
2022-05-04	13700	13900	13400	13500	26983	-0.01098901098901095
2022-05-06	13350	13450	13000	13100	31046	-0.029629629629629672
2022-05-09	13050	13150	12500	12550	21169	-0.041984732824427495
2022-05-10	12250	12350	11800	12350	60866	-0.015936254980079667
2022-05-11	12300	12400	12000	12150	23722	-0.01619433198380571
2022-05-12	11900	12050	11200	11400	53210	-0.06172839506172845
2022-05-13	11500	11700	11300	11500	24268	0.00877192982456143
2022-05-16	11600	11800	11500	11550	24038	0.004347826086956497
2022-05-17	11500	12300	11500	12150	61931	0.051948051948051965
2022-05-18	12300	13000	12000	12200	72640	0.004115226337448652
2022-05-19	11750	12300	11750	12100	20574	-0.008196721311475419
2022-05-20	12300	12500	12000	12350	29944	0.02066115702479343
2022-05-23	12600	12850	12200	12400	21242	0.004048582995951344
2022-05-24	12150	12750	12000	12050	35378	-0.028225806451612878
2022-05-25	12050	12500	12000	12250	22574	0.016597510373443924
2022-05-26	12250	12950	12200	12650	43927	0.03265306122448974
2022-05-27	12750	12900	12500	12600	23647	-0.0039525691699604515
2022-05-30	12750	12850	12600	12700	15619	0.007936507936507908
2022-05-31	12700	13000	12550	12550	20398	-0.011811023622047223
2022-06-02	12600	12600	12350	12450	8787	-0.007968127490039834
2022-06-03	12450	12600	12450	12550	7188	0.008032128514056325
2022-06-07	12650	12650	12350	12550	11571	0.0
2022-06-08	12450	13050	12400	12450	29130	-0.007968127490039834
2022-06-09	12450	12550	12250	12400	11440	-0.004016064257028162
2022-06-10	12250	12400	12100	12150	12116	-0.020161290322580627
2022-06-13	11900	12150	11550	11550	19065	-0.04938271604938271
2022-06-14	11500	11750	11000	11450	32521	-0.008658008658008698
2022-06-15	11500	13650	11350	12600	542802	0.10043668122270732
2022-06-16	13000	13450	12400	13200	163973	0.04761904761904767
2022-06-17	12950	13350	12600	12800	71294	-0.030303030303030276
2022-06-20	12700	12950	10500	11100	134459	-0.1328125
2022-06-21	11150	11150	10650	10750	36058	-0.03153153153153154
2022-06-22	11050	11050	10350	10350	40683	-0.037209302325581395
2022-06-23	10800	10800	9060	9210	62706	-0.11014492753623184
2022-06-24	9480	11950	9310	11950	312928	0.2975027144408251
2022-06-27	13400	13900	12550	13400	674449	0.12133891213389125
2022-06-28	13200	15400	13000	14100	1468234	0.052238805970149294
2022-06-29	13900	16350	13900	14850	2586437	0.05319148936170204
2022-06-30	14850	16250	14700	15550	1619681	0.047138047138047146
2022-07-01	15850	15900	14300	14500	671054	-0.067524115755627
2022-07-04	14950	15900	14750	15150	981057	0.04482758620689653
2022-07-05	14650	19650	14350	19650	1706370	0.29702970297029707
2022-07-06	21600	25500	20750	25500	6032356	0.2977099236641221
2022-07-07	24700	24950	21550	22450	2843741	-0.11960784313725492
2022-07-08	21950	23500	21550	23050	1475351	0.026726057906458767
2022-07-11	23050	23200	22000	22600	525528	-0.0195227765726681
2022-07-12	22650	22800	21950	22500	343903	-0.004424778761061954
2022-07-13	22550	22600	20000	21000	767342	-0.06666666666666665
2022-07-14	20350	21550	19450	20750	648532	-0.011904761904761862
