Date	Open	High	Low	Close	Volume	Change
2019-11-21	3898	4780	3759	4154	34318455	
2019-11-22	4149	4896	4097	4316	22563080	0.03899855560905152
2019-11-25	4292	4534	4037	4052	4182814	-0.06116774791473589
2019-11-26	4158	4849	4107	4469	20635788	0.1029121421520236
2019-11-27	4492	4631	4260	4321	3702036	-0.03311702841799058
2019-11-28	4385	4473	4005	4112	2169289	-0.04836843323304796
2019-11-29	4107	4186	3810	3811	1731287	-0.07320038910505833
2019-12-02	3870	3875	3564	3648	921790	-0.04277092626607193
2019-12-03	3648	3754	3517	3532	686298	-0.0317982456140351
2019-12-04	3526	3791	3513	3620	1924692	0.02491506228765572
2019-12-05	3634	3917	3531	3676	1600332	0.015469613259668558
2019-12-06	3726	3875	3680	3736	1151992	0.016322089227421177
2019-12-09	3875	4079	3717	3718	1559683	-0.004817987152034298
2019-12-10	3712	3852	3624	3671	806035	-0.012641204948897311
2019-12-11	3726	3898	3703	3750	944572	0.02152002179242718
2019-12-12	3805	3861	3694	3709	421209	-0.01093333333333335
2019-12-13	3722	3819	3652	3736	649636	0.0072795901860340795
2019-12-16	3745	3768	3703	3741	214670	0.001338329764454027
2019-12-17	3759	3875	3736	3783	575479	0.01122694466720131
2019-12-18	3777	3833	3699	3704	519641	-0.020882897171557002
2019-12-19	3759	4153	3745	4033	3036980	0.08882289416846656
2019-12-20	4028	4097	3954	4038	569974	0.0012397718819736614
2019-12-23	4079	4441	4037	4108	3872746	0.01733531451213466
2019-12-24	4107	4107	3958	4001	407017	-0.026046738072054487
2019-12-26	4037	4121	3935	4038	446751	0.009247688077980598
2019-12-27	4000	4088	3968	3973	347181	-0.01609707776126801
2019-12-30	3968	4014	3940	3941	180897	-0.008054366977095384
2020-01-02	3968	4102	3968	4015	356092	0.018776960162395273
2020-01-03	4028	4065	3907	3978	382755	-0.009215442092154413
2020-01-06	3940	3977	3833	3852	191423	-0.03167420814479638
2020-01-07	3875	3935	3768	3899	299169	0.012201453790238848
2020-01-08	4046	4264	3703	3709	2180783	-0.04873044370351376
2020-01-09	3815	3879	3782	3857	240768	0.039902938797519605
2020-01-10	3866	3870	3782	3787	290384	-0.01814882032667875
2020-01-13	3842	3847	3740	3760	241120	-0.007129654079746528
2020-01-14	3791	3791	3717	3746	185079	-0.0037234042553191404
2020-01-15	3745	3782	3722	3741	134211	-0.0013347570742124892
2020-01-16	3759	3764	3708	3750	181565	0.002405773857257376
2020-01-17	3764	3833	3736	3783	211196	0.008799999999999919
2020-01-20	3819	3847	3736	3741	229938	-0.011102299762093537
2020-01-21	3764	3764	3694	3699	138593	-0.01122694466720131
2020-01-22	3703	3722	3638	3658	112967	-0.011084076777507446
2020-01-23	3675	3740	3648	3648	83515	-0.0027337342810278553
2020-01-28	3480	3480	3415	3434	297948	-0.05866228070175439
2020-01-29	3443	3499	3387	3388	178471	-0.013395457192778126
2020-01-30	3387	3415	3271	3277	137160	-0.03276269185360092
2020-01-31	3262	3401	3248	3258	111726	-0.005797985962770813
2020-02-03	3202	3336	3123	3337	98785	0.02424800491098833
2020-02-04	3294	3350	3281	3346	85478	0.002697033263410198
2020-02-05	3350	3494	3346	3448	127679	0.03048416019127309
2020-02-06	3513	3513	3443	3504	74872	0.016241299303944245
2020-02-07	3536	3564	3457	3499	67151	-0.0014269406392694028
2020-02-10	3485	3517	3415	3453	34825	-0.01314661331809086
2020-02-11	3424	3573	3415	3448	41057	-0.001448016217781678
2020-02-12	3448	3550	3410	3444	108442	-0.001160092807424573
2020-02-13	3508	3597	3503	3569	199577	0.03629500580720091
2020-02-14	3620	3740	3564	3583	203988	0.003922667413841507
2020-02-17	3582	3652	3364	3555	128486	-0.007814680435389354
2020-02-18	3554	3554	3406	3425	90398	-0.03656821378340369
2020-02-19	3424	3536	3406	3527	87999	0.02978102189781029
2020-02-20	3587	3796	3526	3797	597563	0.07655231074567626
2020-02-21	3787	3787	3657	3685	267237	-0.029496971293126117
2020-02-24	3577	3991	3526	3838	1079756	0.041519674355495306
2020-02-25	3842	3986	3694	3852	627796	0.0036477331943720603
2020-02-26	3764	3879	3722	3783	169036	-0.01791277258566981
2020-02-27	3791	3819	3643	3644	210277	-0.0367433254031192
2020-02-28	3554	3615	3318	3337	274451	-0.08424807903402853
2020-03-02	3429	3852	3341	3709	405080	0.11147737488762366
2020-03-03	3722	3861	3699	3699	286660	-0.0026961445133458772
2020-03-04	3782	3782	3689	3736	167958	0.010002703433360294
2020-03-05	3782	3963	3731	3964	439461	0.06102783725910066
2020-03-06	3921	3940	3787	3834	259362	-0.03279515640766906
2020-03-09	3736	3745	3564	3574	244396	-0.06781429316640586
2020-03-10	3485	3615	3434	3578	178988	0.0011191941801902416
2020-03-11	3573	3610	3243	3342	365596	-0.06595863610955843
2020-03-12	3248	3304	2882	2906	434562	-0.13046080191502096
2020-03-13	2334	2784	2097	2762	784163	-0.049552649690295936
2020-03-16	2738	2877	2459	2460	207654	-0.10934105720492393
2020-03-17	2287	2501	2250	2339	345416	-0.049186991869918706
2020-03-18	2343	2366	2069	2070	581810	-0.11500641299700731
2020-03-19	2074	2130	1468	1552	528120	-0.25024154589371983
2020-03-20	1577	1939	1575	1847	478783	0.19007731958762886
2020-03-23	1707	1930	1665	1896	318469	0.026529507309150047
2020-03-24	1895	2181	1895	2077	229238	0.09546413502109696
2020-03-25	2318	2510	2183	2325	564384	0.11940298507462677
2020-03-26	2408	2501	2287	2376	345667	0.021935483870967776
2020-03-27	2459	2543	2325	2376	301258	0.0
2020-03-30	2280	2677	2278	2562	190392	0.07828282828282829
2020-03-31	2724	2724	2561	2590	189530	0.010928961748633892
2020-04-01	2733	2733	2598	2636	215312	0.01776061776061777
2020-04-02	2635	2747	2552	2715	270171	0.029969650986342966
2020-04-03	2896	2974	2747	2896	181753	0.06666666666666665
2020-04-06	2923	2974	2812	2929	124511	0.011395027624309328
2020-04-07	3016	3030	2863	2920	143070	-0.003072721065209949
2020-04-08	2886	2933	2812	2924	158752	0.00136986301369868
2020-04-09	2914	2919	2840	2896	246429	-0.009575923392612817
2020-04-10	2877	2914	2705	2757	265034	-0.047997237569060824
2020-04-13	2775	2775	2556	2576	216721	-0.06565107000362713
2020-04-14	2631	2715	2589	2692	117846	0.045031055900621064
2020-04-16	2691	2733	2589	2720	77695	0.010401188707280795
2020-04-17	2715	2896	2715	2873	225368	0.05624999999999991
2020-04-20	2877	2923	2817	2882	176953	0.0031326139923424368
2020-04-21	2868	2868	2775	2831	179302	-0.01769604441360162
2020-04-22	2775	2794	2715	2785	138165	-0.01624867537972452
2020-04-23	2835	2882	2812	2859	78822	0.026570915619389623
2020-04-24	2854	2900	2812	2850	94371	-0.0031479538300105414
2020-04-27	2914	2947	2854	2929	111902	0.027719298245614032
2020-04-28	2942	3234	2896	3054	464271	0.04267668146124959
2020-04-29	3076	3708	3002	3360	1464916	0.10019646365422408
2020-05-04	3308	3420	3234	3263	259885	-0.028869047619047628
2020-05-06	3262	3341	3220	3342	176340	0.02421084891204406
2020-05-07	3341	3545	3313	3532	193754	0.05685218432076611
2020-05-08	3554	3582	3499	3555	133306	0.006511891279728177
2020-05-11	3629	3754	3494	3718	334847	0.045850914205344484
2020-05-12	3717	3787	3577	3690	300121	-0.007530930607853703
2020-05-13	3661	3666	3582	3620	105145	-0.01897018970189701
2020-05-14	3573	3736	3564	3625	144871	0.0013812154696133394
2020-05-15	3624	3754	3550	3667	148040	0.011586206896551765
2020-05-18	3666	3736	3620	3695	106151	0.007635669484592267
2020-05-19	3759	3773	3634	3676	182644	-0.005142083897158312
2020-05-20	3750	3828	3726	3746	622615	0.0190424374319913
2020-05-21	4014	4511	3944	4293	3369119	0.1460224239188468
2020-05-22	4218	4246	3977	4149	605673	-0.033542976939203384
2020-05-25	4204	4297	4023	4177	636961	0.006748614123885277
2020-05-26	4176	4316	4111	4316	485026	0.03327747186976304
2020-05-27	4408	5035	4385	4460	5043001	0.033364226135310426
2020-05-28	4497	4687	4033	4330	1135407	-0.029147982062780242
2020-05-29	4227	4385	4153	4237	326858	-0.02147806004618935
2020-06-01	4297	4445	4292	4381	412648	0.03398631106915273
2020-06-02	4436	4687	4427	4600	899857	0.049988587080575186
2020-06-03	4849	4849	4469	4688	1117743	0.019130434782608674
2020-06-04	4710	4757	4613	4734	548325	0.009812286689419691
2020-06-05	4734	4826	4687	4734	343701	0.0
2020-06-08	4757	4780	4580	4641	396319	-0.019645120405576644
2020-06-09	4710	4710	4455	4590	375695	-0.01098901098901095
2020-06-10	4553	4590	4427	4479	294378	-0.024183006535947738
2020-06-11	4464	4585	4390	4446	277100	-0.007367716008037539
2020-06-12	4144	4292	4014	4293	490205	-0.03441295546558709
2020-06-15	4292	4292	3852	3941	463140	-0.08199394362916379
2020-06-16	3968	4093	3968	4089	255508	0.03755392032479077
2020-06-17	4084	4153	4037	4075	149875	-0.003423820004891165
2020-06-18	4093	4130	3968	3992	182606	-0.02036809815950924
2020-06-19	4014	4255	3986	4214	290100	0.055611222444889696
2020-06-22	4241	4385	4107	4186	185129	-0.006644518272425293
2020-06-23	4306	4622	4204	4604	1047307	0.09985666507405644
2020-06-24	4687	4873	4548	4688	1184746	0.018245004344048743
2020-06-25	4608	4734	4483	4665	532643	-0.004906143344709846
2020-06-26	4734	6056	4599	6057	10281956	0.2983922829581993
2020-06-29	6497	7611	5801	6637	39434631	0.09575697540036332
2020-06-30	6544	7286	6242	6637	12893939	0.0
2020-07-01	7425	7797	6288	6289	10327916	-0.05243332831098391
2020-07-02	6265	7007	6079	6707	7497675	0.06646525679758297
2020-07-03	6729	7634	6590	7055	10539305	0.051886089160578575
2020-07-06	7031	7123	6729	6823	1615534	-0.03288447909284198
2020-07-07	7054	7518	6915	7241	6118455	0.061263373882456396
2020-07-08	7263	8215	7100	7913	7048153	0.09280486120701559
2020-07-09	7797	9676	7797	8749	17497722	0.10564893213698978
2020-07-10	8609	8818	8168	8772	2590741	0.00262887187107097
2020-07-13	8655	9166	8400	8656	3151033	-0.013223894208846287
2020-07-14	8493	8818	7681	8029	2084916	-0.0724353049907579
2020-07-15	8168	8539	7936	8378	1247011	0.04346743056420466
2020-07-16	8261	8864	8122	8517	1845086	0.016591071854857864
2020-07-17	8493	8818	8168	8679	1139125	0.01902078196548085
2020-07-20	8818	10442	8702	9863	6278376	0.1364212466874064
2020-07-21	9955	12391	9398	10954	5973476	0.11061543141032137
2020-07-22	11092	12159	10907	11000	2115907	0.004199379222201927
2020-07-23	11046	11046	9978	10698	1481733	-0.02745454545454551
2020-07-24	10326	10837	9862	10165	1090417	-0.04982239670966537
2020-07-27	10117	10744	9862	10466	1042173	0.02961141170683712
2020-07-28	10535	11486	10489	11487	1415342	0.097553984330212
2020-07-29	11254	11510	10791	10930	741953	-0.04848959693566646
2020-07-30	11138	12020	10280	11789	2385653	0.07859103385178412
2020-07-31	11649	12229	11324	11371	1201025	-0.03545678174569511
2020-08-03	11115	11463	10860	11232	527378	-0.012224078796939541
2020-08-04	11231	11696	10814	10907	985275	-0.02893518518518523
2020-08-05	10907	10999	10326	10582	877101	-0.02979737783075087
2020-08-06	10604	11046	10303	11046	816505	0.04384804384804375
2020-08-07	10999	11208	10535	10721	708387	-0.029422415353974274
2020-08-10	10558	10976	10373	10977	832824	0.023878369555078827
2020-08-11	10883	11510	10651	10721	1251857	-0.023321490388995225
2020-08-12	10744	10767	10071	10373	742802	-0.032459658613935294
2020-08-13	10465	10512	9862	10049	1007089	-0.031234936855297435
2020-08-14	10048	10048	8980	9028	1172403	-0.1016021494676087
2020-08-18	8910	9328	8215	8447	865100	-0.06435533894550283
2020-08-19	8586	9143	8586	9051	808773	0.07150467621640821
2020-08-20	9073	9352	8470	8656	723019	-0.043641586565020485
2020-08-21	8934	9004	8470	8795	452462	0.016058225508317925
2020-08-24	8794	9560	8354	9190	898909	0.04491188175099481
2020-08-25	9282	9491	9096	9260	419790	0.007616974972796564
2020-08-26	9398	9398	8887	9329	608501	0.0074514038876889455
2020-08-27	9282	9352	8957	9190	637005	-0.014899774895487217
2020-08-28	9328	10117	9143	10002	2226002	0.08835690968443966
2020-08-31	10303	11602	10048	11162	5102178	0.11597680463907212
2020-09-01	11533	11579	10837	11070	1347185	-0.008242250492743186
2020-09-02	11092	11324	10628	11232	1234806	0.014634146341463428
2020-09-03	11254	11974	11069	11859	2851256	0.055822649572649485
2020-09-04	11069	15223	11046	13854	12188420	0.16822666329370106
2020-09-07	13946	17706	13923	14667	12533496	0.05868341273278466
2020-09-08	14944	16081	13273	13762	4104256	-0.06170314311038383
2020-09-09	13436	15780	13389	15780	3698655	0.14663566342101442
2020-09-10	15478	16151	14991	15363	2495738	-0.026425855513308005
2020-09-11	15269	16104	14991	15966	1839529	0.03925014645577041
2020-09-14	15687	16244	15385	15409	1329056	-0.03488663409745707
2020-09-15	15641	15687	14388	14551	1581943	-0.05568174443507046
2020-09-16	14619	15037	14294	14388	947808	-0.011201979245412663
2020-09-17	14573	14735	13970	14063	580681	-0.022588268001112022
2020-09-18	14178	14527	13668	14295	554275	0.016497191210979256
2020-09-21	14294	15014	13366	14063	1059726	-0.01622945085694294
2020-09-22	13923	14016	12995	12996	878429	-0.07587285785394293
2020-09-23	13273	13343	12415	13065	602746	0.005309325946444954
2020-09-24	12647	14062	12484	13460	1719420	0.030233448143895947
2020-09-25	13598	13877	12879	12949	612161	-0.03796433878157501
2020-09-28	13111	13714	13065	13715	615481	0.05915514711560732
2020-09-29	13923	13993	13412	13576	376710	-0.010134888807874609
2020-10-05	14109	14759	13946	14551	1420565	0.07181791396582193
2020-10-06	14921	15199	14271	14620	1009294	0.004741942134561139
2020-10-07	14388	14991	14317	14690	539913	0.004787961696306464
2020-10-08	14944	15223	14619	14968	781639	0.018924438393465026
2020-10-12	15246	15455	14782	15015	736328	0.0031400320684125127
2020-10-13	14967	15293	14434	15200	740016	0.012321012321012237
2020-10-14	15223	15664	14504	14852	1913294	-0.0228947368421053
2020-10-15	15107	15548	13900	14388	2200420	-0.031241583625100988
2020-10-16	14341	14550	13088	13553	906853	-0.058034473172087875
2020-10-19	13320	13459	12624	12625	579241	-0.06847192503504762
2020-10-20	12159	13088	12159	13088	622345	0.036673267326732706
2020-10-21	13065	13134	12833	13088	264770	0.0
2020-10-22	13065	13065	12368	12369	271057	-0.05493581907090461
2020-10-23	12438	12833	12438	12625	231311	0.02069690354919551
2020-10-26	12624	12624	11602	11603	383908	-0.08095049504950491
2020-10-27	11533	12113	11046	11951	361653	0.029992243385331463
2020-10-28	11951	12809	11951	12717	510883	0.06409505480712907
2020-10-29	12252	12879	12183	12880	300688	0.01281748840135255
2020-10-30	12763	12925	12090	12207	259559	-0.05225155279503102
2020-11-02	12275	13296	12275	13181	471523	0.07979028426312773
2020-11-03	13320	13668	13111	13576	652666	0.029967377285486707
2020-11-04	14062	14086	12067	12439	1633488	-0.08375073659398935
2020-11-05	13691	14364	13018	13715	1541637	0.10258059329528102
2020-11-06	14202	14504	13807	14133	1238258	0.030477579292745194
2020-11-09	14805	15617	14388	15548	2021124	0.10012028585579857
2020-11-10	15571	15756	14851	15270	1219714	-0.017880113197838998
2020-11-11	15130	15176	14341	14504	921860	-0.050163719711853294
2020-11-12	14643	14851	13923	14017	691511	-0.03357694429123004
2020-11-13	13691	14364	13483	14109	531438	0.006563458657344645
2020-11-16	13784	14062	13691	13924	348414	-0.01311219788787299
2020-11-17	13830	14504	13691	14341	637181	0.02994829072105709
2020-11-18	14388	15130	14155	14899	819585	0.03890942054250046
2020-11-19	14759	14875	14434	14620	381845	-0.018726088999261647
2020-11-20	14666	14666	14294	14318	275395	-0.02065663474692203
2020-11-23	14527	15316	14480	14852	1465208	0.03729571169157708
2020-11-24	14828	15269	14666	14852	1548074	0.0
2020-11-25	15037	15037	14016	14318	744245	-0.03595475356854294
2020-11-26	14388	14457	13993	14295	248046	-0.0016063696046934028
2020-11-27	14132	14411	14132	14272	276642	-0.0016089541797831286
2020-11-30	14248	14248	13900	13970	286920	-0.021160313901345318
2020-12-01	13970	14109	13923	14017	143502	0.003364352183249819
2020-12-02	14086	14155	13923	13924	239627	-0.00663480059927235
2020-12-03	13970	13970	13459	13622	508059	-0.0216891697787992
2020-12-04	13622	13807	13343	13460	371911	-0.011892526794890612
2020-12-07	13366	14062	13041	13970	503466	0.03789004457652312
2020-12-08	13807	14109	13761	13808	216935	-0.011596277738009975
2020-12-09	14317	14991	14225	14574	2042288	0.055475086906141335
2020-12-10	14388	14828	14155	14667	528831	0.0063812268423220075
2020-12-11	14828	14944	14388	14481	404641	-0.012681529965228089
2020-12-14	14480	14991	14155	14551	877877	0.004833920309370798
2020-12-15	14550	14712	14225	14481	327334	-0.00481066593361279
2020-12-16	14921	15153	14735	15015	1809798	0.03687590636005811
2020-12-17	15130	15432	14712	15223	1635779	0.013852813852813783
2020-12-18	15455	15548	14712	14806	874671	-0.027392760953819928
2020-12-21	14782	14782	14364	14504	458271	-0.020397136296096186
2020-12-22	14434	14480	13668	13738	600160	-0.05281301709873143
2020-12-23	13877	14109	13529	14017	275960	0.020308632988790265
2020-12-24	13923	14388	13923	14295	296927	0.019833059855889346
2020-12-28	14294	14643	13946	14574	439845	0.019517313746065135
2020-12-29	14689	15014	14504	14574	491456	0.0
2020-12-30	14712	15733	14504	15734	1462941	0.07959379717304782
2021-01-04	15826	16893	15664	16175	2529981	0.028028473369772433
2021-01-05	16244	16917	15919	16430	1147831	0.015765069551777477
2021-01-06	16522	17543	15571	16685	1972393	0.015520389531345158
2021-01-07	17868	18890	16917	17312	2773021	0.037578663470182905
2021-01-08	17822	18101	16940	17335	907656	0.0013285582255082584
2021-01-11	17659	18217	16893	17591	1221699	0.014767810787424285
2021-01-12	17195	17799	16267	16755	755349	-0.0475243021999886
2021-01-13	16754	17056	16522	16825	338681	0.00417785735601317
2021-01-14	16801	16824	16058	16616	372992	-0.012421991084695438
2021-01-15	17033	17149	16406	16546	325395	-0.004212806933076574
2021-01-18	16012	16522	15803	15896	439111	-0.03928441919497161
2021-01-19	16290	16522	15942	16477	549872	0.03655007549068956
2021-01-20	16778	17451	16058	17451	878339	0.059112702555076835
2021-01-21	17590	17590	16801	16987	580099	-0.02658873416996166
2021-01-22	17033	17033	16499	16825	287070	-0.009536704538764984
2021-01-25	16754	16801	16174	16222	536135	-0.03583952451708772
2021-01-26	16290	16383	15664	15711	442374	-0.031500431512760496
2021-01-27	15710	15988	15293	15317	347910	-0.025077970848450093
2021-01-28	15060	15130	14527	14574	504567	-0.048508193510478526
2021-01-29	14573	14712	13483	13553	631584	-0.07005626458076031
2021-02-01	13389	14643	13180	14574	491242	0.07533387441894779
2021-02-02	14573	14689	14086	14272	329606	-0.020721833401948664
2021-02-03	14712	14712	14271	14412	228942	0.009809417040358648
2021-02-04	14573	14573	14109	14341	172046	-0.004926450180405273
2021-02-05	14573	15872	14248	15386	1298886	0.0728680008367617
2021-02-08	15641	17868	15641	15989	2430940	0.03919147276745094
2021-02-09	15780	16337	15478	15827	449456	-0.010131965726436931
2021-02-10	15641	15942	15199	15688	453521	-0.008782460352562027
2021-02-15	15710	15710	15246	15456	227925	-0.014788373278939337
2021-02-16	15571	15571	14782	14875	453585	-0.0375905797101449
2021-02-17	14967	15525	14596	15525	400031	0.043697478991596705
2021-02-18	15780	16198	15293	15502	1460698	-0.001481481481481528
2021-02-19	15339	15455	14364	14968	664786	-0.03444716810734094
2021-02-22	14944	15223	14619	14643	305048	-0.0217129877071085
2021-02-23	14388	14619	14109	14156	277210	-0.033258212115003793
2021-02-24	14016	14317	13296	13367	313192	-0.055736083639446155
2021-02-25	13412	14178	13412	14133	214958	0.05730530410712942
2021-02-26	13506	13923	13459	13924	168558	-0.014788084624637321
2021-03-02	13993	14294	13622	13924	183997	0.0
2021-03-03	13761	14341	13761	14295	157047	0.02664464234415398
2021-03-04	14039	14202	13807	14063	146187	-0.01622945085694294
2021-03-05	13738	13923	13343	13460	314109	-0.04287847543198464
2021-03-08	13668	13668	12391	12439	411267	-0.07585438335809802
2021-03-09	12484	13111	11254	12810	648761	0.0298255486775465
2021-03-10	13227	13993	12995	13715	817914	0.07064793130366898
2021-03-11	13506	13807	13180	13715	193598	0.0
2021-03-12	14178	14805	13970	14458	713383	0.05417426175720008
2021-03-15	14248	14388	13970	14063	137861	-0.027320514593996426
2021-03-16	14155	14666	14109	14458	219328	0.02808789020834812
2021-03-17	14457	14504	13923	14202	154222	-0.017706460091298948
2021-03-18	14388	14434	14016	14156	144256	-0.0032389804252922483
2021-03-19	13923	14062	13738	13947	100458	-0.014764057643402051
2021-03-22	14039	14062	13830	13878	89574	-0.0049473004947300225
2021-03-23	13761	14016	13506	13553	116929	-0.02341835999423547
2021-03-24	13436	13970	13180	13924	166211	0.02737401313362353
2021-03-25	13691	14782	13691	14295	479143	0.02664464234415398
2021-03-26	14388	14619	13993	14620	244726	0.022735222105631392
2021-03-29	14921	15269	14550	14829	478605	0.014295485636114824
2021-03-30	15199	15525	14875	15038	538238	0.014094004990221842
2021-03-31	15339	15478	14898	15061	287550	0.001529458704615072
2021-04-01	15107	15385	14504	14945	344404	-0.007702011818604304
2021-04-02	14944	15083	14434	14504	207017	-0.02950819672131144
2021-04-05	14480	14689	14178	14527	111166	0.0015857694429122215
2021-04-06	14573	14596	14294	14388	144040	-0.009568389894678897
2021-04-07	14550	14643	14317	14458	110724	0.004865165415624206
2021-04-08	14434	14875	14341	14783	194919	0.022478904412781775
2021-04-09	15037	15153	14596	14991	343577	0.014070215788405616
2021-04-12	15107	15107	14643	14667	263927	-0.021612967780668346
2021-04-13	14527	14735	14434	14574	230048	-0.006340764982614044
2021-04-14	14457	14735	14457	14667	119615	0.0063812268423220075
2021-04-15	14712	14851	14527	14852	159273	0.012613349696597886
2021-04-16	15083	15223	14828	15177	386751	0.021882574737409177
2021-04-19	15617	15641	15316	15456	374485	0.01838307966001196
2021-04-20	15339	15525	15246	15525	250281	0.0044642857142858094
2021-04-21	15339	15478	14875	14968	230118	-0.03587761674718193
2021-04-22	15014	15199	14944	15131	189125	0.010889898450026747
2021-04-23	15130	15501	14828	14852	400525	-0.018438966360452058
2021-04-26	14851	14851	14457	14527	179256	-0.021882574737409066
2021-04-27	14527	14527	13877	13994	307377	-0.036690300819164356
2021-04-28	13761	13900	13296	13413	300093	-0.04151779334000283
2021-04-29	13343	13807	13343	13460	149299	0.003504063222247167
2021-04-30	13506	13784	13343	13692	112777	0.017236255572065318
2021-05-03	13529	13668	13320	13344	110884	-0.025416301489921134
2021-05-04	13227	13784	12601	13738	222194	0.029526378896882477
2021-05-06	13714	14202	13389	14109	167201	0.02700538651914397
2021-05-07	14643	14643	14202	14249	216100	0.00992274434757956
2021-05-10	14248	14317	13923	13947	101949	-0.02119446978735351
2021-05-11	13598	13854	13575	13646	87743	-0.021581702158170235
2021-05-12	13761	14178	13389	13599	126308	-0.0034442327421955188
2021-05-13	13250	13575	13250	13344	79989	-0.01875137877785127
2021-05-14	13412	13529	13250	13297	72847	-0.0035221822541966485
2021-05-17	13320	13366	12995	13088	84277	-0.01571783108971947
2021-05-18	13088	13204	12972	13065	70777	-0.0017573349633251967
2021-05-20	13041	13204	12856	13181	72612	0.008878683505549212
2021-05-21	13227	13436	13041	13042	76116	-0.010545482133373807
2021-05-24	12925	13041	12693	12694	72288	-0.026683024076061934
2021-05-25	12554	13227	12554	13204	92764	0.04017646132030883
2021-05-26	13250	13691	13088	13530	145113	0.024689488033929008
2021-05-27	13645	13923	13250	13831	135878	0.02224685883222466
2021-05-28	13854	13900	13506	13576	79546	-0.018436844768997207
2021-05-31	13738	13738	13273	13390	75896	-0.013700648202710664
2021-06-01	13389	13784	13389	13692	84647	0.0225541448842419
2021-06-02	13761	13761	13459	13530	69851	-0.0118317265556529
2021-06-03	13483	13854	13227	13390	106345	-0.010347376201034764
2021-06-04	13738	13738	13506	13599	122048	0.015608663181478688
2021-06-07	13738	13807	13436	13576	158720	-0.0016913008309434874
2021-06-08	13506	13622	13366	13413	58407	-0.012006482027106635
2021-06-09	13483	13483	13157	13158	59165	-0.019011406844106515
2021-06-10	13157	13483	13157	13297	74910	0.010563915488676079
2021-06-11	13320	13436	13111	13390	38632	0.0069940588102579415
2021-06-14	13436	13459	13296	13320	71188	-0.005227781926811059
2021-06-15	13366	13459	13134	13251	53942	-0.005180180180180183
2021-06-16	13204	13296	13180	13181	46726	-0.005282620179609121
2021-06-17	13180	13273	13134	13251	34637	0.005310674455655917
2021-06-18	13250	13389	13204	13320	71708	0.005207154177043316
2021-06-21	13320	13320	12995	13088	92712	-0.017417417417417425
2021-06-22	13041	13111	13018	13065	35462	-0.0017573349633251967
2021-06-23	13134	13134	12786	12833	103648	-0.017757367011098313
2021-06-24	12925	12925	12717	12833	96596	0.0
2021-06-25	12902	12972	12763	12833	64050	0.0
2021-06-28	12902	12902	12531	12648	130585	-0.014415958856074162
2021-06-29	12670	12717	12624	12625	60334	-0.0018184693232131677
2021-06-30	12693	12717	12601	12648	72719	0.0018217821782178234
2021-07-01	12693	12717	12229	12392	276218	-0.02024035420619863
2021-07-02	12391	12438	12275	12346	77575	-0.00371207230471271
2021-07-05	12345	12438	12252	12392	155957	0.0037259031265186593
2021-07-06	12345	12740	12345	12625	149579	0.018802453195610136
2021-07-07	12693	12693	12415	12462	76433	-0.012910891089108922
2021-07-08	12461	12461	12020	12067	169799	-0.03169635692505213
2021-07-09	11904	11951	11486	11720	181329	-0.028756111709621335
2021-07-12	11812	11881	11602	11766	59421	0.003924914675767832
2021-07-13	11904	12206	11788	12044	148845	0.023627400985891445
2021-07-14	12090	12136	11928	12044	67574	0.0
2021-07-15	12020	12136	11997	12044	91011	0.0
2021-07-16	12020	12090	11904	11998	61852	-0.003819329126536042
2021-07-19	11997	12043	11788	11836	82904	-0.013502250375062474
2021-07-20	11626	12601	11626	12462	403653	0.052889489692463654
2021-07-21	12717	12786	12299	12555	223002	0.00746268656716409
2021-07-22	12670	12856	12461	12531	244352	-0.0019115890083631903
2021-07-23	12507	12740	12461	12694	131917	0.013007740802809087
2021-07-26	12717	12717	12136	12137	146384	-0.04387899795178829
2021-07-27	12902	12949	12461	12462	237442	0.0267776221471534
2021-07-28	12531	13065	12531	13042	399320	0.04654148611779818
2021-07-29	13273	13389	13088	13181	323546	0.010657874559116598
2021-07-30	13227	13296	12902	12996	148481	-0.014035353918519067
2021-08-02	12949	12972	12531	12787	92041	-0.016081871345029253
2021-08-03	12763	12902	12391	12531	111344	-0.020020333150856384
2021-08-04	12531	12624	12368	12531	141155	0.0
2021-08-05	12531	12577	12206	12369	253627	-0.012927938711994269
2021-08-06	12415	12554	12113	12183	332241	-0.015037593984962405
2021-08-09	12206	12206	11788	11928	304864	-0.020930805220389037
2021-08-10	11881	12159	11579	11696	337056	-0.019450033534540556
2021-08-11	11696	12090	11394	11464	357977	-0.019835841313269542
2021-08-12	11394	11835	11394	11789	149723	0.028349616189811577
2021-08-13	11835	11835	11301	11580	174553	-0.01772839087284761
2021-08-17	11417	11533	10767	10838	222108	-0.06407599309153711
2021-08-18	10767	11138	10512	11000	99339	0.014947407270714086
2021-08-19	10744	11138	10535	10536	120221	-0.04218181818181821
2021-08-20	10558	10720	9885	10095	175868	-0.04185649202733488
2021-08-23	10094	10535	9932	10397	141053	0.029915799900940954
2021-08-24	10396	10837	10396	10721	121214	0.03116283543329801
2021-08-25	10720	11208	10628	11093	110940	0.03469825575972396
2021-08-26	10976	11463	10930	11023	101963	-0.006310285765798285
2021-08-27	11046	11672	10883	11649	253307	0.05679034745532063
2021-08-30	11812	11858	11417	11766	178992	0.010043780582024153
2021-08-31	11649	11881	11556	11859	126134	0.007904130545639987
2021-09-01	11370	11556	11301	11371	220297	-0.041150181296905286
2021-09-02	11370	11370	11138	11255	108426	-0.010201389499604252
2021-09-03	11301	11510	11301	11464	84741	0.01856952465570849
2021-09-06	11440	11649	11370	11510	67426	0.0040125610607117945
2021-09-07	11533	11579	11301	11464	65290	-0.003996524761077369
2021-09-08	11463	11812	11394	11510	117389	0.0040125610607117945
2021-09-09	11510	11602	11208	11209	65613	-0.0261511728931364
2021-09-10	11208	11301	10953	11046	48361	-0.01454188598447681
2021-09-13	10976	11162	10628	10744	103195	-0.027340213652000678
2021-09-14	10697	10907	10697	10861	36484	0.010889798957557817
2021-09-15	10883	10883	10697	10768	38864	-0.00856274744498664
2021-09-16	10791	11046	10767	10861	54046	0.00863670133729566
2021-09-17	11022	11022	10558	10744	47765	-0.01077248872111225
2021-09-23	10628	10720	10442	10466	55577	-0.025874906924795216
2021-09-24	10373	10674	10373	10559	65426	0.008885916300401364
2021-09-27	10628	11092	10349	11000	86748	0.04176531868548161
2021-09-28	11138	11138	10744	10907	86086	-0.008454545454545492
2021-09-29	10349	11115	10349	11000	117884	0.008526634271568634
2021-09-30	11115	11417	10907	11162	99940	0.0147272727272727
2021-10-01	10953	11069	10396	10443	153738	-0.0644149793943738
2021-10-05	10210	10326	9769	9816	130499	-0.06004021832806661
2021-10-06	9815	10094	9514	9654	94124	-0.016503667481662543
2021-10-07	9653	10141	9653	9839	67964	0.01916304122643453
2021-10-08	9792	9932	9468	9607	93644	-0.023579632076430546
2021-10-12	9514	9978	9328	9723	110173	0.012074528989278743
2021-10-13	9723	10071	9630	9677	90783	-0.004731050087421584
2021-10-14	9815	10326	9746	10281	106137	0.062416038028314524
2021-10-15	10558	10558	10187	10397	54672	0.01128294912946215
2021-10-18	10651	10651	9932	9933	89686	-0.04462825815138982
2021-10-19	10071	10280	10048	10095	69247	0.016309272123225638
2021-10-20	10512	10512	10094	10188	52349	0.009212481426448704
2021-10-21	10303	10303	10048	10165	38487	-0.0022575579112681377
2021-10-22	10094	10210	9978	10002	26147	-0.016035415641908468
2021-10-25	10025	10094	9792	10002	52925	0.0
2021-10-26	10117	10141	9932	10118	56880	0.0115976804639073
2021-10-27	10048	10071	9792	9839	54178	-0.027574619490017827
2021-10-28	9839	9909	9653	9654	57576	-0.01880272385405024
2021-10-29	9607	9792	9444	9584	59253	-0.0072508804640563085
2021-11-01	9583	9653	9491	9538	37965	-0.004799666110183676
2021-11-02	9514	9769	9491	9723	28440	0.01939609981128121
2021-11-03	9746	9746	9468	9468	42636	-0.0262264733107066
2021-11-04	9468	9514	8307	8401	415670	-0.11269539501478665
2021-11-05	8354	8609	8307	8354	187116	-0.0055945720747530014
2021-11-08	8191	8678	8122	8633	143530	0.03339717500598516
2021-11-09	8794	8794	8354	8378	71534	-0.02953781999304994
2021-11-10	8377	8377	7936	8076	116705	-0.036046789209835284
2021-11-11	7913	8168	7727	7774	145223	-0.0373947498761763
2021-11-12	7727	8377	7727	8215	147830	0.05672755338307178
2021-11-15	8215	8400	8168	8169	56133	-0.00559951308581863
2021-11-16	8331	10442	8122	8702	516588	0.06524666421838665
2021-11-17	8864	8864	8307	8331	118200	-0.04263387726959322
2021-11-18	8493	8655	8122	8192	148765	-0.016684671708078302
2021-11-19	8191	8307	8005	8192	62249	0.0
2021-11-22	8168	8331	8005	8076	52639	-0.01416015625
2021-11-23	7959	8122	7936	8052	38009	-0.002971768202080227
2021-11-24	8005	8678	8005	8610	210871	0.06929955290611023
2021-11-25	8632	8632	8215	8540	98369	-0.008130081300813052
2021-11-26	8516	8539	8145	8192	48619	-0.040749414519906324
2021-11-29	7889	8075	7843	7890	51563	-0.036865234375
2021-11-30	7936	8075	7541	7542	122728	-0.04410646387832695
2021-12-01	7541	7681	7309	7658	69377	0.015380535666931872
2021-12-02	7681	8354	7611	8285	90162	0.08187516322799682
2021-12-03	8145	8307	8122	8308	21970	0.0027761013880507335
2021-12-06	8562	8678	8331	8656	93708	0.04188733750601825
2021-12-07	8655	8655	8423	8470	35786	-0.021487985212569338
2021-12-08	8446	8632	8423	8424	41581	-0.005430932703660019
2021-12-09	8655	8655	8470	8517	14876	0.011039886039886149
2021-12-10	8423	8562	8331	8378	49780	-0.016320300575319968
2021-12-13	8400	8423	8191	8262	43991	-0.013845786583910225
2021-12-14	8191	8261	8075	8215	45087	-0.005688695231178875
2021-12-15	8215	8238	8029	8169	52557	-0.00559951308581863
2021-12-16	8238	8586	8191	8308	63760	0.017015546578528662
2021-12-17	8168	8586	8168	8517	71106	0.02515647568608581
2021-12-20	8586	8678	8215	8285	49370	-0.027239638370318175
2021-12-21	8215	8354	7843	8192	30935	-0.011225105612552855
2021-12-22	8261	8261	8099	8169	29793	-0.0028076171875
2021-12-23	8191	8191	8028	8076	39196	-0.011384502387073114
2021-12-24	8168	8238	8075	8215	33265	0.017211490837047982
2021-12-27	8215	8400	8122	8262	36192	0.005721241631162499
2021-12-28	8354	8446	8099	8169	46180	-0.01125635439360928
2021-12-29	8168	8470	8168	8354	29574	0.022646590769983987
2021-12-30	8284	8562	8284	8470	48109	0.013885563801771639
2022-01-03	8446	8539	8238	8354	39044	-0.013695395513577346
2022-01-04	8354	8655	8307	8586	109967	0.027771127603543277
2022-01-05	8632	8655	8122	8192	111480	-0.04588865595154901
2022-01-06	8029	8168	7913	7936	54390	-0.03125
2022-01-07	7982	8099	7889	7983	75378	0.005922379032258007
2022-01-10	7982	7982	7704	7844	35242	-0.01741200050106473
2022-01-11	7889	7913	7565	7774	70950	-0.008924018357980623
2022-01-12	7750	7982	7750	7890	19653	0.014921533316182067
2022-01-13	7820	7959	7820	7867	26921	-0.0029150823827629457
2022-01-14	7773	7936	7727	7751	21342	-0.014745137917884787
2022-01-17	7843	7866	7495	7519	35662	-0.029931621726228874
2022-01-18	7611	7611	7194	7310	47629	-0.02779624950126347
2022-01-19	7147	7309	6822	7101	88085	-0.02859097127222987
2022-01-20	7007	7240	6915	7241	52187	0.019715533023517917
2022-01-21	7240	7356	7100	7287	56099	0.006352713713575486
2022-01-24	7194	7194	6868	6892	52387	-0.05420612048854123
2022-01-25	6892	6984	6265	6312	109973	-0.08415554265815439
2022-01-26	6218	6381	6102	6103	95639	-0.03311153358681873
2022-01-27	6033	6126	5523	5709	283706	-0.06455841389480588
2022-01-28	5685	5917	5523	5918	188011	0.03660886319845846
2022-02-03	6079	6102	5870	6010	156537	0.01554579249746535
2022-02-04	6010	6358	5986	6359	77103	0.058069883527454236
2022-02-07	6358	6404	6172	6359	36118	0.0
2022-02-08	6335	6497	6033	6173	42302	-0.029249882056927134
2022-02-09	6195	6312	6172	6312	46630	0.02251741454722178
2022-02-10	6358	6404	6218	6289	28302	-0.00364385297845371
2022-02-11	6242	6242	5847	5918	60428	-0.05899189060263954
2022-02-14	5847	5847	5499	5523	100866	-0.06674552213585672
2022-02-15	5499	5615	5383	5384	65743	-0.025167481441245698
2022-02-16	5476	5847	5476	5848	94849	0.08618127786032681
2022-02-17	5940	6149	5801	5941	70801	0.01590287277701785
2022-02-18	5801	5963	5731	5894	36078	-0.007911126073051666
2022-02-21	5731	5870	5662	5871	37949	-0.0039022734984730523
2022-02-22	5801	5801	5546	5616	40370	-0.04343382728666323
2022-02-23	5662	5963	5639	5848	77247	0.04131054131054124
2022-02-24	5731	5801	5499	5547	57808	-0.05147058823529416
2022-02-25	5801	7194	5801	6892	4462698	0.24247340904993697
2022-02-28	6915	7425	6776	7101	1161093	0.030325014509576365
2022-03-02	7565	9189	7425	8447	4653074	0.18955076749753563
2022-03-03	8632	8864	8215	8494	1419285	0.005564105599621172
2022-03-04	8446	10280	8238	8865	9121532	0.04367789027548863
2022-03-07	9282	10257	9096	9491	4123057	0.07061477721376197
2022-03-08	9932	10187	8516	8865	2333316	-0.06595722263196713
2022-03-10	8516	9096	7889	8865	1097019	0.0
2022-03-11	8910	8934	8331	8702	736672	-0.01838691483361532
2022-03-14	8516	9004	8470	8517	692982	-0.021259480579177148
2022-03-15	8493	8493	7936	8215	502730	-0.03545849477515561
2022-03-16	8215	8377	7959	8146	372363	-0.008399269628727946
2022-03-17	8215	8354	8029	8169	320659	0.0028234716425239448
2022-03-18	8284	9468	8261	9074	3254689	0.11078467376667889
2022-03-21	8934	9166	8702	9074	867293	0.0
2022-03-22	9236	9398	9096	9190	770407	0.012783777826757659
2022-03-23	9375	9932	9282	9352	1798958	0.017627856365614702
2022-03-24	9514	9792	9212	9213	707058	-0.014863130881094921
2022-03-25	9282	9352	8864	9028	369888	-0.02008032128514059
2022-03-28	9027	9027	8702	8702	261584	-0.03610988037217544
2022-03-29	8771	8794	8354	8378	334384	-0.03723282004136985
2022-03-30	8493	8493	8215	8401	136324	0.0027452852709477504
2022-03-31	8632	9120	8586	8957	989811	0.066182597309844
2022-04-01	8841	9027	8632	8842	221143	-0.012839120241152191
2022-04-04	8307	8493	7541	7635	1247435	-0.13650757747116038
2022-04-05	7611	7657	7379	7542	370574	-0.012180746561886058
2022-04-06	7518	8099	7472	8006	912783	0.061522142667727486
2022-04-07	7704	7982	7565	7681	231955	-0.040594554084436685
2022-04-08	7704	8470	7634	7983	955684	0.03931779716182793
2022-04-11	7982	8168	7727	7797	217373	-0.023299511461856492
2022-04-12	7797	8005	7611	7960	198403	0.02090547646530716
2022-04-13	8168	8168	7936	7983	251308	0.0028894472361808976
2022-04-14	8029	8284	7866	7983	415562	0.0
2022-04-15	7866	7982	7750	7867	117880	-0.014530878115996515
2022-04-18	7889	7936	7750	7844	86390	-0.0029236049319943946
2022-04-19	7773	7913	7773	7774	83605	-0.008924018357980623
2022-04-20	7797	7797	7588	7635	107078	-0.017880113197838998
2022-04-21	7634	8052	7611	7890	279858	0.03339882121807469
2022-04-22	7843	7866	7704	7844	165466	-0.0058301647655260025
2022-04-25	7588	7773	7565	7728	106563	-0.014788373278939337
2022-04-26	7727	7982	7634	7960	145815	0.03002070393374745
2022-04-27	7773	8284	7657	7913	563554	-0.005904522613065288
2022-04-28	8052	8354	7982	8308	509616	0.04991785669152038
2022-04-29	8168	8331	8029	8029	403105	-0.03358208955223885
2022-05-02	7904	8204	7854	8004	150668	-0.0031137127911321505
2022-05-03	7979	8054	7804	7854	116411	-0.01874062968515744
2022-05-04	7829	7854	7153	7254	332945	-0.07639419404125292
2022-05-06	7178	7178	6803	6929	151318	-0.04480286738351258
2022-05-09	6878	7003	6728	6729	55117	-0.02886419396738349
2022-05-10	6528	6728	6328	6679	140766	-0.0074305245950364585
2022-05-11	6553	6628	6303	6379	117341	-0.044916903728102975
2022-05-12	6253	6428	6028	6103	99790	-0.04326696974447408
2022-05-13	6028	6378	5953	6329	95447	0.03703096837620845
2022-05-16	6353	6603	6353	6454	88421	0.019750355506399142
2022-05-17	6428	6503	6353	6479	38319	0.003873566780291382
2022-05-18	6503	6628	6378	6379	71552	-0.015434480629726854
2022-05-19	6553	7053	6478	6704	323634	0.05094842451794945
2022-05-20	6753	7629	6703	7354	875936	0.09695704057279242
2022-05-23	7304	7304	6953	7004	143148	-0.04759314658689151
2022-05-24	7128	7204	6828	6829	90496	-0.024985722444317515
2022-05-25	6853	7078	6803	6954	52529	0.01830429052569915
2022-05-26	6878	7729	6878	7204	552358	0.035950532067874574
2022-05-27	7254	7729	7178	7254	389061	0.006940588561910044
2022-05-30	7454	7704	7329	7379	151983	0.017231872070581744
2022-05-31	7429	9580	7429	8880	7448542	0.20341509689659842
2022-06-02	9155	10405	9080	9505	7572142	0.07038288288288297
2022-06-03	9530	9805	9405	9580	2042096	0.007890583903208848
2022-06-07	9480	9580	9105	9130	1210276	-0.04697286012526092
2022-06-08	9905	10180	9080	9080	2960491	-0.005476451259583737
2022-06-09	9105	9405	9030	9130	556014	0.005506607929515406
2022-06-10	9080	9380	8829	8830	824275	-0.03285870755750275
2022-06-13	8629	9505	8529	8855	1112798	0.0028312570781428015
2022-06-14	8679	9030	8204	8505	635110	-0.03952569169960474
2022-06-15	9330	9655	8354	8480	1352487	-0.0029394473838918467
2022-06-16	8804	9705	8804	9180	4122573	0.08254716981132071
2022-06-17	8980	9080	8579	8980	739508	-0.02178649237472763
2022-06-20	11000	11650	10950	11650	2634602	0.29732739420935417
2022-06-21	12500	13450	10450	10450	3312541	-0.10300429184549353
2022-06-22	10400	10650	9020	9020	788458	-0.13684210526315788
2022-06-23	8900	9390	8100	8100	826377	-0.1019955654101996
2022-06-24	8140	8790	7860	8360	702762	0.032098765432098775
2022-06-27	8750	9780	8750	9300	1837055	0.1124401913875599
2022-06-28	9450	12050	9410	12050	5880378	0.29569892473118276
2022-06-29	11500	15300	11450	13650	14730816	0.13278008298755184
2022-06-30	13550	13950	12700	12700	2178729	-0.06959706959706957
2022-07-01	12650	12900	12250	12650	1725386	-0.003937007874015741
2022-07-04	12550	12550	11000	11450	1410140	-0.09486166007905139
2022-07-05	11550	11700	11150	11550	909175	0.008733624454148492
2022-07-06	11400	11500	10850	11050	669387	-0.04329004329004327
2022-07-07	11100	11100	10400	11000	918122	-0.004524886877828038
2022-07-08	10050	10450	9750	9760	2318139	-0.11272727272727268
2022-07-11	9820	9820	9420	9530	686302	-0.023565573770491843
2022-07-12	9110	9150	8540	8770	2045189	-0.07974816369359916
2022-07-13	8700	8950	8430	8950	1539735	0.020524515393386622
2022-07-14	8800	8930	8620	8620	743529	-0.036871508379888285
