Date	Open	High	Low	Close	Volume	Change
2021-08-25	36826	39080	29811	29812	9865069	
2021-08-26	29711	32066	29661	30463	3538787	0.021836844223802387
2021-08-27	30412	30863	29110	30012	1451874	-0.014804845222072704
2021-08-30	30112	30462	29160	29210	1040482	-0.026722644275623098
2021-08-31	29210	29310	27707	28058	1017020	-0.039438548442314314
2021-09-01	29360	31064	28208	30563	3162862	0.08927934991802688
2021-09-02	29911	30312	28408	28860	1057698	-0.05572096980008512
2021-09-03	29060	29060	27657	28659	772578	-0.006964656964656979
2021-09-06	28559	28559	27456	27657	811927	-0.03496283889877527
2021-09-07	27657	28208	27406	27607	405233	-0.001807860577792253
2021-09-08	27556	27657	25903	25954	708357	-0.05987611837577422
2021-09-09	25703	26604	25302	25503	362803	-0.017376897588040396
2021-09-10	25552	25853	24625	24701	398750	-0.031447280712073145
2021-09-13	24500	25352	23473	25202	728697	0.02028257965264557
2021-09-14	25001	25026	24350	24350	296819	-0.03380684072692641
2021-09-15	24400	24701	23774	23799	269296	-0.022628336755646794
2021-09-16	24149	25202	23799	23899	415967	0.004201857220891725
2021-09-17	23999	23999	23172	23173	283888	-0.030377840076990625
2021-09-23	22721	22797	21995	21995	343205	-0.050835023518750244
2021-09-24	22170	22396	21469	21469	256898	-0.023914526028642857
2021-09-27	21068	21193	19790	19891	950091	-0.07350132749545857
2021-09-28	20041	21268	19540	19816	1275465	-0.0037705494947464224
2021-09-29	19390	19415	18538	18613	698236	-0.06070851836899471
2021-09-30	18588	19365	18513	18588	426575	-0.0013431472626659335
2021-10-01	18588	20717	18438	19616	994453	0.05530449752528521
2021-10-05	19189	19289	18262	18463	435249	-0.05877854812398042
2021-10-06	18588	19214	16985	17010	445324	-0.07869793641336731
2021-10-07	17235	18287	17035	17687	322057	0.039800117577895255
2021-10-08	17886	17937	16909	17236	263916	-0.025498954034036347
2021-10-12	17060	17210	16484	16534	150520	-0.040728707356695315
2021-10-13	16484	17135	16459	16559	145247	0.0015120358050078053
2021-10-14	16784	17912	16684	17687	276661	0.06812005555891054
2021-10-15	17836	18663	17586	18338	318359	0.03680669418216764
2021-10-18	18187	18212	17586	17586	191989	-0.04100774348347691
2021-10-19	17486	18613	17486	17887	249302	0.017115887637893845
2021-10-20	18087	18438	17310	17436	311311	-0.02521384245541458
2021-10-21	17611	17761	17035	17110	130394	-0.018696948841477434
2021-10-22	17085	19991	16784	18689	1613493	0.09228521332554052
2021-10-25	18688	20291	18488	18739	836833	0.0026753705388196103
2021-10-26	18788	19239	18638	18789	334949	0.002668232029457318
2021-10-27	18838	19089	18037	18037	339136	-0.040023417957315455
2021-10-28	18012	18012	17410	17461	254982	-0.03193435715473747
2021-10-29	17561	17636	16784	16910	214947	-0.031556039173014194
2021-11-01	16834	17786	16834	17436	212161	0.031105854523950427
2021-11-02	17410	17686	17185	17536	113741	0.005735260380821394
2021-11-03	17987	17987	17360	17536	221058	0.0
2021-11-04	17761	20868	17736	20492	3603350	0.16856751824817517
2021-11-05	20291	20818	19590	20417	863618	-0.003659964864337284
2021-11-08	20642	21494	19891	20442	1262925	0.0012244698045746905
2021-11-09	20266	21068	19214	19240	734795	-0.058800508756481795
2021-11-10	19465	19640	18337	18438	554043	-0.04168399168399173
2021-11-11	18087	18588	17912	18012	372082	-0.02310445818418483
2021-11-12	17861	19064	17786	19014	447717	0.05562958027981346
2021-11-15	19014	19540	18688	19340	434445	0.017145261386346977
2021-11-16	19390	19390	18713	18864	295965	-0.02461220268872799
2021-11-17	18863	19314	17937	18087	465129	-0.04118956743002544
2021-11-18	18087	18212	17486	17486	309539	-0.03322828550892909
2021-11-19	17536	18688	17185	18538	475072	0.06016241564680325
2021-11-22	18362	18463	17811	18012	240652	-0.02837415039378577
2021-11-23	18087	18387	17461	17461	212167	-0.030590717299578074
2021-11-24	17335	17736	17285	17461	191663	0.0
2021-11-25	17536	17536	16784	16835	325666	-0.035851325811809165
2021-11-26	16634	17035	16133	16158	321365	-0.040213840213840224
2021-11-29	15632	16308	15507	15507	205271	-0.04028963980690681
2021-11-30	15782	16133	14880	14981	289133	-0.03392016508673501
2021-12-01	15031	15256	14680	15106	184813	0.00834390227621662
2021-12-02	14930	15682	14780	15357	174034	0.016615914206275617
2021-12-03	15306	16258	15306	15908	209428	0.03587940352933505
2021-12-06	15757	15782	15331	15607	134180	-0.01892129746039728
2021-12-07	16133	17110	16058	16559	503326	0.06099827000704816
2021-12-08	16584	17886	16333	17687	670508	0.06812005555891054
2021-12-09	17736	19440	17310	18889	1156933	0.0679595182902697
2021-12-10	18738	20617	18362	20117	1697990	0.06501138228598657
2021-12-13	20342	20442	19164	19641	740928	-0.02366157975841332
2021-12-14	19415	20767	19039	20167	1140610	0.026780713812942336
2021-12-15	20216	22020	19715	20593	1667410	0.021123617791441562
2021-12-16	20943	21043	18914	19039	1013753	-0.07546253581314044
2021-12-17	18964	19590	18037	18263	877489	-0.040758443195546
2021-12-20	18287	19014	17861	18689	396000	0.023325850079395583
2021-12-21	18688	18688	17636	17661	484766	-0.05500561827813155
2021-12-22	17811	18112	17010	17286	378301	-0.021233225751656204
2021-12-23	17360	17811	17185	17436	271552	0.008677542519958337
2021-12-24	17486	18087	17210	17712	192344	0.015829318651066737
2021-12-27	17661	18012	17085	17536	207159	-0.009936766034327027
2021-12-28	17586	18362	17586	17987	245943	0.02571852189781021
2021-12-29	18062	18838	18062	18288	285653	0.016734308111413743
2021-12-30	18312	18663	18062	18463	212530	0.009569116360454988
2022-01-03	18538	18788	17937	18037	249893	-0.02307317337377457
2022-01-04	17937	18312	17761	17912	174122	-0.006930199035316331
2022-01-05	17811	17836	16609	16785	496548	-0.06291871371147839
2022-01-06	16484	16559	15907	16108	338968	-0.040333631218349764
2022-01-07	16258	16834	16158	16659	145804	0.0342066054134591
2022-01-10	16433	16634	15957	16058	152704	-0.036076595233807573
2022-01-11	15983	16208	15757	16033	115092	-0.0015568563955660197
2022-01-12	16459	16784	16108	16334	225264	0.018773779080646147
2022-01-13	16484	16484	15682	15783	152688	-0.033733317007469066
2022-01-14	15431	15657	15156	15282	228295	-0.03174301463600071
2022-01-17	15206	15356	14905	15031	168880	-0.016424551760240824
2022-01-18	14955	15456	14930	14931	116535	-0.006652917304237893
2022-01-19	14730	15056	14404	14405	216677	-0.03522871877302258
2022-01-20	14329	14755	14229	14730	129222	0.022561610551891764
2022-01-21	14530	15406	14454	15056	160801	0.022131704005431185
2022-01-24	15056	15056	13953	14104	190124	-0.06323060573857597
2022-01-25	14404	14404	13177	13277	256218	-0.05863584798638688
2022-01-26	13227	13628	12776	12827	178221	-0.03389319876478125
2022-01-27	12776	12926	11899	11975	275304	-0.0664223902705231
2022-01-28	12024	12500	11974	12376	153875	0.03348643006263052
2022-02-03	12651	13077	12575	12801	146700	0.03434065934065944
2022-02-04	12676	13227	12626	12877	149163	0.005937036169049392
2022-02-07	13077	13127	12626	12852	80348	-0.0019414459889726121
2022-02-08	12751	13127	12575	12751	104571	-0.00785869903516967
2022-02-09	12851	12901	12651	12676	116838	-0.005881891616343782
2022-02-10	12751	13227	12575	12576	192793	-0.007888923950773119
2022-02-11	12525	12726	12125	12250	120033	-0.025922391857506333
2022-02-14	12074	12150	11448	11499	217516	-0.061306122448979594
2022-02-15	11498	11874	11423	11499	130644	0.0
2022-02-16	11849	12601	11724	12401	175674	0.0784416036177058
2022-02-17	12325	12901	12049	12325	241462	-0.006128538021127339
2022-02-18	12024	12475	11924	12401	84818	0.006166328600405668
2022-02-21	12150	12475	11974	12376	72592	-0.00201596645431823
2022-02-22	12049	13327	12049	12952	397351	0.04654169360051719
2022-02-23	12976	13051	12776	12877	128027	-0.005790611488573183
2022-02-24	12826	13377	12325	12501	249895	-0.02919934767414767
2022-02-25	12626	12901	12325	12476	229343	-0.001999840012798959
2022-02-28	12475	12826	12325	12726	119810	0.020038473869830042
2022-03-02	12601	13628	12601	13328	370383	0.047304730473047396
2022-03-03	13177	13377	13077	13252	183504	-0.00570228091236491
2022-03-04	13352	13553	12851	12877	241396	-0.028297615454271008
2022-03-07	12876	12876	12275	12426	163482	-0.035023685641065505
2022-03-08	12125	12550	12049	12250	135711	-0.014163849991952304
2022-03-10	12575	12801	12400	12551	139611	0.024571428571428466
2022-03-11	12525	14404	12450	14054	1360717	0.11975141422994184
2022-03-14	13878	14329	13452	13528	398569	-0.037427067027180905
2022-03-15	13377	13903	13327	13528	193723	0.0
2022-03-16	13628	13853	13277	13553	169210	0.001848018923713779
2022-03-17	13678	13778	13427	13628	189671	0.005533830148306551
2022-03-18	13828	15206	13728	14204	1205646	0.04226592309950106
2022-03-21	14379	14379	13803	13829	220777	-0.026401013798929895
2022-03-22	13778	13903	13477	13829	133845	0.0
2022-03-23	13903	14129	13728	13753	149678	-0.0054956974473932
2022-03-24	13628	13878	13527	13778	103526	0.0018177852104994674
2022-03-25	13878	14104	13653	13904	109322	0.009145013790100132
2022-03-28	14003	14379	13678	13979	219152	0.005394131185270323
2022-03-29	14054	15031	13853	14655	587645	0.04835825166320906
2022-03-30	14680	14805	14354	14480	170770	-0.011941316956670112
2022-03-31	14479	14955	14379	14605	158075	0.008632596685082872
2022-04-01	14454	15131	14279	14655	257920	0.003423485107839852
2022-04-04	14755	15031	14555	14831	130454	0.012009553053565325
2022-04-05	14805	14930	14555	14705	110200	-0.008495718427617871
2022-04-06	14555	14705	13953	14029	224352	-0.04597075824549468
2022-04-07	13853	14028	13327	13578	138849	-0.03214769406229956
2022-04-08	13653	13853	13427	13628	77114	0.0036824274561790826
2022-04-11	13578	13578	13051	13077	133741	-0.04043146463164071
2022-04-12	12951	13127	12626	12927	101957	-0.011470520761642566
2022-04-13	12926	13127	12851	13077	64135	0.011603620329542874
2022-04-14	13152	13452	12926	13027	85487	-0.003823506920547559
2022-04-15	12876	13001	12375	12676	144357	-0.026944039302986056
2022-04-18	12676	12676	12375	12426	54866	-0.019722309876932798
2022-04-19	12425	12826	12425	12726	58411	0.024142926122646013
2022-04-20	12701	12701	12250	12325	120405	-0.03151029388653148
2022-04-21	12275	12450	12074	12200	103298	-0.010141987829614618
2022-04-22	12175	12200	11749	11925	100791	-0.02254098360655743
2022-04-25	11824	11899	11548	11599	102370	-0.027337526205450713
2022-04-26	11674	11849	11548	11649	100366	0.004310716441072504
2022-04-27	11373	11649	11348	11348	109072	-0.025839127822130603
2022-04-28	11473	11849	11198	11699	113852	0.030930560451180922
2022-04-29	11799	12150	11774	11975	66582	0.023591759979485483
2022-05-02	11724	11899	11699	11875	40438	-0.008350730688935326
2022-05-03	11799	11924	11548	11599	90668	-0.023242105263157842
2022-05-04	11624	11724	11348	11449	56445	-0.012932149323217512
2022-05-06	11323	11323	10922	10998	140186	-0.03939208664512184
2022-05-09	10772	10922	10396	10597	161039	-0.03646117475904709
2022-05-10	10371	10446	10020	10296	153949	-0.02840426535812024
2022-05-11	10496	10772	10346	10772	95500	0.04623154623154613
2022-05-12	10546	10621	9995	9996	141559	-0.07203861864092087
2022-05-13	10196	10496	10045	10371	65071	0.037515006002400986
2022-05-16	10521	10646	10296	10472	55024	0.00973869443640929
2022-05-17	10371	10897	10371	10772	69955	0.028647822765469844
2022-05-18	10822	11097	10772	10998	67592	0.020980319346453724
2022-05-19	10621	10972	10546	10872	44053	-0.011456628477905073
2022-05-20	10822	11598	10797	11524	168942	0.0599705665930832
2022-05-23	11624	11899	11523	11724	155768	0.017355085039916673
2022-05-24	11849	11849	11348	11399	58217	-0.02772091436369839
2022-05-25	11423	11849	11323	11724	83046	0.028511272918677166
2022-05-26	12876	14730	12726	13102	5239171	0.11753667690208114
2022-05-27	13152	13302	12751	12751	618346	-0.026789803083498653
2022-05-30	12926	12951	12325	12676	345195	-0.005881891616343782
2022-05-31	12575	12601	12325	12501	213470	-0.013805616913852958
2022-06-02	12450	12701	12375	12501	192404	0.0
2022-06-03	12525	12726	12475	12551	197882	0.003999680025597918
2022-06-07	12525	12676	12100	12100	321929	-0.03593339176161259
2022-06-08	13250	15700	13200	13900	4146626	0.14876033057851235
2022-06-09	14250	17450	14150	15900	5169563	0.14388489208633093
2022-06-10	16200	17450	14350	14400	1556059	-0.09433962264150941
2022-06-13	14000	14000	12500	12500	552068	-0.13194444444444442
2022-06-14	12150	12300	11650	12050	282398	-0.03600000000000003
2022-06-15	11800	12000	10950	11050	307791	-0.08298755186721996
2022-06-16	11150	13350	11050	12600	1261158	0.14027149321266963
2022-06-17	12050	13150	11900	12850	407236	0.01984126984126977
2022-06-20	12750	13200	11850	12100	242037	-0.05836575875486383
2022-06-21	12050	13200	12050	12750	331164	0.05371900826446274
2022-06-22	12600	12800	11550	11650	193433	-0.0862745098039216
2022-06-23	11600	11800	10450	10450	222432	-0.10300429184549353
2022-06-24	10600	11200	10600	10700	135327	0.02392344497607657
2022-06-27	10850	11150	10550	11050	114124	0.032710280373831724
2022-06-28	10750	11150	10550	10650	177634	-0.03619909502262442
2022-06-29	10450	10900	10400	10600	87656	-0.0046948356807511304
2022-06-30	10250	10400	9760	9800	452042	-0.07547169811320753
2022-07-01	9840	9850	8920	9040	431834	-0.07755102040816331
2022-07-04	8980	9090	8500	8630	204056	-0.04535398230088494
2022-07-05	8670	9060	8670	8940	156379	0.035921205098493614
2022-07-06	8840	9420	8840	8920	244265	-0.0022371364653244186
2022-07-07	8960	9320	8960	9290	101650	0.041479820627802644
2022-07-08	9290	9560	9240	9310	154191	0.0021528525296017342
2022-07-11	9310	10950	9280	9990	1630759	0.07303974221267451
2022-07-12	9850	10150	9300	9330	556619	-0.06606606606606602
2022-07-13	9390	9440	9070	9170	177254	-0.017148981779206873
2022-07-14	9170	9800	9080	9440	397662	0.029443838604144013
