Date	Open	High	Low	Close	Volume	Change
2022-06-24	36000	36000	29100	29350	1597002	
2022-06-27	30400	31750	29600	31300	455425	0.06643952299829636
2022-06-28	31450	31650	29900	30300	189155	-0.03194888178913735
2022-06-29	29650	39350	29600	39350	1288506	0.2986798679867986
2022-06-30	40550	42300	37500	39550	3647399	0.0050825921219821435
2022-07-01	39850	46900	36650	37300	3646342	-0.05689001264222504
2022-07-04	38050	43800	34800	40650	3043289	0.08981233243967823
2022-07-05	40400	47700	40000	44200	3947183	0.08733087330873301
2022-07-06	44000	46750	40150	40950	1264487	-0.07352941176470584
2022-07-07	41300	43250	39400	39400	628160	-0.03785103785103783
2022-07-08	40350	48500	38850	48000	3544221	0.218274111675127
2022-07-11	49800	52600	44500	45500	1597957	-0.05208333333333337
2022-07-12	44650	47250	42050	42150	698647	-0.07362637362637359
2022-07-13	42600	45200	41150	41700	789428	-0.010676156583629859
2022-07-14	41950	42900	39850	40450	326817	-0.029976019184652314
