Date	Open	High	Low	Close	Volume	Change
2018-12-20	3338	3338	3330	3339	402395	
2018-12-21	3338	3338	3330	3339	23959	0.0
2018-12-24	3338	3363	3338	3364	55433	0.007487271638215054
2018-12-26	3355	3363	3346	3347	29400	-0.005053507728894124
2018-12-27	3355	3355	3355	3355	1657	0.0023902001792650562
2018-12-28	3346	3355	3346	3347	6540	-0.0023845007451565037
2019-01-02	3346	3346	3346	3347	0	0.0
2019-01-03	3338	3355	3338	3347	1147	0.0
2019-01-04	3355	3355	3346	3347	61	0.0
2019-01-07	3346	3346	3346	3347	2183	0.0
2019-01-08	3346	3355	3346	3347	20859	0.0
2019-01-09	3346	3355	3346	3355	3534	0.0023902001792650562
2019-01-10	3346	3355	3346	3355	2162	0.0
2019-01-11	3346	3355	3338	3347	19632	-0.0023845007451565037
2019-01-14	3355	3355	3346	3347	902	0.0
2019-01-15	3346	3346	3346	3347	0	0.0
2019-01-16	3355	3355	3355	3355	4948	0.0023902001792650562
2019-01-17	3355	3371	3355	3372	16845	0.005067064083457584
2019-01-18	3371	3380	3371	3380	18017	0.0023724792408066353
2019-01-21	3380	3388	3371	3389	24325	0.002662721893491149
2019-01-22	3363	3380	3363	3380	5079	-0.0026556506344054265
2019-01-23	3380	3396	3380	3397	6972	0.005029585798816516
2019-01-24	3388	3388	3388	3389	261	-0.0023550191345305116
2019-01-25	3388	3388	3388	3389	540	0.0
2019-01-28	3380	3388	3371	3372	15038	-0.005016228976099102
2019-01-29	3388	3388	3388	3389	49	0.005041518386714072
2019-01-30	3363	3371	3363	3364	274	-0.007376807317792888
2019-01-31	3388	3396	3380	3389	5896	0.007431629013079588
2019-02-01	3388	3388	3388	3389	0	0.0
2019-02-07	3396	3396	3363	3364	1093	-0.007376807317792888
2019-02-08	3388	3388	3388	3389	1	0.007431629013079588
2019-02-11	3388	3388	3388	3389	1	0.0
2019-02-12	3388	3388	3380	3380	287	-0.0026556506344054265
2019-02-13	3388	3388	3363	3364	273	-0.004733727810650845
2019-02-14	3388	3388	3363	3364	5431	0.0
2019-02-15	3388	3388	3388	3389	1	0.007431629013079588
2019-02-18	3388	3388	3371	3372	3003	-0.005016228976099102
2019-02-19	3388	3388	3380	3380	841	0.0023724792408066353
2019-02-20	3380	3380	3380	3380	1	0.0
2019-02-21	3380	3380	3380	3380	1	0.0
2019-02-22	3380	3388	3380	3389	1163	0.002662721893491149
2019-02-25	3396	3413	3396	3405	3728	0.004721156683387351
2019-02-26	3413	3413	3413	3414	1	0.002643171806167466
2019-02-27	3421	3421	3371	3372	2	-0.012302284710017597
2019-02-28	3413	3413	3380	3380	121	0.0023724792408066353
2019-03-04	3380	3430	3371	3430	2208	0.014792899408283988
2019-03-05	3421	3421	3371	3372	122	-0.016909620991253593
2019-03-06	3438	3438	3413	3422	1426	0.014827995255041415
2019-03-07	3438	3438	3413	3414	5727	-0.0023378141437755406
2019-03-08	3438	3438	3438	3439	1	0.007322788517867496
2019-03-11	3421	3421	3413	3414	61	-0.007269555103227687
2019-03-12	3421	3430	3388	3430	4382	0.004686584651435233
2019-03-13	3430	3430	3396	3422	1848	-0.0023323615160349975
2019-03-14	3438	3438	3438	3439	1	0.004967855055522996
2019-03-15	3438	3463	3438	3439	3366	0.0
2019-03-18	3471	3471	3471	3472	1	0.009595812736260534
2019-03-19	3438	3455	3413	3414	1563	-0.016705069124423932
2019-03-20	3471	3471	3413	3430	2529	0.004686584651435233
2019-03-21	3471	3471	3471	3472	1	0.012244897959183598
2019-03-22	3480	3480	3396	3397	2	-0.021601382488479315
2019-03-25	3471	3471	3471	3472	4	0.022078304386223158
2019-03-26	3471	3471	3471	3472	1	0.0
2019-03-27	3471	3496	3463	3497	4111	0.007200460829493105
2019-03-28	3488	3488	3471	3489	8960	-0.002287675150128732
2019-03-29	3496	3496	3405	3405	1871	-0.02407566638005154
2019-04-01	3471	3471	3471	3472	1	0.01967694566813516
2019-04-02	3471	3471	3463	3464	417	-0.0023041474654378336
2019-04-03	3463	3463	3463	3464	1	0.0
2019-04-04	3463	3463	3455	3464	453	0.0
2019-04-05	3463	3463	3463	3464	1056	0.0
2019-04-08	3463	3463	3463	3464	1	0.0
2019-04-09	3463	3463	3405	3405	546	-0.017032332563510444
2019-04-10	3463	3463	3463	3464	1	0.017327459618208474
2019-04-11	3463	3471	3463	3472	304	0.002309468822170979
2019-04-12	3496	3496	3480	3480	4	0.0023041474654377225
2019-04-15	3480	3480	3480	3480	423	0.0
2019-04-16	3480	3480	3413	3414	15	-0.018965517241379293
2019-04-17	3480	3480	3430	3430	8690	0.004686584651435233
2019-04-18	3480	3480	3413	3480	1679	0.014577259475218707
2019-04-19	3496	3496	3496	3497	1132	0.004885057471264442
2019-04-22	3463	3496	3463	3472	4170	-0.007148984844152162
2019-04-23	3496	3496	3496	3497	3	0.007200460829493105
2019-04-24	3496	3496	3496	3497	546	0.0
2019-04-25	3530	3530	3496	3497	1276	0.0
2019-04-26	3530	3530	3480	3497	9344	0.0
2019-04-29	3563	3563	3480	3530	3965	0.009436659994280783
2019-04-30	3563	3563	3521	3530	7231	0.0
2019-05-02	3513	3530	3513	3522	8808	-0.002266288951841333
2019-05-03	3530	3530	3480	3480	18605	-0.011925042589437829
2019-05-07	3563	3563	3480	3505	966	0.007183908045977017
2019-05-08	3563	3563	3480	3497	2650	-0.002282453637660442
2019-05-09	3555	3596	3555	3580	16132	0.023734629682585107
2019-05-10	3646	3646	3580	3580	7127	0.0
2019-05-13	3646	3696	3580	3580	9232	0.0
2019-05-14	3696	3696	3538	3538	4369	-0.01173184357541901
2019-05-15	3655	3655	3555	3630	144	0.026003391746749482
2019-05-16	3696	3696	3613	3613	66	-0.004683195592286471
2019-05-17	3696	3696	3613	3613	35	0.0
2019-05-20	3704	3704	3704	3705	2	0.025463603653473665
2019-05-21	3713	3713	3555	3555	4	-0.04048582995951422
2019-05-22	3688	3688	3513	3555	218	0.0
2019-05-23	3655	3655	3546	3622	725	0.018846694796061936
2019-05-24	3671	3671	3646	3647	62	0.006902263942573095
2019-05-27	3646	3646	3530	3547	63	-0.027419797093501508
2019-05-28	3646	3646	3513	3538	78	-0.002537355511699979
2019-05-29	3580	3638	3530	3638	33226	0.028264556246466954
2019-05-30	3646	3646	3646	3647	2	0.002473886750962162
2019-05-31	3646	3646	3546	3563	1094	-0.02303262955854124
2019-06-03	3638	3638	3546	3613	17	0.014033118158854885
2019-06-04	3646	3646	3646	3647	2	0.00941046221976194
2019-06-05	3646	3646	3646	3647	2	0.0
2019-06-07	3646	3646	3646	3647	11	0.0
2019-06-10	3646	3646	3646	3647	2	0.0
2019-06-11	3646	3646	3646	3647	2	0.0
2019-06-12	3646	3646	3571	3572	604	-0.02056484782012613
2019-06-13	3580	3630	3580	3630	2	0.01623740201567747
2019-06-14	3646	3646	3580	3613	1994	-0.004683195592286471
2019-06-17	3646	3646	3646	3647	33	0.00941046221976194
2019-06-18	3680	3713	3630	3688	18980	0.011242116808335645
2019-06-19	3713	3713	3646	3647	1916	-0.011117136659436033
2019-06-20	3713	3713	3713	3713	2	0.018097066081711022
2019-06-21	3721	3721	3721	3722	2	0.00242391597091296
2019-06-24	3729	3729	3696	3697	1100	-0.006716818914562106
2019-06-25	3713	3713	3630	3630	4977	-0.018122802272112493
2019-06-26	3663	3663	3663	3663	2	0.009090909090909038
2019-06-27	3655	3655	3655	3655	2	-0.002184002184002165
2019-06-28	3655	3655	3588	3597	32	-0.015868673050615567
2019-07-01	3655	3655	3605	3605	16	0.0022240756185709643
2019-07-02	3655	3655	3596	3655	867	0.01386962552011095
2019-07-03	3655	3655	3655	3655	5	0.0
2019-07-04	3646	3646	3555	3555	9441	-0.02735978112175108
2019-07-05	3638	3638	3555	3572	6909	0.004781997187060405
2019-07-08	3563	3571	3555	3555	2045	-0.004759238521836462
2019-07-09	3571	3638	3571	3605	8905	0.014064697609001309
2019-07-10	3655	3655	3655	3655	3	0.01386962552011095
2019-07-11	3663	3663	3638	3638	32	-0.0046511627906976605
2019-07-12	3680	3680	3605	3605	96	-0.00907091808686089
2019-07-15	3671	3671	3596	3597	2605	-0.0022191400832177743
2019-07-16	3655	3655	3563	3563	4	-0.009452321378926931
2019-07-17	3646	3646	3563	3572	204	0.002525961268593946
2019-07-18	3646	3646	3596	3597	273	0.006998880179171385
2019-07-19	3655	3655	3563	3580	63	-0.00472616068946341
2019-07-22	3580	3638	3580	3638	304	0.016201117318435765
2019-07-23	3638	3638	3588	3622	997	-0.0043980208905992635
2019-07-24	3546	3613	3546	3588	718	-0.009387078961899498
2019-07-25	3638	3638	3596	3597	577	0.0025083612040133207
2019-07-26	3638	3638	3588	3638	4	0.011398387545176636
2019-07-29	3655	3655	3546	3555	7670	-0.02281473336998352
2019-07-30	3580	3655	3546	3572	5962	0.004781997187060405
2019-07-31	3605	3605	3605	3605	2	0.009238521836506086
2019-08-01	3605	3605	3571	3572	142	-0.00915395284327325
2019-08-02	3571	3571	3563	3572	6786	0.0
2019-08-05	3563	3580	3521	3580	10521	0.002239641657334923
2019-08-06	3513	3571	3513	3530	3546	-0.013966480446927387
2019-08-07	3521	3563	3521	3522	15318	-0.002266288951841333
2019-08-08	3563	3563	3563	3563	300	0.011641113003975079
2019-08-09	3563	3563	3563	3563	0	0.0
2019-08-12	3563	3563	3546	3555	1021	-0.0022452989054168038
2019-08-13	3555	3555	3546	3547	655	-0.0022503516174402494
2019-08-14	3530	3530	3530	3530	533	-0.004792782633211146
2019-08-16	3530	3530	3530	3530	5227	0.0
2019-08-19	3530	3530	3530	3530	28	0.0
2019-08-20	3563	3563	3563	3563	3	0.009348441926345652
2019-08-21	3563	3563	3563	3563	43	0.0
2019-08-22	3563	3563	3563	3563	0	0.0
2019-08-23	3563	3563	3563	3563	9816	0.0
2019-08-26	3538	3563	3538	3563	6008	0.0
2019-08-27	3605	3605	3563	3563	1202	0.0
2019-08-28	3630	3630	3546	3563	341	0.0
2019-08-29	3580	3596	3580	3597	1247	0.009542520348021277
2019-08-30	3588	3588	3588	3588	0	-0.002502085070892446
2019-09-02	3580	3605	3546	3547	6944	-0.01142697881828314
2019-09-03	3546	3555	3546	3547	937	0.0
2019-09-04	3530	3588	3530	3588	488	0.011559063997744534
2019-09-05	3546	3596	3546	3597	6261	0.0025083612040133207
2019-09-06	3563	3563	3563	3563	23	-0.009452321378926931
2019-09-09	3563	3563	3563	3563	25	0.0
2019-09-10	3580	3580	3580	3580	9	0.004771260174010639
2019-09-11	3555	3555	3555	3555	1	-0.006983240223463638
2019-09-16	3555	3555	3555	3555	2	0.0
2019-09-17	3555	3613	3530	3613	12011	0.01631504922644167
2019-09-18	3613	3613	3613	3613	0	0.0
2019-09-19	3613	3613	3613	3613	0	0.0
2019-09-20	3546	3546	3546	3547	1	-0.01826736783836147
2019-09-23	3546	3613	3538	3597	19742	0.014096419509444624
2019-09-24	3596	3596	3596	3597	0	0.0
2019-09-25	3538	3613	3538	3613	545	0.0044481512371421505
2019-09-26	3580	3580	3546	3547	3152	-0.01826736783836147
2019-09-27	3546	3613	3546	3613	44	0.018607273752466957
2019-09-30	3613	3613	3546	3613	31	0.0
2019-10-01	3546	3605	3546	3605	48	-0.002214226404649855
2019-10-02	3605	3605	3605	3605	0	0.0
2019-10-04	3546	3605	3546	3605	14	0.0
2019-10-07	3546	3596	3546	3547	961	-0.016088765603328725
2019-10-08	3546	3580	3521	3555	16854	0.0022554271215111665
2019-10-10	3563	3563	3521	3563	3017	0.0022503516174401383
2019-10-11	3563	3563	3563	3563	0	0.0
2019-10-14	3563	3563	3563	3563	0	0.0
2019-10-15	3563	3563	3563	3563	0	0.0
2019-10-16	3563	3563	3563	3563	0	0.0
2019-10-17	3555	3555	3555	3555	0	-0.0022452989054168038
2019-10-18	3580	3580	3580	3580	1	0.007032348804500765
2019-10-21	3580	3580	3580	3580	83	0.0
2019-10-22	3580	3580	3580	3580	0	0.0
2019-10-23	3580	3580	3580	3580	0	0.0
2019-10-24	3571	3571	3571	3572	0	-0.0022346368715083775
2019-10-25	3571	3571	3571	3572	0	0.0
2019-10-28	3563	3563	3563	3563	1	-0.0025195968645016498
2019-10-29	3463	3488	3463	3480	7562	-0.02329497614369913
2019-10-30	3463	3546	3463	3538	2241	0.016666666666666607
2019-10-31	3471	3530	3471	3522	12621	-0.0045223289994347216
2019-11-01	3471	3480	3471	3480	2463	-0.011925042589437829
2019-11-04	3430	3538	3430	3530	40	0.014367816091954033
2019-11-05	3521	3521	3521	3522	0	-0.002266288951841333
2019-11-06	3455	3555	3455	3547	49	0.007098239636570192
2019-11-07	3555	3555	3463	3547	85	0.0
2019-11-08	3538	3538	3538	3538	0	-0.002537355511699979
2019-11-11	3496	3538	3446	3447	351	-0.02572074618428488
2019-11-12	3430	3488	3430	3439	58	-0.0023208587177255824
2019-11-13	3438	3480	3438	3480	141	0.011922070369293492
2019-11-14	3438	3513	3438	3447	177	-0.009482758620689702
2019-11-15	3438	3480	3438	3480	68	0.009573542210618013
2019-11-18	3471	3563	3446	3480	114	0.0
2019-11-19	3463	3538	3463	3530	68	0.014367816091954033
2019-11-20	3471	3530	3438	3505	553	-0.007082152974504208
2019-11-21	3505	3505	3488	3489	386	-0.004564907275320995
2019-11-22	3496	3496	3480	3489	403	0.0
2019-11-25	3505	3505	3438	3489	428	0.0
2019-11-26	3488	3488	3430	3489	3134	0.0
2019-11-27	3488	3521	3488	3522	109	0.009458297506448776
2019-11-28	3530	3530	3513	3513	131	-0.0025553662691651935
2019-11-29	3513	3513	3513	3513	91	0.0
2019-12-02	3530	3530	3521	3522	98	0.00256191289496166
2019-12-03	3413	3438	3396	3439	90115	-0.023566155593412796
2019-12-04	3405	3421	3405	3422	2077	-0.004943297470194841
2019-12-05	3413	3421	3413	3422	61	0.0
2019-12-06	3421	3430	3421	3430	1149	0.0023378141437755406
2019-12-09	3421	3421	3396	3397	2111	-0.009620991253644351
2019-12-10	3413	3413	3413	3414	1	0.005004415660877282
2019-12-11	3405	3421	3405	3422	1270	0.0023432923257176164
2019-12-12	3413	3421	3413	3422	193	0.0
2019-12-13	3413	3413	3413	3414	1	-0.0023378141437755406
2019-12-16	3421	3421	3421	3422	1	0.0023432923257176164
2019-12-17	3413	3421	3405	3422	30	0.0
2019-12-18	3413	3413	3413	3414	0	-0.0023378141437755406
2019-12-19	3405	3405	3388	3397	7021	-0.00497949619214999
2019-12-20	3405	3421	3388	3389	1297	-0.0023550191345305116
2019-12-23	3380	3405	3371	3405	1972	0.004721156683387351
2019-12-24	3405	3405	3405	3405	1	0.0
2019-12-26	3388	3388	3388	3389	0	-0.004698972099853149
2019-12-27	3388	3396	3371	3397	156	0.0023605783416937864
2019-12-30	3413	3413	3413	3414	1	0.005004415660877282
2020-01-02	3396	3396	3380	3380	6419	-0.00995899238429998
2020-01-03	3355	3371	3346	3372	6605	-0.002366863905325478
2020-01-06	3396	3396	3371	3389	1026	0.005041518386714072
2020-01-07	3371	3388	3371	3389	775	0.0
2020-01-08	3363	3388	3363	3389	432	0.0
2020-01-09	3388	3388	3371	3389	804	0.0
2020-01-10	3388	3388	3388	3389	1	0.0
2020-01-13	3363	3388	3355	3389	2304	0.0
2020-01-14	3388	3388	3363	3389	544	0.0
2020-01-15	3388	3388	3388	3389	601	0.0
2020-01-16	3396	3396	3396	3397	598	0.0023605783416937864
2020-01-17	3396	3396	3380	3380	1426	-0.005004415660877282
2020-01-20	3396	3396	3396	3397	1	0.005029585798816516
2020-01-21	3405	3405	3363	3405	51	0.0023550191345305116
2020-01-22	3396	3396	3396	3397	1	-0.0023494860499265746
2020-01-23	3396	3396	3396	3397	1	0.0
2020-01-28	3371	3396	3371	3397	150	0.0
2020-01-29	3396	3396	3363	3397	1354	0.0
2020-01-30	3396	3396	3396	3397	1472	0.0
2020-01-31	3396	3405	3371	3389	1217	-0.0023550191345305116
2020-02-03	3396	3396	3388	3389	4	0.0
2020-02-04	3388	3388	3388	3389	1	0.0
2020-02-05	3396	3396	3396	3397	2385	0.0023605783416937864
2020-02-06	3405	3405	3388	3405	210	0.0023550191345305116
2020-02-07	3405	3405	3405	3405	1	0.0
2020-02-10	3405	3405	3405	3405	6006	0.0
2020-02-11	3405	3413	3405	3414	2342	0.002643171806167466
2020-02-12	3413	3413	3405	3405	1623	-0.002636203866432374
2020-02-13	3413	3413	3405	3405	3104	0.0
2020-02-14	3405	3421	3405	3422	148	0.004992657856093929
2020-02-17	3421	3446	3421	3447	2893	0.007305669199298759
2020-02-18	3438	3438	3405	3405	1173	-0.012184508268059169
2020-02-19	3438	3438	3405	3439	8	0.009985315712187859
2020-02-20	3405	3438	3405	3439	2770	0.0
2020-02-21	3413	3446	3405	3447	5514	0.0023262576330329576
2020-02-24	3438	3438	3413	3430	847	-0.004931824775166849
2020-02-25	3405	3438	3405	3439	6007	0.0026239067055393583
2020-02-26	3438	3438	3430	3430	2066	-0.002617039837161994
2020-02-27	3388	3446	3388	3447	13	0.004956268221574245
2020-02-28	3438	3438	3413	3414	2484	-0.009573542210617902
2020-03-02	3396	3413	3380	3380	574	-0.00995899238429998
2020-03-03	3380	3388	3380	3389	2736	0.002662721893491149
2020-03-04	3421	3421	3421	3422	1	0.009737385659486675
2020-03-05	3388	3430	3380	3414	3123	-0.0023378141437755406
2020-03-06	3421	3421	3421	3422	1	0.0023432923257176164
2020-03-09	3438	3438	3438	3439	1	0.004967855055522996
2020-03-10	3371	3421	3371	3422	1	-0.004943297470194841
2020-03-11	3438	3438	3421	3422	301	0.0
2020-03-12	3371	3421	3371	3422	34	0.0
2020-03-13	3405	3405	3363	3372	603	-0.014611338398597296
2020-03-16	3363	3380	3363	3364	7687	-0.0023724792408066353
2020-03-17	3355	3355	3305	3347	29246	-0.005053507728894124
2020-03-18	3346	3371	3346	3372	2	0.0074693755602031064
2020-03-19	3338	3355	3321	3347	25852	-0.007413997627520708
2020-03-20	3330	3330	3330	3330	0	-0.005079175380938161
2020-03-23	3305	3330	3297	3330	8179	0.0
2020-03-24	3330	3330	3313	3322	2255	-0.002402402402402415
2020-03-25	3346	3346	3321	3330	1317	0.0024081878386514877
2020-03-26	3330	3330	3330	3330	60	0.0
2020-03-27	3330	3330	3321	3330	852	0.0
2020-03-30	3313	3346	3313	3339	2439	0.002702702702702675
2020-03-31	3330	3338	3330	3339	1378	0.0
2020-04-01	3330	3346	3330	3347	4316	0.002395926924228853
2020-04-02	3338	3338	3338	3339	0	-0.0023902001792650562
2020-04-03	3330	3346	3313	3347	2688	0.002395926924228853
2020-04-06	3338	3338	3313	3339	49	-0.0023902001792650562
2020-04-07	3338	3338	3338	3339	874	0.0
2020-04-08	3338	3355	3338	3347	4481	0.002395926924228853
2020-04-09	3346	3346	3346	3347	3003	0.0
2020-04-10	3321	3338	3321	3339	844	-0.0023902001792650562
2020-04-13	3330	3355	3330	3339	712	0.0
2020-04-14	3330	3363	3330	3347	1990	0.002395926924228853
2020-04-16	3338	3355	3330	3355	1193	0.0023902001792650562
2020-04-17	3330	3371	3330	3355	1004	0.0
2020-04-20	3338	3371	3330	3372	1716	0.005067064083457584
2020-04-21	3338	3363	3338	3364	368	-0.0023724792408066353
2020-04-22	3338	3338	3338	3339	473	-0.007431629013079699
2020-04-23	3338	3346	3338	3347	486	0.002395926924228853
2020-04-24	3346	3346	3338	3347	1879	0.0
2020-04-27	3330	3363	3330	3364	2618	0.00507917538093805
2020-04-28	3371	3371	3371	3372	1202	0.0023781212841855748
2020-04-29	3371	3371	3371	3372	0	0.0
2020-05-04	3338	3371	3338	3372	399	0.0
2020-05-06	3338	3371	3338	3372	1285	0.0
2020-05-07	3363	3371	3363	3372	364	0.0
2020-05-08	3371	3371	3338	3339	3	-0.009786476868327454
2020-05-11	3338	3363	3338	3355	26421	0.004791853848457706
2020-05-12	3346	3371	3346	3347	313	-0.0023845007451565037
2020-05-13	3371	3371	3346	3372	910	0.0074693755602031064
2020-05-14	3380	3380	3380	3380	1	0.0023724792408066353
2020-05-15	3380	3380	3380	3380	597	0.0
2020-05-18	3388	3388	3380	3380	601	0.0
2020-05-19	3355	3388	3355	3389	23	0.002662721893491149
2020-05-20	3388	3388	3388	3389	1	0.0
2020-05-21	3388	3388	3388	3389	1	0.0
2020-05-22	3363	3405	3363	3397	6010	0.0023605783416937864
2020-05-25	3388	3388	3388	3389	1	-0.0023550191345305116
2020-05-26	3388	3388	3371	3372	2837	-0.005016228976099102
2020-05-27	3363	3396	3363	3397	38	0.007413997627520708
2020-05-28	3396	3396	3371	3397	16	0.0
2020-05-29	3388	3388	3388	3389	1	-0.0023550191345305116
2020-06-01	3388	3388	3388	3389	1	0.0
2020-06-02	3388	3388	3388	3389	0	0.0
2020-06-03	3388	3388	3388	3389	1	0.0
2020-06-04	3371	3388	3363	3364	1079	-0.007376807317792888
2020-06-05	3371	3371	3363	3364	4084	0.0
2020-06-08	3363	3388	3363	3389	600	0.007431629013079588
2020-06-09	3388	3388	3388	3389	1	0.0
2020-06-10	3380	3388	3371	3389	1612	0.0
2020-06-11	3388	3396	3371	3397	2848	0.0023605783416937864
2020-06-12	3388	3396	3380	3397	1205	0.0
2020-06-15	3388	3388	3388	3389	1	-0.0023550191345305116
2020-06-16	3388	3388	3388	3389	0	0.0
2020-06-17	3388	3388	3371	3389	235	0.0
2020-06-18	3363	3388	3363	3389	1092	0.0
2020-06-19	3363	3388	3363	3389	6007	0.0
2020-06-22	3363	3388	3355	3380	4215	-0.0026556506344054265
2020-06-23	3363	3380	3355	3380	1013	0.0
2020-06-24	3355	3371	3313	3372	9880	-0.002366863905325478
2020-06-25	3338	3363	3330	3364	9774	-0.0023724792408066353
2020-06-26	3363	3363	3355	3364	638	0.0
2020-06-29	3363	3363	3346	3347	90	-0.005053507728894124
2020-06-30	3363	3363	3363	3364	1	0.00507917538093805
2020-07-01	3363	3363	3363	3364	811	0.0
2020-07-02	3363	3363	3363	3364	300	0.0
2020-07-03	3363	3388	3363	3389	724	0.007431629013079588
2020-07-06	3363	3363	3355	3355	10219	-0.010032457952198315
2020-07-07	3363	3363	3355	3355	1202	0.0
2020-07-08	3346	3363	3338	3364	9159	0.0026825633383009695
2020-07-09	3338	3363	3330	3330	10977	-0.01010701545778836
2020-07-10	3338	3355	3338	3355	8423	0.007507507507507505
2020-07-13	3355	3355	3355	3355	1	0.0
2020-07-14	3338	3355	3338	3355	8	0.0
2020-07-15	3346	3355	3346	3355	2125	0.0
2020-07-16	3330	3371	3330	3372	3849	0.005067064083457584
2020-07-17	3346	3371	3346	3372	56	0.0
2020-07-20	3338	3338	3338	3339	601	-0.009786476868327454
2020-07-21	3338	3338	3338	3339	1	0.0
2020-07-22	3338	3338	3338	3339	465	0.0
2020-07-23	3338	3355	3330	3347	7072	0.002395926924228853
2020-07-24	3388	3388	3371	3372	1	0.0074693755602031064
2020-07-27	3371	3371	3338	3372	302	0.0
2020-07-28	3371	3371	3371	3372	0	0.0
2020-07-29	3371	3371	3371	3372	1	0.0
2020-07-30	3363	3363	3363	3364	1	-0.0023724792408066353
2020-07-31	3363	3363	3363	3364	1	0.0
2020-08-03	3338	3355	3338	3355	2	-0.0026753864447086606
2020-08-04	3338	3346	3338	3347	61	-0.0023845007451565037
2020-08-05	3346	3346	3346	3347	0	0.0
2020-08-06	3330	3338	3330	3339	117	-0.0023902001792650562
2020-08-07	3363	3363	3363	3364	1	0.007487271638215054
2020-08-10	3330	3346	3330	3347	635	-0.005053507728894124
2020-08-11	3346	3346	3346	3347	804	0.0
2020-08-12	3355	3355	3355	3355	2	0.0023902001792650562
2020-08-13	3363	3363	3363	3364	1	0.0026825633383009695
2020-08-14	3355	3363	3355	3364	1203	0.0
2020-08-18	3363	3363	3363	3364	2	0.0
2020-08-19	3363	3363	3338	3364	3	0.0
2020-08-20	3363	3363	3363	3364	1	0.0
2020-08-21	3355	3355	3338	3355	1624	-0.0026753864447086606
2020-08-24	3330	3338	3330	3330	3603	-0.007451564828613977
2020-08-25	3330	3355	3330	3330	1038	0.0
2020-08-26	3338	3338	3338	3339	1561	0.002702702702702675
2020-08-27	3338	3338	3338	3339	1081	0.0
2020-08-28	3338	3338	3338	3339	3898	0.0
2020-08-31	3338	3346	3330	3347	31	0.002395926924228853
2020-09-01	3346	3346	3346	3347	0	0.0
2020-09-02	3338	3338	3330	3339	20	-0.0023902001792650562
2020-09-03	3355	3355	3330	3355	49	0.004791853848457706
2020-09-04	3355	3355	3355	3355	3434	0.0
2020-09-07	3330	3363	3330	3364	2	0.0026825633383009695
2020-09-08	3330	3363	3330	3364	951	0.0
2020-09-09	3338	3371	3338	3372	6984	0.0023781212841855748
2020-09-10	3380	3380	3380	3380	901	0.0023724792408066353
2020-09-11	3371	3371	3371	3372	2	-0.002366863905325478
2020-09-14	3371	3371	3355	3364	782	-0.0023724792408066353
2020-09-15	3363	3363	3355	3364	970	0.0
2020-09-16	3363	3363	3363	3364	536	0.0
2020-09-17	3363	3363	3363	3364	524	0.0
2020-09-18	3363	3363	3363	3364	3213	0.0
2020-09-21	3363	3380	3355	3380	3291	0.0047562425683709275
2020-09-22	3371	3371	3363	3372	1491	-0.002366863905325478
2020-09-23	3388	3388	3380	3380	184	0.0023724792408066353
2020-09-24	3371	3371	3371	3372	1	-0.002366863905325478
2020-09-25	3355	3380	3355	3372	44	0.0
2020-09-28	3363	3380	3363	3380	1516	0.0023724792408066353
2020-09-29	3388	3388	3355	3389	404	0.002662721893491149
2020-10-05	3388	3388	3388	3389	1	0.0
2020-10-06	3388	3388	3388	3389	2	0.0
2020-10-07	3346	3388	3346	3389	3005	0.0
2020-10-08	3380	3380	3380	3380	0	-0.0026556506344054265
2020-10-12	3346	3380	3338	3380	4011	0.0
2020-10-13	3388	3396	3346	3397	11862	0.005029585798816516
2020-10-14	3388	3396	3388	3389	15875	-0.0023550191345305116
2020-10-15	3388	3396	3363	3397	3827	0.0023605783416937864
2020-10-16	3396	3396	3388	3397	5967	0.0
2020-10-19	3396	3396	3396	3397	860	0.0
2020-10-20	3388	3396	3363	3397	1989	0.0
2020-10-21	3380	3380	3371	3380	1205	-0.005004415660877282
2020-10-22	3380	3421	3363	3422	1149	0.012426035502958621
2020-10-23	3380	3396	3380	3380	7567	-0.012273524254821755
2020-10-26	3380	3380	3380	3380	0	0.0
2020-10-27	3363	3371	3363	3372	2612	-0.002366863905325478
2020-10-28	3363	3380	3363	3380	18493	0.0023724792408066353
2020-10-29	3371	3371	3371	3372	0	-0.002366863905325478
2020-10-30	3371	3371	3371	3372	0	0.0
2020-11-02	3371	3371	3371	3372	0	0.0
2020-11-03	3371	3371	3346	3372	1502	0.0
2020-11-04	3371	3371	3371	3372	0	0.0
2020-11-05	3371	3371	3371	3372	0	0.0
2020-11-06	3371	3371	3371	3372	0	0.0
2020-11-09	3346	3380	3346	3380	34	0.0023724792408066353
2020-11-10	3371	3371	3371	3372	0	-0.002366863905325478
2020-11-11	3346	3371	3346	3347	4	-0.007413997627520708
2020-11-12	3346	3346	3346	3347	2114	0.0
2020-11-13	3346	3346	3346	3347	1480	0.0
2020-11-16	3346	3346	3346	3347	5587	0.0
2020-11-17	3346	3346	3346	3347	835	0.0
2020-11-18	3346	3355	3346	3355	546	0.0023902001792650562
2020-11-19	3355	3355	3355	3355	65	0.0
2020-11-20	3355	3380	3355	3380	576	0.007451564828613977
2020-11-23	3380	3380	3380	3380	0	0.0
2020-11-24	3380	3380	3380	3380	0	0.0
2020-11-25	3346	3346	3346	3347	1201	-0.009763313609467472
2020-11-26	3346	3355	3346	3355	3980	0.0023902001792650562
2020-11-27	3380	3380	3380	3380	3681	0.007451564828613977
2020-11-30	3380	3380	3363	3380	1041	0.0
2020-12-01	3363	3388	3363	3389	1215	0.002662721893491149
2020-12-02	3380	3405	3380	3397	635	0.0023605783416937864
2020-12-03	3380	3396	3380	3380	583	-0.005004415660877282
2020-12-04	3380	3405	3380	3389	961	0.002662721893491149
2020-12-07	3380	3388	3380	3380	911	-0.0026556506344054265
2020-12-08	3371	3405	3371	3389	28	0.002662721893491149
2020-12-09	3380	3388	3355	3355	1349	-0.010032457952198315
2020-12-10	3355	3380	3355	3380	7455	0.007451564828613977
2020-12-11	3380	3413	3380	3414	16911	0.010059171597633032
2020-12-14	3413	3746	3413	3547	258355	0.03895723491505576
2020-12-15	3588	3688	3530	3588	95044	0.011559063997744534
2020-12-16	3571	3646	3421	3447	100603	-0.039297658862876284
2020-12-17	3413	3455	3405	3455	40712	0.0023208587177254714
2020-12-18	3455	3463	3396	3455	18696	0.0
2020-12-21	3455	3505	3430	3505	15144	0.01447178002894356
2020-12-22	3513	3530	3471	3505	16959	0.0
2020-12-23	3446	3513	3446	3497	5565	-0.002282453637660442
2020-12-24	3463	3521	3438	3522	16686	0.007148984844152162
2020-12-28	3546	3546	3463	3472	2102	-0.014196479273140272
2020-12-29	3446	3488	3446	3489	1927	0.004896313364055382
2020-12-30	3488	3521	3488	3497	5009	0.0022929206076238717
2021-01-04	3513	3513	3463	3472	4799	-0.007148984844152162
2021-01-05	3455	3513	3455	3513	1645	0.011808755760368772
2021-01-06	3505	3513	3455	3480	2561	-0.009393680614859123
2021-01-07	3463	3513	3455	3480	8279	0.0
2021-01-08	3471	3488	3463	3489	1226	0.002586206896551646
2021-01-11	3471	3480	3455	3480	4714	-0.002579535683576939
2021-01-12	3513	3513	3455	3480	909	0.0
2021-01-13	3496	3496	3446	3489	3337	0.002586206896551646
2021-01-14	3513	3513	3430	3472	8292	-0.004872456291200922
2021-01-15	3471	3521	3471	3513	7236	0.011808755760368772
2021-01-18	3513	3513	3471	3513	410	0.0
2021-01-19	3505	3505	3446	3455	8892	-0.016510105323085722
2021-01-20	3480	3488	3480	3489	1379	0.009840810419681656
2021-01-21	3505	3505	3480	3497	30	0.0022929206076238717
2021-01-22	3496	3505	3480	3505	2037	0.0022876751501286208
2021-01-25	3496	3546	3496	3538	9416	0.00941512125534949
2021-01-26	3538	3538	3505	3522	14	-0.0045223289994347216
2021-01-27	3521	3521	3505	3505	1215	-0.004826802952867637
2021-01-28	3546	3546	3513	3530	4853	0.007132667617689048
2021-01-29	3530	3546	3438	3497	2123	-0.009348441926345652
2021-02-01	3430	3521	3430	3522	1353	0.007148984844152162
2021-02-02	3496	3538	3496	3530	710	0.0022714366837024436
2021-02-03	3546	3655	3530	3597	30975	0.0189801699716714
2021-02-04	3563	3563	3471	3530	14018	-0.01862663330553238
2021-02-05	3563	3563	3463	3530	5073	0.0
2021-02-08	3530	3546	3463	3530	828	0.0
2021-02-09	3530	3546	3480	3547	4289	0.004815864022662986
2021-02-10	3588	3588	3446	3497	6536	-0.014096419509444624
2021-02-15	3530	3530	3463	3497	136	0.0
2021-02-16	3538	3538	3446	3489	7877	-0.002287675150128732
2021-02-17	3538	3538	3446	3472	2798	-0.004872456291200922
2021-02-18	3513	3513	3455	3489	2182	0.004896313364055382
2021-02-19	3488	3538	3455	3480	7412	-0.002579535683576939
2021-02-22	3538	3538	3455	3505	494	0.007183908045977017
2021-02-23	3488	3488	3455	3489	1673	-0.004564907275320995
2021-02-24	3546	3546	3455	3505	3913	0.0045858412152479655
2021-02-25	3546	3546	3463	3530	4982	0.007132667617689048
2021-02-26	3555	3555	3463	3497	3569	-0.009348441926345652
2021-03-02	3455	3513	3455	3505	1724	0.0022876751501286208
2021-03-03	3555	3555	3446	3522	5028	0.004850213980028606
2021-03-04	3530	3530	3446	3513	873	-0.0025553662691651935
2021-03-05	3521	3521	3513	3513	14	0.0
2021-03-08	3538	3538	3521	3522	11	0.00256191289496166
2021-03-09	3446	3513	3446	3489	1591	-0.009369676320272524
2021-03-10	3521	3521	3430	3464	3092	-0.0071653768988249045
2021-03-11	3546	3546	3446	3480	362	0.004618937644341736
2021-03-12	3538	3538	3455	3489	5287	0.002586206896551646
2021-03-15	3471	3488	3455	3489	4195	0.0
2021-03-16	3471	3538	3471	3505	2392	0.0045858412152479655
2021-03-17	3555	3555	3488	3505	320	0.0
2021-03-18	3555	3555	3463	3497	3636	-0.002282453637660442
2021-03-19	3563	3563	3438	3480	3609	-0.00486130969402343
2021-03-22	3471	3546	3471	3513	1683	0.00948275862068959
2021-03-23	3546	3546	3480	3505	28	-0.002277255906632525
2021-03-24	3546	3546	3480	3505	3157	0.0
2021-03-25	3546	3546	3480	3522	1056	0.004850213980028606
2021-03-26	3546	3546	3521	3522	35	0.0
2021-03-29	3513	3513	3480	3505	913	-0.004826802952867637
2021-03-30	3513	3513	3463	3497	1013	-0.002282453637660442
2021-03-31	3505	3505	3488	3497	698	0.0
2021-04-01	3513	3513	3496	3513	378	0.004575350300257464
2021-04-02	3513	3513	3505	3513	35	0.0
2021-04-05	3480	3521	3480	3513	1462	0.0
2021-04-06	3513	3513	3463	3505	141	-0.002277255906632525
2021-04-07	3513	3521	3505	3513	1145	0.002282453637660442
2021-04-08	3521	3521	3513	3513	341	0.0
2021-04-09	3521	3521	3471	3513	1701	0.0
2021-04-12	3521	3530	3521	3530	915	0.004839168801594074
2021-04-13	3538	3538	3496	3530	7417	0.0
2021-04-14	3538	3538	3530	3538	105	0.002266288951841444
2021-04-15	3538	3588	3505	3588	480	0.014132278123233366
2021-04-16	3555	3596	3538	3547	1002	-0.01142697881828314
2021-04-19	3613	3613	3546	3597	3114	0.014096419509444624
2021-04-20	3596	3596	3571	3572	136	-0.006950236308034485
2021-04-21	3571	3580	3513	3563	1941	-0.0025195968645016498
2021-04-22	3580	3588	3563	3580	3920	0.004771260174010639
2021-04-23	3613	3613	3563	3597	8587	0.004748603351955261
2021-04-26	3580	3580	3546	3547	1667	-0.01390047261606897
2021-04-27	3496	4604	3496	4604	4597312	0.2979983084296589
2021-04-28	4071	4196	3580	3755	1955827	-0.18440486533449174
2021-04-29	3804	3913	3655	3680	856006	-0.01997336884154466
2021-04-30	3729	3896	3655	3688	594032	0.0021739130434783593
2021-05-03	3704	3804	3671	3738	354955	0.013557483731019504
2021-05-04	3738	3738	3613	3663	208598	-0.0200642054574639
2021-05-06	3663	3696	3613	3663	96399	0.0
2021-05-07	3613	3646	3563	3580	97024	-0.022659022659022643
2021-05-10	3563	3638	3555	3580	50704	0.0
2021-05-11	3605	3605	3546	3563	37825	-0.004748603351955261
2021-05-12	3630	3630	3546	3588	28954	0.007016559079427553
2021-05-13	3563	3588	3480	3530	114523	-0.016164994425863943
2021-05-14	3513	3530	3488	3530	79182	0.0
2021-05-17	3563	3571	3505	3505	44963	-0.007082152974504208
2021-05-18	3505	3530	3496	3513	34831	0.002282453637660442
2021-05-20	3505	3555	3496	3530	31529	0.004839168801594074
2021-05-21	3563	3563	3496	3497	28887	-0.009348441926345652
2021-05-24	3513	3588	3496	3538	49489	0.011724335144409403
2021-05-25	3538	3888	3521	3738	727938	0.05652911249293391
2021-05-26	3871	4812	3621	3871	8171857	0.035580524344569264
2021-05-27	3829	4362	3804	4005	2843837	0.03461637819684826
2021-05-28	4062	4246	3838	3863	1374702	-0.035455680399500644
2021-05-31	3929	5020	3871	5020	6361811	0.29950815428423505
2021-06-01	5520	6510	4046	4463	6936135	-0.11095617529880475
2021-06-02	4346	4412	3704	3755	1211404	-0.1586376876540444
2021-06-03	3813	4262	3663	3938	1735761	0.04873501997336893
2021-06-04	4312	4737	3838	3863	3081978	-0.019045200609446367
2021-06-07	3763	3796	3588	3697	791660	-0.042971783587885115
2021-06-08	3630	3663	3505	3530	378269	-0.04517176088720587
2021-06-09	3496	3688	3463	3680	489726	0.04249291784702547
2021-06-10	0	0	0	3680	0	0.0
2021-06-11	0	0	0	3680	0	0.0
2021-06-14	0	0	0	3680	0	0.0
2021-06-15	0	0	0	3680	0	0.0
2021-06-16	0	0	0	3680	0	0.0
2021-06-17	0	0	0	3680	0	0.0
2021-06-18	0	0	0	3680	0	0.0
2021-06-21	0	0	0	3680	0	0.0
2021-06-22	0	0	0	3680	0	0.0
2021-06-23	0	0	0	3680	0	0.0
2021-06-24	0	0	0	3680	0	0.0
2021-06-25	0	0	0	3680	0	0.0
2021-06-28	0	0	0	3680	0	0.0
2021-06-29	0	0	0	3680	0	0.0
2021-06-30	0	0	0	3680	0	0.0
2021-07-01	0	0	0	3680	0	0.0
2021-07-02	0	0	0	3680	0	0.0
2021-07-05	0	0	0	3680	0	0.0
2021-07-06	0	0	0	3680	0	0.0
2021-07-07	0	0	0	3680	0	0.0
2021-07-08	0	0	0	3680	0	0.0
2021-07-09	0	0	0	3680	0	0.0
2021-07-12	0	0	0	3680	0	0.0
2021-07-13	0	0	0	3680	0	0.0
2021-07-14	0	0	0	3680	0	0.0
2021-07-15	0	0	0	3680	0	0.0
2021-07-16	0	0	0	3680	0	0.0
2021-07-19	0	0	0	3680	0	0.0
2021-07-20	0	0	0	3680	0	0.0
2021-07-21	0	0	0	3680	0	0.0
2021-07-22	0	0	0	3680	0	0.0
2021-07-23	0	0	0	3680	0	0.0
2021-07-26	0	0	0	3680	0	0.0
2021-07-27	0	0	0	3680	0	0.0
2021-07-28	0	0	0	3680	0	0.0
2021-07-29	0	0	0	3680	0	0.0
2021-07-30	0	0	0	3680	0	0.0
2021-08-02	0	0	0	3680	0	0.0
2021-08-03	0	0	0	3680	0	0.0
2021-08-04	0	0	0	3680	0	0.0
2021-08-05	0	0	0	3680	0	0.0
2021-08-06	0	0	0	3680	0	0.0
2021-08-09	0	0	0	3680	0	0.0
2021-08-10	0	0	0	3680	0	0.0
2021-08-11	0	0	0	3680	0	0.0
2021-08-12	0	0	0	3680	0	0.0
2021-08-13	0	0	0	3680	0	0.0
2021-08-17	0	0	0	3680	0	0.0
2021-08-18	0	0	0	3680	0	0.0
2021-08-19	0	0	0	3680	0	0.0
2021-08-20	0	0	0	3680	0	0.0
2021-08-23	0	0	0	3680	0	0.0
2021-08-24	0	0	0	3680	0	0.0
2021-08-25	0	0	0	3680	0	0.0
2021-08-26	0	0	0	3680	0	0.0
2021-08-27	0	0	0	3680	0	0.0
2021-08-30	0	0	0	3680	0	0.0
2021-08-31	0	0	0	3680	0	0.0
2021-09-01	3680	4750	3495	3755	6648100	0.020380434782608647
2021-09-02	3620	3725	3360	3435	1231104	-0.08521970705725701
2021-09-03	3640	3700	3295	3295	793805	-0.040756914119359555
2021-09-06	3115	3300	2900	3020	565845	-0.08345978755690442
2021-09-07	3000	3095	2915	2955	242580	-0.021523178807947074
2021-09-08	2820	2945	2765	2800	234734	-0.05245346869712353
2021-09-09	2830	3030	2705	2960	222106	0.05714285714285716
2021-09-10	2890	2975	2835	2975	131326	0.0050675675675675436
2021-09-13	2990	2995	2865	2875	179639	-0.03361344537815125
2021-09-14	2880	2940	2840	2865	78725	-0.003478260869565264
2021-09-15	2860	3005	2765	2955	469023	0.03141361256544495
2021-09-16	2965	3125	2925	3055	479661	0.03384094754653133
2021-09-17	3085	3150	2900	3000	366413	-0.018003273322422242
2021-09-23	3005	3100	2950	2960	208050	-0.013333333333333308
2021-09-24	3000	3050	2890	2940	191601	-0.006756756756756799
2021-09-27	2950	2960	2865	2940	79463	0.0
2021-09-28	2960	2995	2885	2905	80287	-0.011904761904761862
2021-09-29	2870	2925	2800	2850	111273	-0.018932874354561147
2021-09-30	2825	2895	2795	2810	73131	-0.01403508771929829
2021-10-01	2800	2885	2755	2780	54510	-0.010676156583629859
2021-10-05	2775	2840	2605	2660	66449	-0.043165467625899234
2021-10-06	2660	2730	2580	2590	104611	-0.02631578947368418
2021-10-07	2650	2770	2600	2690	63911	0.03861003861003853
2021-10-08	2700	2700	2640	2690	45489	0.0
2021-10-12	2670	2695	2605	2675	48720	-0.005576208178438624
2021-10-13	2740	2810	2665	2730	61322	0.020560747663551426
2021-10-14	2730	2950	2730	2885	90851	0.0567765567765568
2021-10-15	2895	2950	2865	2945	45473	0.020797227036395194
2021-10-18	2945	3180	2905	3130	188517	0.06281833616298815
2021-10-19	3130	3205	3060	3130	90192	0.0
2021-10-20	3110	3200	3090	3125	57797	-0.0015974440894568342
2021-10-21	3125	3145	3020	3035	45907	-0.028800000000000048
2021-10-22	3155	3200	3040	3200	57569	0.054365733113673764
2021-10-25	3215	3220	3090	3180	61450	-0.006249999999999978
2021-10-26	3175	3310	3135	3225	119081	0.014150943396226356
2021-10-27	3280	3285	3160	3195	56753	-0.009302325581395321
2021-10-28	3250	3250	3145	3195	43781	0.0
2021-10-29	3155	3275	3145	3180	48731	-0.0046948356807511304
2021-11-01	3105	3245	3105	3185	61067	0.0015723270440251014
2021-11-02	3185	3195	3130	3150	35576	-0.01098901098901095
2021-11-03	3175	3275	3170	3230	72983	0.025396825396825307
2021-11-04	3255	3760	3190	3370	989088	0.04334365325077405
2021-11-05	3380	3650	3335	3535	247984	0.04896142433234418
2021-11-08	3455	3635	3450	3625	130842	0.02545968882602545
2021-11-09	3625	3790	3570	3745	141606	0.03310344827586209
2021-11-10	3745	4040	3600	4040	347024	0.07877169559412556
2021-11-11	3920	4540	3880	4200	672764	0.03960396039603964
2021-11-12	4115	4295	3945	4080	208566	-0.02857142857142858
2021-11-15	4245	4480	3920	3980	406953	-0.02450980392156865
2021-11-16	3980	4050	3800	3830	145886	-0.03768844221105527
2021-11-17	3815	3935	3550	3700	146556	-0.03394255874673624
2021-11-18	3655	3920	3330	3460	370966	-0.06486486486486487
2021-11-19	3685	3685	3455	3495	134561	0.01011560693641611
2021-11-22	3545	3670	3490	3630	94289	0.03862660944205998
2021-11-23	3625	3655	3400	3400	142649	-0.0633608815426997
2021-11-24	3500	3500	3190	3195	100597	-0.06029411764705883
2021-11-25	3225	3780	3135	3430	265420	0.07355242566510167
2021-11-26	3360	3450	3270	3360	52697	-0.020408163265306145
2021-11-29	3360	3415	3135	3275	53577	-0.02529761904761907
2021-11-30	3395	3420	3165	3175	70198	-0.03053435114503822
2021-12-01	3200	3430	3130	3295	58290	0.03779527559055129
2021-12-02	3295	3450	3080	3080	85181	-0.06525037936267075
2021-12-03	3150	3150	3015	3015	78393	-0.02110389610389607
2021-12-06	3180	3215	2965	3100	42619	0.028192371475953548
2021-12-07	3250	3250	3070	3105	30581	0.001612903225806539
2021-12-08	3205	3215	3100	3105	45345	0.0
2021-12-09	3200	3200	3105	3125	29259	0.006441223832528209
2021-12-10	3150	3400	3110	3280	124384	0.04960000000000009
2021-12-13	3360	3885	3250	3270	1014921	-0.0030487804878048808
2021-12-14	3335	3480	2910	3010	586261	-0.07951070336391441
2021-12-15	3045	3050	2935	2985	76715	-0.00830564784053156
2021-12-16	2980	3040	2825	2850	149301	-0.045226130653266305
2021-12-17	2885	2885	2770	2810	86326	-0.01403508771929829
2021-12-20	2800	2915	2580	2630	311915	-0.06405693950177938
2021-12-21	2665	2665	2590	2595	64573	-0.013307984790874472
2021-12-22	2630	2765	2580	2725	74816	0.050096339113680166
2021-12-23	2715	2815	2670	2700	70755	-0.00917431192660545
2021-12-24	2550	2685	2445	2600	535980	-0.03703703703703709
2021-12-27	2585	2790	2540	2565	348700	-0.013461538461538414
2021-12-28	2565	2635	2450	2450	361885	-0.04483430799220278
2021-12-29	2475	2600	2475	2530	133096	0.03265306122448974
2021-12-30	2560	2800	2560	2700	465678	0.06719367588932812
2022-01-03	2700	2745	2665	2680	178119	-0.007407407407407418
2022-01-04	2670	2740	2570	2630	169542	-0.018656716417910446
2022-01-05	2645	2650	2570	2620	107562	-0.0038022813688213253
2022-01-06	2590	2615	2530	2575	114202	-0.01717557251908397
2022-01-07	2550	2610	2480	2505	179291	-0.027184466019417486
2022-01-10	2540	2555	2505	2545	130246	0.015968063872255467
2022-01-11	2620	2655	2480	2530	352939	-0.005893909626719096
2022-01-12	2510	2760	2470	2540	768696	0.0039525691699604515
2022-01-13	2555	2620	2480	2535	222700	-0.0019685039370078705
2022-01-14	2545	2545	2470	2475	137098	-0.023668639053254448
2022-01-17	2475	2720	2415	2550	593836	0.030303030303030276
2022-01-18	2550	2800	2520	2565	499111	0.00588235294117645
2022-01-19	2560	2625	2535	2580	141198	0.005847953216374213
2022-01-20	2595	2695	2560	2615	250367	0.013565891472868241
2022-01-21	2610	2640	2500	2540	177912	-0.028680688336520044
2022-01-24	2505	2560	2450	2455	145245	-0.03346456692913391
2022-01-25	2480	2520	2400	2415	102938	-0.016293279022403295
2022-01-26	2415	2415	2290	2350	98756	-0.026915113871635588
2022-01-27	2370	2400	2220	2220	74445	-0.05531914893617018
2022-01-28	2260	2260	2075	2155	125796	-0.029279279279279313
2022-02-03	2180	2275	2160	2175	38283	0.009280742459396807
2022-02-04	2180	2340	2180	2290	30880	0.05287356321839076
2022-02-07	2290	2365	2275	2300	34119	0.004366812227074135
2022-02-08	2310	2340	2240	2270	40379	-0.013043478260869601
2022-02-09	2275	2290	2245	2255	32601	-0.0066079295154185536
2022-02-10	2280	2280	2210	2215	17324	-0.0177383592017738
2022-02-11	2215	2215	2100	2150	93243	-0.02934537246049662
2022-02-14	2090	2095	1970	2010	108473	-0.06511627906976747
2022-02-15	1965	2010	1900	1955	120252	-0.027363184079602032
2022-02-16	1955	2010	1950	2010	56259	0.028132992327365658
2022-02-17	2010	2095	1990	2010	62602	0.0
2022-02-18	1985	2030	1985	2015	29580	0.0024875621890547706
2022-02-21	2015	2035	1990	2005	23694	-0.00496277915632759
2022-02-22	1985	2005	1955	1995	44027	-0.004987531172069848
2022-02-23	1990	2010	1965	1990	15067	-0.0025062656641604564
2022-02-24	1970	2025	1885	1890	25551	-0.05025125628140703
2022-02-25	1900	2035	1875	1980	71575	0.04761904761904767
2022-02-28	1980	1995	1930	1980	15970	0.0
2022-03-02	1965	1995	1950	1955	86589	-0.012626262626262652
2022-03-03	1970	1980	1950	1970	27529	0.007672634271099765
2022-03-04	1970	1985	1945	1965	49332	-0.0025380710659898
2022-03-07	1965	1965	1895	1900	118636	-0.0330788804071247
2022-03-08	1860	1950	1835	1885	64102	-0.007894736842105288
2022-03-10	1890	1940	1890	1915	32353	0.01591511936339529
2022-03-11	1915	1960	1905	1910	40632	-0.0026109660574412663
2022-03-14	1915	2030	1910	1950	121608	0.020942408376963373
2022-03-15	1945	1945	1900	1920	30596	-0.01538461538461533
2022-03-16	1925	1950	1900	1940	24822	0.01041666666666674
2022-03-17	1940	2015	1940	1945	66080	0.002577319587628857
2022-03-18	1965	1970	1910	1940	55238	-0.0025706940874036244
2022-03-21	1950	1995	1920	1935	45299	-0.002577319587628857
2022-03-22	1935	1935	1895	1925	54499	-0.0051679586563307955
2022-03-23	1930	2000	1915	1955	178618	0.01558441558441559
2022-03-24	1950	1950	1905	1935	80000	-0.010230179028132946
2022-03-25	1940	1960	1895	1910	128085	-0.012919896640826822
2022-03-28	1920	1925	1880	1900	51076	-0.005235602094240788
2022-03-29	1925	1930	1895	1910	59970	0.0052631578947368585
2022-03-30	1920	1930	1875	1900	107706	-0.005235602094240788
2022-03-31	1900	1915	1890	1915	77722	0.007894736842105177
2022-04-01	1915	2045	1900	1915	649332	0.0
2022-04-04	1930	2100	1925	2040	772329	0.06527415143603132
2022-04-05	2080	2080	2010	2055	156756	0.007352941176470562
2022-04-06	2050	2220	2015	2175	630324	0.058394160583941535
2022-04-07	2145	2185	2115	2185	194712	0.0045977011494253706
2022-04-08	2180	2240	2130	2190	138724	0.0022883295194509046
2022-04-11	2190	2300	2190	2280	297731	0.041095890410958846
2022-04-12	2280	2280	2115	2195	242317	-0.037280701754385914
2022-04-13	2170	2190	2120	2160	84574	-0.015945330296127547
2022-04-14	2160	2190	2085	2120	97290	-0.01851851851851849
2022-04-15	2115	2120	1980	2015	180326	-0.04952830188679247
2022-04-18	1985	2085	1985	2075	78375	0.02977667493796532
2022-04-19	2075	2135	2045	2090	102056	0.0072289156626506035
2022-04-20	2100	2100	2050	2060	99493	-0.014354066985645897
2022-04-21	2055	2090	2030	2065	87367	0.0024271844660195274
2022-04-22	2060	2145	2020	2125	171077	0.029055690072639306
2022-04-25	2060	2135	2055	2085	92570	-0.018823529411764683
2022-04-26	2085	2125	2080	2095	100359	0.004796163069544335
2022-04-27	2025	2065	2010	2050	157119	-0.021479713603818618
2022-04-28	2050	2090	2025	2065	117644	0.007317073170731714
2022-04-29	2065	2075	2030	2040	54328	-0.01210653753026636
2022-05-02	2040	2065	2020	2025	194611	-0.007352941176470562
2022-05-03	2025	2095	2025	2070	268630	0.022222222222222143
2022-05-04	2070	2075	2030	2040	101632	-0.01449275362318836
2022-05-06	2020	2130	2010	2040	176846	0.0
2022-05-09	2040	2070	2010	2030	130919	-0.004901960784313708
2022-05-10	1995	2000	1915	1965	109530	-0.03201970443349755
2022-05-11	1960	1990	1940	1960	44803	-0.0025445292620864812
2022-05-12	1960	1970	1875	1885	57521	-0.03826530612244894
2022-05-13	1885	1970	1885	1940	51881	0.02917771883289122
2022-05-16	1955	2010	1955	1975	39113	0.018041237113401998
2022-05-17	1995	2000	1895	1905	78299	-0.03544303797468351
2022-05-18	1930	1975	1895	1910	71303	0.002624671916010568
2022-05-19	1875	1925	1875	1885	35126	-0.01308900523560208
2022-05-20	1885	1990	1885	1970	78768	0.04509283819628651
2022-05-23	1970	2060	1940	1980	101988	0.0050761421319796
2022-05-24	2030	2110	1970	1980	776115	0.0
2022-05-25	1970	2025	1915	1915	379601	-0.03282828282828287
2022-05-26	1915	1945	1870	1875	156204	-0.02088772845953002
2022-05-27	1875	1900	1860	1875	84032	0.0
2022-05-30	1880	1930	1880	1920	61564	0.02400000000000002
2022-05-31	1920	1945	1900	1915	37529	-0.0026041666666666297
2022-06-02	1915	1915	1875	1895	29626	-0.010443864229765065
2022-06-03	1895	1960	1880	1900	97823	0.0026385224274405594
2022-06-07	1890	1965	1865	1925	114231	0.013157894736842035
2022-06-08	1925	1925	1890	1890	40718	-0.018181818181818188
2022-06-09	1890	1925	1885	1905	44626	0.007936507936507908
2022-06-10	1885	1915	1880	1880	29654	-0.013123359580052507
2022-06-13	1870	1870	1740	1740	125372	-0.07446808510638303
2022-06-14	1700	1725	1645	1710	134030	-0.017241379310344862
2022-06-15	1705	1705	1590	1620	82696	-0.052631578947368474
2022-06-16	1615	1815	1615	1645	366891	0.015432098765432167
2022-06-17	1620	1670	1540	1635	74892	-0.006079027355623046
2022-06-20	1620	1690	1525	1540	87773	-0.05810397553516822
2022-06-21	1510	1560	1500	1555	40903	0.009740259740259827
2022-06-22	1555	1600	1460	1475	84212	-0.05144694533762062
2022-06-23	1475	1510	1385	1450	109959	-0.016949152542372836
2022-06-24	1450	1545	1440	1450	111199	0.0
2022-06-27	1460	1550	1450	1525	102666	0.051724137931034475
2022-06-28	1515	1565	1505	1555	40593	0.01967213114754096
2022-06-29	1545	1570	1465	1570	17864	0.009646302250803762
2022-06-30	1665	1670	1565	1590	110821	0.01273885350318471
2022-07-01	1590	1610	1510	1585	252198	-0.0031446540880503138
2022-07-04	1585	1585	1365	1420	180955	-0.10410094637223977
2022-07-05	1420	1470	1415	1440	71709	0.014084507042253502
2022-07-06	1450	1465	1400	1410	82558	-0.02083333333333337
2022-07-07	1415	1450	1400	1450	67664	0.028368794326241176
2022-07-08	1460	1470	1430	1450	23030	0.0
2022-07-11	1450	1485	1405	1450	37581	0.0
2022-07-12	1445	1445	1385	1400	29159	-0.03448275862068961
2022-07-13	1400	1685	1375	1430	1046482	0.021428571428571352
2022-07-14	1405	1630	1365	1525	1068560	0.06643356643356646
