Date	Open	High	Low	Close	Volume	Change
2020-08-24	13200	14250	11900	12500	9251446	
2020-08-25	12750	12950	11800	12200	1776974	-0.02400000000000002
2020-08-26	12200	12400	11750	12000	1418706	-0.016393442622950838
2020-08-27	11950	11950	10950	11100	718234	-0.07499999999999996
2020-08-28	11250	11350	10900	11100	519233	0.0
2020-08-31	11000	11550	10850	10950	792298	-0.013513513513513487
2020-09-01	11050	11200	10900	11050	204851	0.009132420091324311
2020-09-02	11200	11250	10900	11100	232050	0.004524886877828038
2020-09-03	11150	11350	11100	11200	370512	0.009009009009008917
2020-09-04	10750	10900	10600	10800	220187	-0.0357142857142857
2020-09-07	10850	10950	10650	10650	177045	-0.01388888888888884
2020-09-08	10700	10750	10400	10500	238683	-0.014084507042253502
2020-09-09	10250	10500	10250	10400	131964	-0.00952380952380949
2020-09-10	10600	10600	10300	10400	143526	0.0
2020-09-11	10400	10600	10300	10600	103961	0.019230769230769162
2020-09-14	10550	10800	10500	10650	125586	0.004716981132075526
2020-09-15	10750	10750	10450	10600	56409	-0.0046948356807511304
2020-09-16	10600	10700	10450	10550	108449	-0.004716981132075526
2020-09-17	10850	10850	10450	10500	116593	-0.004739336492891044
2020-09-18	10600	10600	10200	10200	116757	-0.02857142857142858
2020-09-21	10200	10200	9690	9700	160988	-0.0490196078431373
2020-09-22	9640	9640	9010	9190	171836	-0.0525773195876289
2020-09-23	9380	9400	9080	9300	75091	0.01196953210010876
2020-09-24	9030	9100	8380	8420	175971	-0.09462365591397848
2020-09-25	8450	8530	8300	8400	51141	-0.002375296912114022
2020-09-28	8470	8620	8460	8550	39239	0.017857142857142794
2020-09-29	8680	8780	8600	8760	69223	0.024561403508772006
2020-10-05	9050	9110	8740	8780	101365	0.0022831050228311334
2020-10-06	8810	8880	8720	8820	29084	0.004555808656036442
2020-10-07	8830	8830	8670	8770	29008	-0.005668934240362855
2020-10-08	8800	9020	8780	8880	52240	0.012542759407069504
2020-10-12	9000	9000	8840	8920	25154	0.0045045045045044585
2020-10-13	8970	9170	8920	9010	50502	0.010089686098654793
2020-10-14	9020	9140	8870	8940	33313	-0.007769145394006638
2020-10-15	8920	9050	8560	8690	36830	-0.027964205816554788
2020-10-16	8700	8800	8420	8440	33282	-0.028768699654775576
2020-10-19	8500	8580	8350	8360	22711	-0.009478672985781977
2020-10-20	8380	8380	8120	8210	34539	-0.01794258373205737
2020-10-21	8210	8320	8150	8220	16881	0.0012180267965895553
2020-10-22	8290	8290	8070	8150	54938	-0.008515815085158196
2020-10-23	8300	8300	8070	8170	27068	0.0024539877300613355
2020-10-26	8170	8170	7760	7850	54109	-0.039167686658506784
2020-10-27	7660	7890	7630	7760	22458	-0.01146496815286624
2020-10-28	7890	7900	7660	7840	36348	0.010309278350515427
2020-10-29	7810	7850	7650	7750	17344	-0.011479591836734748
2020-10-30	7860	7860	7700	7710	20202	-0.005161290322580614
2020-11-02	7710	7880	7690	7770	17921	0.0077821011673151474
2020-11-03	7790	7890	7750	7830	21219	0.007722007722007707
2020-11-04	7860	8510	7850	8260	170809	0.054916985951468655
2020-11-05	8270	10700	8000	9710	4098344	0.17554479418886193
2020-11-06	9700	9710	8970	8970	623898	-0.07621009268795054
2020-11-09	9120	9200	8920	9190	258745	0.024526198439241975
2020-11-10	9190	9190	8780	8780	172375	-0.044613710554951
2020-11-11	8700	8770	8460	8550	131041	-0.026195899772209597
2020-11-12	8550	8740	8550	8650	62531	0.011695906432748648
2020-11-13	8650	8690	8350	8500	57461	-0.017341040462427793
2020-11-16	8600	8750	8530	8700	69165	0.0235294117647058
2020-11-17	8630	8760	8510	8600	53382	-0.011494252873563204
2020-11-18	8540	8650	8530	8610	28518	0.0011627906976743319
2020-11-19	8600	8650	8500	8550	26198	-0.006968641114982632
2020-11-20	8630	8630	8500	8550	40343	0.0
2020-11-23	8550	8660	8450	8630	45432	0.009356725146198785
2020-11-24	8630	8690	8480	8520	53316	-0.01274623406720743
2020-11-25	8530	8720	8500	8510	60288	-0.0011737089201877549
2020-11-26	8500	8690	8500	8570	49654	0.007050528789659172
2020-11-27	8570	8590	8400	8510	28952	-0.007001166861143493
2020-11-30	8510	8640	8430	8430	33726	-0.009400705052878933
2020-12-01	8400	8580	8400	8460	17875	0.003558718861210064
2020-12-02	8500	8510	8320	8320	44705	-0.01654846335697402
2020-12-03	8320	8370	8100	8200	33913	-0.014423076923076872
2020-12-04	8280	8280	8070	8120	34186	-0.009756097560975618
2020-12-07	8100	8200	8020	8040	21202	-0.009852216748768461
2020-12-08	8070	8130	8020	8020	22966	-0.0024875621890547706
2020-12-09	8080	8080	8000	8040	19466	0.0024937655860348684
2020-12-10	8040	8150	8020	8150	19070	0.013681592039801016
2020-12-11	8150	8290	8130	8270	18957	0.014723926380368013
2020-12-14	8210	8350	8150	8190	19102	-0.0096735187424426
2020-12-15	8240	8270	8150	8210	14239	0.0024420024420024333
2020-12-16	8220	8420	8160	8420	134513	0.025578562728379994
2020-12-17	8420	8550	8220	8220	69531	-0.02375296912114011
2020-12-18	8220	8330	8170	8180	20874	-0.0048661800486617945
2020-12-21	8260	8260	8070	8100	22207	-0.009779951100244544
2020-12-22	8100	8140	7880	7900	53948	-0.024691358024691357
2020-12-23	7970	8020	7790	7800	37780	-0.012658227848101222
2020-12-24	7800	7970	7800	7870	19035	0.008974358974358942
2020-12-28	7890	7890	7660	7770	22449	-0.01270648030495558
2020-12-29	7770	7900	7700	7860	29363	0.01158301158301156
2020-12-30	7860	7970	7820	7910	24519	0.006361323155216203
2021-01-04	7900	8120	7900	8120	56535	0.026548672566371723
2021-01-05	8140	8290	8040	8210	56526	0.011083743842364546
2021-01-06	8210	8340	8120	8170	47838	-0.00487210718635811
2021-01-07	8180	8310	8140	8290	49850	0.014687882496940086
2021-01-08	8310	8360	8190	8210	39815	-0.00965018094089265
2021-01-11	8210	8250	7960	7990	62049	-0.02679658952496955
2021-01-12	7910	8040	7840	7990	40742	0.0
2021-01-13	8000	8070	7940	8060	35380	0.008760951188986343
2021-01-14	8010	8240	8000	8070	47097	0.001240694789081953
2021-01-15	8120	8450	8000	8360	124630	0.03593556381660479
2021-01-18	8420	8420	8090	8240	85811	-0.014354066985645897
2021-01-19	8240	8570	8180	8500	155491	0.031553398058252524
2021-01-20	8500	8560	8400	8500	74585	0.0
2021-01-21	8570	8570	8310	8330	50247	-0.020000000000000018
2021-01-22	8330	8370	8200	8250	40220	-0.009603841536614643
2021-01-25	8220	8390	8220	8370	39910	0.014545454545454639
2021-01-26	8370	8380	8240	8300	20335	-0.008363201911589013
2021-01-27	8310	8430	8280	8380	32655	0.009638554216867545
2021-01-28	8300	8310	8200	8220	24801	-0.019093078758949833
2021-01-29	8200	8240	7840	7890	60251	-0.04014598540145986
2021-02-01	7780	8000	7770	7850	32895	-0.005069708491761693
2021-02-02	7900	8030	7900	7950	21267	0.01273885350318471
2021-02-03	7990	8050	7950	8030	29861	0.010062893081761004
2021-02-04	8030	8180	7990	8130	34848	0.012453300124533051
2021-02-05	8130	8150	8020	8050	29503	-0.009840098400983988
2021-02-08	8020	8050	7980	7980	20190	-0.008695652173912993
2021-02-09	7970	8080	7970	8030	15729	0.006265664160401085
2021-02-10	8040	8240	7960	8240	48236	0.026151930261519407
2021-02-15	8380	8380	8200	8240	60960	0.0
2021-02-16	8240	8410	8180	8290	43341	0.0060679611650484855
2021-02-17	8340	8440	8190	8210	40589	-0.00965018094089265
2021-02-18	8280	8480	8240	8310	77233	0.01218026796589533
2021-02-19	8320	8470	8190	8280	52261	-0.0036101083032491488
2021-02-22	8300	8410	8180	8200	32638	-0.009661835748792313
2021-02-23	8160	8170	8010	8020	40728	-0.02195121951219514
2021-02-24	7920	8070	7910	7990	23498	-0.0037406483790524137
2021-02-25	7980	8100	7980	8020	8251	0.003754693366708306
2021-02-26	7920	7970	7860	7890	16833	-0.016209476309226978
2021-03-02	7940	8000	7900	7910	13916	0.0025348542458809575
2021-03-03	7950	8080	7810	7990	30095	0.010113780025284402
2021-03-04	7990	7990	7800	7850	29548	-0.017521902377972465
2021-03-05	7760	7930	7760	7870	12073	0.002547770700636942
2021-03-08	7940	8200	7930	8020	54624	0.019059720457433205
2021-03-09	7940	8020	7780	7900	45802	-0.014962593516209433
2021-03-10	7900	8010	7810	7820	14865	-0.010126582278481067
2021-03-11	7820	7950	7770	7920	22497	0.01278772378516635
2021-03-12	8050	8050	7860	7890	48647	-0.0037878787878787845
2021-03-15	7890	8030	7880	7980	22695	0.011406844106463865
2021-03-16	7980	8080	7940	8070	25081	0.011278195488721776
2021-03-17	8030	8150	8030	8140	27566	0.00867410161090465
2021-03-18	8140	8160	8060	8090	19410	-0.00614250614250611
2021-03-19	8040	8270	8040	8210	85504	0.014833127317676054
2021-03-22	8240	8260	8100	8240	33002	0.0036540803897686658
2021-03-23	8200	8260	8120	8180	33311	-0.007281553398058249
2021-03-24	8150	8250	8100	8230	24012	0.006112469437652868
2021-03-25	8200	8270	8180	8270	23584	0.004860267314702238
2021-03-26	8320	8340	8210	8240	25352	-0.0036275695284159193
2021-03-29	8170	8240	8110	8180	25442	-0.007281553398058249
2021-03-30	8190	8200	8130	8160	10143	-0.0024449877750610804
2021-03-31	8130	8250	8070	8110	29355	-0.006127450980392135
2021-04-01	8080	8130	8070	8110	10638	0.0
2021-04-02	8110	8150	8070	8090	18205	-0.002466091245376112
2021-04-05	8110	8150	8080	8140	16853	0.006180469715698411
2021-04-06	8150	8180	8110	8150	12624	0.0012285012285011554
2021-04-07	8160	8490	8160	8420	88860	0.03312883435582825
2021-04-08	8490	8490	8210	8240	59867	-0.02137767220902609
2021-04-09	8290	8460	8210	8330	47157	0.010922330097087318
2021-04-12	8410	8490	8310	8480	42948	0.01800720288115243
2021-04-13	8480	8490	8370	8460	27181	-0.002358490566037763
2021-04-14	8500	8550	8330	8420	79935	-0.004728132387706863
2021-04-15	8500	8750	8420	8590	77711	0.020190023752969077
2021-04-16	8590	8610	8400	8460	45867	-0.015133876600698537
2021-04-19	8520	8580	8330	8360	34662	-0.011820330969267157
2021-04-20	8360	8480	8320	8350	20397	-0.0011961722488038617
2021-04-21	8350	8440	8300	8350	29630	0.0
2021-04-22	8390	8490	8340	8410	39368	0.007185628742514938
2021-04-23	8400	8530	8310	8510	28393	0.01189060642092743
2021-04-26	8550	8750	8410	8490	43648	-0.002350176263219761
2021-04-27	8490	8650	8310	8590	87270	0.011778563015312216
2021-04-28	8570	8730	8430	8570	135401	-0.002328288707799775
2021-04-29	8500	8670	8400	8520	40707	-0.005834305717619559
2021-04-30	8520	8590	8350	8430	28692	-0.010563380281690127
2021-05-03	8490	8640	8350	8440	47630	0.0011862396204034287
2021-05-04	8440	8500	8280	8330	26280	-0.013033175355450233
2021-05-06	8340	8520	8310	8410	29734	0.009603841536614643
2021-05-07	8420	8570	8390	8550	51302	0.016646848989298357
2021-05-10	8560	8730	8550	8710	72257	0.01871345029239757
2021-05-11	8710	8720	8530	8690	41967	-0.0022962112514350874
2021-05-12	8610	8690	8430	8580	34454	-0.012658227848101222
2021-05-13	8380	8490	8360	8410	23730	-0.019813519813519864
2021-05-14	8390	8510	8380	8380	18071	-0.003567181926278251
2021-05-17	8410	8470	8230	8280	24503	-0.011933174224343701
2021-05-18	8390	8390	8110	8230	26470	-0.006038647342995196
2021-05-20	8230	8280	8180	8270	13150	0.004860267314702238
2021-05-21	8290	8330	8120	8120	24399	-0.01813784764207982
2021-05-24	8060	8120	8030	8030	16601	-0.011083743842364546
2021-05-25	8030	8090	8030	8040	10871	0.001245330012453305
2021-05-26	8080	8330	8050	8120	17754	0.00995024875621886
2021-05-27	8160	8190	8050	8100	11437	-0.0024630541871921707
2021-05-28	8130	8160	8100	8110	13304	0.0012345679012346622
2021-05-31	8140	8320	8140	8230	18797	0.01479654747225645
2021-06-01	8230	8270	8190	8270	9272	0.004860267314702238
2021-06-02	8280	8290	8200	8260	28674	-0.0012091898428052694
2021-06-03	8270	8350	8160	8180	60886	-0.009685230024213065
2021-06-04	8180	8280	8180	8270	23039	0.011002444987775029
2021-06-07	8290	8390	8250	8390	37192	0.0145102781136639
2021-06-08	8390	8390	8180	8230	29403	-0.019070321811680557
2021-06-09	8250	8350	8220	8350	27553	0.014580801944106936
2021-06-10	8310	8350	8260	8340	16513	-0.0011976047904191933
2021-06-11	8340	8370	8300	8320	13888	-0.0023980815347721673
2021-06-14	8320	10200	8280	9710	3909630	0.1670673076923077
2021-06-15	9560	9950	9220	9600	1131402	-0.011328527291452062
2021-06-16	11700	12400	10450	10450	5271859	0.08854166666666674
2021-06-17	10400	10950	10250	10600	809497	0.014354066985645897
2021-06-18	10350	10450	9970	10200	533377	-0.037735849056603765
2021-06-21	9880	9990	9510	9570	409236	-0.061764705882352944
2021-06-22	9550	9990	9540	9710	298091	0.014629049111807735
2021-06-23	9710	9750	9360	9500	216552	-0.02162718846549949
2021-06-24	9430	9550	9310	9320	112281	-0.0189473684210526
2021-06-25	9330	9520	9220	9270	76217	-0.005364806866952843
2021-06-28	9260	9300	9080	9230	184518	-0.004314994606256728
2021-06-29	9230	9350	9030	9110	138047	-0.013001083423618609
2021-06-30	9190	9310	9100	9230	83717	0.01317233809001106
2021-07-01	9330	9510	9250	9250	170672	0.0021668472372697867
2021-07-02	9230	9250	8950	9080	105607	-0.018378378378378413
2021-07-05	9080	9110	8920	8980	77617	-0.011013215859030812
2021-07-06	8980	9070	8940	9020	58219	0.00445434298440972
2021-07-07	9020	9200	8930	9100	96569	0.008869179600886845
2021-07-08	9020	9090	8770	8950	104957	-0.016483516483516536
2021-07-09	8900	9040	8710	9040	77268	0.010055865921787754
2021-07-12	9000	9250	8980	9180	79081	0.015486725663716783
2021-07-13	9210	9280	9110	9190	56243	0.0010893246187364536
2021-07-14	9190	9200	8500	8990	95357	-0.021762785636561532
2021-07-15	9050	9060	8810	8940	52100	-0.005561735261401579
2021-07-16	8860	8940	8810	8820	35908	-0.01342281879194629
2021-07-19	8820	8860	8650	8740	54678	-0.009070294784580546
2021-07-20	8680	8770	8590	8640	34745	-0.011441647597253968
2021-07-21	8640	8730	8490	8500	53041	-0.01620370370370372
2021-07-22	8510	9200	8510	9100	233444	0.07058823529411762
2021-07-23	9100	9180	8680	8770	167782	-0.036263736263736246
2021-07-26	8790	8900	8720	8770	50511	0.0
2021-07-27	8700	9060	8700	8950	109267	0.020524515393386622
2021-07-28	8900	9090	8840	8860	55615	-0.010055865921787754
2021-07-29	8860	8910	8820	8840	27315	-0.0022573363431150906
2021-07-30	8950	8950	8690	8740	31477	-0.011312217194570096
2021-08-02	8700	8830	8700	8720	29353	-0.0022883295194507935
2021-08-03	8720	8860	8630	8750	34787	0.0034403669724769603
2021-08-04	8750	8980	8720	8830	65431	0.00914285714285712
2021-08-05	8920	8950	8830	8940	30708	0.01245753114382775
2021-08-06	8970	9030	8820	8860	33877	-0.008948545861297563
2021-08-09	8860	8990	8850	8890	51616	0.003386004514672747
2021-08-10	8990	9400	8910	9110	335359	0.02474690663667034
2021-08-11	9110	9130	8740	8740	84792	-0.040614709110867175
2021-08-12	8780	8800	8640	8760	56363	0.0022883295194509046
2021-08-13	8740	8740	8470	8550	53687	-0.023972602739726012
2021-08-17	8540	8550	8070	8080	125144	-0.054970760233918115
2021-08-18	8070	8270	8040	8230	33867	0.01856435643564347
2021-08-19	8130	8300	7700	7890	68340	-0.04131227217496958
2021-08-20	7870	7980	7590	7620	58409	-0.034220532319391594
2021-08-23	7620	8000	7430	7880	37337	0.034120734908136496
2021-08-24	7950	8210	7920	8140	39880	0.03299492385786795
2021-08-25	8140	8350	7930	8060	36482	-0.009828009828009798
2021-08-26	8060	8150	7870	7980	28533	-0.00992555831265507
2021-08-27	7900	8150	7870	7980	25189	0.0
2021-08-30	7980	8110	7920	8100	20882	0.015037593984962516
2021-08-31	8130	8250	8000	8220	37664	0.014814814814814836
2021-09-01	8290	8290	8180	8280	22010	0.007299270072992803
2021-09-02	8280	8310	8210	8280	10667	0.0
2021-09-03	8270	8450	8210	8350	29257	0.008454106280193274
2021-09-06	8350	8420	8290	8390	23469	0.004790419161676551
2021-09-07	8460	8460	8300	8380	15738	-0.0011918951132300348
2021-09-08	8380	8380	8150	8240	21719	-0.01670644391408116
2021-09-09	8190	8240	7990	7990	35950	-0.03033980582524276
2021-09-10	8000	8100	7960	8070	16687	0.01001251564455563
2021-09-13	8100	8160	8010	8100	15390	0.0037174721189590088
2021-09-14	8030	8240	8030	8150	26130	0.006172839506172867
2021-09-15	8280	8280	8060	8120	15404	-0.0036809815950920033
2021-09-16	8060	8120	7980	8020	18985	-0.012315270935960632
2021-09-17	8020	8150	7900	8100	16864	0.009975062344139696
2021-09-23	8100	8100	7950	7960	18644	-0.01728395061728394
2021-09-24	7850	8080	7850	7860	16319	-0.012562814070351758
2021-09-27	7940	8210	7800	7960	21737	0.012722646310432628
2021-09-28	7740	7960	7740	7810	15565	-0.018844221105527637
2021-09-29	7670	7720	7500	7670	41437	-0.017925736235595346
2021-09-30	7630	7820	7590	7740	29841	0.009126466753585305
2021-10-01	7740	7800	7530	7570	15964	-0.021963824289405687
2021-10-05	7500	7500	7250	7260	54788	-0.04095112285336855
2021-10-06	7260	7420	7050	7190	34165	-0.009641873278236957
2021-10-07	7070	7420	7070	7310	21890	0.016689847009735637
2021-10-08	7320	7410	7180	7300	10553	-0.001367989056087593
2021-10-12	7310	7340	7100	7250	11785	-0.006849315068493178
2021-10-13	7140	7350	7140	7350	12942	0.01379310344827589
2021-10-14	7460	7600	7390	7520	9799	0.023129251700680253
2021-10-15	7540	7600	7450	7480	11966	-0.005319148936170248
2021-10-18	7770	7810	7610	7690	24429	0.02807486631016043
2021-10-19	7810	7810	7650	7710	10289	0.002600780234070177
2021-10-20	7710	7770	7580	7700	12344	-0.0012970168612191912
2021-10-21	7930	7930	7620	7710	20782	0.0012987012987013546
2021-10-22	7700	7850	7660	7720	7752	0.0012970168612191912
2021-10-25	7720	7730	7500	7730	19320	0.0012953367875647714
2021-10-26	7660	7780	7660	7750	13339	0.002587322121604174
2021-10-27	7790	7970	7740	7790	15895	0.005161290322580614
2021-10-28	7780	7800	7660	7780	12064	-0.0012836970474967568
2021-10-29	7750	7800	7660	7720	18499	-0.007712082262210762
2021-11-01	7720	7790	7570	7570	22465	-0.01943005181347146
2021-11-02	7780	7780	7640	7680	8940	0.014531043593130732
2021-11-03	7690	7760	7630	7700	7175	0.0026041666666667407
2021-11-04	7700	7770	7630	7670	7105	-0.003896103896103842
2021-11-05	7510	7670	7450	7540	24512	-0.016949152542372836
2021-11-08	7540	7660	7400	7590	21142	0.006631299734747964
2021-11-09	7600	7630	7470	7520	10882	-0.00922266139657446
2021-11-10	7520	7620	7360	7520	9719	0.0
2021-11-11	7520	7520	7420	7480	9966	-0.005319148936170248
2021-11-12	7420	7580	7310	7460	7378	-0.002673796791443861
2021-11-15	7590	7620	7500	7540	14368	0.01072386058981234
2021-11-16	7590	7650	7560	7610	9310	0.009283819628647105
2021-11-17	7750	7830	7610	7800	30600	0.024967148488830526
2021-11-18	7820	7850	7670	7670	27326	-0.01666666666666672
2021-11-19	7670	7800	7660	7660	18502	-0.0013037809647978849
2021-11-22	7840	7840	7710	7800	20642	0.018276762402088753
2021-11-23	7820	7880	7790	7800	20278	0.0
2021-11-24	7800	7880	7720	7770	11836	-0.0038461538461538325
2021-11-25	7770	7830	7730	7780	12191	0.0012870012870012104
2021-11-26	7780	7830	7670	7670	15590	-0.014138817480719768
2021-11-29	7660	7670	7470	7670	15038	0.0
2021-11-30	7670	7750	7290	7520	24687	-0.019556714471968717
2021-12-01	7510	7530	7300	7510	14716	-0.0013297872340425343
2021-12-02	7510	7720	7500	7640	25712	0.017310252996005415
2021-12-03	7640	7780	7620	7720	24489	0.010471204188481575
2021-12-06	7720	8090	7720	7960	32171	0.031088082901554515
2021-12-07	7960	7990	7800	7890	18130	-0.008793969849246186
2021-12-08	7890	8020	7500	7860	22511	-0.0038022813688213253
2021-12-09	7860	7920	7750	7850	8076	-0.0012722646310432406
2021-12-10	7850	7910	7790	7910	12825	0.007643312101910826
2021-12-13	7920	8190	7920	8120	44082	0.026548672566371723
2021-12-14	8040	8090	7870	8080	13327	-0.0049261083743842304
2021-12-15	8000	8080	7900	8080	8360	0.0
2021-12-16	8000	8010	7900	8000	9216	-0.00990099009900991
2021-12-17	7980	7980	7870	7960	11763	-0.0050000000000000044
2021-12-20	7930	7940	7580	7580	22710	-0.047738693467336724
2021-12-21	7530	7680	7350	7680	26825	0.013192612137203241
2021-12-22	7680	7750	7570	7640	10982	-0.00520833333333337
2021-12-23	7660	7860	7610	7660	17420	0.002617801047120505
2021-12-24	7670	7900	7670	7740	16615	0.010443864229765065
2021-12-27	7740	7800	7740	7770	13780	0.003875968992248069
2021-12-28	7780	7890	7750	7780	17572	0.0012870012870012104
2021-12-29	7830	7870	7710	7780	14949	0.0
2021-12-30	7800	7860	7780	7810	12368	0.003856041131105492
2022-01-03	7820	7970	7820	7960	16572	0.019206145966709443
2022-01-04	7970	8160	7970	8160	41656	0.025125628140703515
2022-01-05	8170	8180	8020	8120	20406	-0.004901960784313708
2022-01-06	8030	8150	8020	8110	22182	-0.0012315270935960854
2022-01-07	8120	8420	8120	8350	149423	0.0295930949445129
2022-01-10	8350	8400	8260	8350	37545	0.0
2022-01-11	8250	8340	8130	8250	32743	-0.0119760479041916
2022-01-12	8250	8410	8210	8340	18742	0.01090909090909098
2022-01-13	8420	8420	8210	8330	14441	-0.0011990407673860837
2022-01-14	8300	8330	8230	8280	10866	-0.00600240096038418
2022-01-17	8270	8270	7880	8000	90999	-0.033816425120772986
2022-01-18	8000	8120	7820	7990	20538	-0.0012499999999999734
2022-01-19	7950	8000	7800	7930	18209	-0.007509386733416723
2022-01-20	7930	8110	7930	8100	16181	0.021437578814627933
2022-01-21	8150	8210	8100	8150	14014	0.006172839506172867
2022-01-24	8050	8050	7410	7770	20623	-0.0466257668711656
2022-01-25	7770	7950	7600	7630	27647	-0.018018018018018056
2022-01-26	7680	7750	7550	7700	16673	0.00917431192660545
2022-01-27	7700	7780	7420	7740	24875	0.0051948051948051965
2022-01-28	7750	7770	7500	7750	17293	0.0012919896640826156
2022-02-03	7800	7960	7750	7900	13444	0.019354838709677358
2022-02-04	7900	8090	7850	8090	23285	0.02405063291139231
2022-02-07	8090	8090	7920	7920	13905	-0.021013597033374576
2022-02-08	7920	8240	7920	8200	16710	0.03535353535353525
2022-02-09	8200	8230	8100	8140	5921	-0.007317073170731714
2022-02-10	8020	8300	7950	8140	63474	0.0
2022-02-11	8040	8140	7990	8050	17619	-0.011056511056511065
2022-02-14	7900	8040	7770	7860	13628	-0.023602484472049712
2022-02-15	7780	7850	7700	7750	11079	-0.013994910941475869
2022-02-16	7750	8050	7750	7950	8862	0.02580645161290329
2022-02-17	7950	8030	7800	7950	12162	0.0
2022-02-18	7940	7950	7810	7940	8353	-0.0012578616352201255
2022-02-21	7940	8010	7810	8010	10460	0.00881612090680095
2022-02-22	7990	8010	7750	7750	14763	-0.03245942571785265
2022-02-23	7720	7910	7680	7810	7019	0.007741935483871032
2022-02-24	7810	7830	7600	7770	11586	-0.005121638924455829
2022-02-25	7690	7870	7690	7850	10272	0.01029601029601035
2022-02-28	7830	7960	7680	7910	12704	0.007643312101910826
2022-03-02	7910	8030	7870	7970	13652	0.007585335018963413
2022-03-03	8040	8040	7800	7850	22213	-0.01505646173149311
2022-03-04	7850	7850	7670	7680	29582	-0.021656050955414008
2022-03-07	7660	7670	7430	7500	33028	-0.0234375
2022-03-08	7410	7630	7370	7540	24369	0.005333333333333412
2022-03-10	7550	7730	7540	7650	9892	0.01458885941644561
2022-03-11	7650	7850	7570	7690	20072	0.005228758169934622
2022-03-14	7700	7770	7570	7600	12496	-0.011703511053316018
2022-03-15	7530	7590	7470	7500	10119	-0.013157894736842146
2022-03-16	7510	7580	7470	7580	9011	0.010666666666666602
2022-03-17	7650	7740	7640	7680	20298	0.013192612137203241
2022-03-18	7800	7800	7660	7780	9634	0.01302083333333326
2022-03-21	7850	7850	7670	7710	25569	-0.00899742930591263
2022-03-22	7680	7740	7640	7710	18401	0.0
2022-03-23	7750	7760	7640	7760	31295	0.006485084306095956
2022-03-24	7760	7840	7620	7800	31937	0.005154639175257714
2022-03-25	7800	7850	7730	7800	21170	0.0
2022-03-28	7840	7920	7780	7780	20045	-0.002564102564102555
2022-03-29	7800	7880	7780	7830	17706	0.006426735218509005
2022-03-30	7840	7870	7810	7860	9816	0.003831417624521105
2022-03-31	7850	7940	7830	7910	31120	0.006361323155216203
2022-04-01	7920	8270	7870	8270	112420	0.04551201011378003
2022-04-04	8520	8880	8290	8850	272322	0.07013301088270851
2022-04-05	8850	8850	8640	8800	61792	-0.005649717514124242
2022-04-06	8700	8770	8550	8730	30702	-0.007954545454545436
2022-04-07	8570	8630	8420	8520	39093	-0.02405498281786944
2022-04-08	8440	8490	8360	8480	16657	-0.0046948356807511304
2022-04-11	8470	8580	8370	8520	13855	0.004716981132075526
2022-04-12	8330	8480	8250	8450	17521	-0.008215962441314506
2022-04-13	8400	8600	8360	8540	16673	0.010650887573964596
2022-04-14	8560	8650	8490	8510	13794	-0.003512880562060894
2022-04-15	8420	8510	8350	8360	11882	-0.01762632197414804
2022-04-18	8460	8600	8270	8270	20806	-0.010765550239234423
2022-04-19	8270	8510	8150	8440	22278	0.02055622732769047
2022-04-20	8540	8560	8380	8480	21438	0.004739336492890933
2022-04-21	8480	8480	8360	8430	12299	-0.005896226415094352
2022-04-22	8430	8430	8200	8250	20119	-0.02135231316725983
2022-04-25	8060	8160	7950	8140	46719	-0.013333333333333308
2022-04-26	8090	8130	7950	8110	40251	-0.0036855036855036882
2022-04-27	8030	8070	7870	8060	22546	-0.006165228113440224
2022-04-28	8000	8140	7950	8140	15582	0.00992555831265518
2022-04-29	8140	8230	8070	8100	24635	-0.004914004914004955
2022-05-02	8100	8700	8060	8560	81828	0.05679012345679002
2022-05-03	8570	8800	8540	8600	29424	0.004672897196261738
2022-05-04	8720	8720	8470	8490	28312	-0.01279069767441865
2022-05-06	8480	8690	8340	8520	26130	0.0035335689045936647
2022-05-09	8520	8550	8150	8290	22031	-0.02699530516431925
2022-05-10	8070	8190	7870	8150	20458	-0.016887816646562137
2022-05-11	8080	8440	8080	8380	17538	0.02822085889570558
2022-05-12	8350	8350	7700	8030	38785	-0.0417661097852029
2022-05-13	7970	8450	7970	8400	36744	0.04607721046077207
2022-05-16	8520	8540	8400	8430	28008	0.0035714285714285587
2022-05-17	8430	8750	8430	8670	75841	0.028469750889679624
2022-05-18	8670	8990	8610	8710	129787	0.0046136101499423265
2022-05-19	8430	8580	8370	8510	42003	-0.02296211251435132
2022-05-20	8490	8500	8290	8500	32970	-0.001175088131609825
2022-05-23	8500	9040	8450	8980	109253	0.05647058823529405
2022-05-24	8980	8980	8630	8650	67801	-0.03674832962138086
2022-05-25	8650	8750	8320	8540	86975	-0.012716763005780396
2022-05-26	8540	8620	8310	8350	28615	-0.022248243559718994
2022-05-27	8360	8440	8300	8420	23273	0.008383233532934131
2022-05-30	8500	8700	8470	8670	40746	0.029691211401425166
2022-05-31	8740	8840	8660	8830	50884	0.018454440599769306
2022-06-02	8740	8930	8660	8900	38030	0.007927519818799578
2022-06-03	8900	9090	8900	8960	38672	0.006741573033707926
2022-06-07	8960	9130	8860	9010	58379	0.005580357142857206
2022-06-08	9000	9110	8970	9050	48876	0.004439511653718142
2022-06-09	9050	9050	8660	8880	34347	-0.018784530386740328
2022-06-10	8880	8880	8650	8740	23465	-0.015765765765765716
2022-06-13	8480	8530	8240	8400	44533	-0.0389016018306636
2022-06-14	8220	8310	8020	8190	30784	-0.025000000000000022
2022-06-15	8060	8140	7770	7910	47164	-0.03418803418803418
2022-06-16	7910	8180	7890	8050	27660	0.017699115044247815
2022-06-17	8050	8050	7720	7990	19882	-0.007453416149068359
2022-06-20	7990	7990	7380	7580	67734	-0.051314142678347885
2022-06-21	7430	7630	7430	7590	14209	0.0013192612137202797
2022-06-22	7630	7670	7360	7360	15553	-0.030303030303030276
2022-06-23	7360	7400	6830	7010	41748	-0.04755434782608692
2022-06-24	7010	7500	6930	7500	33635	0.06990014265335232
2022-06-27	7500	7620	7420	7490	30578	-0.0013333333333332975
2022-06-28	7520	7670	7360	7430	34939	-0.008010680907877155
2022-06-29	7390	7460	7140	7450	17446	0.0026917900403768957
2022-06-30	7420	7460	7170	7450	36232	0.0
2022-07-01	7290	7700	7280	7380	33213	-0.00939597315436247
2022-07-04	7350	7700	7150	7270	29445	-0.01490514905149054
2022-07-05	7210	7480	7210	7440	22809	0.023383768913342484
2022-07-06	7550	7770	7450	7570	40041	0.017473118279569988
2022-07-07	7570	7770	7570	7740	24298	0.022457067371202122
2022-07-08	7750	7820	7680	7730	29850	-0.0012919896640827266
2022-07-11	7730	7840	7680	7790	13287	0.0077619663648125226
2022-07-12	7770	7770	7510	7520	19987	-0.03465982028241332
2022-07-13	7480	7690	7370	7650	13221	0.017287234042553168
2022-07-14	7650	7830	7490	7650	9272	0.0
