Date	Open	High	Low	Close	Volume	Change
2019-12-04	2215	2215	2110	2121	623648	
2019-12-05	2120	2136	2115	2121	320173	0.0
2019-12-06	2120	2125	2110	2110	56453	-0.005186232909005217
2019-12-09	2115	2120	2115	2121	3711	0.005213270142180093
2019-12-10	2115	2125	2115	2121	15944	0.0
2019-12-11	2115	2125	2115	2126	44772	0.0023573785950024018
2019-12-12	2125	2131	2120	2131	30530	0.002351834430855959
2019-12-13	2115	2131	2110	2126	13192	-0.002346316283434957
2019-12-16	2125	2125	2115	2126	212	0.0
2019-12-17	2125	2131	2110	2126	34545	0.0
2019-12-18	2120	2120	2115	2121	2293	-0.00235183443085607
2019-12-19	2115	2120	2115	2121	12	0.0
2019-12-20	2120	2120	2120	2121	17609	0.0
2019-12-23	2120	2120	2120	2121	19	0.0
2019-12-24	2115	2120	2115	2121	1081	0.0
2019-12-26	2115	2120	2110	2121	950	0.0
2019-12-27	2125	2125	2115	2126	485	0.0023573785950024018
2019-12-30	2125	2131	2125	2131	43145	0.002351834430855959
2020-01-02	2131	2131	2115	2131	959	0.0
2020-01-03	2115	2131	2115	2131	4378	0.0
2020-01-06	2131	2131	2131	2131	19	0.0
2020-01-07	2115	2131	2115	2131	143	0.0
2020-01-08	2120	2131	2120	2131	220	0.0
2020-01-09	2115	2147	2115	2131	22314	0.0
2020-01-10	2131	2131	2125	2131	6464	0.0
2020-01-13	2115	2125	2110	2126	35867	-0.002346316283434957
2020-01-14	2125	2125	2120	2126	15924	0.0
2020-01-15	2120	2125	2115	2115	78	-0.005174035747883332
2020-01-16	2120	2120	2115	2115	4090	0.0
2020-01-17	2120	2120	2110	2121	12593	0.0028368794326241176
2020-01-20	2120	2120	2115	2121	9622	0.0
2020-01-21	2115	2120	2115	2121	30709	0.0
2020-01-22	2115	2120	2115	2121	5130	0.0
2020-01-23	2125	2125	2115	2121	239	0.0
2020-01-28	2120	2120	2115	2121	863	0.0
2020-01-29	2120	2120	2115	2121	14275	0.0
2020-01-30	2120	2120	2120	2121	0	0.0
2020-01-31	2120	2120	2115	2121	20	0.0
2020-02-03	2120	2120	2120	2121	1	0.0
2020-02-04	2115	2120	2115	2121	1433	0.0
2020-02-05	2115	2120	2115	2121	19558	0.0
2020-02-06	2115	2120	2115	2121	5792	0.0
2020-02-07	2120	2120	2120	2121	0	0.0
2020-02-10	2120	2120	2115	2121	5641	0.0
2020-02-11	2120	2120	2120	2121	0	0.0
2020-02-12	2120	2120	2115	2121	21282	0.0
2020-02-13	2120	2120	2120	2121	3238	0.0
2020-02-14	2120	2120	2115	2121	84963	0.0
2020-02-17	2125	2136	2120	2136	40608	0.007072135785006983
2020-02-18	2136	2136	2136	2136	0	0.0
2020-02-19	2131	2136	2131	2131	4840	-0.002340823970037431
2020-02-20	2131	2131	2125	2131	5423	0.0
2020-02-21	2120	2131	2120	2131	41429	0.0
2020-02-24	2131	2131	2131	2131	4834	0.0
2020-02-25	2115	2131	2115	2131	17438	0.0
2020-02-26	2120	2131	2120	2131	11598	0.0
2020-02-27	2120	2136	2120	2136	17282	0.002346316283434957
2020-02-28	2115	2152	2115	2115	44512	-0.0098314606741573
2020-03-02	2115	2147	2115	2115	13908	0.0
2020-03-03	2120	2147	2110	2142	21881	0.012765957446808418
2020-03-04	2141	2141	2141	2142	0	0.0
2020-03-05	2115	2141	2115	2142	31	0.0
2020-03-06	2141	2141	2141	2142	2	0.0
2020-03-09	2125	2157	2120	2147	9693	0.002334267040149385
2020-03-10	2147	2147	2147	2147	0	0.0
2020-03-11	2157	2157	2120	2147	29	0.0
2020-03-12	2115	2157	2115	2152	1223	0.0023288309268747476
2020-03-13	2120	2125	2099	2121	93380	-0.014405204460966492
2020-03-16	2115	2120	2110	2115	1740	-0.0028288543140028155
2020-03-17	2110	2152	2110	2142	181	0.012765957446808418
2020-03-18	2115	2120	2110	2110	3443	-0.014939309056956063
2020-03-19	2120	2120	2094	2110	1923	0.0
2020-03-20	2104	2115	2104	2115	1504	0.0023696682464455776
2020-03-23	2099	2110	2099	2110	21	-0.0023640661938534313
2020-03-24	2115	2115	2115	2115	38	0.0023696682464455776
2020-03-25	2099	2115	2099	2110	136	-0.0023640661938534313
2020-03-26	2115	2115	2099	2110	506	0.0
2020-03-27	2088	2110	2088	2110	2415	0.0
2020-03-30	2083	2115	2083	2105	22099	-0.0023696682464454666
2020-03-31	2110	2110	2088	2110	1034	0.002375296912114022
2020-04-01	2088	2104	2088	2105	39	-0.0023696682464454666
2020-04-02	2110	2110	2099	2100	10	-0.002375296912114022
2020-04-03	2104	2104	2088	2105	14390	0.0023809523809523725
2020-04-06	2099	2099	2099	2100	474	-0.002375296912114022
2020-04-07	2099	2104	2094	2094	2749	-0.0028571428571428914
2020-04-08	2099	2099	2088	2100	9005	0.002865329512893977
2020-04-09	2104	2104	2094	2105	181	0.0023809523809523725
2020-04-10	2088	2104	2088	2105	3841	0.0
2020-04-13	2104	2104	2088	2105	1099	0.0
2020-04-14	2088	2104	2088	2105	1131	0.0
2020-04-16	2099	2110	2094	2105	4164	0.0
2020-04-17	2110	2115	2094	2110	2955	0.002375296912114022
2020-04-20	2094	2115	2094	2110	1936	0.0
2020-04-21	2099	2110	2099	2110	1393	0.0
2020-04-22	2104	2104	2099	2105	1797	-0.0023696682464454666
2020-04-23	2110	2110	2088	2105	13060	0.0
2020-04-24	2099	2104	2099	2105	1579	0.0
2020-04-27	2099	2110	2099	2110	1417	0.002375296912114022
2020-04-28	2110	2115	2110	2110	11385	0.0
2020-04-29	2110	2115	2104	2110	2847	0.0
2020-05-04	2094	2115	2094	2115	1111	0.0023696682464455776
2020-05-06	2110	2115	2110	2115	1434	0.0
2020-05-07	2110	2120	2110	2121	1434	0.0028368794326241176
2020-05-08	2120	2120	2120	2121	3853	0.0
2020-05-11	2104	2141	2104	2142	3166	0.00990099009900991
2020-05-12	2104	2136	2104	2105	1030	-0.01727357609710556
2020-05-13	2104	2125	2104	2121	2798	0.0076009501187648265
2020-05-14	2104	2131	2104	2121	2924	0.0
2020-05-15	2136	2136	2104	2126	2414	0.0023573785950024018
2020-05-18	2104	2120	2104	2121	1233	-0.00235183443085607
2020-05-19	2120	2120	2110	2121	5709	0.0
2020-05-20	2120	2120	2110	2121	134	0.0
2020-05-21	2120	2120	2120	2121	0	0.0
2020-05-22	2110	2120	2110	2121	502	0.0
2020-05-25	2125	2125	2125	2126	6	0.0023573785950024018
2020-05-26	2120	2125	2120	2121	6060	-0.00235183443085607
2020-05-27	2131	2131	2131	2131	48	0.0047147571900048035
2020-05-28	2110	2125	2110	2126	3761	-0.002346316283434957
2020-05-29	2110	2125	2110	2110	2287	-0.007525870178739402
2020-06-01	2110	2125	2110	2126	3478	0.007582938388625671
2020-06-02	2110	2125	2110	2126	10	0.0
2020-06-03	2110	2125	2110	2126	483	0.0
2020-06-04	2141	2141	2115	2136	1145	0.00470366886171214
2020-06-05	2131	2131	2131	2131	0	-0.002340823970037431
2020-06-08	2131	2131	2131	2131	0	0.0
2020-06-09	2125	2131	2125	2131	1991	0.0
2020-06-10	2136	2136	2136	2136	9	0.002346316283434957
2020-06-11	2131	2131	2131	2131	104	-0.002340823970037431
2020-06-12	2141	2141	2136	2136	259	0.002346316283434957
2020-06-15	2141	2141	2115	2131	323	-0.002340823970037431
2020-06-16	2136	2136	2110	2131	26701	0.0
2020-06-17	2136	2136	2131	2131	2	0.0
2020-06-18	2131	2131	2115	2121	2850	-0.004692632566870025
2020-06-19	2110	2120	2110	2121	6645	0.0
2020-06-22	2110	2120	2099	2121	24771	0.0
2020-06-23	2120	2120	2110	2121	2560	0.0
2020-06-24	2110	2120	2110	2115	36752	-0.0028288543140028155
2020-06-25	2110	2136	2099	2115	32576	0.0
2020-06-26	2125	2125	2120	2121	10	0.0028368794326241176
2020-06-29	2104	2162	2104	2142	11997	0.00990099009900991
2020-06-30	2115	2141	2110	2115	24483	-0.012605042016806678
2020-07-01	2120	2136	2110	2115	1643	0.0
2020-07-02	2115	2115	2110	2115	2999	0.0
2020-07-03	2104	2115	2104	2115	104	0.0
2020-07-06	2110	2115	2110	2115	246	0.0
2020-07-07	2131	2131	2115	2115	1432	0.0
2020-07-08	2115	2115	2115	2115	474	0.0
2020-07-09	2115	2120	2115	2121	1986	0.0028368794326241176
2020-07-10	2120	2120	2110	2121	1254	0.0
2020-07-13	2110	2120	2110	2115	20496	-0.0028288543140028155
2020-07-14	2104	2125	2104	2121	1908	0.0028368794326241176
2020-07-15	2125	2125	2110	2126	175	0.0023573785950024018
2020-07-16	2110	2120	2104	2110	1132	-0.007525870178739402
2020-07-17	2110	2115	2110	2115	7555	0.0023696682464455776
2020-07-20	2110	2115	2110	2115	12	0.0
2020-07-21	2104	2110	2104	2110	1184	-0.0023640661938534313
2020-07-22	2141	2141	2104	2110	4333	0.0
2020-07-23	2104	2120	2099	2121	36794	0.005213270142180093
2020-07-24	2120	2120	2104	2121	1259	0.0
2020-07-27	2120	2120	2120	2121	2403	0.0
2020-07-28	2115	2115	2115	2115	95	-0.0028288543140028155
2020-07-29	2115	2115	2115	2115	937	0.0
2020-07-30	2104	2120	2104	2110	5669	-0.0023640661938534313
2020-07-31	2110	2115	2110	2115	1839	0.0023696682464455776
2020-08-03	2099	2110	2099	2110	9128	-0.0023640661938534313
2020-08-04	2110	2115	2104	2110	9078	0.0
2020-08-05	2110	2110	2104	2110	14115	0.0
2020-08-06	2099	2110	2099	2110	8979	0.0
2020-08-07	2125	2125	2099	2115	9	0.0023696682464455776
2020-08-10	2099	2110	2099	2110	1922	-0.0023640661938534313
2020-08-11	2110	2115	2110	2115	22	0.0023696682464455776
2020-08-12	2115	2115	2115	2115	0	0.0
2020-08-13	2115	2115	2115	2115	1843	0.0
2020-08-14	2110	2115	2104	2115	6078	0.0
2020-08-18	2099	2110	2099	2110	22	-0.0023640661938534313
2020-08-19	2099	2125	2099	2126	5334	0.007582938388625671
2020-08-20	2120	2120	2115	2115	336	-0.005174035747883332
2020-08-21	2099	2115	2099	2115	9482	0.0
2020-08-24	2099	2099	2094	2094	2843	-0.009929078014184411
2020-08-25	2120	2120	2115	2115	2	0.01002865329512903
2020-08-26	2120	2120	2120	2121	79	0.0028368794326241176
2020-08-27	2094	2125	2094	2110	1911	-0.005186232909005217
2020-08-28	2110	2110	2110	2110	0	0.0
2020-08-31	2115	2115	2110	2115	50	0.0023696682464455776
2020-09-01	2099	2110	2099	2110	3	-0.0023640661938534313
2020-09-02	2094	2125	2094	2126	204	0.007582938388625671
2020-09-03	2115	2115	2115	2115	0	-0.005174035747883332
2020-09-04	2104	2120	2094	2115	6637	0.0
2020-09-07	2115	2115	2115	2115	0	0.0
2020-09-08	2115	2115	2115	2115	0	0.0
2020-09-09	2094	2120	2094	2100	5182	-0.007092198581560294
2020-09-10	2120	2120	2115	2121	619	0.010000000000000009
2020-09-11	2115	2120	2115	2121	1711	0.0
2020-09-14	2120	2120	2115	2121	8559	0.0
2020-09-15	2115	2120	2115	2121	475	0.0
2020-09-16	2120	2120	2104	2121	20	0.0
2020-09-17	2120	2120	2104	2121	2964	0.0
2020-09-18	2110	2110	2110	2110	1150	-0.005186232909005217
2020-09-21	2110	2120	2104	2110	16178	0.0
2020-09-22	2120	2120	2120	2121	1	0.005213270142180093
2020-09-23	2110	2115	2110	2115	1905	-0.0028288543140028155
2020-09-24	2115	2120	2115	2115	4762	0.0
2020-09-25	2120	2120	2120	2121	1	0.0028368794326241176
2020-09-28	2115	2115	2104	2115	14	-0.0028288543140028155
2020-09-29	2110	2115	2110	2115	5197	0.0
2020-10-05	2104	2115	2104	2110	10186	-0.0023640661938534313
2020-10-06	2110	2110	2110	2110	2367	0.0
2020-10-07	2110	2110	2099	2110	19229	0.0
2020-10-08	2094	2110	2094	2110	6568	0.0
2020-10-12	2110	2110	2099	2105	12324	-0.0023696682464454666
2020-10-13	2110	2110	2110	2110	8579	0.002375296912114022
2020-10-14	2120	2120	2110	2115	31928	0.0023696682464455776
2020-10-15	2110	2115	2110	2115	21	0.0
2020-10-16	2120	2120	2099	2115	19828	0.0
2020-10-19	2120	2120	2104	2121	61	0.0028368794326241176
2020-10-20	2115	2120	2115	2121	5200	0.0
2020-10-21	2115	2120	2083	2115	14792	-0.0028288543140028155
2020-10-22	2120	2120	2120	2121	1	0.0028368794326241176
2020-10-23	2099	2120	2099	2121	5	0.0
2020-10-26	2115	2115	2115	2115	0	-0.0028288543140028155
2020-10-27	2120	2120	2120	2121	2370	0.0028368794326241176
2020-10-28	2110	2120	2110	2121	1905	0.0
2020-10-29	2115	2115	2115	2115	0	-0.0028288543140028155
2020-10-30	2110	2110	2110	2110	0	-0.0023640661938534313
2020-11-02	2115	2115	2115	2115	9	0.0023696682464455776
2020-11-03	2120	2120	2104	2121	207	0.0028368794326241176
2020-11-04	2104	2115	2104	2115	13785	-0.0028288543140028155
2020-11-05	2120	2120	2120	2121	1	0.0028368794326241176
2020-11-06	2099	2120	2099	2110	6247	-0.005186232909005217
2020-11-09	2099	2110	2099	2110	1877	0.0
2020-11-10	2104	2120	2104	2115	11467	0.0023696682464455776
2020-11-11	2115	2115	2110	2110	2	-0.0023640661938534313
2020-11-12	2115	2115	2115	2115	1	0.0023696682464455776
2020-11-13	2115	2115	2115	2115	1	0.0
2020-11-16	2115	2115	2110	2110	4740	-0.0023640661938534313
2020-11-17	2099	2115	2099	2115	1751	0.0023696682464455776
2020-11-18	2115	2115	2115	2115	0	0.0
2020-11-19	2120	2120	2115	2115	2367	0.0
2020-11-20	2115	2115	2115	2115	1	0.0
2020-11-23	2115	2115	2115	2115	0	0.0
2020-11-24	2115	2115	2104	2115	473	0.0
2020-11-25	2110	2110	2110	2110	473	-0.0023640661938534313
2020-11-26	2110	2120	2110	2115	4548	0.0023696682464455776
2020-11-27	2120	2120	2115	2121	11599	0.0028368794326241176
2020-11-30	2110	2120	2110	2121	20420	0.0
2020-12-01	2120	2131	2120	2131	5696	0.0047147571900048035
2020-12-02	2125	2131	2125	2131	4101	0.0
2020-12-03	2120	2141	2120	2131	1975	0.0
2020-12-04	2136	2136	2120	2131	5041	0.0
2020-12-07	2131	2131	2125	2126	6	-0.002346316283434957
2020-12-08	2120	2131	2110	2131	37352	0.002351834430855959
2020-12-09	2131	2131	2131	2131	0	0.0
2020-12-10	2136	2136	2110	2131	617	0.0
2020-12-11	2104	2125	2104	2126	3025	-0.002346316283434957
2020-12-14	2110	2120	2110	2121	393	-0.00235183443085607
2020-12-15	2110	2125	2104	2126	20425	0.0023573785950024018
2020-12-16	2125	2131	2120	2121	27292	-0.00235183443085607
2020-12-17	2115	2147	2115	2142	5975	0.00990099009900991
2020-12-18	2152	2152	2125	2147	1690	0.002334267040149385
2020-12-21	2120	2152	2120	2152	586	0.0023288309268747476
2020-12-22	2152	2152	2152	2152	237	0.0
2020-12-23	2120	2152	2120	2121	366	-0.014405204460966492
2020-12-24	2120	2168	2120	2152	14142	0.014615747289014713
2020-12-28	2152	2152	2152	2152	240	0.0
2020-12-29	2173	2173	2157	2163	1368	0.005111524163568859
2020-12-30	2168	2168	2157	2163	3456	0.0
2021-01-04	2162	2178	2162	2173	3155	0.004623208506703724
2021-01-05	2183	2189	2183	2189	14784	0.007363092498849477
2021-01-06	2189	2189	2183	2189	1578	0.0
2021-01-07	2194	2194	2157	2189	20	0.0
2021-01-08	2189	2189	2183	2189	2051	0.0
2021-01-11	2183	2194	2183	2194	6643	0.0022841480127913094
2021-01-12	2183	2194	2183	2194	5467	0.0
2021-01-13	2183	2199	2183	2200	1180	0.0027347310847767314
2021-01-14	2194	2205	2162	2200	6651	0.0
2021-01-15	2199	2199	2199	2200	1043	0.0
2021-01-18	2199	2199	2141	2189	38258	-0.0050000000000000044
2021-01-19	2157	2194	2152	2163	10699	-0.011877569666514431
2021-01-20	2168	2189	2157	2184	41558	0.009708737864077666
2021-01-21	2189	2194	2178	2189	41754	0.0022893772893772812
2021-01-22	2147	2189	2147	2184	16108	-0.0022841480127911984
2021-01-25	2178	2178	2147	2173	5900	-0.005036630036630019
2021-01-26	2152	2189	2152	2184	30858	0.005062126092959085
2021-01-27	2183	2183	2152	2179	234	-0.0022893772893772812
2021-01-28	2178	2178	2131	2168	26143	-0.005048187241854074
2021-01-29	2178	2183	2157	2184	7444	0.007380073800737907
2021-02-01	2183	2183	2178	2184	1692	0.0
2021-02-02	2183	2183	2168	2184	2324	0.0
2021-02-03	2183	2189	2152	2184	246	0.0
2021-02-04	2183	2183	2162	2179	978	-0.0022893772893772812
2021-02-05	2183	2189	2178	2189	2045	0.004589261128958189
2021-02-08	2183	2194	2183	2194	5896	0.0022841480127913094
2021-02-09	2189	2189	2162	2189	133	-0.002278942570647202
2021-02-10	2183	2183	2178	2184	1441	-0.0022841480127911984
2021-02-15	2189	2189	2168	2184	766	0.0
2021-02-16	2152	2168	2152	2168	1044	-0.0073260073260073
2021-02-17	2189	2189	2162	2189	2581	0.009686346863468698
2021-02-18	2157	2183	2152	2179	8661	-0.004568296025582508
2021-02-19	2152	2178	2147	2179	17412	0.0
2021-02-22	2152	2183	2152	2173	6526	-0.0027535566773749798
2021-02-23	2183	2183	2178	2184	2326	0.005062126092959085
2021-02-24	2183	2183	2157	2158	99	-0.011904761904761862
2021-02-25	2168	2178	2168	2179	18	0.009731232622798958
2021-02-26	2178	2183	2168	2184	803	0.0022946305644790943
2021-03-02	2189	2189	2173	2179	5248	-0.0022893772893772812
2021-03-03	2189	2189	2189	2189	480	0.004589261128958189
2021-03-04	2189	2205	2168	2205	4182	0.007309273640931924
2021-03-05	2205	2205	2199	2205	12841	0.0
2021-03-08	2210	2210	2168	2200	5218	-0.0022675736961451642
2021-03-09	2152	2205	2152	2200	957	0.0
2021-03-10	2226	2226	2210	2210	2	0.00454545454545463
2021-03-11	2215	2215	2157	2210	5	0.0
2021-03-12	2210	2215	2205	2216	140	0.002714932126696823
2021-03-15	2226	2226	2168	2216	136	0.0
2021-03-16	2194	2215	2194	2216	724	0.0
2021-03-17	2226	2226	2226	2226	78	0.004512635379061436
2021-03-18	2220	2220	2173	2205	1026	-0.009433962264150941
2021-03-19	2194	2194	2162	2194	2372	-0.0049886621315192725
2021-03-22	2231	2231	2178	2205	135	0.005013673655423823
2021-03-23	2205	2220	2205	2221	6	0.007256235827664437
2021-03-24	2215	2215	2205	2205	493	-0.007203962179198609
2021-03-25	2199	2199	2189	2189	1076	-0.007256235827664437
2021-03-26	2210	2210	2173	2194	97	0.0022841480127913094
2021-03-29	2189	2231	2183	2205	7154	0.005013673655423823
2021-03-30	2205	2215	2178	2210	2613	0.0022675736961450532
2021-03-31	2226	2226	2173	2210	4096	0.0
2021-04-01	2226	2226	2189	2221	4983	0.004977375565610842
2021-04-02	2178	2220	2178	2221	4	0.0
2021-04-05	2215	2215	2210	2210	1897	-0.004952723998199016
2021-04-06	2205	2205	2178	2194	11	-0.007239819004524861
2021-04-07	2210	2210	2178	2210	1425	0.007292616226071136
2021-04-08	2210	2210	2189	2210	200	0.0
2021-04-09	2210	2215	2210	2210	2880	0.0
2021-04-12	2220	2220	2210	2216	13	0.002714932126696823
2021-04-13	2215	2215	2215	2216	154	0.0
2021-04-14	2205	2226	2205	2205	1113	-0.0049638989169674685
2021-04-15	2199	2231	2199	2231	33	0.011791383219954543
2021-04-16	2231	2231	2215	2231	973	0.0
2021-04-19	2231	2231	2210	2231	12	0.0
2021-04-20	2231	2231	2210	2210	45	-0.009412819363514124
2021-04-21	2210	2210	2210	2210	2	0.0
2021-04-22	2241	2241	2236	2237	393	0.012217194570135703
2021-04-23	2247	2247	2236	2242	691	0.002235136343316846
2021-04-26	2247	2263	2241	2263	48607	0.009366636931311234
2021-04-27	2241	2273	2226	2263	49440	0.0
2021-04-28	2220	2263	2220	2253	5601	-0.004418912947414921
2021-04-29	2220	2257	2220	2247	294	-0.0026631158455392434
2021-04-30	2241	2241	2226	2237	193	-0.0044503782821539994
2021-05-03	2226	2257	2226	2258	1329	0.009387572641931241
2021-05-04	2268	2268	2247	2263	1349	0.0022143489813994943
2021-05-06	2273	2273	2236	2263	65	0.0
2021-05-07	2263	2263	2226	2258	85	-0.002209456473707516
2021-05-10	2268	2268	2241	2268	246	0.004428697962798989
2021-05-11	2263	2263	2241	2263	492	-0.0022045855379189128
2021-05-12	2263	2263	2236	2263	196	0.0
2021-05-13	2257	2257	2257	2258	2	-0.002209456473707516
2021-05-14	2263	2263	2226	2253	114	-0.0022143489813994943
2021-05-17	2263	2263	2220	2247	1550	-0.0026631158455392434
2021-05-18	2247	2252	2220	2247	920	0.0
2021-05-20	2268	2268	2252	2253	27	0.002670226969292422
2021-05-21	2268	2268	2268	2268	136	0.0066577896138482195
2021-05-24	2220	2268	2220	2263	1190	-0.0022045855379189128
2021-05-25	2268	2268	2236	2263	734	0.0
2021-05-26	2263	2310	2263	2279	21407	0.007070260715863919
2021-05-27	2310	2321	2252	2284	8993	0.0021939447125931544
2021-05-28	2321	2363	2278	2337	90776	0.023204903677758404
2021-05-31	2336	3033	2300	3033	5857718	0.29781771501925536
2021-06-01	3661	3940	3376	3941	16573621	0.299373557533795
2021-06-02	3360	4109	2758	2833	16633904	-0.2811469170261355
2021-06-03	2774	3666	2774	3366	20159945	0.18813978115072372
2021-06-04	3529	3655	2890	2965	4870474	-0.11913250148544263
2021-06-07	2880	3017	2584	2711	3181455	-0.08566610455311974
2021-06-08	3086	3112	2516	2522	4776426	-0.06971597196606416
2021-06-09	2452	3144	2379	2944	11425708	0.16732751784298183
2021-06-10	2890	2948	2516	2537	5833024	-0.13824728260869568
2021-06-11	2516	2542	2410	2464	1393423	-0.028774142688214432
2021-06-14	2479	2822	2410	2638	6933159	0.07061688311688319
2021-06-15	2553	2584	2484	2511	1491111	-0.048142532221379875
2021-06-16	2511	2526	2447	2522	815333	0.004380724810832293
2021-06-17	2521	3159	2442	2970	13121068	0.17763679619349726
2021-06-18	3038	3787	2869	3218	16210198	0.08350168350168352
2021-06-21	3238	3386	2780	2785	1986096	-0.13455562461156
2021-06-22	2716	2764	2532	2664	1556232	-0.04344703770197489
2021-06-23	2605	2632	2547	2564	529023	-0.037537537537537524
2021-06-24	2569	2605	2489	2532	384602	-0.012480499219968744
2021-06-25	2569	2690	2542	2590	794731	0.02290679304897325
2021-06-28	2584	2584	2495	2527	348984	-0.024324324324324298
2021-06-29	2516	2595	2505	2543	436077	0.006331618519984206
2021-06-30	2553	2558	2479	2495	314601	-0.018875344081793144
2021-07-01	2474	2642	2474	2485	671203	-0.004008016032064132
2021-07-02	2532	2632	2437	2516	695352	0.01247484909456742
2021-07-05	2526	3107	2505	2981	10774140	0.18481717011128773
2021-07-06	2954	3027	2590	2590	1416874	-0.13116403891311645
2021-07-07	2590	3270	2526	2796	11574411	0.07953667953667964
2021-07-08	2700	3481	2627	2938	20087822	0.05078683834048636
2021-07-09	2864	3302	2838	2870	4821251	-0.023144996596324074
2021-07-12	2901	3043	2758	2854	1350042	-0.0055749128919860835
2021-07-13	3038	3196	2875	2938	2015278	0.029432375613174466
2021-07-14	2853	2991	2843	2864	861990	-0.025187202178352575
2021-07-15	2822	2954	2795	2796	996127	-0.023743016759776525
2021-07-16	2816	2938	2769	2775	834555	-0.007510729613733891
2021-07-19	2790	2832	2653	2690	325742	-0.03063063063063065
2021-07-20	2648	2954	2627	2706	1459561	0.005947955390334547
2021-07-21	2685	2790	2658	2659	282411	-0.01736881005173685
2021-07-22	2690	2690	2584	2595	236111	-0.02406919894697257
2021-07-23	2627	2658	2579	2590	144224	-0.0019267822736031004
2021-07-26	2627	2832	2553	2648	920017	0.022393822393822482
2021-07-27	2648	2679	2605	2617	256451	-0.011706948640483383
2021-07-28	2658	2706	2532	2653	592277	0.013756209400076491
2021-07-29	2790	2795	2637	2648	512550	-0.0018846588767432726
2021-07-30	2648	2663	2600	2611	151713	-0.013972809667673669
2021-08-02	2584	2716	2579	2617	384809	0.0022979701263883268
2021-08-03	2727	2816	2627	2722	1274908	0.04012227741688967
2021-08-04	3006	3133	2848	2891	4924989	0.062086700955179985
2021-08-05	2927	2938	2722	2754	1029466	-0.04738844690418542
2021-08-06	2722	2732	2637	2690	412580	-0.023238925199709493
2021-08-09	2674	2690	2616	2638	319781	-0.019330855018587334
2021-08-10	2611	2732	2590	2722	359537	0.03184230477634564
2021-08-11	2669	2780	2642	2690	250867	-0.011756061719323974
2021-08-12	2658	2711	2637	2659	181512	-0.011524163568773282
2021-08-13	2658	2658	2579	2590	212795	-0.025949605114704788
2021-08-17	2616	2722	2532	2532	204607	-0.02239382239382237
2021-08-18	2553	2611	2500	2585	137833	0.020932069510268603
2021-08-19	2563	2605	2532	2590	200843	0.0019342359767891004
2021-08-20	2621	2621	2474	2490	160003	-0.038610038610038644
2021-08-23	2542	2579	2484	2558	76749	0.027309236947791193
2021-08-24	2521	2574	2516	2553	89329	-0.00195465207193124
2021-08-25	2558	3012	2511	2785	6777045	0.09087348217783009
2021-08-26	2690	2769	2595	2632	958680	-0.05493716337522436
2021-08-27	2616	2658	2579	2601	299312	-0.011778115501519748
2021-08-30	2558	2605	2542	2585	299800	-0.006151480199923065
2021-08-31	2563	2653	2558	2590	228796	0.0019342359767891004
2021-09-01	2563	2605	2558	2574	153062	-0.00617760617760621
2021-09-02	2558	2590	2553	2564	106940	-0.0038850038850039015
2021-09-03	2584	2584	2547	2574	125822	0.003900156006240163
2021-09-06	2574	2590	2521	2543	112642	-0.012043512043512061
2021-09-07	2526	2558	2500	2537	126848	-0.0023594180102241014
2021-09-08	2537	2547	2489	2522	86925	-0.005912495072920798
2021-09-09	2484	2558	2484	2516	58061	-0.0023790642347343294
2021-09-10	2511	2563	2489	2516	64519	0.0
2021-09-13	2500	2516	2431	2442	97382	-0.02941176470588236
2021-09-14	2474	2474	2373	2421	100597	-0.008599508599508643
2021-09-15	2452	2458	2405	2411	63290	-0.0041305245766212195
2021-09-16	2373	2426	2373	2406	41753	-0.0020738282870178537
2021-09-17	2405	2452	2358	2427	82625	0.008728179551122262
2021-09-23	2373	2416	2368	2384	59021	-0.017717346518335342
2021-09-24	2384	2410	2347	2379	61596	-0.002097315436241587
2021-09-27	2379	2394	2336	2369	31092	-0.004203446826397617
2021-09-28	2400	2400	2331	2337	62325	-0.013507809202194965
2021-09-29	2373	2373	2289	2316	85630	-0.00898587933247752
2021-09-30	2310	2384	2289	2289	60729	-0.011658031088082943
2021-10-01	2247	2463	2241	2279	352791	-0.004368719965050283
2021-10-05	2278	2300	2205	2210	113181	-0.030276437033786796
2021-10-06	2231	2241	2173	2184	152119	-0.0117647058823529
2021-10-07	2183	2210	2183	2194	65632	0.0045787545787545625
2021-10-08	2194	2236	2189	2200	43256	0.0027347310847767314
2021-10-12	2189	2205	2183	2200	46210	0.0
2021-10-13	2189	2241	2189	2221	58167	0.009545454545454524
2021-10-14	2205	2236	2199	2226	55685	0.002251238180999593
2021-10-15	2268	2305	2215	2226	91740	0.0
2021-10-18	2241	2241	2199	2226	38004	0.0
2021-10-19	2194	2247	2194	2226	85736	0.0
2021-10-20	2257	2257	2215	2221	31757	-0.002246181491464494
2021-10-21	2210	2257	2210	2216	63245	-0.002251238180999593
2021-10-22	2241	2247	2215	2226	45413	0.004512635379061436
2021-10-25	2241	2257	2215	2242	46218	0.007187780772686336
2021-10-26	2241	2284	2231	2274	46843	0.014272970561998166
2021-10-27	2278	2310	2257	2305	115086	0.013632365875109853
2021-10-28	2300	2300	2252	2274	28635	-0.013449023861171416
2021-10-29	2300	2300	2236	2268	38155	-0.0026385224274406704
2021-11-01	2268	2278	2236	2279	21208	0.004850088183421475
2021-11-02	2278	2315	2247	2258	35036	-0.009214567792891648
2021-11-03	2241	2257	2226	2247	27821	-0.004871567759078821
2021-11-04	2247	2284	2236	2247	29915	0.0
2021-11-05	2231	2268	2226	2242	44517	-0.002225189141076944
2021-11-08	2252	2252	2183	2216	49690	-0.011596788581623496
2021-11-09	2215	2236	2215	2216	36979	0.0
2021-11-10	2205	2247	2205	2221	43991	0.002256317689530718
2021-11-11	2205	2236	2205	2226	59456	0.002251238180999593
2021-11-12	2241	2241	2205	2216	30170	-0.004492362982928988
2021-11-15	2215	2215	2189	2210	24003	-0.0027075812274368616
2021-11-16	2215	2299	2199	2216	129803	0.002714932126696823
2021-11-17	2252	2252	2199	2200	45420	-0.0072202166064981865
2021-11-18	2231	2231	2183	2200	40023	0.0
2021-11-19	2210	2215	2189	2210	19815	0.00454545454545463
2021-11-22	2231	2231	2194	2210	35743	0.0
2021-11-23	2220	2220	2189	2216	38533	0.002714932126696823
2021-11-24	2215	2215	2189	2205	34534	-0.0049638989169674685
2021-11-25	2205	2210	2189	2200	16428	-0.0022675736961451642
2021-11-26	2205	2205	2189	2200	26429	0.0
2021-11-29	2173	2189	2162	2173	64404	-0.012272727272727324
2021-11-30	2173	2194	2168	2173	37548	0.0
2021-12-01	2178	2183	2168	2173	33030	0.0
2021-12-02	2183	2183	2168	2179	15082	0.0027611596870684707
2021-12-03	2178	2178	2162	2173	28702	-0.0027535566773749798
2021-12-06	2183	2183	2162	2179	24661	0.0027611596870684707
2021-12-07	2178	2178	2168	2173	20228	-0.0027535566773749798
2021-12-08	2183	2183	2173	2179	17603	0.0027611596870684707
2021-12-09	2178	2178	2162	2179	30398	0.0
2021-12-10	2168	2289	2162	2184	292149	0.0022946305644790943
2021-12-13	2194	2194	2168	2173	48775	-0.005036630036630019
2021-12-14	2178	2205	2173	2179	58547	0.0027611596870684707
2021-12-15	2194	2194	2173	2184	29569	0.0022946305644790943
2021-12-16	2194	2199	2178	2179	19715	-0.0022893772893772812
2021-12-17	2173	2189	2173	2179	48768	0.0
2021-12-20	2194	2194	2173	2184	7912	0.0022946305644790943
2021-12-21	2183	2183	2168	2173	4336	-0.005036630036630019
2021-12-22	2168	2183	2168	2184	42838	0.005062126092959085
2021-12-23	2183	2183	2162	2184	14922	0.0
2021-12-24	2183	2189	2173	2184	36270	0.0
2021-12-27	2189	2189	2168	2184	18525	0.0
2021-12-28	2183	2183	2168	2173	14359	-0.005036630036630019
2021-12-29	2183	2183	2168	2179	16142	0.0027611596870684707
2021-12-30	2173	2183	2173	2179	23023	0.0
2022-01-03	2183	2189	2173	2184	34024	0.0022946305644790943
2022-01-04	2189	2205	2178	2184	34169	0.0
2022-01-05	2189	2189	2173	2184	33509	0.0
2022-01-06	2189	2189	2173	2179	6765	-0.0022893772893772812
2022-01-07	2194	2194	2168	2184	32070	0.0022946305644790943
2022-01-10	2194	2194	2173	2184	37869	0.0
2022-01-11	2194	2205	2168	2194	63082	0.0045787545787545625
2022-01-12	2199	2210	2173	2189	28531	-0.002278942570647202
2022-01-13	2194	2199	2173	2179	27950	-0.004568296025582508
2022-01-14	2194	2199	2183	2184	26333	0.0022946305644790943
2022-01-17	2189	2194	2173	2184	20878	0.0
2022-01-18	2199	2199	2178	2179	22968	-0.0022893772893772812
2022-01-19	2194	2194	2173	2184	37572	0.0022946305644790943
2022-01-20	2183	2189	2173	2184	19842	0.0
2022-01-21	2183	2189	2178	2189	10028	0.0022893772893772812
2022-01-24	2189	2189	2168	2179	53573	-0.004568296025582508
2022-01-25	2173	2194	2168	2179	27040	0.0
2022-01-26	2183	2183	2168	2184	5329	0.0022946305644790943
2022-01-27	2183	2189	2162	2173	39862	-0.005036630036630019
2022-01-28	2183	2183	2162	2168	23159	-0.0023009664058905033
2022-02-03	2178	2178	2162	2179	32460	0.005073800738007339
2022-02-04	2183	2189	2168	2184	27822	0.0022946305644790943
2022-02-07	2183	2189	2162	2184	21143	0.0
2022-02-08	2189	2189	2173	2189	33626	0.0022893772893772812
2022-02-09	2189	2205	2173	2189	33508	0.0
2022-02-10	2173	2205	2173	2189	16271	0.0
2022-02-11	2189	2194	2173	2194	14226	0.0022841480127913094
2022-02-14	2199	2199	2173	2179	13444	-0.0068368277119416065
2022-02-15	2189	2189	2178	2189	16565	0.004589261128958189
2022-02-16	2189	2194	2183	2189	22958	0.0
2022-02-17	2189	2189	2173	2189	18567	0.0
2022-02-18	2189	2194	2173	2179	6258	-0.004568296025582508
2022-02-21	2194	2194	2183	2189	36579	0.004589261128958189
2022-02-22	2173	2194	2173	2173	14671	-0.007309273640931924
2022-02-23	2183	2194	2178	2184	15179	0.005062126092959085
2022-02-24	2194	2194	2173	2189	16615	0.0022893772893772812
2022-02-25	2189	2194	2183	2184	22500	-0.0022841480127911984
2022-02-28	2183	2183	2168	2179	18503	-0.0022893772893772812
2022-03-02	2189	2189	2173	2173	7040	-0.0027535566773749798
2022-03-03	2168	2183	2162	2179	12721	0.0027611596870684707
2022-03-04	2183	2183	2147	2179	63260	0.0
2022-03-07	2168	2173	2157	2168	25837	-0.005048187241854074
2022-03-08	2168	2168	2157	2163	28084	-0.0023062730627306793
2022-03-10	2162	2173	2152	2168	21264	0.002311604253351751
2022-03-11	2168	2168	2152	2168	13169	0.0
2022-03-14	2152	2162	2152	2163	19973	-0.0023062730627306793
2022-03-15	2162	2162	2157	2163	17778	0.0
2022-03-16	2168	2173	2162	2173	48697	0.004623208506703724
2022-03-17	2178	2194	2157	2184	45686	0.005062126092959085
2022-03-18	2183	2205	2168	2184	69829	0.0
2022-03-21	2199	2479	2173	2274	1347654	0.041208791208791284
2022-03-22	2247	2273	2205	2242	116663	-0.014072119613016687
2022-03-23	2220	2231	2189	2216	107705	-0.011596788581623496
2022-03-24	2215	2226	2189	2194	40881	-0.009927797833935048
2022-03-25	2194	2199	2178	2179	37470	-0.0068368277119416065
2022-03-28	2178	2205	2178	2189	26724	0.004589261128958189
2022-03-29	2199	2199	2173	2184	49660	-0.0022841480127911984
2022-03-30	2199	2199	2178	2189	28381	0.0022893772893772812
2022-03-31	2194	2194	2183	2184	33687	-0.0022841480127911984
2022-04-01	2194	2199	2173	2194	30459	0.0045787545787545625
2022-04-04	2199	2210	2194	2210	31890	0.007292616226071136
2022-04-05	2210	2215	2199	2210	37049	0.0
2022-04-06	2210	2416	2205	2300	316381	0.040723981900452566
2022-04-07	0	0	0	2300	0	0.0
2022-04-08	0	0	0	2300	0	0.0
2022-04-11	0	0	0	2300	0	0.0
2022-04-12	0	0	0	2300	0	0.0
2022-04-13	0	0	0	2300	0	0.0
2022-04-14	0	0	0	2300	0	0.0
2022-04-15	0	0	0	2300	0	0.0
2022-04-18	0	0	0	2300	0	0.0
2022-04-19	0	0	0	2300	0	0.0
2022-04-20	0	0	0	2300	0	0.0
2022-04-21	0	0	0	2300	0	0.0
2022-04-22	0	0	0	2300	0	0.0
2022-04-25	0	0	0	2300	0	0.0
2022-04-26	0	0	0	2300	0	0.0
2022-04-27	0	0	0	2300	0	0.0
2022-04-28	0	0	0	2300	0	0.0
2022-04-29	0	0	0	2300	0	0.0
2022-05-02	0	0	0	2300	0	0.0
2022-05-03	0	0	0	2300	0	0.0
2022-05-04	0	0	0	2300	0	0.0
2022-05-06	0	0	0	2300	0	0.0
2022-05-09	0	0	0	2300	0	0.0
2022-05-10	0	0	0	2300	0	0.0
2022-05-11	0	0	0	2300	0	0.0
2022-05-12	0	0	0	2300	0	0.0
2022-05-13	0	0	0	2300	0	0.0
2022-05-16	0	0	0	2300	0	0.0
2022-05-17	0	0	0	2300	0	0.0
2022-05-18	0	0	0	2300	0	0.0
2022-05-19	0	0	0	2300	0	0.0
2022-05-20	0	0	0	2300	0	0.0
2022-05-23	0	0	0	2300	0	0.0
2022-05-24	0	0	0	2300	0	0.0
2022-05-25	0	0	0	2300	0	0.0
2022-05-26	0	0	0	2300	0	0.0
2022-05-27	0	0	0	2300	0	0.0
2022-05-30	0	0	0	2300	0	0.0
2022-05-31	0	0	0	2300	0	0.0
2022-06-02	0	0	0	2300	0	0.0
2022-06-03	0	0	0	2300	0	0.0
2022-06-07	0	0	0	2300	0	0.0
2022-06-08	0	0	0	2300	0	0.0
2022-06-09	0	0	0	2300	0	0.0
2022-06-10	0	0	0	2300	0	0.0
2022-06-13	0	0	0	2300	0	0.0
2022-06-14	0	0	0	2300	0	0.0
2022-06-15	0	0	0	2300	0	0.0
2022-06-16	0	0	0	2300	0	0.0
2022-06-17	0	0	0	2300	0	0.0
2022-06-20	0	0	0	2300	0	0.0
2022-06-21	0	0	0	2300	0	0.0
2022-06-22	0	0	0	2300	0	0.0
2022-06-23	0	0	0	2300	0	0.0
2022-06-24	0	0	0	2300	0	0.0
2022-06-27	0	0	0	2300	0	0.0
2022-06-28	2300	2990	2165	2990	5279510	0.30000000000000004
2022-06-29	3350	3800	2785	3085	23203054	0.03177257525083621
2022-06-30	3030	3645	2990	3240	12136781	0.050243111831442366
2022-07-01	3480	3740	2975	3035	4294555	-0.06327160493827155
2022-07-04	3005	3485	2795	3220	9595781	0.060955518945634335
2022-07-05	3280	3490	3020	3100	3447005	-0.037267080745341574
2022-07-06	3035	3195	2865	2985	2081833	-0.0370967741935484
2022-07-07	2980	3880	2905	3880	14393658	0.29983249581239524
2022-07-08	4400	5040	4285	5040	7548190	0.2989690721649485
2022-07-11	5750	6530	4540	5040	29100381	0.0
2022-07-12	5320	5930	5020	5120	11807931	0.015873015873015817
2022-07-13	4785	5000	4355	4490	3563200	-0.123046875
2022-07-14	4340	4420	4005	4080	1642472	-0.09131403118040093
