Date	Open	High	Low	Close	Volume	Change
2019-12-27	2804	2811	2797	2797	471648	
2019-12-30	2797	2811	2797	2811	122699	0.005005362888809373
2020-01-02	2804	2811	2797	2811	16964	0.0
2020-01-03	2804	2811	2797	2804	31802	-0.0024902170046247063
2020-01-06	2811	2811	2804	2811	11093	0.0024964336661912334
2020-01-07	2811	2811	2804	2811	3529	0.0
2020-01-08	2804	2811	2804	2811	11060	0.0
2020-01-09	2804	2811	2804	2811	1195	0.0
2020-01-10	2804	2811	2804	2811	8422	0.0
2020-01-13	2811	2811	2804	2811	8828	0.0
2020-01-14	2797	2811	2797	2811	44852	0.0
2020-01-15	2804	2916	2804	2811	184162	0.0
2020-01-16	2811	2825	2804	2804	15473	-0.0024902170046247063
2020-01-17	2804	2825	2804	2818	40675	0.004992867332382245
2020-01-20	2804	2825	2804	2825	22449	0.0024840312278211485
2020-01-21	2825	2825	2804	2818	2227	-0.002477876106194654
2020-01-22	2818	2818	2804	2818	4653	0.0
2020-01-23	2804	2818	2804	2818	18176	0.0
2020-01-28	2811	2818	2804	2811	15784	-0.0024840312278211485
2020-01-29	2818	2818	2804	2818	1103	0.0024902170046245953
2020-01-30	2811	2818	2804	2818	19305	0.0
2020-01-31	2811	2818	2811	2818	11938	0.0
2020-02-03	2818	2818	2804	2811	14881	-0.0024840312278211485
2020-02-04	2811	2811	2811	2811	7007	0.0
2020-02-05	2804	2818	2804	2811	21311	0.0
2020-02-06	2804	2818	2804	2811	16863	0.0
2020-02-07	2811	2818	2804	2811	50162	0.0
2020-02-10	2811	2811	2811	2811	26436	0.0
2020-02-11	2811	2818	2811	2811	22437	0.0
2020-02-12	2811	2818	2804	2818	36767	0.0024902170046245953
2020-02-13	2811	2818	2811	2818	1681	0.0
2020-02-14	2818	2846	2811	2832	70853	0.004968062455642297
2020-02-17	2853	2853	2818	2839	34993	0.0024717514124292794
2020-02-18	2867	2874	2839	2860	11978	0.00739697076435375
2020-02-19	2853	2860	2839	2853	26	-0.002447552447552459
2020-02-20	2832	2846	2825	2846	3423	-0.002453557658604999
2020-02-21	2867	2867	2832	2853	11303	0.002459592410400502
2020-02-24	2832	2881	2832	2846	612	-0.002453557658604999
2020-02-25	2832	2839	2825	2825	4290	-0.0073787772312017275
2020-02-26	2825	2846	2825	2846	28594	0.0074336283185840735
2020-02-27	2853	2853	2825	2846	88	0.0
2020-02-28	2860	2860	2825	2846	1815	0.0
2020-03-02	2860	2860	2853	2853	2	0.002459592410400502
2020-03-03	2860	2860	2846	2846	1	-0.002453557658604999
2020-03-04	2825	2860	2825	2846	2387	0.0
2020-03-05	2832	2846	2825	2846	5305	0.0
2020-03-06	2860	2860	2832	2853	390	0.002459592410400502
2020-03-09	2860	2860	2825	2853	1814	0.0
2020-03-10	2825	2860	2825	2846	19122	-0.002453557658604999
2020-03-11	2860	2860	2825	2860	2453	0.004919184820801226
2020-03-12	2860	2860	2811	2832	4623	-0.009790209790209836
2020-03-13	2811	2839	2804	2825	39309	-0.0024717514124293904
2020-03-16	2804	2818	2804	2818	212	-0.002477876106194654
2020-03-17	2811	2825	2797	2804	10442	-0.004968062455642297
2020-03-18	2825	2825	2804	2804	7422	0.0
2020-03-19	2811	2811	2776	2797	19949	-0.0024964336661911224
2020-03-20	2790	2804	2769	2804	2355	0.0025026814444046863
2020-03-23	2769	2797	2769	2790	5124	-0.004992867332382356
2020-03-24	2776	2797	2776	2797	7290	0.002508960573476715
2020-03-25	2776	2811	2776	2797	8740	0.0
2020-03-26	2776	2811	2776	2797	15717	0.0
2020-03-27	2797	2811	2783	2811	1648	0.005005362888809373
2020-03-30	2776	2811	2776	2811	3677	0.0
2020-03-31	2790	2804	2790	2804	2402	-0.0024902170046247063
2020-04-01	2811	2811	2776	2811	20337	0.0024964336661912334
2020-04-02	2818	2818	2797	2797	318	-0.004980434009249413
2020-04-03	2811	2811	2776	2804	20761	0.0025026814444046863
2020-04-06	2804	2804	2776	2804	58	0.0
2020-04-07	2783	2811	2769	2804	59822	0.0
2020-04-08	2783	2804	2776	2797	16004	-0.0024964336661911224
2020-04-09	2790	2804	2790	2804	1495	0.0025026814444046863
2020-04-10	2783	2804	2769	2797	29826	-0.0024964336661911224
2020-04-13	2790	2797	2783	2797	5308	0.0
2020-04-14	2776	2811	2776	2811	4093	0.005005362888809373
2020-04-16	2783	2818	2776	2811	1544	0.0
2020-04-17	2811	2811	2783	2804	1865	-0.0024902170046247063
2020-04-20	2783	2804	2783	2804	1838	0.0
2020-04-21	2797	2797	2790	2797	731	-0.0024964336661911224
2020-04-22	2790	2797	2790	2797	1430	0.0
2020-04-23	2797	2797	2790	2797	4725	0.0
2020-04-24	2804	2818	2783	2811	1568	0.005005362888809373
2020-04-27	2783	2818	2783	2804	2786	-0.0024902170046247063
2020-04-28	2811	2811	2790	2804	395	0.0
2020-04-29	2804	2804	2804	2804	982	0.0
2020-05-04	2811	2811	2804	2804	72	0.0
2020-05-06	2804	2811	2797	2804	5771	0.0
2020-05-07	2797	2804	2797	2804	3911	0.0
2020-05-08	2811	2811	2797	2804	33842	0.0
2020-05-11	2797	2811	2797	2804	1202	0.0
2020-05-12	2811	2811	2797	2797	6117	-0.0024964336661911224
2020-05-13	2804	2804	2797	2804	10925	0.0025026814444046863
2020-05-14	2811	2811	2790	2797	6675	-0.0024964336661911224
2020-05-15	2811	2811	2790	2804	9	0.0025026814444046863
2020-05-18	2797	2804	2790	2804	8283	0.0
2020-05-19	2811	2811	2797	2811	9710	0.0024964336661912334
2020-05-20	2811	2811	2797	2804	8225	-0.0024902170046247063
2020-05-21	2811	2811	2790	2804	4539	0.0
2020-05-22	2790	2804	2790	2804	3630	0.0
2020-05-25	2797	2804	2797	2797	3236	-0.0024964336661911224
2020-05-26	2797	2811	2790	2811	11307	0.005005362888809373
2020-05-27	2790	2811	2790	2811	113	0.0
2020-05-28	2797	2811	2790	2811	1293	0.0
2020-05-29	2797	2804	2797	2804	840	-0.0024902170046247063
2020-06-01	2797	2804	2797	2804	1793	0.0
2020-06-02	2797	2804	2790	2797	3877	-0.0024964336661911224
2020-06-03	2797	2797	2797	2797	1632	0.0
2020-06-04	2797	2797	2790	2797	5465	0.0
2020-06-05	2797	2811	2797	2811	18065	0.005005362888809373
2020-06-08	2790	2811	2790	2804	9474	-0.0024902170046247063
2020-06-09	2811	2811	2790	2804	5188	0.0
2020-06-10	2797	2804	2790	2804	4208	0.0
2020-06-11	2797	2811	2797	2804	8561	0.0
2020-06-12	2797	2804	2797	2804	4516	0.0
2020-06-15	2804	2804	2790	2804	10563	0.0
2020-06-16	2811	2825	2804	2804	7857	0.0
2020-06-17	2825	2825	2797	2804	6953	0.0
2020-06-18	2804	2825	2797	2818	20686	0.004992867332382245
2020-06-19	2797	2811	2790	2811	24625	-0.0024840312278211485
2020-06-22	2797	2811	2783	2797	10339	-0.004980434009249413
2020-06-23	2797	2804	2790	2804	2714	0.0025026814444046863
2020-06-24	2790	2804	2790	2804	11915	0.0
2020-06-25	2783	2818	2783	2797	8082	-0.0024964336661911224
2020-06-26	2804	2804	2804	2804	1	0.0025026814444046863
2020-06-29	2797	2804	2797	2797	5254	-0.0024964336661911224
2020-06-30	2804	2804	2797	2804	5007	0.0025026814444046863
2020-07-01	2797	2804	2797	2804	3684	0.0
2020-07-02	2797	2804	2790	2804	2163	0.0
2020-07-03	2804	2825	2804	2825	1067	0.007489300998573478
2020-07-06	2790	2818	2783	2804	24600	-0.0074336283185840735
2020-07-07	2811	2811	2790	2797	4182	-0.0024964336661911224
2020-07-08	2811	2811	2797	2811	2147	0.005005362888809373
2020-07-09	2790	2811	2790	2790	801	-0.007470651013874119
2020-07-10	2797	2804	2790	2804	7099	0.00501792114695343
2020-07-13	2825	2825	2797	2811	2154	0.0024964336661912334
2020-07-14	2797	2804	2790	2804	10726	-0.0024902170046247063
2020-07-15	2797	2797	2797	2797	0	-0.0024964336661911224
2020-07-16	2783	2797	2783	2797	2264	0.0
2020-07-17	2797	2804	2790	2804	80	0.0025026814444046863
2020-07-20	2797	2797	2797	2797	0	-0.0024964336661911224
2020-07-21	2790	2804	2790	2804	4464	0.0025026814444046863
2020-07-22	2804	2804	2804	2804	0	0.0
2020-07-23	2804	2804	2804	2804	4	0.0
2020-07-24	2804	2804	2804	2804	21	0.0
2020-07-27	2804	2804	2804	2804	4	0.0
2020-07-28	2804	2804	2804	2804	1	0.0
2020-07-29	2804	2804	2790	2797	5227	-0.0024964336661911224
2020-07-30	2797	2797	2790	2797	1170	0.0
2020-07-31	2797	2797	2790	2797	897	0.0
2020-08-03	2790	2797	2783	2797	4002	0.0
2020-08-04	2783	2797	2783	2790	3256	-0.0025026814444046863
2020-08-05	2790	2797	2783	2783	9602	-0.002508960573476715
2020-08-06	2783	2797	2776	2783	9289	0.0
2020-08-07	2797	2797	2790	2790	44	0.002515271289974752
2020-08-10	2797	2797	2783	2797	7941	0.002508960573476715
2020-08-11	2797	2797	2797	2797	0	0.0
2020-08-12	2797	2797	2776	2790	18636	-0.0025026814444046863
2020-08-13	2797	2797	2790	2790	27	0.0
2020-08-14	2797	2797	2790	2797	2862	0.002508960573476715
2020-08-18	2797	2797	2790	2790	4138	-0.0025026814444046863
2020-08-19	2790	2790	2783	2790	1317	0.0
2020-08-20	2790	2790	2776	2783	4339	-0.002508960573476715
2020-08-21	2804	2804	2769	2797	11588	0.005030542579949726
2020-08-24	2797	2797	2769	2797	15912	0.0
2020-08-25	2790	2790	2783	2790	607	-0.0025026814444046863
2020-08-26	2783	2790	2783	2790	123	0.0
2020-08-27	2790	2790	2790	2790	508	0.0
2020-08-28	2790	2790	2769	2783	6160	-0.002508960573476715
2020-08-31	2790	2790	2783	2783	233	0.0
2020-09-01	2790	2790	2776	2783	11419	0.0
2020-09-02	2783	2783	2783	2783	1850	0.0
2020-09-03	2790	2790	2783	2783	1	0.0
2020-09-04	2790	2804	2783	2797	10390	0.005030542579949726
2020-09-07	2783	2818	2783	2818	35891	0.007508044333214059
2020-09-08	2818	2818	2790	2804	6434	-0.004968062455642297
2020-09-09	2804	2804	2790	2790	11534	-0.004992867332382356
2020-09-10	2797	2797	2797	2797	2670	0.002508960573476715
2020-09-11	2797	2797	2790	2790	2201	-0.0025026814444046863
2020-09-14	2818	2818	2804	2804	9	0.00501792114695343
2020-09-15	2818	2818	2783	2811	1574	0.0024964336661912334
2020-09-16	2811	2811	2783	2797	10590	-0.004980434009249413
2020-09-17	2797	2818	2790	2818	4073	0.007508044333214059
2020-09-18	2811	2818	2783	2783	16185	-0.012420156139105742
2020-09-21	2783	2811	2783	2797	1519	0.005030542579949726
2020-09-22	2804	2804	2797	2797	358	0.0
2020-09-23	2797	2797	2769	2797	3878	0.0
2020-09-24	2811	2811	2811	2811	1	0.005005362888809373
2020-09-25	2790	2811	2790	2811	7561	0.0
2020-09-28	2804	2811	2797	2804	2084	-0.0024902170046247063
2020-09-29	2818	2818	2776	2811	7771	0.0024964336661912334
2020-10-05	2811	2811	2811	2811	72	0.0
2020-10-06	2776	2804	2776	2804	1078	-0.0024902170046247063
2020-10-07	2804	2804	2804	2804	0	0.0
2020-10-08	2776	2804	2776	2797	6069	-0.0024964336661911224
2020-10-12	2797	2797	2776	2797	11476	0.0
2020-10-13	2797	2804	2797	2804	6456	0.0025026814444046863
2020-10-14	2811	2811	2790	2804	3895	0.0
2020-10-15	2811	2811	2790	2804	8983	0.0
2020-10-16	2804	2818	2797	2804	7352	0.0
2020-10-19	2804	2804	2804	2804	108	0.0
2020-10-20	2790	2804	2790	2804	1509	0.0
2020-10-21	2804	2811	2804	2811	189	0.0024964336661912334
2020-10-22	2811	2811	2790	2811	78	0.0
2020-10-23	2811	2811	2811	2811	3	0.0
2020-10-26	2818	2818	2790	2811	5953	0.0
2020-10-27	2790	2804	2790	2804	8	-0.0024902170046247063
2020-10-28	2797	2804	2790	2804	1326	0.0
2020-10-29	2790	2804	2790	2804	13	0.0
2020-10-30	2804	2804	2804	2804	0	0.0
2020-11-02	2797	2804	2797	2804	22	0.0
2020-11-03	2797	2804	2797	2804	117	0.0
2020-11-04	2790	2804	2790	2804	835	0.0
2020-11-05	2804	2804	2804	2804	87	0.0
2020-11-06	2804	2804	2790	2804	7381	0.0
2020-11-09	2804	2804	2804	2804	3692	0.0
2020-11-10	2804	2804	2790	2804	6747	0.0
2020-11-11	2790	2790	2790	2790	1	-0.004992867332382356
2020-11-12	2790	2804	2790	2790	3040	0.0
2020-11-13	2790	2811	2790	2804	2372	0.00501792114695343
2020-11-16	2797	2811	2797	2811	3864	0.0024964336661912334
2020-11-17	2790	2811	2790	2811	4762	0.0
2020-11-18	2797	2811	2790	2811	252	0.0
2020-11-19	2797	2811	2797	2797	265	-0.004980434009249413
2020-11-20	2790	2797	2790	2797	927	0.0
2020-11-23	2797	2797	2797	2797	1103	0.0
2020-11-24	2797	2811	2790	2811	2705	0.005005362888809373
2020-11-25	2804	2804	2804	2804	0	-0.0024902170046247063
2020-11-26	2783	2804	2783	2804	3133	0.0
2020-11-27	2804	2804	2790	2804	650	0.0
2020-11-30	2804	2811	2797	2804	22854	0.0
2020-12-01	2797	2811	2797	2797	697	-0.0024964336661911224
2020-12-02	2797	2804	2790	2797	6668	0.0
2020-12-03	2804	2804	2797	2797	696	0.0
2020-12-04	2804	2804	2797	2804	11692	0.0025026814444046863
2020-12-07	2811	2811	2804	2811	5091	0.0024964336661912334
2020-12-08	2811	2818	2811	2811	5681	0.0
2020-12-09	2811	2811	2797	2811	2514	0.0
2020-12-10	2790	2811	2790	2811	473	0.0
2020-12-11	2804	2811	2804	2811	1131	0.0
2020-12-14	2804	2811	2804	2811	1131	0.0
2020-12-15	2818	2818	2797	2811	372	0.0
2020-12-16	2797	2825	2797	2825	13314	0.004980434009249413
2020-12-17	2825	2846	2825	2839	10594	0.004955752212389308
2020-12-18	2839	2846	2839	2839	1504	0.0
2020-12-21	2839	2846	2811	2832	1017	-0.002465656921451176
2020-12-22	2811	2832	2811	2832	8511	0.0
2020-12-23	2804	2853	2804	2811	722	-0.007415254237288171
2020-12-24	2853	2853	2811	2832	378	0.007470651013874008
2020-12-28	2832	2832	2832	2832	36	0.0
2020-12-29	2811	2839	2811	2832	1026	0.0
2020-12-30	2825	2846	2825	2839	4126	0.0024717514124292794
2021-01-04	2846	2846	2832	2839	1833	0.0
2021-01-05	2839	2846	2832	2846	27432	0.002465656921451176
2021-01-06	2839	2846	2825	2846	7416	0.0
2021-01-07	2811	2853	2811	2846	46328	0.0
2021-01-08	2839	2853	2839	2846	12084	0.0
2021-01-11	2839	2846	2832	2846	378	0.0
2021-01-12	2846	2853	2846	2846	7611	0.0
2021-01-13	2839	2867	2839	2867	24771	0.0073787772312017275
2021-01-14	2867	2867	2846	2846	9976	-0.00732472968259501
2021-01-15	2867	2867	2846	2867	2543	0.0073787772312017275
2021-01-18	2867	2881	2853	2867	10801	0.0
2021-01-19	2846	2874	2839	2867	6090	0.0
2021-01-20	2874	2874	2839	2874	4824	0.0024415765608649664
2021-01-21	2902	2902	2860	2881	3017	0.002435629784272697
2021-01-22	2881	2881	2846	2874	3704	-0.002429711905588383
2021-01-25	2853	2874	2853	2874	5828	0.0
2021-01-26	2867	2874	2867	2874	411	0.0
2021-01-27	2874	2874	2874	2874	7	0.0
2021-01-28	2888	2888	2853	2874	2843	0.0
2021-01-29	2881	2881	2846	2874	6337	0.0
2021-02-01	2874	2916	2867	2902	6039	0.009742519137091232
2021-02-02	2902	2902	2881	2902	885	0.0
2021-02-03	2888	2902	2888	2895	14	-0.002412129565816712
2021-02-04	2895	2895	2867	2895	194	0.0
2021-02-05	2867	2895	2867	2888	7453	-0.0024179620034542326
2021-02-08	2902	2902	2874	2895	9219	0.002423822714681334
2021-02-09	2895	2902	2867	2888	13271	-0.0024179620034542326
2021-02-10	2860	2895	2860	2888	2798	0.0
2021-02-15	2874	2888	2874	2888	4148	0.0
2021-02-16	2888	2888	2888	2888	358	0.0
2021-02-17	2888	2888	2853	2888	1826	0.0
2021-02-18	2853	2881	2853	2881	14666	-0.002423822714681445
2021-02-19	2881	2881	2853	2874	5792	-0.002429711905588383
2021-02-22	2860	2881	2860	2881	3162	0.002435629784272697
2021-02-23	2874	2874	2867	2874	438	-0.002429711905588383
2021-02-24	2867	2867	2853	2867	5077	-0.002435629784272808
2021-02-25	2867	2874	2853	2867	1509	0.0
2021-02-26	2867	2874	2846	2867	8408	0.0
2021-03-02	2867	2867	2853	2867	8700	0.0
2021-03-03	2867	2874	2853	2874	37470	0.0024415765608649664
2021-03-04	2853	2867	2853	2867	22	-0.002435629784272808
2021-03-05	2867	2867	2867	2867	1867	0.0
2021-03-08	2867	2867	2846	2860	20248	-0.0024415765608649664
2021-03-09	2846	2867	2846	2860	157	0.0
2021-03-10	2846	2860	2846	2860	15179	0.0
2021-03-11	2881	2881	2874	2881	1986	0.007342657342657377
2021-03-12	2867	2881	2867	2881	1110	0.0
2021-03-15	2867	2888	2867	2881	3581	0.0
2021-03-16	2874	2881	2874	2881	2269	0.0
2021-03-17	2881	2881	2853	2881	22721	0.0
2021-03-18	2874	2888	2874	2888	9836	0.002429711905588272
2021-03-19	2895	2895	2874	2888	666	0.0
2021-03-22	2888	2888	2881	2888	3731	0.0
2021-03-23	2881	2895	2867	2895	282	0.002423822714681334
2021-03-24	2888	2888	2867	2888	11	-0.0024179620034542326
2021-03-25	2888	2895	2874	2895	5916	0.002423822714681334
2021-03-26	2895	2902	2860	2895	6238	0.0
2021-03-29	2902	2902	2860	2895	815	0.0
2021-03-30	2902	2902	2874	2902	1546	0.0024179620034541216
2021-03-31	2902	2902	2867	2895	1808	-0.002412129565816712
2021-04-01	2902	2902	2874	2895	151	0.0
2021-04-02	2881	2902	2881	2895	3245	0.0
2021-04-05	2902	2902	2902	2902	4	0.0024179620034541216
2021-04-06	2895	2902	2895	2895	715	-0.002412129565816712
2021-04-07	2902	2902	2888	2902	1040	0.0024179620034541216
2021-04-08	2895	2895	2888	2895	5162	-0.002412129565816712
2021-04-09	2902	2902	2895	2895	1386	0.0
2021-04-12	2895	2909	2895	2909	8462	0.004835924006908465
2021-04-13	2902	2909	2902	2909	3197	0.0
2021-04-14	2895	2909	2895	2895	1143	-0.004812650395324858
2021-04-15	2895	2909	2895	2909	4818	0.004835924006908465
2021-04-16	2916	2923	2916	2923	2683	0.004812650395324747
2021-04-19	2923	2930	2923	2923	10864	0.0
2021-04-20	2923	2930	2923	2923	428	0.0
2021-04-21	2916	2930	2916	2930	5050	0.0023947998631543843
2021-04-22	2937	3034	2916	2930	50636	0.0
2021-04-23	2958	3062	2923	2951	228974	0.0071672354948806305
2021-04-26	2972	2986	2923	2965	71599	0.004744154523890209
2021-04-27	2965	2979	2930	2979	22834	0.004721753794266537
2021-04-28	2979	2979	2888	2930	15383	-0.01644847264182614
2021-04-29	2923	2944	2909	2937	12220	0.0023890784982936175
2021-04-30	2979	2986	2895	2909	40878	-0.009533537623425237
2021-05-03	2937	2965	2909	2937	14416	0.009625300790649716
2021-05-04	2958	2958	2916	2951	26792	0.004766768811712563
2021-05-06	2958	2965	2923	2965	17973	0.004744154523890209
2021-05-07	2993	3000	2930	2930	18719	-0.01180438448566612
2021-05-10	2937	2986	2930	2986	7349	0.019112627986348052
2021-05-11	2972	2979	2937	2979	20743	-0.0023442732752846362
2021-05-12	2972	3000	2944	2986	6168	0.0023497818059752262
2021-05-13	2972	3006	2972	3000	15059	0.0046885465505692725
2021-05-14	3000	3000	2965	3000	5980	0.0
2021-05-17	0	0	0	3000	0	0.0
2021-05-18	0	0	0	3000	0	0.0
2021-05-20	0	0	0	3000	0	0.0
2021-05-21	0	0	0	3000	0	0.0
2021-05-24	0	0	0	3000	0	0.0
2021-05-25	0	0	0	3000	0	0.0
2021-05-26	0	0	0	3000	0	0.0
2021-05-27	0	0	0	3000	0	0.0
2021-05-28	0	0	0	3000	0	0.0
2021-05-31	0	0	0	3000	0	0.0
2021-06-01	0	0	0	3000	0	0.0
2021-06-02	0	0	0	3000	0	0.0
2021-06-03	0	0	0	3000	0	0.0
2021-06-04	0	0	0	3000	0	0.0
2021-06-07	0	0	0	3000	0	0.0
2021-06-08	0	0	0	3000	0	0.0
2021-06-09	0	0	0	3000	0	0.0
2021-06-10	0	0	0	3000	0	0.0
2021-06-11	0	0	0	3000	0	0.0
2021-06-14	0	0	0	3000	0	0.0
2021-06-15	0	0	0	3000	0	0.0
2021-06-16	0	0	0	3000	0	0.0
2021-06-17	0	0	0	3000	0	0.0
2021-06-18	0	0	0	3000	0	0.0
2021-06-21	0	0	0	3000	0	0.0
2021-06-22	0	0	0	3000	0	0.0
2021-06-23	0	0	0	3000	0	0.0
2021-06-24	0	0	0	3000	0	0.0
2021-06-25	0	0	0	3000	0	0.0
2021-06-28	0	0	0	3000	0	0.0
2021-06-29	0	0	0	3000	0	0.0
2021-06-30	0	0	0	3000	0	0.0
2021-07-01	0	0	0	3000	0	0.0
2021-07-02	0	0	0	3000	0	0.0
2021-07-05	0	0	0	3000	0	0.0
2021-07-06	0	0	0	3000	0	0.0
2021-07-07	0	0	0	3000	0	0.0
2021-07-08	0	0	0	3000	0	0.0
2021-07-09	0	0	0	3000	0	0.0
2021-07-12	0	0	0	3000	0	0.0
2021-07-13	0	0	0	3000	0	0.0
2021-07-14	0	0	0	3000	0	0.0
2021-07-15	0	0	0	3000	0	0.0
2021-07-16	0	0	0	3000	0	0.0
2021-07-19	0	0	0	3000	0	0.0
2021-07-20	0	0	0	3000	0	0.0
2021-07-21	0	0	0	3000	0	0.0
2021-07-22	0	0	0	3000	0	0.0
2021-07-23	0	0	0	3000	0	0.0
2021-07-26	0	0	0	3000	0	0.0
2021-07-27	0	0	0	3000	0	0.0
2021-07-28	0	0	0	3000	0	0.0
2021-07-29	0	0	0	3000	0	0.0
2021-07-30	0	0	0	3000	0	0.0
2021-08-02	0	0	0	3000	0	0.0
2021-08-03	0	0	0	3000	0	0.0
2021-08-04	0	0	0	3000	0	0.0
2021-08-05	0	0	0	3000	0	0.0
2021-08-06	3000	3900	2995	3900	6232530	0.30000000000000004
2021-08-09	5070	5070	3945	3945	12550731	0.011538461538461497
2021-08-10	3765	3800	3390	3675	3686320	-0.0684410646387833
2021-08-11	4175	4385	3675	3675	8006218	0.0
2021-08-12	3510	4275	3485	3880	9841079	0.05578231292517
2021-08-13	3800	4170	3700	3755	3697051	-0.03221649484536082
2021-08-17	3715	3745	3400	3430	1010814	-0.08655126498002663
2021-08-18	3430	3825	3340	3545	4438505	0.03352769679300294
2021-08-19	3450	4040	3410	3580	7004218	0.009873060648801113
2021-08-20	3525	3720	3390	3405	1751382	-0.0488826815642458
2021-08-23	3495	3520	3355	3360	334592	-0.013215859030836996
2021-08-24	3420	3470	3350	3350	381049	-0.0029761904761904656
2021-08-25	3340	3620	3200	3410	2104957	0.017910447761193993
2021-08-26	3370	3445	3285	3285	409614	-0.03665689149560114
2021-08-27	3260	3315	3170	3210	297504	-0.022831050228310557
2021-08-30	3300	3300	3145	3170	143218	-0.012461059190031154
2021-08-31	3170	3300	3140	3170	319257	0.0
2021-09-01	3100	3250	3100	3150	242091	-0.006309148264984188
2021-09-02	3140	3380	3115	3180	505003	0.00952380952380949
2021-09-03	3180	3300	3160	3190	209568	0.003144654088050425
2021-09-06	3140	3145	2980	3095	198708	-0.029780564263322873
2021-09-07	3070	3150	3005	3030	137219	-0.021001615508885352
2021-09-08	3030	3180	2905	3000	209785	-0.00990099009900991
2021-09-09	2955	3085	2910	2970	80321	-0.010000000000000009
2021-09-10	2970	3085	2970	2985	107435	0.005050505050504972
2021-09-13	2985	3095	2930	2950	100655	-0.011725293132328285
2021-09-14	2930	3070	2850	2920	86470	-0.01016949152542368
2021-09-15	2900	2965	2800	2895	130946	-0.008561643835616417
2021-09-16	2865	3405	2810	2880	1356466	-0.005181347150259086
2021-09-17	2850	2945	2780	2855	252049	-0.00868055555555558
2021-09-23	2840	2890	2795	2795	114017	-0.021015761821365997
2021-09-24	2795	2965	2795	2820	120709	0.008944543828264706
2021-09-27	2805	2955	2805	2900	149660	0.028368794326241176
2021-09-28	2865	3015	2845	2865	59209	-0.012068965517241348
2021-09-29	2810	2865	2745	2775	117245	-0.03141361256544506
2021-09-30	2775	2800	2650	2690	98176	-0.03063063063063065
2021-10-01	2660	2790	2605	2630	147061	-0.022304832713754608
2021-10-05	2725	2725	2425	2435	134181	-0.07414448669201523
2021-10-06	2435	2575	2300	2420	163532	-0.006160164271047264
2021-10-07	2430	2490	2330	2485	97786	0.026859504132231482
2021-10-08	2410	2550	2305	2495	101846	0.004024144869215318
2021-10-12	2450	2610	2405	2470	98769	-0.01002004008016033
2021-10-13	2410	3050	2410	2695	3778277	0.09109311740890691
2021-10-14	2670	2855	2570	2625	1099690	-0.025974025974025983
2021-10-15	2660	2690	2575	2580	188321	-0.017142857142857126
2021-10-18	2575	2710	2575	2610	391521	0.011627906976744207
2021-10-19	2610	3020	2610	2730	3042502	0.04597701149425282
2021-10-20	2730	2775	2695	2745	190123	0.005494505494505475
2021-10-21	2760	2945	2715	2720	595617	-0.00910746812386154
2021-10-22	2730	2880	2725	2725	212450	0.0018382352941177516
2021-10-25	2725	2745	2600	2735	97972	0.003669724770642091
2021-10-26	2705	2750	2630	2660	90293	-0.027422303473491727
2021-10-27	2660	2690	2600	2600	53153	-0.022556390977443663
2021-10-28	2600	2685	2590	2590	41987	-0.0038461538461538325
2021-10-29	2590	2795	2590	2600	191915	0.0038610038610038533
2021-11-01	2650	2675	2600	2600	36039	0.0
2021-11-02	2645	2680	2600	2655	55402	0.02115384615384608
2021-11-03	2630	2700	2625	2665	42802	0.0037664783427495685
2021-11-04	2690	3050	2685	2780	658137	0.04315196998123838
2021-11-05	2710	2730	2650	2685	123753	-0.03417266187050361
2021-11-08	2685	2795	2680	2730	58105	0.016759776536312776
2021-11-09	2710	2775	2685	2725	37390	-0.001831501831501825
2021-11-10	2755	2800	2715	2800	101944	0.02752293577981657
2021-11-11	2800	3125	2800	2995	577281	0.06964285714285712
2021-11-12	3010	3310	3010	3170	664436	0.058430717863105164
2021-11-15	3240	3300	3070	3125	157093	-0.014195583596214534
2021-11-16	3145	3300	3080	3300	352643	0.05600000000000005
2021-11-17	3305	3305	2980	3165	159833	-0.040909090909090895
2021-11-18	3075	3125	2990	3000	135464	-0.05213270142180093
2021-11-19	3000	3145	2955	3015	81745	0.004999999999999893
2021-11-22	3090	3250	3060	3215	548817	0.06633499170812596
2021-11-23	3240	3240	3100	3100	176290	-0.03576982892690517
2021-11-24	3010	3300	2865	2955	332985	-0.04677419354838708
2021-11-25	2975	3090	2955	3025	54013	0.02368866328257191
2021-11-26	3030	3030	2780	2855	102741	-0.056198347107437985
2021-11-29	2760	2935	2655	2755	68429	-0.035026269702276736
2021-11-30	2755	2895	2650	2715	77799	-0.014519056261342977
2021-12-01	2830	2830	2600	2635	67799	-0.029465930018416242
2021-12-02	2635	2830	2520	2680	58847	0.017077798861480087
2021-12-03	2710	2735	2635	2670	33641	-0.003731343283582045
2021-12-06	2750	3250	2600	2850	675967	0.0674157303370786
2021-12-07	2910	3190	2830	3025	449061	0.06140350877192979
2021-12-08	3050	3090	2900	2955	110203	-0.023140495867768562
2021-12-09	3110	3680	2850	2915	2647835	-0.013536379018612488
2021-12-10	3050	3050	2810	2815	343009	-0.03430531732418529
2021-12-13	2835	2835	2645	2675	196562	-0.04973357015985791
2021-12-14	2700	2850	2700	2850	146311	0.06542056074766345
2021-12-15	2835	3115	2755	2995	688939	0.050877192982456076
2021-12-16	2955	3145	2850	2980	385315	-0.005008347245408995
2021-12-17	3040	3290	2965	3215	1167973	0.07885906040268464
2021-12-20	3165	3600	3150	3295	2412212	0.02488335925349916
2021-12-21	3265	3360	3170	3250	316766	-0.01365705614567525
2021-12-22	3230	3255	3100	3100	239954	-0.0461538461538461
2021-12-23	3070	3080	2970	2970	168595	-0.041935483870967794
2021-12-24	2970	2970	2840	2865	157823	-0.03535353535353536
2021-12-27	2865	2930	2770	2870	141648	0.0017452006980802626
2021-12-28	2870	2920	2850	2880	80337	0.0034843205574912606
2021-12-29	2820	2910	2800	2895	41286	0.005208333333333259
2021-12-30	2820	2950	2820	2945	91285	0.017271157167530138
2022-01-03	2970	2970	2895	2905	62914	-0.01358234295415961
2022-01-04	2930	2930	2880	2910	64285	0.001721170395869276
2022-01-05	2860	2895	2830	2865	48545	-0.015463917525773141
2022-01-06	2870	2935	2800	2865	105232	0.0
2022-01-07	2880	2900	2850	2865	53919	0.0
2022-01-10	2865	2920	2810	2895	38929	0.010471204188481575
2022-01-11	2875	2895	2745	2780	79023	-0.03972366148531947
2022-01-12	2780	2795	2745	2765	60497	-0.0053956834532373765
2022-01-13	2765	2785	2690	2690	85422	-0.027124773960216952
2022-01-14	2655	2710	2585	2625	83677	-0.024163568773234223
2022-01-17	2610	2665	2490	2520	92259	-0.040000000000000036
2022-01-18	2520	2570	2455	2490	44959	-0.011904761904761862
2022-01-19	2410	2575	2410	2470	28215	-0.008032128514056214
2022-01-20	2535	2535	2430	2500	18089	0.012145748987854255
2022-01-21	2570	2570	2435	2500	39785	0.0
2022-01-24	2400	2485	2280	2320	128393	-0.07199999999999995
2022-01-25	2330	2500	2315	2370	107127	0.02155172413793105
2022-01-26	2445	2445	2370	2430	44487	0.025316455696202445
2022-01-27	2430	2430	2180	2220	178016	-0.0864197530864198
2022-01-28	2220	2295	2220	2265	35881	0.020270270270270174
2022-02-03	2275	2430	2265	2400	54215	0.0596026490066226
2022-02-04	2410	2700	2305	2520	355081	0.050000000000000044
2022-02-07	2530	2565	2485	2535	91163	0.005952380952380931
2022-02-08	2570	2570	2415	2470	87157	-0.02564102564102566
2022-02-09	2445	2525	2445	2475	26852	0.002024291497975783
2022-02-10	2540	2540	2455	2470	32264	-0.002020202020202033
2022-02-11	2495	2495	2400	2440	31594	-0.012145748987854255
2022-02-14	2330	2395	2235	2295	44058	-0.05942622950819676
2022-02-15	2280	2365	2240	2250	15402	-0.019607843137254943
2022-02-16	2385	2385	2275	2330	25120	0.03555555555555556
2022-02-17	2385	2385	2305	2330	23175	0.0
2022-02-18	2320	2380	2270	2345	24337	0.006437768240343367
2022-02-21	2340	2410	2205	2355	9024	0.004264392324093924
2022-02-22	2315	2470	2240	2330	14162	-0.010615711252653925
2022-02-23	2350	2435	2330	2335	44510	0.0021459227467810482
2022-02-24	2335	2385	2275	2275	51986	-0.025695931477516032
2022-02-25	2490	2490	2340	2385	14739	0.0483516483516484
2022-02-28	2395	2400	2250	2350	10234	-0.014675052410901501
2022-03-02	2370	2380	2300	2380	11388	0.012765957446808418
2022-03-03	2400	2400	2335	2395	11094	0.006302521008403339
2022-03-04	2375	2395	2340	2380	19906	-0.006263048016701411
2022-03-07	2390	2390	2260	2280	47306	-0.04201680672268904
2022-03-08	2255	2300	2200	2270	35319	-0.004385964912280715
2022-03-10	2280	2300	2270	2270	31659	0.0
2022-03-11	2280	2390	2230	2255	28470	-0.0066079295154185536
2022-03-14	2255	2310	2220	2245	13080	-0.0044345898004434225
2022-03-15	2245	2260	2140	2140	63300	-0.04677060133630284
2022-03-16	2200	2780	2200	2780	894712	0.2990654205607477
2022-03-17	3280	3290	2535	2540	2372586	-0.08633093525179858
2022-03-18	2530	2595	2490	2570	248057	0.011811023622047223
2022-03-21	2580	2580	2500	2500	149387	-0.027237354085603127
2022-03-22	2480	2490	2445	2470	131259	-0.01200000000000001
2022-03-23	2445	2580	2445	2555	164395	0.03441295546558698
2022-03-24	2560	2580	2490	2550	98646	-0.00195694716242667
2022-03-25	2550	2550	2450	2490	46746	-0.02352941176470591
2022-03-28	2500	2580	2490	2565	110381	0.030120481927710774
2022-03-29	2560	2560	2510	2545	41153	-0.007797270955165692
2022-03-30	2550	2550	2505	2530	43429	-0.005893909626719096
2022-03-31	2510	2560	2510	2520	40382	-0.0039525691699604515
2022-04-01	2540	2575	2470	2550	131245	0.011904761904761862
2022-04-04	2550	2570	2480	2535	33020	-0.00588235294117645
2022-04-05	2525	2565	2520	2525	32160	-0.0039447731755424265
2022-04-06	2545	2550	2485	2510	83093	-0.005940594059405946
2022-04-07	2525	2540	2475	2515	79631	0.0019920318725099584
2022-04-08	2510	2545	2430	2500	61471	-0.005964214711729587
2022-04-11	2500	2500	2400	2435	54077	-0.026000000000000023
2022-04-12	2420	2475	2350	2445	50756	0.004106776180698102
2022-04-13	2430	2475	2430	2440	13904	-0.002044989775051076
2022-04-14	2475	2475	2380	2430	30489	-0.004098360655737654
2022-04-15	2430	2435	2330	2385	65588	-0.01851851851851849
2022-04-18	2405	2405	2365	2405	15286	0.008385744234800763
2022-04-19	2395	2500	2305	2355	67570	-0.02079002079002079
2022-04-20	2360	2410	2300	2380	58685	0.010615711252653925
2022-04-21	2400	2400	2305	2340	47760	-0.01680672268907568
2022-04-22	2305	2360	2285	2330	63999	-0.004273504273504258
2022-04-25	2320	2320	2260	2275	24232	-0.023605150214592308
2022-04-26	2275	2340	2275	2315	28951	0.01758241758241752
2022-04-27	2290	2335	2255	2315	65570	0.0
2022-04-28	2315	2420	2305	2390	35103	0.03239740820734349
2022-04-29	2400	2535	2355	2500	166601	0.046025104602510414
2022-05-02	2495	2495	2425	2470	76751	-0.01200000000000001
2022-05-03	2465	2470	2400	2400	24784	-0.028340080971659964
2022-05-04	2370	3100	2370	2655	9511355	0.10624999999999996
2022-05-06	2765	3135	2540	2595	5542824	-0.02259887005649719
2022-05-09	2550	2585	2440	2440	371970	-0.05973025048169556
2022-05-10	2400	3170	2400	3170	3692478	0.2991803278688525
2022-05-11	3250	3390	2930	3050	14089580	-0.03785488958990535
2022-05-12	3000	3145	2720	2770	3020210	-0.09180327868852456
2022-05-13	2820	2905	2700	2845	2083330	0.02707581227436817
2022-05-16	2865	3015	2780	2955	2521965	0.03866432337434089
2022-05-17	2925	2970	2825	2955	814423	0.0
2022-05-18	2915	2950	2790	2940	735427	-0.005076142131979711
2022-05-19	2845	3020	2820	2970	1309107	0.010204081632652962
2022-05-20	2970	2990	2875	2875	505767	-0.03198653198653201
2022-05-23	2900	2900	2715	2725	507616	-0.05217391304347829
2022-05-24	2725	2740	2540	2555	930906	-0.062385321100917435
2022-05-25	2555	2595	2535	2555	435049	0.0
2022-05-26	2565	2580	2520	2555	257839	0.0
2022-05-27	2560	2560	2490	2525	178899	-0.011741682974559686
2022-05-30	2525	3040	2500	2840	19783452	0.12475247524752486
2022-05-31	2795	2850	2765	2810	1602210	-0.010563380281690127
2022-06-02	2785	2930	2770	2915	2074861	0.03736654804270456
2022-06-03	2860	2895	2790	2850	924419	-0.022298456260720356
2022-06-07	2860	3705	2830	3600	30235815	0.26315789473684204
2022-06-08	3600	4230	3490	3860	44845142	0.07222222222222219
2022-06-09	3775	4015	3540	3600	7143410	-0.06735751295336789
2022-06-10	3545	3870	3320	3430	9232152	-0.047222222222222276
2022-06-13	3390	3515	3255	3275	3586953	-0.04518950437317781
2022-06-14	3270	3645	3080	3205	12465712	-0.021374045801526687
2022-06-15	3220	3255	2980	3010	1785565	-0.060842433697347875
2022-06-16	3165	3570	3070	3280	9365443	0.0897009966777409
2022-06-17	3180	3210	3040	3195	1207060	-0.02591463414634143
2022-06-20	3250	3460	3070	3320	6139892	0.039123630672926346
2022-06-21	3210	3390	3110	3385	2655743	0.01957831325301207
2022-06-22	3320	3595	3000	3075	5448742	-0.09158050221565728
2022-06-23	3075	3100	2500	2540	1846116	-0.17398373983739834
2022-06-24	2530	2780	2505	2600	2610225	0.023622047244094446
2022-06-27	2980	3230	2805	3000	13261732	0.15384615384615374
2022-06-28	2945	3085	2940	2980	2823110	-0.00666666666666671
2022-06-29	2890	3180	2835	3100	3528885	0.04026845637583887
2022-06-30	3055	3400	3050	3205	10162181	0.03387096774193554
2022-07-01	3240	3385	2830	2870	3570000	-0.1045241809672387
2022-07-04	2990	3495	2865	3170	15181451	0.1045296167247387
2022-07-05	3185	3615	3150	3390	15754918	0.06940063091482651
2022-07-06	3320	3425	3165	3225	3007768	-0.04867256637168138
2022-07-07	3245	3300	2970	3110	2103867	-0.03565891472868221
2022-07-08	3135	4040	3135	4040	23343844	0.2990353697749195
2022-07-11	4100	4345	3855	4040	24478030	0.0
2022-07-12	4035	4080	3825	3905	6610981	-0.033415841584158446
2022-07-13	3855	4030	3730	3730	5262993	-0.04481434058898848
2022-07-14	3710	3880	3560	3605	4189207	-0.03351206434316356
