Date	Open	High	Low	Close	Volume	Change
2020-09-09	28000	31800	25300	26800	8304697	
2020-09-10	27300	28600	26300	26400	778502	-0.014925373134328401
2020-09-11	26100	27150	25150	25150	507465	-0.04734848484848486
2020-09-14	25450	27150	24600	26600	639973	0.05765407554671964
2020-09-15	26650	28850	26100	27350	870515	0.02819548872180455
2020-09-16	28050	28850	26550	27000	331928	-0.012797074954296161
2020-09-17	27000	27200	25600	25750	275289	-0.04629629629629628
2020-09-18	25750	25950	25150	25450	99937	-0.011650485436893177
2020-09-21	25400	25850	23400	23800	161173	-0.06483300589390961
2020-09-22	23500	23550	22150	22250	151167	-0.06512605042016806
2020-09-23	22850	24200	22200	23300	136432	0.04719101123595504
2020-09-24	22750	22900	21250	21800	162999	-0.06437768240343344
2020-09-25	22050	22450	21250	21350	65760	-0.020642201834862428
2020-09-28	21350	21850	21300	21450	44019	0.004683840749414525
2020-09-29	21650	22500	21450	21800	60290	0.01631701631701632
2020-10-05	22050	24150	21950	23250	148313	0.0665137614678899
2020-10-06	23750	24300	22750	23000	80263	-0.010752688172043001
2020-10-07	23200	24450	23200	24100	79937	0.047826086956521685
2020-10-08	24250	24750	23800	23900	68330	-0.008298755186721962
2020-10-12	22450	22850	22350	22700	204422	-0.05020920502092052
2020-10-13	22800	22950	21950	22450	57414	-0.011013215859030812
2020-10-14	22500	22650	22000	22050	39765	-0.017817371937639215
2020-10-15	22000	22100	20950	22050	101106	0.0
2020-10-16	22000	22400	21300	21400	39268	-0.02947845804988658
2020-10-19	21300	22050	20650	21500	82484	0.004672897196261738
2020-10-20	21500	22250	21150	22150	104929	0.03023255813953485
2020-10-21	22300	22750	21050	22450	422224	0.013544018058690765
2020-10-22	22450	22800	21350	22650	101281	0.008908685968819663
2020-10-23	22450	23600	21600	21600	300998	-0.04635761589403975
2020-10-26	21350	22400	21100	22350	122826	0.03472222222222232
2020-10-27	21950	22500	21750	21850	42769	-0.022371364653243853
2020-10-28	22800	23750	22300	22300	207579	0.020594965675057253
2020-10-29	21950	22350	21300	21750	68232	-0.024663677130044803
2020-10-30	21800	23150	21750	22250	126879	0.02298850574712641
2020-11-02	22250	23350	22000	23000	83894	0.03370786516853941
2020-11-03	23200	24100	22800	23700	153567	0.0304347826086957
2020-11-04	24050	26250	23350	23850	451255	0.006329113924050667
2020-11-05	24000	27500	23750	26700	695727	0.11949685534591192
2020-11-06	26700	28450	25300	26200	561884	-0.01872659176029967
2020-11-09	26450	27250	25550	26100	239118	-0.003816793893129722
2020-11-10	26000	26100	24350	24400	210177	-0.06513409961685823
2020-11-11	24300	25750	24250	24850	144043	0.018442622950819665
2020-11-12	24850	25200	24400	24400	63659	-0.01810865191146882
2020-11-13	24400	24400	23400	23750	91413	-0.026639344262295084
2020-11-16	23850	24500	23750	23900	94650	0.006315789473684275
2020-11-17	24300	25100	24000	24400	68990	0.02092050209205021
2020-11-18	24800	24800	23350	24150	142178	-0.010245901639344246
2020-11-19	24150	24600	23650	24100	63730	-0.0020703933747412417
2020-11-20	24100	24350	23450	23450	100833	-0.026970954356846488
2020-11-23	23400	23450	22900	23100	59588	-0.014925373134328401
2020-11-24	23350	23400	22800	22950	65261	-0.00649350649350644
2020-11-25	23050	23700	22700	22750	74043	-0.008714596949891074
2020-11-26	22850	23200	22700	22800	46163	0.00219780219780219
2020-11-27	22900	23100	22550	23100	44856	0.013157894736842035
2020-11-30	23100	23300	22750	22750	60306	-0.015151515151515138
2020-12-01	22750	22950	22500	22600	34524	-0.00659340659340657
2020-12-02	22700	22750	22250	22250	50877	-0.015486725663716783
2020-12-03	22300	22550	22000	22000	44120	-0.011235955056179803
2020-12-04	22100	23000	21750	22850	74457	0.03863636363636358
2020-12-07	23200	23200	22300	22400	35905	-0.01969365426695846
2020-12-08	22550	22550	22000	22300	43458	-0.004464285714285698
2020-12-09	22050	22300	21600	21600	168270	-0.03139013452914796
2020-12-10	21800	22000	21350	21550	99289	-0.0023148148148147696
2020-12-11	21600	22550	21550	22450	72483	0.0417633410672853
2020-12-14	22150	22850	22000	22100	59591	-0.015590200445434244
2020-12-15	22100	22500	21600	21750	58640	-0.015837104072398245
2020-12-16	21800	22100	21700	21950	53632	0.009195402298850519
2020-12-17	22000	22300	21800	21850	38595	-0.004555808656036442
2020-12-18	22050	22200	21700	21850	37775	0.0
2020-12-21	21750	21900	21600	21900	36120	0.0022883295194509046
2020-12-22	22000	23200	21750	22750	169327	0.038812785388127935
2020-12-23	22900	23100	22300	22900	64292	0.00659340659340657
2020-12-24	23000	23000	22050	22300	47480	-0.026200873362445365
2020-12-28	22300	22900	22200	22350	52325	0.0022421524663676085
2020-12-29	22250	22650	22050	22150	42873	-0.008948545861297563
2020-12-30	22100	23200	22000	22800	116206	0.02934537246049662
2021-01-04	23050	23150	22550	22800	101302	0.0
2021-01-05	22800	24200	22550	23950	250477	0.05043859649122817
2021-01-06	23900	24850	23650	23700	242364	-0.01043841336116913
2021-01-07	24000	24600	23400	24550	191990	0.03586497890295348
2021-01-08	24500	24500	23600	24000	122121	-0.022403258655804503
2021-01-11	23800	24000	22600	23100	165039	-0.03749999999999998
2021-01-12	23100	23550	22650	23100	63184	0.0
2021-01-13	23150	24150	23150	23650	89639	0.023809523809523725
2021-01-14	23700	24100	23250	23800	55374	0.00634249471458781
2021-01-15	23950	23950	22800	22850	75552	-0.03991596638655459
2021-01-18	22850	23050	22200	22200	48556	-0.02844638949671774
2021-01-19	22200	22450	21900	22300	58806	0.0045045045045044585
2021-01-20	22600	22700	22050	22150	61099	-0.006726457399103158
2021-01-21	22250	23200	22250	22600	96303	0.020316027088036037
2021-01-22	22500	23350	22450	23050	79517	0.019911504424778848
2021-01-25	23350	23400	22750	23000	59810	-0.002169197396963085
2021-01-26	22900	23100	22400	22450	58148	-0.023913043478260843
2021-01-27	22700	22800	22150	22200	72061	-0.011135857461024523
2021-01-28	21750	22200	21600	21650	77320	-0.024774774774774744
2021-01-29	21700	21950	20200	20900	116647	-0.034642032332563466
2021-02-01	21150	22550	21000	21950	180274	0.05023923444976086
2021-02-02	22350	22350	21450	21650	70094	-0.013667425968109326
2021-02-03	21750	21900	21500	21600	28698	-0.002309468822170868
2021-02-04	21500	21700	21150	21250	65008	-0.01620370370370372
2021-02-05	21450	21450	21000	21250	35052	0.0
2021-02-08	21200	21350	20800	20900	73055	-0.016470588235294126
2021-02-09	21100	21200	20750	20900	23273	0.0
2021-02-10	20850	21350	20850	21000	53424	0.004784688995215225
2021-02-15	21300	21300	20600	20750	65163	-0.011904761904761862
2021-02-16	20750	20950	20700	20850	31308	0.004819277108433662
2021-02-17	21000	21850	20900	21750	128688	0.043165467625899234
2021-02-18	22350	22450	21900	22100	102105	0.016091954022988464
2021-02-19	22200	22650	21400	21850	103534	-0.011312217194570096
2021-02-22	22400	22450	21900	22200	74404	0.016018306636155666
2021-02-23	21800	22100	21600	21700	43236	-0.022522522522522515
2021-02-24	21800	21850	20800	21000	57472	-0.032258064516129004
2021-02-25	21200	21350	20850	21200	27062	0.00952380952380949
2021-02-26	20550	21100	20550	20800	43597	-0.018867924528301883
2021-03-02	21100	21100	20250	20400	47828	-0.019230769230769273
2021-03-03	20500	20950	20250	20800	21448	0.019607843137254832
2021-03-04	20500	20700	20250	20450	32874	-0.016826923076923128
2021-03-05	20400	20750	20200	20500	17415	0.0024449877750611915
2021-03-08	20700	21450	20650	21450	90990	0.04634146341463419
2021-03-09	21650	22550	21450	22400	871078	0.04428904428904423
2021-03-10	22650	22750	21300	21500	215702	-0.0401785714285714
2021-03-11	21500	21750	21050	21300	81399	-0.009302325581395321
2021-03-12	21600	21750	21250	21650	60633	0.016431924882629012
2021-03-15	21600	21650	21050	21300	91931	-0.0161662817551963
2021-03-16	21450	21600	21050	21600	52276	0.014084507042253502
2021-03-17	21400	21750	21400	21750	52913	0.00694444444444442
2021-03-18	21750	22200	21650	21900	71901	0.006896551724137945
2021-03-19	21500	22400	21500	22050	58344	0.006849315068493178
2021-03-22	22050	22150	21550	21800	48896	-0.0113378684807256
2021-03-23	21800	22000	21500	21600	43715	-0.00917431192660545
2021-03-24	21550	21700	21450	21450	23254	-0.00694444444444442
2021-03-25	21400	21950	21400	21800	37527	0.01631701631701632
2021-03-26	22000	22550	21700	22200	81146	0.0183486238532109
2021-03-29	22000	22250	21750	21850	49394	-0.015765765765765716
2021-03-30	21900	22050	21700	21950	29758	0.004576659038901587
2021-03-31	21900	21950	21600	21900	33505	-0.002277904328018221
2021-04-01	21950	22150	21450	21750	64323	-0.006849315068493178
2021-04-02	21750	21900	21450	21650	35555	-0.0045977011494252595
2021-04-05	21600	21750	21350	21500	35105	-0.006928406466512715
2021-04-06	21750	21750	21300	21400	24540	-0.0046511627906976605
2021-04-07	21550	21550	21250	21350	40565	-0.002336448598130869
2021-04-08	21300	21450	21250	21400	34591	0.0023419203747072626
2021-04-09	21350	21800	21350	21700	66712	0.014018691588784993
2021-04-12	21800	22000	21550	21900	50319	0.009216589861751112
2021-04-13	21900	22250	21750	22150	58362	0.011415525114155223
2021-04-14	22050	22150	21900	22050	36933	-0.004514672686230292
2021-04-15	22050	22050	21650	21750	31985	-0.013605442176870763
2021-04-16	22050	22050	21700	21800	28082	0.0022988505747125743
2021-04-19	21800	21850	21500	21750	32219	-0.002293577981651418
2021-04-20	21800	22250	21600	22200	70098	0.020689655172413834
2021-04-21	22200	22650	22050	22200	86453	0.0
2021-04-22	22400	22600	22050	22150	81879	-0.0022522522522522292
2021-04-23	22150	23700	21800	23100	278846	0.04288939051918739
2021-04-26	23350	23600	22950	23350	103794	0.010822510822510845
2021-04-27	23450	23550	22950	23150	88507	-0.008565310492505307
2021-04-28	23700	24250	22600	23000	333044	-0.006479481641468721
2021-04-29	23200	23650	23150	23250	77448	0.010869565217391353
2021-04-30	23400	23550	22350	22650	96974	-0.02580645161290318
2021-05-03	22750	23150	22650	23000	57074	0.015452538631346657
2021-05-04	22750	22950	22200	22600	53034	-0.017391304347826098
2021-05-06	23250	23800	23000	23450	186353	0.03761061946902644
2021-05-07	23600	23900	23300	23500	55465	0.002132196162046851
2021-05-10	23750	23850	23250	23550	85604	0.0021276595744681437
2021-05-11	23300	23450	23050	23200	52333	-0.014861995753715496
2021-05-12	23200	23200	22600	23200	67572	0.0
2021-05-13	22750	23000	22500	22900	31825	-0.012931034482758674
2021-05-14	23200	23200	22500	22750	31720	-0.0065502183406113135
2021-05-17	22700	23500	22450	23250	100351	0.0219780219780219
2021-05-18	23500	23500	23000	23000	52126	-0.010752688172043001
2021-05-20	22800	22800	22450	22700	43300	-0.013043478260869601
2021-05-21	22700	22850	22200	22200	41154	-0.022026431718061623
2021-05-24	22200	22350	22000	22150	24473	-0.0022522522522522292
2021-05-25	22200	22500	22150	22350	34396	0.009029345372460584
2021-05-26	22350	22500	22250	22450	21859	0.004474272930648837
2021-05-27	22450	23000	22400	22800	47656	0.015590200445434244
2021-05-28	22800	22950	22600	22750	30895	-0.002192982456140302
2021-05-31	22800	23050	22650	22800	50184	0.00219780219780219
2021-06-01	22600	22900	22600	22750	27009	-0.002192982456140302
2021-06-02	22800	22900	22500	22700	21214	-0.00219780219780219
2021-06-03	22700	22800	22500	22800	33417	0.004405286343612369
2021-06-04	22550	22700	22150	22250	52217	-0.02412280701754388
2021-06-07	22450	22850	22300	22550	46964	0.01348314606741563
2021-06-08	22550	22650	22250	22500	28509	-0.0022172949002217113
2021-06-09	22500	22550	22150	22300	46182	-0.008888888888888835
2021-06-10	22900	23550	22700	23350	190880	0.047085201793722
2021-06-11	23650	23800	23200	23500	117813	0.0064239828693790635
2021-06-14	23500	24500	23500	23700	199034	0.008510638297872353
2021-06-15	24000	24200	23750	23950	53796	0.010548523206751037
2021-06-16	24000	24950	23900	24600	176571	0.02713987473903967
2021-06-17	24600	25050	24300	24850	122213	0.010162601626016343
2021-06-18	24850	25000	24100	24750	89080	-0.004024144869215318
2021-06-21	24300	24700	23600	23700	106566	-0.042424242424242475
2021-06-22	23800	24000	23500	23850	44455	0.006329113924050667
2021-06-23	23900	24300	23600	24000	59485	0.0062893081761006275
2021-06-24	24000	24250	23650	23850	49190	-0.006249999999999978
2021-06-25	23850	24050	23550	23750	50189	-0.004192872117400381
2021-06-28	23700	23950	23350	23800	48216	0.002105263157894832
2021-06-29	23850	23900	23300	23500	46287	-0.012605042016806678
2021-06-30	23600	23950	23450	23550	42598	0.0021276595744681437
2021-07-01	23650	23750	23350	23550	36067	0.0
2021-07-02	23450	23700	23200	23350	34438	-0.00849256900212314
2021-07-05	23550	24250	23200	24200	136717	0.036402569593147804
2021-07-06	24400	24550	24000	24400	68016	0.008264462809917328
2021-07-07	24400	24900	24200	24600	174548	0.008196721311475308
2021-07-08	24750	24750	23900	24200	68956	-0.016260162601625994
2021-07-09	23650	23950	23550	23850	61057	-0.01446280991735538
2021-07-12	23900	24250	23750	23900	42265	0.002096436058700135
2021-07-13	23850	24700	23850	24650	95141	0.03138075313807542
2021-07-14	24650	25950	24550	25300	267962	0.026369168356997985
2021-07-15	25350	25500	24850	25000	73498	-0.011857707509881465
2021-07-16	24850	25550	24450	24800	97410	-0.008000000000000007
2021-07-19	25000	25650	25000	25200	115036	0.016129032258064502
2021-07-20	25150	25150	24600	24700	49118	-0.019841269841269882
2021-07-21	24800	25050	24500	24500	48970	-0.0080971659919028
2021-07-22	24650	25600	24650	25500	119927	0.04081632653061229
2021-07-23	25650	27400	25350	26650	304525	0.045098039215686336
2021-07-26	26900	27100	25500	25700	138723	-0.03564727954971858
2021-07-27	25700	26450	25600	26100	88691	0.015564202334630295
2021-07-28	26000	26800	25800	26200	108028	0.003831417624521105
2021-07-29	26600	27050	26300	26450	98956	0.009541984732824416
2021-07-30	26400	26500	25650	25700	78618	-0.02835538752362954
2021-08-02	26050	26500	25600	25850	81627	0.005836575875486361
2021-08-03	25900	25900	25200	25500	64432	-0.013539651837524147
2021-08-04	25500	26500	25350	26200	53342	0.027450980392156765
2021-08-05	26200	26350	25750	25900	63665	-0.011450381679389277
2021-08-06	25750	26700	25600	26150	52742	0.009652509652509744
2021-08-09	26150	26150	25250	25600	75610	-0.021032504780114758
2021-08-10	25550	25550	24800	25050	63925	-0.021484375
2021-08-11	25150	25650	25150	25400	55591	0.013972055888223478
2021-08-12	25300	25700	24850	25150	39245	-0.009842519685039353
2021-08-13	25100	25100	24050	24500	77314	-0.025844930417495027
2021-08-17	24500	25100	23650	23650	75661	-0.03469387755102038
2021-08-18	23500	24250	23250	24000	62518	0.014799154334038
2021-08-19	23900	24000	22800	22800	67859	-0.050000000000000044
2021-08-20	23150	23250	22200	22700	57056	-0.004385964912280715
2021-08-23	23500	23500	22800	23300	22564	0.026431718061673992
2021-08-24	23500	24400	23350	24000	50656	0.030042918454935563
2021-08-25	24550	24550	23300	23550	36504	-0.018750000000000044
2021-08-26	23650	23650	23200	23200	28921	-0.014861995753715496
2021-08-27	23200	23700	22800	23400	30039	0.008620689655172376
2021-08-30	23450	23850	23050	23400	27156	0.0
2021-08-31	23450	23800	23250	23500	29512	0.004273504273504258
2021-09-01	23750	23950	23450	23700	26423	0.008510638297872353
2021-09-02	23950	24000	23600	23700	20149	0.0
2021-09-03	23650	23950	23500	23700	21150	0.0
2021-09-06	23450	23750	23150	23200	35795	-0.021097046413502074
2021-09-07	23300	23350	22950	23200	25065	0.0
2021-09-08	23250	23250	22700	22850	33234	-0.015086206896551713
2021-09-09	22750	23200	22500	23050	41119	0.00875273522975939
2021-09-10	23450	23450	22400	22850	53798	-0.008676789587852451
2021-09-13	22850	23100	22500	22700	30605	-0.006564551422319487
2021-09-14	22700	23050	22550	22950	30834	0.011013215859030812
2021-09-15	23000	23250	22800	22950	13456	0.0
2021-09-16	23000	23300	22850	22850	25415	-0.004357298474945481
2021-09-17	22700	22900	22600	22800	19146	-0.002188183807439792
2021-09-23	22550	22600	22150	22250	27367	-0.02412280701754388
2021-09-24	22300	22450	22150	22400	25388	0.006741573033707926
2021-09-27	22450	23250	22350	22450	60432	0.0022321428571427937
2021-09-28	22450	22450	21450	21550	56951	-0.04008908685968815
2021-09-29	21100	21700	21000	21300	29689	-0.011600928074245953
2021-09-30	21300	21950	20500	21700	35678	0.018779342723004744
2021-10-01	21650	21700	20500	20800	45514	-0.04147465437788023
2021-10-05	20650	20700	20000	20200	49405	-0.028846153846153855
2021-10-06	20200	20600	19600	19700	43056	-0.024752475247524774
2021-10-07	19850	21050	19850	20950	34469	0.06345177664974622
2021-10-08	21000	21550	20650	21250	23126	0.014319809069212486
2021-10-12	21100	21100	20650	20700	10353	-0.025882352941176467
2021-10-13	20850	21450	20800	21250	17150	0.02657004830917864
2021-10-14	21250	21650	21000	21650	21247	0.018823529411764683
2021-10-15	21500	22100	21400	21650	15224	0.0
2021-10-18	22000	22000	21300	21600	10817	-0.002309468822170868
2021-10-19	21600	21800	21400	21550	12814	-0.0023148148148147696
2021-10-20	22000	22500	21800	22000	57950	0.02088167053364276
2021-10-21	22250	22250	21600	21650	10400	-0.015909090909090873
2021-10-22	21650	21650	21350	21650	8461	0.0
2021-10-25	21650	21850	21450	21850	10815	0.009237875288683695
2021-10-26	21800	22100	21750	21900	11720	0.0022883295194509046
2021-10-27	21900	21900	21150	21650	26484	-0.011415525114155223
2021-10-28	21600	21600	21000	21000	29143	-0.03002309468822173
2021-10-29	21000	21250	20600	20800	13916	-0.00952380952380949
2021-11-01	21050	21050	20350	20550	21450	-0.012019230769230727
2021-11-02	20550	20750	20400	20750	14952	0.009732360097323589
2021-11-03	20900	20900	20400	20600	14293	-0.0072289156626506035
2021-11-04	20600	20700	20300	20450	14269	-0.007281553398058249
2021-11-05	20350	20450	19950	20350	26189	-0.004889975550122272
2021-11-08	20550	20550	19850	20100	17495	-0.012285012285012331
2021-11-09	20100	20500	19900	20100	22404	0.0
2021-11-10	19900	20100	19600	19600	41079	-0.02487562189054726
2021-11-11	19600	19800	19400	19650	20922	0.0025510204081633514
2021-11-12	19850	20200	19400	20150	13715	0.025445292620865034
2021-11-15	20150	20400	20000	20150	18278	0.0
2021-11-16	19600	19600	19000	19300	73887	-0.04218362282878407
2021-11-17	19400	19400	18850	18950	31711	-0.01813471502590669
2021-11-18	18950	18950	18250	18300	58814	-0.03430079155672827
2021-11-19	18400	19000	18150	19000	38157	0.03825136612021862
2021-11-22	19400	19400	18500	18500	22243	-0.02631578947368418
2021-11-23	18300	18800	18300	18600	10187	0.00540540540540535
2021-11-24	19450	19450	18600	19000	25952	0.021505376344086002
2021-11-25	19000	19200	18550	18600	14007	-0.021052631578947323
2021-11-26	18750	18750	17950	18100	27318	-0.026881720430107503
2021-11-29	17300	17850	17300	17600	24005	-0.027624309392265234
2021-11-30	17600	17800	16350	16450	68813	-0.06534090909090906
2021-12-01	16750	17100	16200	16700	33201	0.015197568389057725
2021-12-02	16500	17600	16450	17600	28759	0.05389221556886237
2021-12-03	17700	18000	17400	18000	12634	0.022727272727272707
2021-12-06	18000	18100	17600	18000	15930	0.0
2021-12-07	17950	18500	17850	18250	20592	0.01388888888888884
2021-12-08	18500	18600	18000	18050	12570	-0.010958904109588996
2021-12-09	17900	18200	17750	17850	12402	-0.011080332409972304
2021-12-10	17900	18250	17800	17850	11216	0.0
2021-12-13	17950	18250	17850	18000	12352	0.008403361344537785
2021-12-14	18050	18350	17900	18100	7480	0.005555555555555536
2021-12-15	18150	18150	17700	17900	5598	-0.011049723756906049
2021-12-16	17900	18150	17750	18050	5637	0.008379888268156499
2021-12-17	18200	18200	17650	17900	14105	-0.008310249307479256
2021-12-20	17600	17650	17000	17350	21100	-0.030726256983240274
2021-12-21	17450	17450	16950	17300	19910	-0.0028818443804035088
2021-12-22	17450	18100	17100	17500	21768	0.011560693641618602
2021-12-23	17550	17650	17100	17300	10216	-0.011428571428571455
2021-12-24	17350	17650	17350	17400	7724	0.005780346820809301
2021-12-27	17400	17800	17350	17600	5818	0.011494252873563315
2021-12-28	17650	17900	17400	17650	19826	0.0028409090909091717
2021-12-29	17650	18450	17650	18300	28978	0.03682719546742219
2021-12-30	18500	18500	18050	18350	7739	0.002732240437158362
2022-01-03	18350	18600	18150	18450	11983	0.005449591280654031
2022-01-04	18500	19350	18500	19200	67757	0.04065040650406515
2022-01-05	19300	19300	18650	19000	20801	-0.01041666666666663
2022-01-06	18500	18900	18300	18300	20129	-0.0368421052631579
2022-01-07	18350	19100	18350	18900	21582	0.032786885245901676
2022-01-10	18850	18850	18450	18500	18168	-0.021164021164021163
2022-01-11	18500	18600	17950	18000	17884	-0.027027027027026973
2022-01-12	18000	18700	17900	18050	10945	0.002777777777777768
2022-01-13	18400	18400	17900	17950	9403	-0.005540166204986097
2022-01-14	18000	18350	17600	17600	11478	-0.01949860724233987
2022-01-17	17600	17900	17100	17250	17818	-0.019886363636363646
2022-01-18	17700	17700	16950	17050	8990	-0.011594202898550732
2022-01-19	17000	17250	16800	17050	8676	0.0
2022-01-20	16950	18000	16900	17950	22094	0.05278592375366564
2022-01-21	17750	18500	17650	17950	21335	0.0
2022-01-24	17950	17950	17200	17950	14585	0.0
2022-01-25	17650	17850	16950	17100	21847	-0.0473537604456824
2022-01-26	17100	17400	16950	17100	12370	0.0
2022-01-27	17250	17250	16500	16500	12620	-0.03508771929824561
2022-01-28	16700	16750	15950	16550	30328	0.003030303030302939
2022-02-03	16550	17100	16550	17050	10641	0.030211480362537735
2022-02-04	17000	17300	16600	17300	6601	0.014662756598240456
2022-02-07	17100	17300	17000	17300	10471	0.0
2022-02-08	17100	17450	17050	17350	14149	0.0028901734104045396
2022-02-09	17550	17550	17250	17500	5669	0.008645533141210304
2022-02-10	17700	17800	17350	17750	10444	0.014285714285714235
2022-02-11	17700	18000	17450	17800	15155	0.0028169014084507005
2022-02-14	17300	17700	17150	17200	13758	-0.0337078651685393
2022-02-15	17300	17400	16900	17300	14058	0.005813953488372103
2022-02-16	17600	17700	17300	17500	16882	0.011560693641618602
2022-02-17	17500	19250	17300	18500	206192	0.05714285714285716
2022-02-18	18200	18950	18000	18650	35932	0.008108108108108025
2022-02-21	18650	18800	18200	18700	20423	0.002680965147453085
2022-02-22	18000	18600	17400	18100	23623	-0.03208556149732622
2022-02-23	18050	18300	18000	18200	5453	0.005524861878453136
2022-02-24	17800	18150	17300	17600	29236	-0.03296703296703296
2022-02-25	17900	17950	17500	17700	10311	0.005681818181818121
2022-02-28	17500	18050	17500	17900	12008	0.011299435028248483
2022-03-02	18250	18250	17850	18100	10101	0.011173184357541999
2022-03-03	18300	18650	18100	18450	19153	0.01933701657458564
2022-03-04	18650	18850	18200	18750	18596	0.016260162601626105
2022-03-07	18700	18700	18200	18400	15792	-0.01866666666666672
2022-03-08	18400	18450	17950	18250	12633	-0.008152173913043459
2022-03-10	18200	18850	18200	18600	18882	0.019178082191780854
2022-03-11	18600	19000	18550	18950	14886	0.018817204301075252
2022-03-14	18850	18950	18050	18300	18300	-0.03430079155672827
2022-03-15	18100	18800	18100	18300	15229	0.0
2022-03-16	18300	18950	18300	18950	28952	0.03551912568306004
2022-03-17	19000	19200	18650	19100	22446	0.0079155672823219
2022-03-18	19000	19450	18800	19400	35825	0.015706806282722585
2022-03-21	19550	20450	19200	19900	151300	0.025773195876288568
2022-03-22	19850	20100	18950	20100	48244	0.01005025125628145
2022-03-23	20500	20750	19750	20050	62018	-0.0024875621890547706
2022-03-24	19800	20250	19500	19600	52631	-0.02244389027431426
2022-03-25	19700	20100	19550	20100	30907	0.025510204081632626
2022-03-28	20100	20300	19800	20200	27255	0.004975124378109541
2022-03-29	20100	21750	19700	21000	163432	0.03960396039603964
2022-03-30	20800	21000	20300	20650	56846	-0.01666666666666672
2022-03-31	20650	21550	20400	20850	78322	0.009685230024213176
2022-04-01	20600	21400	20550	21000	57574	0.007194244604316502
2022-04-04	21000	21050	20600	21000	21644	0.0
2022-04-05	21000	21000	20300	20600	39678	-0.01904761904761909
2022-04-06	20600	20900	19900	20900	51920	0.014563106796116498
2022-04-07	20900	21100	20150	20350	38462	-0.02631578947368418
2022-04-08	20350	21400	20200	21200	64022	0.041769041769041726
2022-04-11	21200	22000	20400	20600	98922	-0.028301886792452824
2022-04-12	20800	20900	20000	20850	26911	0.012135922330097193
2022-04-13	20850	20950	20450	20450	11890	-0.01918465227817745
2022-04-14	20450	20900	20200	20650	31529	0.009779951100244544
2022-04-15	20800	22300	20500	21800	166433	0.0556900726392251
2022-04-18	21800	22700	21800	21900	98048	0.004587155963302836
2022-04-19	22150	22200	21400	22000	39457	0.004566210045662045
2022-04-20	21950	21950	21550	21700	48461	-0.013636363636363669
2022-04-21	21550	21700	21000	21200	49402	-0.02304147465437789
2022-04-22	21050	21150	20150	20450	67501	-0.035377358490566
2022-04-25	19900	19950	19400	19400	62235	-0.05134474327628358
2022-04-26	19450	19950	19400	19750	23188	0.018041237113401998
2022-04-27	19000	20000	18950	19800	23183	0.0025316455696202667
2022-04-28	19500	20350	19500	20300	15601	0.025252525252525304
2022-04-29	20400	21000	20200	20250	25375	-0.0024630541871921707
2022-05-02	20050	20300	19850	20000	14056	-0.012345679012345734
2022-05-03	20500	20500	19650	19750	15273	-0.012499999999999956
2022-05-04	19750	19850	19300	19400	18604	-0.017721518987341756
2022-05-06	19050	19300	19000	19050	11102	-0.01804123711340211
2022-05-09	19050	19050	17950	18050	23162	-0.05249343832021003
2022-05-10	17300	17950	17000	17850	40381	-0.011080332409972304
2022-05-11	17700	18250	17700	17900	7842	0.0028011204481792618
2022-05-12	17950	17950	17100	17350	16666	-0.030726256983240274
2022-05-13	17250	17500	17250	17400	13901	0.0028818443804035088
2022-05-16	17400	17650	17000	17200	13526	-0.011494252873563204
2022-05-17	17200	17400	16900	17200	14010	0.0
2022-05-18	17400	17400	17000	17150	6011	-0.0029069767441860517
2022-05-19	16650	17300	16650	17300	14441	0.008746355685131268
2022-05-20	17550	17550	17050	17300	7524	0.0
2022-05-23	17300	17300	17000	17200	8065	-0.005780346820809301
2022-05-24	17100	17150	16500	16500	28032	-0.04069767441860461
2022-05-25	16500	17000	16050	16800	23168	0.018181818181818077
2022-05-26	16700	17400	16550	16600	11017	-0.011904761904761862
2022-05-27	16600	17050	16600	16850	11736	0.015060240963855387
2022-05-30	17300	17350	16850	16950	7413	0.005934718100890191
2022-05-31	17000	17250	16800	17200	12374	0.014749262536873253
2022-06-02	17200	17300	17100	17250	6574	0.0029069767441860517
2022-06-03	17200	17400	17150	17150	6062	-0.005797101449275366
2022-06-07	17100	17300	16750	16750	7031	-0.023323615160349864
2022-06-08	16750	16950	16500	16850	7510	0.005970149253731405
2022-06-09	16850	17100	16400	16700	38211	-0.008902077151335286
2022-06-10	16700	16750	16450	16600	8422	-0.005988023952095856
2022-06-13	16250	16350	15750	15750	24350	-0.051204819277108404
2022-06-14	15150	15800	15050	15300	29841	-0.02857142857142858
2022-06-15	15150	15350	14300	14600	24598	-0.04575163398692805
2022-06-16	14600	15100	13750	14150	33152	-0.03082191780821919
2022-06-17	13700	14400	13300	14200	35805	0.0035335689045936647
2022-06-20	14250	14550	13150	13200	28181	-0.07042253521126762
2022-06-21	12900	13650	12900	13600	18923	0.030303030303030276
2022-06-22	13600	14300	13400	13500	35126	-0.007352941176470562
2022-06-23	13500	13600	12550	12550	29686	-0.07037037037037042
2022-06-24	12550	13800	12550	13400	21294	0.06772908366533859
2022-06-27	13400	14400	13400	13900	12182	0.03731343283582089
2022-06-28	13900	14100	13600	13950	8158	0.003597122302158251
2022-06-29	13650	14150	13650	13900	7954	-0.0035842293906810374
2022-06-30	14050	14050	13500	13800	12807	-0.007194244604316502
2022-07-01	14100	14600	13550	14200	32115	0.02898550724637672
2022-07-04	14200	14500	13600	13750	11021	-0.03169014084507038
2022-07-05	13700	14200	13650	14200	8177	0.032727272727272716
2022-07-06	14200	14350	13950	14000	9139	-0.014084507042253502
2022-07-07	14000	15200	14000	15000	25772	0.0714285714285714
2022-07-08	15150	15850	15100	15700	34083	0.046666666666666634
2022-07-11	15600	16650	15550	16600	57096	0.0573248407643312
2022-07-12	16850	21550	16750	21550	735929	0.2981927710843373
2022-07-13	23000	23450	20050	20500	2153172	-0.04872389791183296
2022-07-14	20700	20750	19150	20100	435131	-0.019512195121951237
