Date	Open	High	Low	Close	Volume	Change
2021-05-17	31535	31702	27230	27465	3235730	
2021-05-18	27764	28532	27297	27965	679630	0.01820498816675764
2021-05-20	27698	28232	27331	27431	369986	-0.019095297693545454
2021-05-21	27431	27898	26630	26630	320702	-0.02920053953556201
2021-05-24	26630	26663	25695	25696	196990	-0.035073225685317344
2021-05-25	25862	26296	25495	25629	130103	-0.0026074097135740937
2021-05-26	25762	29566	25662	28466	830014	0.11069491591556435
2021-05-27	28499	35306	27764	31135	2830594	0.09376097800885264
2021-05-28	31736	32570	30701	32036	548741	0.028938493656656572
2021-05-31	32036	32970	31168	31269	279441	-0.023941815457610205
2021-06-01	31469	34105	31168	33905	538016	0.08430074514695063
2021-06-02	33838	36975	32670	35173	710527	0.03739861377377962
2021-06-03	35106	35840	33438	33572	222494	-0.04551786881983344
2021-06-04	32336	32537	31168	31536	436847	-0.06064577624210654
2021-06-07	31202	31202	29600	30201	205831	-0.042332572298325766
2021-06-08	30434	31869	29934	31603	172353	0.04642230389722202
2021-06-09	31402	32003	30034	30568	133320	-0.03275005537448972
2021-06-10	30568	31068	30100	30234	108228	-0.010926459042135517
2021-06-11	30701	30701	29333	29467	100123	-0.02536879010385662
2021-06-14	29767	30301	29400	30201	52556	0.024909220483931183
2021-06-15	30301	30334	29500	30101	79303	-0.003311148637462291
2021-06-16	30201	31435	30000	31236	160166	0.03770638849207675
2021-06-17	31268	32370	30768	32036	146245	0.025611473940325258
2021-06-18	31769	32503	31702	31970	82249	-0.0020601822949182225
2021-06-21	31902	31902	30768	31035	65206	-0.02924616828276505
2021-06-22	31535	33204	30835	32937	173122	0.06128564523924607
2021-06-23	33037	33037	31469	31903	171961	-0.0313932659319307
2021-06-24	31602	31702	30901	31135	61352	-0.02407297119393159
2021-06-25	31168	31736	31135	31135	37110	0.0
2021-06-28	31001	31302	30601	30935	34694	-0.006423638991488678
2021-06-29	30935	31168	30568	30601	33766	-0.010796832067237805
2021-06-30	31135	31235	30601	30635	38298	0.0011110748014770966
2021-07-01	30701	31168	30701	30735	27540	0.0032642402480822508
2021-07-02	30734	31068	30367	30501	41497	-0.007613469985358723
2021-07-05	30568	31369	30434	31302	40232	0.026261434051342514
2021-07-06	31435	31435	31035	31069	20239	-0.007443613826592532
2021-07-07	30768	30935	29633	30134	100574	-0.03009430622163567
2021-07-08	30267	30367	29700	29801	34849	-0.011050640472555884
2021-07-09	29667	29667	27931	28366	120840	-0.04815274655212909
2021-07-12	28499	29166	28499	28799	21938	0.015264753578227541
2021-07-13	28799	29466	28699	29333	42977	0.018542310496892256
2021-07-14	29333	29333	28098	28566	62335	-0.026148024409368253
2021-07-15	28565	28866	27230	28633	20178	0.00234544563467054
2021-07-16	28432	28665	28098	28232	30739	-0.014004819613732455
2021-07-19	28065	28098	27497	27698	35060	-0.018914706715783547
2021-07-20	27364	27664	26830	27498	67934	-0.007220737959419465
2021-07-21	27831	27865	27464	27531	24879	0.0012000872790749462
2021-07-22	27698	29033	27698	28733	61268	0.043659874323489944
2021-07-23	28732	29500	28565	29033	51570	0.010440956391605472
2021-07-26	28899	28999	28198	28199	21210	-0.028725932559501288
2021-07-27	28165	29066	28098	28699	14466	0.017731125217206323
2021-07-28	28432	29033	28265	28532	18762	-0.00581901808425378
2021-07-29	28899	29733	28632	28799	53940	0.009357913921211214
2021-07-30	29099	29600	28665	29400	30246	0.02086878016597793
2021-08-02	29600	30034	28932	29200	34648	-0.006802721088435382
2021-08-03	29366	29366	28699	29133	18281	-0.0022945205479452113
2021-08-04	28932	29500	28732	29500	21035	0.01259739813956684
2021-08-05	29266	29867	29199	29534	19754	0.0011525423728813156
2021-08-06	29333	29633	28832	28866	20486	-0.022617999593688598
2021-08-09	28665	28866	27798	27999	42916	-0.030035335689045928
2021-08-10	27731	27998	27531	27698	30053	-0.01075038394228367
2021-08-11	27464	27764	27264	27298	37811	-0.01444147591883893
2021-08-12	27097	27664	27097	27298	24890	0.0
2021-08-13	27364	27798	26964	27498	32327	0.007326544069162555
2021-08-17	27230	27631	26263	26664	45353	-0.030329478507527874
2021-08-18	25629	26029	24961	25829	112857	-0.03131563156315631
2021-08-19	25896	28031	25729	26230	68957	0.015525184869719988
2021-08-20	28365	28565	26463	26964	127362	0.02798322531452535
2021-08-23	26997	27497	26296	26664	30997	-0.011125945705384943
2021-08-24	27297	27297	25362	25462	156609	-0.04507950795079507
2021-08-25	25529	26396	25529	26297	37209	0.03279396748095209
2021-08-26	26463	27664	26296	27431	64740	0.04312278967182559
2021-08-27	27497	29934	27497	29300	160301	0.06813459224964458
2021-08-30	29533	30334	29066	29600	97513	0.010238907849829282
2021-08-31	29566	30100	28298	29300	84693	-0.010135135135135087
2021-09-01	29033	29700	28365	29300	75619	0.0
2021-09-02	29500	29800	28600	28750	52698	-0.018771331058020424
2021-09-03	28950	29100	28000	28650	27669	-0.003478260869565264
2021-09-06	28600	28900	27800	28900	21438	0.008726003490401313
2021-09-07	28900	28900	28100	28150	15323	-0.02595155709342556
2021-09-08	28250	28350	27600	27800	13434	-0.01243339253996445
2021-09-09	28050	28150	27400	27800	13383	0.0
2021-09-10	27800	28000	27300	27500	10377	-0.010791366906474864
2021-09-13	27500	27550	26950	27200	8132	-0.010909090909090868
2021-09-14	27400	29500	27200	29000	38070	0.06617647058823528
2021-09-15	29100	29100	28300	28400	13682	-0.020689655172413834
2021-09-16	28400	28600	27700	27950	9316	-0.015845070422535246
2021-09-17	27500	28500	27500	28200	11000	0.008944543828264706
2021-09-23	27950	30000	27700	29300	21909	0.03900709219858145
2021-09-24	29100	30000	28950	29050	22201	-0.008532423208191142
2021-09-27	28250	29000	28150	28850	13796	-0.0068846815834767705
2021-09-28	28500	28800	27100	27250	24581	-0.0554592720970537
2021-09-29	25800	26300	25150	26300	41997	-0.034862385321100864
2021-09-30	25900	26000	25600	25650	22984	-0.024714828897338448
2021-10-01	25350	25600	24450	25000	28781	-0.025341130604288553
2021-10-05	24950	25400	24450	24850	21118	-0.006000000000000005
2021-10-06	25000	25400	23600	23600	30278	-0.05030181086519114
2021-10-07	23600	24300	23200	24050	28421	0.019067796610169552
2021-10-08	24500	25000	23250	24700	21633	0.027027027027026973
2021-10-12	24300	24700	24000	24300	9541	-0.01619433198380571
2021-10-13	24000	24500	23900	24250	8170	-0.002057613168724326
2021-10-14	24400	25500	24100	25250	15413	0.04123711340206193
2021-10-15	25250	26400	25250	26000	19807	0.02970297029702973
2021-10-18	26050	26450	25600	25900	13011	-0.0038461538461538325
2021-10-19	25900	26850	25900	26450	15967	0.021235521235521304
2021-10-20	26550	26750	26150	26300	9672	-0.005671077504725952
2021-10-21	26300	26350	25000	25250	24847	-0.03992395437262353
2021-10-22	25400	25900	25000	25400	15996	0.005940594059405946
2021-10-25	25500	26400	24800	25950	9990	0.021653543307086576
2021-10-26	25950	26500	25950	26300	14138	0.01348747591522148
2021-10-27	26300	26300	25600	25750	14544	-0.020912547528517123
2021-10-28	25750	26000	25150	25350	11139	-0.01553398058252431
2021-10-29	25350	25350	23700	24550	22835	-0.0315581854043393
2021-11-01	24600	25000	23850	24050	16027	-0.020366598778004064
2021-11-02	24500	24550	24100	24200	7821	0.006237006237006293
2021-11-03	24200	24300	23600	23750	7836	-0.018595041322314043
2021-11-04	23900	24300	23400	23500	12138	-0.010526315789473717
2021-11-05	23450	24800	23400	23700	16947	0.008510638297872353
2021-11-08	23900	25000	22600	22850	43495	-0.03586497890295359
2021-11-09	23200	23200	21900	22100	28387	-0.03282275711159732
2021-11-10	22100	22100	19850	19850	95567	-0.1018099547511312
2021-11-11	20000	20200	19400	19550	39158	-0.015113350125944613
2021-11-12	19600	19950	19350	19750	37079	0.010230179028132946
2021-11-15	19950	20650	19850	20100	41673	0.017721518987341867
2021-11-16	20100	20200	19650	20000	35482	-0.00497512437810943
2021-11-17	20050	20050	18950	19100	38921	-0.04500000000000004
2021-11-18	19150	19350	18150	18350	51348	-0.03926701570680624
2021-11-19	18350	18950	18250	18850	45898	0.027247956403269713
2021-11-22	18900	21000	18250	18950	72863	0.0053050397877985045
2021-11-23	19050	20350	18700	19700	44614	0.0395778364116095
2021-11-24	19800	19950	18850	19350	37426	-0.017766497461928932
2021-11-25	19400	19450	18900	19100	14591	-0.012919896640826822
2021-11-26	19150	19300	18100	18200	30799	-0.04712041884816753
2021-11-29	17500	18150	17100	17850	22147	-0.019230769230769273
2021-11-30	17900	18050	16700	17000	34122	-0.04761904761904767
2021-12-01	17050	17500	16550	17500	18557	0.02941176470588225
2021-12-02	17400	17950	16800	17800	13959	0.017142857142857126
2021-12-03	18000	18400	17700	18200	27742	0.022471910112359605
2021-12-06	18250	18300	17600	18200	10506	0.0
2021-12-07	18250	18500	18150	18400	9097	0.01098901098901095
2021-12-08	18450	18600	18000	18350	8898	-0.0027173913043477826
2021-12-09	18350	18400	18100	18150	12888	-0.010899182561307952
2021-12-10	18200	18400	17950	18050	13590	-0.0055096418732781816
2021-12-13	18000	18350	17500	17700	16347	-0.01939058171745156
2021-12-14	17700	17950	17500	17850	11072	0.008474576271186418
2021-12-15	17850	18800	17700	18750	33120	0.050420168067226934
2021-12-16	18850	19000	18350	18600	17044	-0.008000000000000007
2021-12-17	18350	18650	18250	18400	8191	-0.010752688172043001
2021-12-20	18400	18400	17750	18250	11758	-0.008152173913043459
2021-12-21	18300	19100	17950	18750	27710	0.027397260273972712
2021-12-22	18900	18900	18550	18700	13230	-0.002666666666666706
2021-12-23	18700	18900	18350	18700	7575	0.0
2021-12-24	18700	18850	18300	18700	8666	0.0
2021-12-27	19150	19150	18250	18300	12923	-0.021390374331550777
2021-12-28	18450	18950	18200	18300	16723	0.0
2021-12-29	18700	18800	18300	18500	2460	0.010928961748633892
2021-12-30	18450	18650	18150	18350	8143	-0.008108108108108136
2022-01-03	18350	18450	17950	18350	7630	0.0
2022-01-04	18100	18650	18100	18500	11810	0.008174386920980936
2022-01-05	18500	18800	18150	18200	8859	-0.01621621621621616
2022-01-06	18250	18250	17900	17950	13310	-0.013736263736263687
2022-01-07	18050	18450	17900	18400	10525	0.025069637883008422
2022-01-10	18400	18450	17950	18050	14913	-0.01902173913043481
2022-01-11	18100	18250	17300	17650	17325	-0.02216066481994461
2022-01-12	17750	17900	17600	17800	8788	0.008498583569405138
2022-01-13	17800	17950	17400	17600	14608	-0.011235955056179803
2022-01-14	17700	17700	16900	17100	12027	-0.02840909090909094
2022-01-17	17100	17250	16700	17000	8314	-0.005847953216374324
2022-01-18	17050	17400	16800	17400	9015	0.0235294117647058
2022-01-19	17050	17600	16900	17400	5954	0.0
2022-01-20	17450	17750	17100	17650	6788	0.014367816091954033
2022-01-21	17600	17900	17200	17600	9381	-0.0028328611898017497
2022-01-24	17350	17550	16850	17200	7146	-0.022727272727272707
2022-01-25	17600	17600	16100	16150	15544	-0.061046511627906974
2022-01-26	16400	16550	16100	16150	5902	0.0
2022-01-27	16350	16400	15100	15450	15458	-0.04334365325077394
2022-01-28	15650	15900	15000	15900	11851	0.029126213592232997
2022-02-03	16200	16600	16000	16500	5236	0.037735849056603765
2022-02-04	16500	17050	15600	17000	6492	0.030303030303030276
2022-02-07	17100	18450	16850	17850	35708	0.050000000000000044
2022-02-08	17800	18150	17250	17750	14789	-0.0056022408963585235
2022-02-09	18400	19900	17550	19250	106955	0.08450704225352124
2022-02-10	19450	21100	19200	21100	190520	0.09610389610389602
2022-02-11	20900	21400	19550	20350	99416	-0.03554502369668244
2022-02-14	19900	20050	19100	19900	63867	-0.02211302211302213
2022-02-15	19700	20700	19000	19600	46713	-0.015075376884422065
2022-02-16	20000	20300	19650	20150	17703	0.028061224489795977
2022-02-17	19950	25100	19800	22950	539972	0.1389578163771712
2022-02-18	22650	23800	22500	23200	134081	0.01089324618736387
2022-02-21	23150	24800	22500	23550	95960	0.015086206896551824
2022-02-22	23850	23850	22450	23000	89419	-0.023354564755838636
2022-02-23	23000	24200	21950	23250	110529	0.010869565217391353
2022-02-24	22900	23150	21100	21600	48975	-0.07096774193548383
2022-02-25	22400	23100	21800	22500	54864	0.04166666666666674
2022-02-28	22100	23650	22100	23150	48431	0.028888888888888964
2022-03-02	23100	23500	22300	23450	56973	0.012958963282937441
2022-03-03	23500	23750	22750	22850	34819	-0.02558635394456288
2022-03-04	22850	23500	22250	23350	35533	0.02188183807439814
2022-03-07	22800	23050	21850	22650	51181	-0.02997858672376874
2022-03-08	22100	22650	21100	21350	28765	-0.05739514348785868
2022-03-10	21900	23600	21700	23400	79704	0.09601873536299776
2022-03-11	23600	24700	22900	24500	88265	0.047008547008547064
2022-03-14	24100	24300	22200	22550	97491	-0.07959183673469383
2022-03-15	22200	22500	21250	21250	39247	-0.05764966740576494
2022-03-16	21500	22150	21200	21450	31410	0.009411764705882453
2022-03-17	22200	22350	21550	22050	26813	0.027972027972027913
2022-03-18	21850	22200	21600	22050	6124	0.0
2022-03-21	22050	22350	21500	21950	11839	-0.0045351473922902175
2022-03-22	21950	22250	21550	21800	10947	-0.006833712984054663
2022-03-23	21950	22100	20900	21300	48049	-0.022935779816513735
2022-03-24	21300	21300	20250	20400	45898	-0.04225352112676062
2022-03-25	20400	20650	20300	20600	7683	0.009803921568627416
2022-03-28	20650	20650	20050	20350	15779	-0.012135922330097082
2022-03-29	20500	21350	20200	21300	45899	0.04668304668304679
2022-03-30	21400	21400	20900	21250	16429	-0.0023474178403756207
2022-03-31	21050	21350	20850	21250	12438	0.0
2022-04-01	21200	22700	20950	22450	134996	0.05647058823529405
2022-04-04	23100	24500	23000	24000	160304	0.069042316258352
2022-04-05	24150	24200	23300	23350	42449	-0.027083333333333348
2022-04-06	23050	23900	22850	23200	35796	-0.0064239828693790635
2022-04-07	22900	23050	22000	22500	44005	-0.030172413793103425
2022-04-08	22500	23350	21950	23300	44205	0.03555555555555556
2022-04-11	23300	23950	23200	23600	26206	0.012875536480686733
2022-04-12	23350	24550	22850	24350	82924	0.03177966101694918
2022-04-13	24250	25100	23700	24400	92258	0.002053388090349051
2022-04-14	24450	25500	24050	25400	78622	0.040983606557376984
2022-04-15	24650	25650	24400	25550	70802	0.0059055118110236116
2022-04-18	25550	26600	25150	26100	79075	0.021526418786692814
2022-04-19	26500	26500	25350	25700	45533	-0.01532567049808431
2022-04-20	26200	26200	24900	25000	35205	-0.027237354085603127
2022-04-21	24900	25000	23700	24400	65796	-0.02400000000000002
2022-04-22	23900	25400	23500	25150	99775	0.03073770491803285
2022-04-25	24850	24900	23450	23700	79679	-0.05765407554671964
2022-04-26	23700	24400	23700	24000	32169	0.012658227848101333
2022-04-27	23200	24150	22950	24000	28925	0.0
2022-04-28	24300	25800	24150	25800	141592	0.07499999999999996
2022-04-29	26650	27050	24650	26100	270971	0.011627906976744207
2022-05-02	25750	26350	25000	25350	52217	-0.028735632183908066
2022-05-03	25350	25500	24650	24650	23533	-0.027613412228796874
2022-05-04	24650	24950	23000	23200	75132	-0.05882352941176472
2022-05-06	22750	23050	22150	22800	34059	-0.017241379310344862
2022-05-09	22550	22650	21450	21500	22820	-0.05701754385964908
2022-05-10	20750	21500	20400	20900	36648	-0.027906976744186074
2022-05-11	20700	21650	20700	20850	28649	-0.0023923444976076125
2022-05-12	20800	21700	19750	20900	29728	0.0023980815347721673
2022-05-13	22000	22450	21100	21350	34307	0.021531100478468845
2022-05-16	21500	23100	21500	22750	28180	0.06557377049180335
2022-05-17	22750	22750	22300	22350	9435	-0.01758241758241763
2022-05-18	22500	22700	21750	21950	9467	-0.017897091722595126
2022-05-19	21950	22500	20550	22300	9703	0.015945330296127658
2022-05-20	21950	22700	21750	22700	12102	0.017937219730941756
2022-05-23	22400	22700	21800	21950	16120	-0.033039647577092546
2022-05-24	21950	22200	21000	22100	19206	0.006833712984054774
2022-05-25	21500	22100	21250	21800	15903	-0.013574660633484115
2022-05-26	21600	21950	21450	21450	7918	-0.016055045871559592
2022-05-27	21800	21850	21050	21550	12506	0.004662004662004726
2022-05-30	21500	21850	21400	21550	6415	0.0
2022-05-31	21750	22350	21550	22300	24761	0.03480278422273786
2022-06-02	22250	22750	21800	22000	10653	-0.013452914798206317
2022-06-03	21900	22200	21750	21800	5516	-0.009090909090909038
2022-06-07	21700	21700	21050	21150	10473	-0.029816513761467878
2022-06-08	21000	21750	21000	21650	12952	0.023640661938534313
2022-06-09	21150	21650	20650	21600	28148	-0.002309468822170868
2022-06-10	21550	22000	21000	21400	12439	-0.0092592592592593
2022-06-13	21100	21100	19700	19950	26882	-0.06775700934579443
2022-06-14	18950	19900	18950	19800	14816	-0.007518796992481258
2022-06-15	19400	19800	18300	18400	47803	-0.07070707070707072
2022-06-16	18500	23450	18500	20000	267766	0.08695652173913038
2022-06-17	20000	20500	19000	19650	44466	-0.01749999999999996
2022-06-20	20450	21100	19800	20250	112543	0.03053435114503822
2022-06-21	20750	20750	19150	19500	42838	-0.03703703703703709
2022-06-22	19800	19800	18350	18600	25342	-0.0461538461538461
2022-06-23	18400	19250	17250	17250	47190	-0.07258064516129037
2022-06-24	17200	18200	17200	17950	39625	0.04057971014492745
2022-06-27	18000	18950	17500	18700	19796	0.04178272980501396
2022-06-28	18700	19000	18100	18200	11177	-0.0267379679144385
2022-06-29	18300	19800	17800	19250	45931	0.05769230769230771
2022-06-30	18950	19200	18150	18300	22232	-0.04935064935064937
2022-07-01	18500	18500	17000	17800	30764	-0.02732240437158473
2022-07-04	17550	18200	16600	16700	23724	-0.061797752808988804
2022-07-05	16600	17200	16600	17050	21778	0.020958083832335328
2022-07-06	17100	17750	16950	17100	19942	0.0029325513196480912
2022-07-07	17100	17500	17050	17350	7192	0.014619883040935644
2022-07-08	17350	17800	17250	17400	12885	0.0028818443804035088
2022-07-11	17250	18950	17050	18400	49032	0.05747126436781613
2022-07-12	18050	19050	17650	17900	22630	-0.02717391304347827
2022-07-13	18500	19000	17800	18150	34774	0.013966480446927276
2022-07-14	17950	19200	17900	18850	35816	0.038567493112947604
