Date	Open	High	Low	Close	Volume	Change
2020-12-04	18500	21700	18200	19000	16176247	
2020-12-07	18650	20350	16850	18150	5039969	-0.044736842105263186
2020-12-08	18200	20900	17650	19600	7618040	0.07988980716253447
2020-12-09	19750	22200	18850	19900	6958113	0.015306122448979664
2020-12-10	19350	20450	19100	19400	1672305	-0.025125628140703515
2020-12-11	19300	19450	18000	18350	1302514	-0.054123711340206215
2020-12-14	18800	20050	18150	19800	2663619	0.07901907356948223
2020-12-15	19750	21700	19550	19900	4151175	0.005050505050504972
2020-12-16	20300	20400	18700	18950	1283267	-0.047738693467336724
2020-12-17	18800	20400	18150	18550	1446377	-0.02110817941952503
2020-12-18	18700	19300	18650	18800	729887	0.013477088948786964
2020-12-21	18550	18800	17500	17700	1047398	-0.058510638297872286
2020-12-22	17800	18500	16250	16350	1098792	-0.07627118644067798
2020-12-23	16550	16600	15000	15500	855427	-0.051987767584097844
2020-12-24	15550	16850	14550	15800	877594	0.019354838709677358
2020-12-28	15600	17050	15400	16200	979613	0.025316455696202445
2020-12-29	16200	17500	16100	16650	567791	0.02777777777777768
2020-12-30	16650	17650	16650	17350	708654	0.04204204204204198
2021-01-04	17500	18850	16400	18650	1536223	0.0749279538904899
2021-01-05	18950	19800	18000	18200	1898951	-0.024128686327077764
2021-01-06	18200	20500	17800	20250	3894930	0.11263736263736268
2021-01-07	21400	26150	20400	22350	10199994	0.10370370370370363
2021-01-08	22650	23550	20850	21700	2279664	-0.029082774049216997
2021-01-11	21650	21650	18150	18950	2046991	-0.1267281105990783
2021-01-12	18600	20000	18250	19000	762795	0.0026385224274405594
2021-01-13	19200	20000	18650	19150	513673	0.007894736842105177
2021-01-14	19000	19700	18900	19450	377891	0.015665796344647598
2021-01-15	19400	20450	19050	19300	597884	-0.007712082262210762
2021-01-18	19450	19950	17850	17900	510815	-0.07253886010362698
2021-01-19	18000	18450	16950	17350	477856	-0.030726256983240274
2021-01-20	17350	18650	17250	17600	421623	0.014409221902017322
2021-01-21	17800	18500	17450	17900	348579	0.017045454545454586
2021-01-22	17900	18000	17300	17350	251457	-0.030726256983240274
2021-01-25	17550	17900	17050	17450	302738	0.0057636887608070175
2021-01-26	17500	17750	17250	17450	228012	0.0
2021-01-27	17500	17600	16350	16700	308278	-0.04297994269340977
2021-01-28	16650	16650	16000	16100	267157	-0.0359281437125748
2021-01-29	16150	16350	14800	15200	346581	-0.05590062111801242
2021-02-01	15000	16700	14850	15900	335444	0.046052631578947345
2021-02-02	15900	16250	15650	16150	121849	0.01572327044025168
2021-02-03	16150	16300	15700	15700	107742	-0.02786377708978327
2021-02-04	15950	16800	15450	16250	294205	0.035031847133758065
2021-02-05	16300	16350	15600	15700	147435	-0.03384615384615386
2021-02-08	15950	17100	15950	16700	514916	0.06369426751592355
2021-02-09	18700	19150	16700	16700	1551120	0.0
2021-02-10	16700	16900	16000	16100	310558	-0.0359281437125748
2021-02-15	16350	16950	15850	16300	368796	0.012422360248447228
2021-02-16	16100	16400	16000	16250	170977	-0.0030674846625766694
2021-02-17	16150	16850	15950	16400	272376	0.009230769230769154
2021-02-18	16500	16650	15950	16000	176261	-0.024390243902439046
2021-02-19	16000	16300	15500	16000	169419	0.0
2021-02-22	15950	15950	15250	15300	232386	-0.043749999999999956
2021-02-23	15050	15200	14400	14400	256240	-0.05882352941176472
2021-02-24	14300	15550	14100	14200	197670	-0.01388888888888884
2021-02-25	14300	14550	13900	14150	150239	-0.0035211267605633756
2021-02-26	14000	14100	13400	13450	160542	-0.04946996466431097
2021-03-02	13600	13850	12800	12900	526552	-0.040892193308550207
2021-03-03	13100	14550	13000	13250	626408	0.027131782945736482
2021-03-04	13100	13250	12300	12450	382001	-0.060377358490566024
2021-03-05	12300	12600	12000	12500	180285	0.004016064257028162
2021-03-08	12600	13400	12550	12700	387990	0.016000000000000014
2021-03-09	12700	13000	12150	12700	145343	0.0
2021-03-10	12900	13050	12400	12600	80133	-0.007874015748031482
2021-03-11	12500	13150	12350	12600	103224	0.0
2021-03-12	12650	13200	12650	12800	165255	0.015873015873015817
2021-03-15	12750	13000	12500	12800	104889	0.0
2021-03-16	12900	13400	12850	13000	145875	0.015625
2021-03-17	12900	13050	12850	12900	77656	-0.007692307692307665
2021-03-18	12950	13200	12900	13150	106375	0.019379844961240345
2021-03-19	13000	13050	12650	12950	100544	-0.01520912547528519
2021-03-22	13000	13650	12800	13550	261127	0.04633204633204624
2021-03-23	13600	13700	13050	13050	146188	-0.03690036900369009
2021-03-24	13100	13550	12900	12900	161154	-0.011494252873563204
2021-03-25	12950	14200	12950	13450	684373	0.04263565891472876
2021-03-26	13350	13500	13100	13450	109502	0.0
2021-03-29	13450	14050	13250	13250	356760	-0.014869888475836479
2021-03-30	13300	13900	13300	13650	268915	0.030188679245283012
2021-03-31	13650	13650	13300	13350	105462	-0.02197802197802201
2021-04-01	13400	13750	13300	13600	156327	0.01872659176029967
2021-04-02	13500	13600	13250	13500	105151	-0.007352941176470562
2021-04-05	13450	13500	12950	12950	139505	-0.040740740740740744
2021-04-06	13050	13050	12350	12450	214878	-0.038610038610038644
2021-04-07	12550	12700	12350	12500	127961	0.004016064257028162
2021-04-08	12500	12800	12300	12750	110405	0.020000000000000018
2021-04-09	12750	13000	12650	12900	75640	0.0117647058823529
2021-04-12	12850	14100	12800	13800	477238	0.06976744186046502
2021-04-13	13800	13950	13550	13950	233985	0.010869565217391353
2021-04-14	13950	14300	13750	14050	220298	0.007168458781362075
2021-04-15	14150	14150	13700	13850	95143	-0.014234875444839812
2021-04-16	13850	13950	13350	13450	128058	-0.028880866425992746
2021-04-19	13550	13650	13300	13450	116416	0.0
2021-04-20	13550	13550	13200	13200	99099	-0.018587360594795488
2021-04-21	13200	13500	13100	13250	122533	0.0037878787878788955
2021-04-22	13350	14100	13350	13850	343363	0.04528301886792452
2021-04-23	13800	14900	13600	14600	510859	0.054151624548736566
2021-04-26	14600	18550	14300	17400	6459293	0.19178082191780832
2021-04-27	16700	17000	15850	15900	1387822	-0.08620689655172409
2021-04-28	15700	17000	15100	16950	1175004	0.0660377358490567
2021-04-29	16700	22000	16450	18100	15171025	0.06784660766961648
2021-04-30	18000	18750	16300	16500	1822259	-0.08839779005524862
2021-05-03	16900	17100	15700	15700	798373	-0.048484848484848464
2021-05-04	15550	15800	14700	15200	646230	-0.031847133757961776
2021-05-06	15500	16250	15250	15500	569394	0.019736842105263053
2021-05-07	15700	15800	15250	15400	411667	-0.006451612903225823
2021-05-10	15500	17000	15500	15750	1579503	0.022727272727272707
2021-05-11	15700	16050	15500	15800	330367	0.0031746031746031633
2021-05-12	15900	17650	15900	17000	2054471	0.07594936708860756
2021-05-13	16700	18000	16700	17400	1153893	0.0235294117647058
2021-05-14	17550	18300	17150	17950	875553	0.031609195402298784
2021-05-17	18050	18100	16650	16750	542247	-0.06685236768802227
2021-05-18	16650	17250	16250	17250	298537	0.029850746268656803
2021-05-20	17050	17700	16550	16900	469472	-0.020289855072463725
2021-05-21	17200	17650	16700	16700	448207	-0.011834319526627168
2021-05-24	16550	16650	15250	15250	383856	-0.08682634730538918
2021-05-25	15500	15500	14950	14950	213784	-0.01967213114754096
2021-05-26	14950	16900	14850	15350	837304	0.026755852842809347
2021-05-27	15300	15500	15050	15150	133204	-0.013029315960912058
2021-05-28	15150	15650	15150	15300	106733	0.00990099009900991
2021-05-31	15300	16000	15300	15800	188966	0.03267973856209161
2021-06-01	15700	15950	15450	15550	125617	-0.015822784810126556
2021-06-02	15650	15700	15050	15150	176628	-0.025723472668810254
2021-06-03	15150	15400	15050	15100	90900	-0.0033003300330033403
2021-06-04	15150	15250	14650	15200	166792	0.0066225165562914245
2021-06-07	15200	15400	14900	15000	101951	-0.013157894736842146
2021-06-08	15050	15300	14900	15150	205154	0.010000000000000009
2021-06-09	15550	15600	15150	15250	148905	0.0066006600660066805
2021-06-10	15500	15550	15000	15050	131071	-0.013114754098360604
2021-06-11	15100	15300	14950	15150	72738	0.006644518272425293
2021-06-14	15200	15350	15000	15200	80292	0.0033003300330032292
2021-06-15	15200	15250	14950	15050	88097	-0.009868421052631526
2021-06-16	15050	15300	15000	15050	62603	0.0
2021-06-17	15050	15200	14950	15100	67371	0.0033222591362125353
2021-06-18	15100	15700	15050	15500	130488	0.026490066225165476
2021-06-21	15450	16300	15300	15850	272857	0.022580645161290214
2021-06-22	15900	16100	15500	15550	104431	-0.018927444794952675
2021-06-23	15550	15800	15300	15650	110399	0.006430868167202508
2021-06-24	15750	15750	15300	15300	92927	-0.022364217252396124
2021-06-25	15350	15450	15000	15250	139426	-0.0032679738562091387
2021-06-28	15300	15450	14950	15150	127471	-0.006557377049180357
2021-06-29	15150	15550	15000	15200	98081	0.0033003300330032292
2021-06-30	15300	15300	14950	15250	89431	0.00328947368421062
2021-07-01	15250	16100	15050	16050	198336	0.05245901639344264
2021-07-02	16100	16300	15200	15700	270481	-0.02180685358255452
2021-07-05	15600	17150	15550	16650	1063960	0.060509554140127486
2021-07-06	16700	17300	16650	16750	389593	0.006006006006006093
2021-07-07	16800	17100	16400	16800	193745	0.0029850746268655914
2021-07-08	16700	17800	16050	16950	503011	0.008928571428571397
2021-07-09	16850	17500	16450	17400	581123	0.026548672566371723
2021-07-12	17650	17700	16300	16450	538505	-0.054597701149425304
2021-07-13	16500	16550	16100	16350	153287	-0.006079027355623046
2021-07-14	16250	16800	16200	16750	163834	0.024464831804281273
2021-07-15	16850	16850	16300	16650	238338	-0.005970149253731294
2021-07-16	16550	16550	16250	16300	115985	-0.02102102102102099
2021-07-19	16300	16600	16150	16550	81442	0.015337423312883347
2021-07-20	16300	16600	16050	16150	138351	-0.024169184290030232
2021-07-21	16200	16450	15600	15600	155478	-0.034055727554179516
2021-07-22	15750	16150	15100	15400	265383	-0.012820512820512775
2021-07-23	15300	15450	15050	15050	165559	-0.022727272727272707
2021-07-26	15150	15200	14700	14800	124338	-0.01661129568106312
2021-07-27	14850	15150	14600	14800	214916	0.0
2021-07-28	14800	15250	14700	15250	88110	0.030405405405405483
2021-07-29	15100	15300	14900	15000	50243	-0.016393442622950838
2021-07-30	14950	15250	14600	14750	109337	-0.01666666666666672
2021-08-02	14700	14700	13900	14400	155987	-0.023728813559321993
2021-08-03	14150	14550	14150	14550	68824	0.01041666666666674
2021-08-04	14550	14550	14150	14250	89135	-0.020618556701030966
2021-08-05	14300	14400	14200	14350	54607	0.007017543859649145
2021-08-06	14400	14450	14150	14300	37378	-0.0034843205574912606
2021-08-09	14300	14300	13600	13750	153743	-0.038461538461538436
2021-08-10	13900	13900	13300	13500	89271	-0.018181818181818188
2021-08-11	13500	13800	13400	13600	50914	0.007407407407407307
2021-08-12	13600	13750	13100	13200	82477	-0.02941176470588236
2021-08-13	13350	13350	12650	13200	124475	0.0
2021-08-17	13100	13250	12650	12700	98967	-0.037878787878787845
2021-08-18	12500	13050	12450	12950	53516	0.019685039370078705
2021-08-19	12950	13200	12350	12350	113878	-0.04633204633204635
2021-08-20	12600	12750	11550	11750	137611	-0.04858299595141702
2021-08-23	11900	12250	11700	11900	96051	0.012765957446808418
2021-08-24	11950	12600	11950	12400	62102	0.04201680672268915
2021-08-25	12450	12850	12300	12750	52795	0.02822580645161299
2021-08-26	12900	12900	12600	12700	37318	-0.0039215686274509665
2021-08-27	12700	13050	12500	12700	38174	0.0
2021-08-30	12750	13000	12650	12850	43003	0.011811023622047223
2021-08-31	13050	13050	12750	12800	40743	-0.0038910505836575737
2021-09-01	12800	12900	12650	12850	41732	0.00390625
2021-09-02	12950	13500	12650	13300	82691	0.035019455252918386
2021-09-03	13500	13550	13100	13200	49638	-0.007518796992481258
2021-09-06	13100	13500	13000	13100	40672	-0.007575757575757569
2021-09-07	13050	13250	12800	13050	52400	-0.003816793893129722
2021-09-08	13000	13650	12700	13050	128693	0.0
2021-09-09	12850	14100	12850	13300	208408	0.019157088122605304
2021-09-10	13400	13800	13350	13400	68272	0.007518796992481258
2021-09-13	13350	13500	12600	12700	116304	-0.052238805970149294
2021-09-14	12650	12950	12600	12800	62268	0.007874015748031482
2021-09-15	12800	12850	12500	12650	44486	-0.01171875
2021-09-16	12750	12850	12400	12400	62639	-0.01976284584980237
2021-09-17	12450	12650	12350	12600	25143	0.016129032258064502
2021-09-23	12600	12600	12300	12450	37789	-0.011904761904761862
2021-09-24	12450	12700	12300	12650	44431	0.016064257028112428
2021-09-27	12650	14300	12400	12600	576343	-0.0039525691699604515
2021-09-28	12500	12600	12000	12100	150356	-0.03968253968253965
2021-09-29	11850	12250	11750	11800	84179	-0.024793388429752095
2021-09-30	11800	12050	11800	11850	46067	0.004237288135593209
2021-10-01	11850	11950	11600	11650	55474	-0.016877637130801704
2021-10-05	11650	11700	11050	11250	91625	-0.03433476394849788
2021-10-06	11100	11500	10950	11100	58924	-0.013333333333333308
2021-10-07	11150	11450	11100	11350	40984	0.022522522522522515
2021-10-08	11350	11450	11100	11300	24400	-0.004405286343612369
2021-10-12	11050	11200	11000	11050	38980	-0.02212389380530977
2021-10-13	10950	11350	10950	11300	29588	0.02262443438914019
2021-10-14	11400	11650	11250	11600	24159	0.026548672566371723
2021-10-15	11700	11700	11450	11500	32247	-0.008620689655172376
2021-10-18	11450	11600	11300	11550	17535	0.004347826086956497
2021-10-19	11550	11650	11450	11550	18714	0.0
2021-10-20	11550	11750	11500	11550	23510	0.0
2021-10-21	11650	11750	11450	11500	18353	-0.0043290043290042934
2021-10-22	11450	11550	11300	11400	19871	-0.008695652173912993
2021-10-25	11200	12000	11200	11850	70773	0.03947368421052633
2021-10-26	11850	12050	11750	11950	30724	0.00843881856540074
2021-10-27	12000	12050	11750	11900	31200	-0.004184100418409997
2021-10-28	11900	12050	11600	11950	37634	0.004201680672268893
2021-10-29	12050	12050	11550	11750	48986	-0.01673640167364021
2021-11-01	11650	11850	11500	11500	28831	-0.021276595744680882
2021-11-02	11500	11800	11450	11550	28333	0.004347826086956497
2021-11-03	11650	11850	11400	11750	42535	0.017316017316017396
2021-11-04	11800	12150	11450	11700	90683	-0.004255319148936176
2021-11-05	11650	11750	11300	11300	54980	-0.03418803418803418
2021-11-08	11200	11350	11000	11350	42190	0.004424778761061843
2021-11-09	11400	11600	11350	11450	31268	0.008810572687224738
2021-11-10	11500	11600	11050	11250	43830	-0.017467248908296984
2021-11-11	11250	12500	11200	12400	253652	0.10222222222222221
2021-11-12	12250	12450	11950	12400	90525	0.0
2021-11-15	12400	12650	12300	12500	62391	0.008064516129032251
2021-11-16	12500	13250	12500	12800	153460	0.02400000000000002
2021-11-17	13000	13000	12150	12400	85053	-0.03125
2021-11-18	12200	12450	12150	12400	22268	0.0
2021-11-19	12350	12500	12100	12350	47642	-0.0040322580645161255
2021-11-22	12450	12450	12000	12200	48974	-0.012145748987854255
2021-11-23	12000	12150	11650	11750	50929	-0.03688524590163933
2021-11-24	11750	12000	11600	11700	42551	-0.004255319148936176
2021-11-25	11700	11750	11400	11550	41244	-0.012820512820512775
2021-11-26	11450	11750	11200	11200	51208	-0.030303030303030276
2021-11-29	11350	12150	11200	12100	126896	0.0803571428571428
2021-11-30	11800	12000	11000	11050	73711	-0.08677685950413228
2021-12-01	11200	11550	10850	11000	110872	-0.004524886877828038
2021-12-02	11100	11450	10950	11450	88047	0.040909090909091006
2021-12-03	11450	11700	11200	11600	68087	0.013100436681222627
2021-12-06	11600	11600	11200	11600	44426	0.0
2021-12-07	11600	12150	11550	11900	54751	0.02586206896551735
2021-12-08	11950	12100	11650	12000	63381	0.008403361344537785
2021-12-09	12000	12350	11900	12300	63839	0.02499999999999991
2021-12-10	12400	12600	12100	12250	48962	-0.004065040650406471
2021-12-13	12250	12500	12050	12250	51366	0.0
2021-12-14	12250	12400	12100	12350	33935	0.008163265306122547
2021-12-15	12350	12450	12100	12100	40492	-0.020242914979757054
2021-12-16	12200	12250	11750	12000	30373	-0.008264462809917328
2021-12-17	12000	12100	11900	11900	22692	-0.008333333333333304
2021-12-20	11950	12100	11700	11700	30005	-0.01680672268907568
2021-12-21	11700	11800	11400	11750	28366	0.004273504273504258
2021-12-22	11750	12900	11700	12500	261634	0.06382978723404253
2021-12-23	12500	12550	12100	12500	83198	0.0
2021-12-24	12450	12800	12400	12600	62156	0.008000000000000007
2021-12-27	12600	12600	12350	12450	39180	-0.011904761904761862
2021-12-28	12450	12850	12250	12450	127488	0.0
2021-12-29	12450	12850	12450	12750	44611	0.024096385542168752
2021-12-30	12750	13000	12700	12950	60973	0.015686274509803866
2022-01-03	13000	14000	12650	13300	297779	0.027027027027026973
2022-01-04	13300	13500	12900	13200	75124	-0.007518796992481258
2022-01-05	13000	13100	12750	12800	61440	-0.030303030303030276
2022-01-06	12500	13000	12500	12800	51276	0.0
2022-01-07	12750	13000	12700	12800	32049	0.0
2022-01-10	12950	12950	12550	12700	31957	-0.0078125
2022-01-11	12600	12800	12500	12750	33828	0.003937007874015741
2022-01-12	12750	13100	12650	13000	49853	0.019607843137254832
2022-01-13	13000	13000	12650	12850	27106	-0.011538461538461497
2022-01-14	12700	12900	12550	12700	39027	-0.011673151750972721
2022-01-17	12550	12700	12300	12600	52957	-0.007874015748031482
2022-01-18	12450	12800	12300	12450	27004	-0.011904761904761862
2022-01-19	12250	12400	11850	11850	62013	-0.048192771084337394
2022-01-20	11800	12150	11750	12000	25442	0.012658227848101333
2022-01-21	11950	12000	11750	12000	25159	0.0
2022-01-24	11850	12100	11500	11550	37321	-0.03749999999999998
2022-01-25	11600	11750	10850	11000	79716	-0.04761904761904767
2022-01-26	10900	11350	10900	11100	21083	0.009090909090909038
2022-01-27	11100	11250	10100	10700	80160	-0.036036036036036
2022-01-28	10700	11700	10400	11100	55643	0.03738317757009346
2022-02-03	11200	11750	11100	11700	29368	0.054054054054053946
2022-02-04	11600	11800	11400	11650	20521	-0.004273504273504258
2022-02-07	11700	12800	11700	12700	201864	0.09012875536480691
2022-02-08	12750	12800	12000	12350	113733	-0.027559055118110187
2022-02-09	12300	12450	12050	12200	39854	-0.012145748987854255
2022-02-10	12350	12350	11750	11850	39255	-0.02868852459016391
2022-02-11	11850	11850	11400	11400	28753	-0.03797468354430378
2022-02-14	11150	11850	11150	11300	42981	-0.00877192982456143
2022-02-15	11150	11550	10950	11100	30892	-0.017699115044247815
2022-02-16	11200	11600	11150	11550	21680	0.04054054054054057
2022-02-17	11650	11700	11250	11450	27113	-0.008658008658008698
2022-02-18	11150	11700	11150	11600	9798	0.013100436681222627
2022-02-21	11450	11700	11250	11600	15001	0.0
2022-02-22	11300	11600	11000	11350	35786	-0.02155172413793105
2022-02-23	11350	11600	10900	11200	75197	-0.013215859030836996
2022-02-24	11100	11150	10400	10400	74661	-0.0714285714285714
2022-02-25	10700	10850	10500	10500	49420	0.009615384615384581
2022-02-28	10500	10600	10350	10450	22542	-0.004761904761904745
2022-03-02	10550	11050	10250	10950	41215	0.04784688995215314
2022-03-03	10950	11200	10850	11150	33087	0.0182648401826484
2022-03-04	11000	11150	10800	11100	30572	-0.004484304932735439
2022-03-07	11100	11100	10750	10900	21978	-0.018018018018018056
2022-03-08	10650	10950	10600	10850	14714	-0.004587155963302725
2022-03-10	10900	11300	10800	11000	19757	0.01382488479262678
2022-03-11	10900	11150	10900	11050	25799	0.00454545454545463
2022-03-14	11050	11100	10800	10900	20354	-0.013574660633484115
2022-03-15	10950	11200	10750	11100	20745	0.0183486238532109
2022-03-16	11150	11200	11000	11150	16947	0.0045045045045044585
2022-03-17	11400	11400	11100	11250	20157	0.008968609865470878
2022-03-18	11250	11500	11150	11450	27286	0.01777777777777767
2022-03-21	11450	11550	11300	11350	19427	-0.008733624454148492
2022-03-22	11350	11350	11150	11350	20096	0.0
2022-03-23	11350	11450	11150	11200	31006	-0.013215859030836996
2022-03-24	11250	11350	11050	11300	21619	0.008928571428571397
2022-03-25	11350	11450	11250	11350	31485	0.004424778761061843
2022-03-28	11400	11650	11050	11400	30123	0.004405286343612369
2022-03-29	11300	11500	11200	11450	27598	0.004385964912280604
2022-03-30	11450	11900	11450	11650	39783	0.017467248908296984
2022-03-31	11700	11800	11550	11750	25768	0.008583690987124415
2022-04-01	11750	12150	11650	11950	61690	0.017021276595744705
2022-04-04	12000	12000	11700	11950	35452	0.0
2022-04-05	11950	12150	11850	12100	55751	0.012552301255230214
2022-04-06	12100	12300	11900	12250	40578	0.012396694214876103
2022-04-07	12250	12250	11950	12100	33670	-0.01224489795918371
2022-04-08	12050	12400	11900	12250	47980	0.012396694214876103
2022-04-11	12250	12400	11950	12050	42932	-0.01632653061224487
2022-04-12	12000	12450	11850	11950	63023	-0.008298755186721962
2022-04-13	12000	12200	11950	12050	38695	0.008368200836819994
2022-04-14	12050	12200	11850	11950	32281	-0.008298755186721962
2022-04-15	11900	11900	11650	11800	46196	-0.012552301255230103
2022-04-18	11800	11850	11550	11650	34416	-0.012711864406779627
2022-04-19	11600	11900	11600	11750	27797	0.008583690987124415
2022-04-20	11700	11800	11500	11600	34704	-0.012765957446808529
2022-04-21	11700	11800	11550	11650	18603	0.004310344827586299
2022-04-22	11650	11650	11200	11350	55902	-0.025751072961373356
2022-04-25	11200	11250	10900	10900	70817	-0.03964757709251099
2022-04-26	10900	11250	10700	10900	53536	0.0
2022-04-27	10600	10900	10450	10850	48419	-0.004587155963302725
2022-04-28	10850	10900	10700	10700	28314	-0.01382488479262678
2022-04-29	10700	10900	10650	10900	38324	0.01869158878504673
2022-05-02	10850	10900	10500	10850	21475	-0.004587155963302725
2022-05-03	10950	10950	10650	10750	25557	-0.009216589861751112
2022-05-04	10800	10800	10400	10500	40058	-0.023255813953488413
2022-05-06	10500	10550	10300	10450	26290	-0.004761904761904745
2022-05-09	10450	10450	9990	9990	113304	-0.04401913875598085
2022-05-10	9710	9980	9610	9940	35943	-0.005005005005005003
2022-05-11	9960	10150	9830	9940	23883	0.0
2022-05-12	9700	9990	9700	9830	27144	-0.01106639839034207
2022-05-13	10000	10050	9800	10000	23674	0.01729399796541209
2022-05-16	10300	10300	9880	9880	36698	-0.01200000000000001
2022-05-17	9750	9800	9480	9600	77645	-0.028340080971659964
2022-05-18	9640	10450	9630	9660	165002	0.006250000000000089
2022-05-19	9450	9510	9360	9410	46896	-0.025879917184264967
2022-05-20	9410	9690	9410	9520	32500	0.011689691817215797
2022-05-23	9530	9900	9500	9600	16368	0.008403361344537785
2022-05-24	9600	9680	9360	9390	27100	-0.021874999999999978
2022-05-25	9390	9420	9260	9370	22378	-0.0021299254526091493
2022-05-26	9350	9480	9260	9340	16698	-0.0032017075773745907
2022-05-27	9340	9390	9250	9260	28596	-0.008565310492505307
2022-05-30	9380	9420	9250	9400	31034	0.015118790496760237
2022-05-31	9360	9410	9270	9370	25057	-0.0031914893617021045
2022-06-02	9370	9400	9260	9390	12377	0.002134471718249653
2022-06-03	9500	9500	9320	9330	13553	-0.006389776357827448
2022-06-07	9330	9450	9080	9080	76574	-0.026795284030010746
2022-06-08	9080	9200	8870	9000	54992	-0.008810572687224627
2022-06-09	9010	9010	8770	8770	38188	-0.025555555555555554
2022-06-10	8860	8860	8490	8530	63602	-0.027366020524515422
2022-06-13	8520	8520	7940	8090	139368	-0.05158264947245017
2022-06-14	8000	8080	7770	8080	67525	-0.0012360939431397266
2022-06-15	7800	8060	7550	7680	90879	-0.04950495049504955
2022-06-16	7740	8100	7550	7660	48073	-0.0026041666666666297
2022-06-17	7500	7500	7300	7400	68694	-0.03394255874673624
2022-06-20	7380	7540	6920	6990	59517	-0.055405405405405395
2022-06-21	6920	7290	6920	7230	33719	0.03433476394849788
2022-06-22	7200	7460	6900	7000	29680	-0.0318118948824343
2022-06-23	7000	7000	6440	6500	82994	-0.0714285714285714
2022-06-24	6280	6830	6280	6780	54263	0.04307692307692301
2022-06-27	6970	7390	6880	7280	49883	0.07374631268436582
2022-06-28	7280	7350	7110	7300	18215	0.0027472527472527375
2022-06-29	7140	7200	7070	7130	17470	-0.023287671232876672
2022-06-30	7210	7210	7000	7150	11022	0.0028050490883591017
2022-07-01	7080	7190	6860	6920	16304	-0.032167832167832144
2022-07-04	6820	7050	6600	6700	31338	-0.03179190751445082
2022-07-05	6740	7960	6740	7300	339320	0.08955223880597019
2022-07-06	7450	7790	7330	7420	83736	0.016438356164383494
2022-07-07	7430	7800	7420	7660	43512	0.032345013477088846
2022-07-08	7700	7700	7550	7700	43112	0.005221932114882533
2022-07-11	7750	8070	7690	7960	52200	0.033766233766233666
2022-07-12	7960	8110	7650	8090	48751	0.01633165829145722
2022-07-13	8230	8520	8010	8100	68478	0.0012360939431397266
2022-07-14	8140	8140	7760	7800	25832	-0.03703703703703709
