Date	Open	High	Low	Close	Volume	Change
2020-06-17	2860	2860	2846	2860	534256	
2020-06-18	2860	2860	2846	2853	96639	-0.002447552447552459
2020-06-19	2853	2860	2846	2853	59910	0.0
2020-06-22	2853	2860	2853	2853	31329	0.0
2020-06-23	2853	2860	2846	2860	22501	0.002453557658604888
2020-06-24	2860	2860	2853	2853	87329	-0.002447552447552459
2020-06-25	2853	2853	2846	2853	19104	0.0
2020-06-26	2853	2860	2853	2860	41427	0.002453557658604888
2020-06-29	2853	2860	2853	2860	63856	0.0
2020-06-30	2860	2860	2853	2860	15421	0.0
2020-07-01	2860	2860	2853	2860	1994	0.0
2020-07-02	2860	2860	2853	2860	12111	0.0
2020-07-03	2853	2860	2846	2860	51798	0.0
2020-07-06	2853	2860	2853	2860	56641	0.0
2020-07-07	2860	2860	2853	2853	12716	-0.002447552447552459
2020-07-08	2860	2860	2860	2860	2869	0.002453557658604888
2020-07-09	2853	2860	2853	2860	8670	0.0
2020-07-10	2860	2860	2846	2860	16788	0.0
2020-07-13	2846	2860	2846	2860	2796	0.0
2020-07-14	2860	2860	2853	2860	3309	0.0
2020-07-15	2853	2860	2853	2860	410	0.0
2020-07-16	2853	2860	2853	2860	6698	0.0
2020-07-17	2860	2860	2860	2860	6543	0.0
2020-07-20	2860	2860	2853	2860	20189	0.0
2020-07-21	2853	2860	2853	2853	20552	-0.002447552447552459
2020-07-22	2853	2853	2853	2853	14638	0.0
2020-07-23	2860	2881	2853	2860	88253	0.002453557658604888
2020-07-24	2853	2867	2853	2867	1202	0.002447552447552459
2020-07-27	2867	2867	2867	2867	15750	0.0
2020-07-28	2867	2874	2860	2867	16906	0.0
2020-07-29	2860	2860	2860	2860	6963	-0.0024415765608649664
2020-07-30	2853	2867	2853	2860	67684	0.0
2020-07-31	2860	2874	2860	2875	6593	0.005244755244755206
2020-08-03	2867	2881	2867	2867	28859	-0.0027826086956521667
2020-08-04	2874	2874	2867	2875	11232	0.002790373212417263
2020-08-05	2874	2881	2867	2875	37355	0.0
2020-08-06	2867	2881	2867	2875	18518	0.0
2020-08-07	2867	2881	2860	2882	7233	0.0024347826086956736
2020-08-10	2874	2881	2867	2875	750	-0.002428868841082621
2020-08-11	2867	2931	2867	2903	1381	0.009739130434782695
2020-08-12	2874	2924	2867	2882	33888	-0.007233895969686488
2020-08-13	2881	2881	2867	2882	17424	0.0
2020-08-14	2881	2896	2881	2896	2839	0.004857737682165242
2020-08-18	2888	2903	2874	2903	2539	0.0024171270718231774
2020-08-19	2910	2910	2903	2903	22	0.0
2020-08-20	2910	2910	2881	2903	204	0.0
2020-08-21	2881	2910	2874	2910	2523	0.0024112986565620886
2020-08-24	2910	2910	2867	2875	62316	-0.012027491408934665
2020-08-25	2881	2903	2881	2882	224	0.0024347826086956736
2020-08-26	2881	2881	2881	2882	71	0.0
2020-08-27	2896	2896	2867	2896	215	0.004857737682165242
2020-08-28	2888	2888	2888	2889	0	-0.0024171270718231774
2020-08-31	2888	2888	2853	2889	20051	0.0
2020-09-01	2903	2903	2896	2896	2501	0.0024229837313949343
2020-09-02	2867	2896	2867	2896	1052	0.0
2020-09-03	2888	2888	2888	2889	373	-0.0024171270718231774
2020-09-04	2867	2910	2867	2910	29933	0.007268951194184803
2020-09-07	2910	2910	2888	2889	103	-0.007216494845360799
2020-09-08	2888	2903	2881	2903	9766	0.0048459674627898686
2020-09-09	2896	2917	2896	2896	8881	-0.0024112986565621997
2020-09-10	2896	2910	2896	2910	12	0.004834254143646355
2020-09-11	2903	2903	2867	2875	41721	-0.012027491408934665
2020-09-14	2910	2910	2881	2910	43	0.012173913043478368
2020-09-15	2910	2910	2881	2910	305	0.0
2020-09-16	2874	2910	2874	2910	18499	0.0
2020-09-17	2881	2896	2860	2860	50242	-0.01718213058419249
2020-09-18	2896	2896	2874	2875	101	0.005244755244755206
2020-09-21	2867	2874	2867	2875	5655	0.0
2020-09-22	2874	2888	2874	2889	153	0.004869565217391347
2020-09-23	2888	2888	2888	2889	305	0.0
2020-09-24	2896	2910	2896	2910	24500	0.007268951194184803
2020-09-25	2874	2903	2874	2903	32	-0.002405498281786933
2020-09-28	2874	2896	2874	2896	1001	-0.0024112986565621997
2020-09-29	2881	2903	2881	2882	12081	-0.004834254143646355
2020-10-05	2881	2896	2881	2896	501	0.004857737682165242
2020-10-06	2903	2903	2903	2903	1	0.0024171270718231774
2020-10-07	2910	2910	2881	2903	17	0.0
2020-10-08	2881	2888	2881	2889	5717	-0.004822597313124399
2020-10-12	2881	2888	2881	2889	5494	0.0
2020-10-13	2896	2896	2896	2896	1	0.0024229837313949343
2020-10-14	2888	2896	2888	2896	350	0.0
2020-10-15	2881	2910	2881	2910	7897	0.004834254143646355
2020-10-16	2910	2917	2910	2910	11458	0.0
2020-10-19	2910	2910	2910	2910	2803	0.0
2020-10-20	2910	2917	2896	2917	13749	0.002405498281786933
2020-10-21	2917	2924	2917	2925	3873	0.0027425437092902794
2020-10-22	2931	2931	2917	2932	686	0.0023931623931623403
2020-10-23	2931	2931	2931	2932	0	0.0
2020-10-26	2896	2931	2896	2932	717	0.0
2020-10-27	2924	2931	2881	2882	22409	-0.017053206002728527
2020-10-28	2881	2917	2881	2917	4196	0.012144344205412994
2020-10-29	2917	2917	2917	2917	0	0.0
2020-10-30	2881	2931	2881	2932	30159	0.005142269454919468
2020-11-02	2924	2924	2924	2925	0	-0.0023874488403820004
2020-11-03	2931	2931	2931	2932	2	0.0023931623931623403
2020-11-04	2888	2931	2888	2932	2	0.0
2020-11-05	2931	2931	2931	2932	0	0.0
2020-11-06	2931	2931	2931	2932	1	0.0
2020-11-09	2931	2931	2931	2932	0	0.0
2020-11-10	2910	2910	2910	2910	10	-0.007503410641200525
2020-11-11	2881	2931	2881	2903	4350	-0.002405498281786933
2020-11-12	2896	2910	2896	2910	11	0.0024112986565620886
2020-11-13	2881	2910	2881	2903	129	-0.002405498281786933
2020-11-16	2917	2917	2881	2917	2002	0.004822597313124399
2020-11-17	2896	2917	2896	2917	1461	0.0
2020-11-18	2917	2917	2917	2917	0	0.0
2020-11-19	2931	2931	2931	2932	1000	0.005142269454919468
2020-11-20	2881	2931	2881	2932	11	0.0
2020-11-23	2924	2924	2924	2925	0	-0.0023874488403820004
2020-11-24	2881	2910	2881	2910	10001	-0.00512820512820511
2020-11-25	2896	2910	2896	2910	244	0.0
2020-11-26	2910	2917	2903	2917	1314	0.002405498281786933
2020-11-27	2917	2945	2910	2946	18372	0.009941720946177623
2020-11-30	2903	2960	2903	2917	764	-0.009843856076035329
2020-12-01	2953	2953	2917	2946	2468	0.009941720946177623
2020-12-02	2924	2960	2924	2932	4190	-0.004752206381534285
2020-12-03	2924	2945	2924	2946	315	0.004774897680764001
2020-12-04	2924	2953	2924	2953	1972	0.002376103190767198
2020-12-07	2967	2967	2960	2967	13905	0.004740941415509736
2020-12-08	2924	2981	2924	2967	243	0.0
2020-12-09	2924	2967	2917	2967	21408	0.0
2020-12-10	2967	2974	2967	2974	21442	0.0023592854735423607
2020-12-11	2953	2967	2953	2967	277	-0.00235373234700742
2020-12-14	2967	2967	2931	2960	51838	-0.0023592854735422497
2020-12-15	2960	2960	2953	2953	37003	-0.0023648648648648685
2020-12-16	2924	2967	2924	2967	15660	0.004740941415509736
2020-12-17	2924	2967	2924	2967	60478	0.0
2020-12-18	2938	2974	2938	2974	5003	0.0023592854735423607
2020-12-21	2967	2967	2924	2960	18509	-0.00470746469401484
2020-12-22	2960	2960	2960	2960	0	0.0
2020-12-23	2974	2974	2938	2946	5667	-0.004729729729729737
2020-12-24	2945	2995	2924	2982	20222	0.012219959266802416
2020-12-28	2981	2981	2974	2974	1066	-0.0026827632461435824
2020-12-29	2938	2974	2938	2974	3381	0.0
2020-12-30	2974	2988	2974	2989	845	0.00504371217215871
2021-01-04	2988	2988	2974	2989	583	0.0
2021-01-05	2988	2988	2967	2989	62	0.0
2021-01-06	2953	2995	2931	2982	17367	-0.0023419203747072626
2021-01-07	2981	2981	2931	2974	5158	-0.0026827632461435824
2021-01-08	2974	2974	2938	2974	748	0.0
2021-01-11	2967	2981	2967	2982	1581	0.0026899798251514007
2021-01-12	2995	2995	2953	2996	7515	0.0046948356807512415
2021-01-13	2995	2995	2938	2996	2834	0.0
2021-01-14	2988	2988	2988	2989	2	-0.002336448598130869
2021-01-15	2988	2988	2988	2989	3	0.0
2021-01-18	2995	2995	2953	2989	10427	0.0
2021-01-19	2981	2981	2974	2982	402	-0.0023419203747072626
2021-01-20	2981	2988	2981	2989	2788	0.0023474178403755097
2021-01-21	2988	3024	2988	3017	20269	0.00936768149882905
2021-01-22	2988	3010	2960	3010	3394	-0.002320185614849146
2021-01-25	3010	3052	2981	3046	10869	0.01196013289036535
2021-01-26	3060	3224	3060	3110	319610	0.02101116217990806
2021-01-27	0	0	0	3110	0	0.0
2021-01-28	0	0	0	3110	0	0.0
2021-01-29	0	0	0	3110	0	0.0
2021-02-01	0	0	0	3110	0	0.0
2021-02-02	0	0	0	3110	0	0.0
2021-02-03	0	0	0	3110	0	0.0
2021-02-04	0	0	0	3110	0	0.0
2021-02-05	0	0	0	3110	0	0.0
2021-02-08	0	0	0	3110	0	0.0
2021-02-09	0	0	0	3110	0	0.0
2021-02-10	0	0	0	3110	0	0.0
2021-02-15	0	0	0	3110	0	0.0
2021-02-16	0	0	0	3110	0	0.0
2021-02-17	0	0	0	3110	0	0.0
2021-02-18	0	0	0	3110	0	0.0
2021-02-19	0	0	0	3110	0	0.0
2021-02-22	0	0	0	3110	0	0.0
2021-02-23	0	0	0	3110	0	0.0
2021-02-24	0	0	0	3110	0	0.0
2021-02-25	0	0	0	3110	0	0.0
2021-02-26	0	0	0	3110	0	0.0
2021-03-02	0	0	0	3110	0	0.0
2021-03-03	0	0	0	3110	0	0.0
2021-03-04	0	0	0	3110	0	0.0
2021-03-05	0	0	0	3110	0	0.0
2021-03-08	0	0	0	3110	0	0.0
2021-03-09	0	0	0	3110	0	0.0
2021-03-10	0	0	0	3110	0	0.0
2021-03-11	0	0	0	3110	0	0.0
2021-03-12	0	0	0	3110	0	0.0
2021-03-15	0	0	0	3110	0	0.0
2021-03-16	0	0	0	3110	0	0.0
2021-03-17	0	0	0	3110	0	0.0
2021-03-18	0	0	0	3110	0	0.0
2021-03-19	0	0	0	3110	0	0.0
2021-03-22	0	0	0	3110	0	0.0
2021-03-23	0	0	0	3110	0	0.0
2021-03-24	0	0	0	3110	0	0.0
2021-03-25	0	0	0	3110	0	0.0
2021-03-26	0	0	0	3110	0	0.0
2021-03-29	0	0	0	3110	0	0.0
2021-03-30	0	0	0	3110	0	0.0
2021-03-31	0	0	0	3110	0	0.0
2021-04-01	0	0	0	3110	0	0.0
2021-04-02	0	0	0	3110	0	0.0
2021-04-05	0	0	0	3110	0	0.0
2021-04-06	0	0	0	3110	0	0.0
2021-04-07	0	0	0	3110	0	0.0
2021-04-08	0	0	0	3110	0	0.0
2021-04-09	3110	3600	2905	2985	3561640	-0.04019292604501612
2021-04-12	2930	3130	2835	2970	677947	-0.005025125628140725
2021-04-13	3030	3030	2870	2880	460577	-0.030303030303030276
2021-04-14	2925	3030	2870	3030	440281	0.05208333333333326
2021-04-15	3080	3200	3000	3110	590344	0.0264026402640265
2021-04-16	3080	3095	2985	3010	220574	-0.032154340836012874
2021-04-19	3010	3030	3000	3000	92032	-0.0033222591362126463
2021-04-20	3045	3045	2985	2990	114291	-0.0033333333333332993
2021-04-21	2970	3040	2970	2990	131126	0.0
2021-04-22	3005	3230	2980	3140	211558	0.050167224080267525
2021-04-23	3100	3125	3020	3055	116066	-0.027070063694267565
2021-04-26	3100	3100	3040	3065	109591	0.003273322422258529
2021-04-27	3065	3105	3050	3090	116096	0.00815660685154973
2021-04-28	3100	3160	2990	2990	136924	-0.032362459546925515
2021-04-29	3040	3040	2950	3000	29620	0.0033444816053511683
2021-04-30	3005	3025	2925	2970	68790	-0.010000000000000009
2021-05-03	2920	3005	2920	2985	20486	0.005050505050504972
2021-05-04	2985	3005	2935	2990	21336	0.0016750418760469454
2021-05-06	3010	3010	2880	2890	111520	-0.03344481605351168
2021-05-07	2950	2950	2855	2875	38167	-0.00519031141868509
2021-05-10	2875	2925	2870	2900	27489	0.008695652173912993
2021-05-11	2905	2950	2800	2880	36104	-0.006896551724137945
2021-05-12	2950	2950	2800	2880	39106	0.0
2021-05-13	2910	2910	2750	2765	97776	-0.03993055555555558
2021-05-14	2780	2925	2730	2775	56153	0.003616636528029016
2021-05-17	2775	2850	2740	2750	48663	-0.009009009009009028
2021-05-18	2790	2790	2735	2755	24745	0.0018181818181817189
2021-05-20	2755	2800	2710	2735	48853	-0.007259528130671544
2021-05-21	2785	2855	2720	2855	75566	0.04387568555758681
2021-05-24	2860	3035	2855	2990	258335	0.04728546409807355
2021-05-25	2990	3090	2965	3025	195651	0.0117056856187292
2021-05-26	3070	3170	2950	2985	462160	-0.013223140495867813
2021-05-27	3085	3245	3000	3095	486408	0.03685092127303191
2021-05-28	3080	3145	2990	2990	314430	-0.03392568659127626
2021-05-31	3280	3605	3200	3285	4559649	0.09866220735785958
2021-06-01	3510	3820	3100	3150	2741516	-0.04109589041095896
2021-06-02	3115	3190	3000	3020	524734	-0.041269841269841234
2021-06-03	3150	3150	3000	3020	173564	0.0
2021-06-04	2990	3020	2945	2970	167745	-0.01655629139072845
2021-06-07	2970	3000	2850	2875	139418	-0.03198653198653201
2021-06-08	2875	3255	2845	2945	605941	0.024347826086956514
2021-06-09	2945	3040	2900	3040	190310	0.032258064516129004
2021-06-10	3000	3140	2970	3000	158581	-0.013157894736842146
2021-06-11	3005	3100	3000	3080	122594	0.026666666666666616
2021-06-14	3040	3160	3040	3130	101148	0.016233766233766156
2021-06-15	3135	3180	3055	3060	101399	-0.022364217252396124
2021-06-16	3020	3100	3020	3045	95205	-0.004901960784313708
2021-06-17	3035	3120	3025	3120	107525	0.024630541871921263
2021-06-18	3100	3145	3060	3135	83101	0.004807692307692291
2021-06-21	3090	3200	3070	3150	84063	0.004784688995215225
2021-06-22	3120	3160	3080	3080	38687	-0.022222222222222254
2021-06-23	3080	3080	3010	3010	108123	-0.022727272727272707
2021-06-24	3010	3040	2970	3000	128928	-0.0033222591362126463
2021-06-25	3035	3035	2955	2960	39552	-0.013333333333333308
2021-06-28	2990	3000	2935	2955	34677	-0.0016891891891891442
2021-06-29	2955	3015	2950	3000	38091	0.015228426395939021
2021-06-30	3040	3050	2950	3025	81979	0.008333333333333304
2021-07-01	3065	3075	3000	3065	49380	0.013223140495867813
2021-07-02	3090	3090	3010	3040	34994	-0.00815660685154973
2021-07-05	3005	3080	2980	3040	44803	0.0
2021-07-06	2990	3055	2970	3025	48749	-0.004934210526315819
2021-07-07	2980	3930	2980	3670	10146166	0.21322314049586777
2021-07-08	3830	4135	3040	3220	4875921	-0.12261580381471393
2021-07-09	3210	3230	3080	3120	610196	-0.03105590062111796
2021-07-12	3050	3150	3050	3080	305939	-0.012820512820512775
2021-07-13	3115	3130	3030	3085	218503	0.0016233766233766378
2021-07-14	3085	3110	3045	3050	131041	-0.011345218800648316
2021-07-15	3060	3080	3030	3045	102619	-0.0016393442622950616
2021-07-16	3055	3080	3035	3045	108892	0.0
2021-07-19	3035	3070	3005	3035	80857	-0.003284072249589487
2021-07-20	3035	3035	2980	2990	134751	-0.014827018121911006
2021-07-21	2990	3050	2980	2990	79566	0.0
2021-07-22	2965	3015	2965	2980	76808	-0.0033444816053511683
2021-07-23	3030	3030	2960	3000	127178	0.006711409395973256
2021-07-26	3070	3070	2955	2995	129400	-0.0016666666666667052
2021-07-27	2900	2900	2580	2655	2218058	-0.11352253756260433
2021-07-28	2560	2560	2250	2270	2489675	-0.14500941619585683
2021-07-29	2310	2495	2235	2380	1938082	0.048458149779735615
2021-07-30	2345	2650	2285	2440	3707296	0.025210084033613356
2021-08-02	2440	2470	2350	2400	526008	-0.016393442622950838
2021-08-03	2400	2455	2360	2390	356220	-0.004166666666666652
2021-08-04	2400	2800	2355	2550	3387435	0.06694560669456062
2021-08-05	2575	2590	2490	2490	507144	-0.02352941176470591
2021-08-06	2550	2640	2475	2590	1338568	0.04016064257028118
2021-08-09	2705	2715	2530	2535	1131994	-0.021235521235521193
2021-08-10	2450	2525	2380	2400	1090136	-0.053254437869822535
2021-08-11	2390	2475	2365	2390	537945	-0.004166666666666652
2021-08-12	2400	2400	2185	2260	2506932	-0.05439330543933052
2021-08-13	2260	2300	2205	2265	554098	0.0022123893805310324
2021-08-17	2220	2250	2170	2185	472005	-0.03532008830022071
2021-08-18	2165	2220	2140	2190	228127	0.0022883295194509046
2021-08-19	2190	2190	2040	2050	604886	-0.0639269406392694
2021-08-20	2050	2080	1905	1940	776486	-0.0536585365853659
2021-08-23	2000	2095	1935	2070	325453	0.0670103092783505
2021-08-24	2145	2160	2055	2105	340729	0.01690821256038655
2021-08-25	2100	2140	2080	2130	162332	0.01187648456057011
2021-08-26	2130	2245	2125	2140	300250	0.0046948356807512415
2021-08-27	2120	2140	2085	2120	212439	-0.009345794392523366
2021-08-30	2125	2235	2100	2180	210104	0.028301886792452935
2021-08-31	2185	2230	2160	2200	225249	0.00917431192660545
2021-09-01	2200	2235	2165	2200	279572	0.0
2021-09-02	2200	2240	2170	2205	232762	0.002272727272727204
2021-09-03	2210	2240	2190	2210	97852	0.0022675736961450532
2021-09-06	2215	2230	2185	2225	157652	0.006787330316742057
2021-09-07	2225	2230	2175	2195	149630	-0.013483146067415741
2021-09-08	2155	2270	2150	2180	199448	-0.006833712984054663
2021-09-09	2170	2195	2140	2145	143548	-0.016055045871559592
2021-09-10	2145	2170	2100	2160	128879	0.006993006993007089
2021-09-13	2170	2170	2095	2095	157845	-0.03009259259259256
2021-09-14	2125	2135	2080	2135	167009	0.019093078758949833
2021-09-15	2130	2160	2095	2130	101674	-0.0023419203747072626
2021-09-16	2130	2140	2105	2135	76576	0.0023474178403755097
2021-09-17	2135	2175	2100	2175	112143	0.0187353629976581
2021-09-23	2175	2175	2130	2130	128209	-0.020689655172413834
2021-09-24	2140	2155	2050	2090	184629	-0.018779342723004744
2021-09-27	2085	2095	2055	2075	130731	-0.0071770334928229484
2021-09-28	2075	2075	2015	2020	139708	-0.026506024096385583
2021-09-29	2000	2020	1960	2005	211285	-0.007425742574257432
2021-09-30	2010	2025	1970	2010	136585	0.0024937655860348684
2021-10-01	1995	2000	1890	1910	584581	-0.04975124378109452
2021-10-05	1855	1930	1850	1910	168777	0.0
2021-10-06	1915	1945	1860	1880	212010	-0.015706806282722474
2021-10-07	1920	1950	1885	1920	132693	0.02127659574468077
2021-10-08	1920	1950	1920	1935	95853	0.0078125
2021-10-12	1900	1930	1885	1895	77102	-0.02067183462532296
2021-10-13	1895	1940	1885	1915	38498	0.01055408970976246
2021-10-14	1920	1960	1890	1945	76352	0.015665796344647598
2021-10-15	1955	1980	1940	1965	51308	0.010282776349614497
2021-10-18	1970	1995	1935	1955	139835	-0.0050890585241730735
2021-10-19	1945	1985	1930	1945	176310	-0.005115089514066473
2021-10-20	1975	1975	1900	1915	137141	-0.015424164524421635
2021-10-21	1905	1930	1900	1915	123425	0.0
2021-10-22	1940	1940	1875	1915	131383	0.0
2021-10-25	1950	1950	1910	1925	90866	0.005221932114882533
2021-10-26	1950	1950	1905	1945	115103	0.010389610389610393
2021-10-27	2085	2085	1930	1950	721204	0.0025706940874035134
2021-10-28	1950	1960	1905	1910	118056	-0.02051282051282055
2021-10-29	1920	1955	1895	1910	106348	0.0
2021-11-01	1920	1950	1885	1905	102113	-0.002617801047120394
2021-11-02	1895	1935	1890	1925	169678	0.01049868766404205
2021-11-03	1925	1940	1895	1895	95364	-0.01558441558441559
2021-11-04	1890	1910	1825	1865	228305	-0.0158311345646438
2021-11-05	1855	1875	1835	1870	97941	0.002680965147453085
2021-11-08	1855	1910	1770	1835	266738	-0.018716577540106916
2021-11-09	1825	1850	1800	1810	80316	-0.013623978201634857
2021-11-10	1810	1820	1700	1710	235716	-0.05524861878453036
2021-11-11	1700	1740	1685	1710	86652	0.0
2021-11-12	1705	1820	1685	1770	127262	0.03508771929824572
2021-11-15	1770	1810	1735	1745	73076	-0.01412429378531077
2021-11-16	1745	1770	1730	1745	65686	0.0
2021-11-17	1750	1830	1750	1790	134156	0.025787965616045794
2021-11-18	1790	1965	1785	1820	967263	0.016759776536312776
2021-11-19	1820	1895	1810	1880	290694	0.03296703296703307
2021-11-22	1880	1895	1800	1820	142949	-0.03191489361702127
2021-11-23	1820	1835	1780	1820	57532	0.0
2021-11-24	1805	1830	1795	1815	49336	-0.0027472527472527375
2021-11-25	1810	1815	1770	1775	172330	-0.02203856749311295
2021-11-26	1780	1790	1710	1725	91626	-0.028169014084507005
2021-11-29	1650	1720	1650	1700	63449	-0.01449275362318836
2021-11-30	1700	1740	1590	1600	154304	-0.05882352941176472
2021-12-01	1595	1645	1540	1590	192214	-0.006249999999999978
2021-12-02	1615	1625	1575	1610	48718	0.012578616352201255
2021-12-03	1625	1700	1625	1645	93098	0.021739130434782705
2021-12-06	1655	1800	1640	1645	291819	0.0
2021-12-07	1645	1705	1645	1680	109392	0.02127659574468077
2021-12-08	1690	1725	1665	1670	86137	-0.005952380952380931
2021-12-09	1655	1720	1655	1705	125227	0.020958083832335328
2021-12-10	1705	1705	1675	1685	53255	-0.011730205278592365
2021-12-13	1735	1735	1660	1685	70525	0.0
2021-12-14	1675	1700	1665	1680	35185	-0.0029673590504450953
2021-12-15	1670	1725	1665	1695	123614	0.008928571428571397
2021-12-16	1695	1710	1670	1690	67368	-0.002949852507374673
2021-12-17	1670	1695	1660	1665	70741	-0.014792899408283988
2021-12-20	1660	1670	1640	1650	37179	-0.009009009009009028
2021-12-21	1635	1670	1630	1645	77549	-0.00303030303030305
2021-12-22	1650	1680	1630	1650	76583	0.003039513677811634
2021-12-23	1670	1720	1665	1695	134446	0.027272727272727337
2021-12-24	1690	1695	1665	1690	28611	-0.002949852507374673
2021-12-27	1685	1685	1655	1655	54371	-0.020710059171597628
2021-12-28	1665	1790	1655	1670	212188	0.009063444108761365
2021-12-29	1650	1675	1650	1670	42604	0.0
2021-12-30	1665	1740	1660	1705	91545	0.020958083832335328
2022-01-03	1715	1995	1695	1770	2021462	0.038123167155425186
2022-01-04	1795	1945	1775	1890	1417622	0.06779661016949157
2022-01-05	1925	1945	1840	1860	567200	-0.015873015873015928
2022-01-06	1825	2070	1825	1890	1752243	0.016129032258064502
2022-01-07	1920	1960	1895	1900	566853	0.005291005291005346
2022-01-10	1900	1940	1825	1860	273597	-0.021052631578947323
2022-01-11	1860	1900	1795	1815	388737	-0.024193548387096753
2022-01-12	1825	1880	1815	1860	168930	0.024793388429751984
2022-01-13	1870	1890	1815	1825	115081	-0.018817204301075252
2022-01-14	1845	1885	1815	1845	239164	0.010958904109588996
2022-01-17	1845	1870	1800	1805	194904	-0.02168021680216803
2022-01-18	1805	1880	1805	1875	205311	0.03878116343490312
2022-01-19	1870	1870	1820	1840	182034	-0.01866666666666672
2022-01-20	1840	1865	1815	1835	108195	-0.0027173913043477826
2022-01-21	1840	2010	1840	1935	1976437	0.054495912806539426
2022-01-24	2025	2150	1900	1910	3553868	-0.012919896640826822
2022-01-25	1900	1975	1805	1820	580179	-0.04712041884816753
2022-01-26	1820	1850	1745	1745	364358	-0.04120879120879117
2022-01-27	1745	1795	1710	1720	234846	-0.014326647564469885
2022-01-28	1695	1760	1660	1725	282182	0.0029069767441860517
2022-02-03	1745	1810	1745	1805	123350	0.04637681159420293
2022-02-04	1815	1815	1770	1780	114545	-0.013850415512465353
2022-02-07	1835	1855	1780	1855	122948	0.042134831460674205
2022-02-08	1870	1870	1785	1800	162021	-0.029649595687331498
2022-02-09	1800	1850	1780	1830	85749	0.016666666666666607
2022-02-10	1830	1845	1790	1820	113651	-0.005464480874316946
2022-02-11	1805	1805	1755	1765	136477	-0.030219780219780223
2022-02-14	1710	1750	1710	1710	110257	-0.031161473087818692
2022-02-15	1720	1720	1665	1680	156982	-0.01754385964912286
2022-02-16	1680	1735	1680	1715	143727	0.02083333333333326
2022-02-17	1715	1745	1685	1685	152646	-0.017492711370262426
2022-02-18	1710	1720	1675	1685	116901	0.0
2022-02-21	1685	1685	1615	1640	291387	-0.02670623145400597
2022-02-22	1630	1635	1585	1600	140701	-0.024390243902439046
2022-02-23	1590	1620	1570	1600	201309	0.0
2022-02-24	1600	1600	1515	1545	337964	-0.034375000000000044
2022-02-25	1550	1575	1490	1500	312268	-0.029126213592232997
2022-02-28	1515	1515	1430	1495	219118	-0.0033333333333332993
2022-03-02	1500	1535	1490	1535	213896	0.026755852842809347
2022-03-03	1535	1560	1515	1530	196214	-0.0032573289902280145
2022-03-04	1530	1560	1495	1525	174853	-0.0032679738562091387
2022-03-07	1505	1525	1480	1485	121988	-0.02622950819672132
2022-03-08	1475	1525	1475	1525	109374	0.026936026936027035
2022-03-10	1515	1560	1510	1525	116065	0.0
2022-03-11	1530	1535	1505	1515	53272	-0.006557377049180357
2022-03-14	1520	1525	1465	1490	157951	-0.01650165016501648
2022-03-15	1490	1540	1480	1505	187652	0.010067114093959662
2022-03-16	1510	1575	1505	1530	171182	0.01661129568106312
2022-03-17	1560	1560	1525	1550	86877	0.013071895424836555
2022-03-18	1550	1560	1530	1545	67038	-0.003225806451612856
2022-03-21	1570	1570	1540	1550	124073	0.003236245954692629
2022-03-22	1570	1570	1525	1555	82490	0.003225806451612856
2022-03-23	1555	1560	1535	1550	69724	-0.003215434083601254
2022-03-24	1555	1555	1520	1545	87476	-0.003225806451612856
2022-03-25	1545	1565	1525	1560	143342	0.009708737864077666
2022-03-28	1545	1570	1530	1540	117123	-0.012820512820512775
2022-03-29	1545	1865	1545	1700	8523905	0.10389610389610393
2022-03-30	1705	1725	1680	1680	683178	-0.0117647058823529
2022-03-31	1690	1785	1685	1705	1460786	0.014880952380952328
2022-04-01	1705	1755	1695	1725	438119	0.011730205278592365
2022-04-04	1745	1955	1710	1805	5672217	0.04637681159420293
2022-04-05	1805	1815	1760	1795	564977	-0.005540166204986097
2022-04-06	1795	1800	1740	1745	328186	-0.027855153203342642
2022-04-07	1745	1745	1675	1710	351803	-0.02005730659025784
2022-04-08	1710	1730	1665	1695	154026	-0.00877192982456143
2022-04-11	1695	1945	1670	1720	3254935	0.014749262536873253
2022-04-12	1705	1895	1675	1815	3511001	0.05523255813953498
2022-04-13	1785	1860	1770	1835	785955	0.011019283746556363
2022-04-14	1830	1865	1785	1805	361477	-0.016348773841961872
2022-04-15	1805	1885	1785	1835	604604	0.016620498614958512
2022-04-18	1830	1855	1760	1790	393235	-0.02452316076294281
2022-04-19	1790	1860	1770	1830	710543	0.022346368715083775
2022-04-20	1830	2090	1800	1905	8806356	0.040983606557376984
2022-04-21	1905	1935	1870	1885	927254	-0.01049868766404205
2022-04-22	1875	1995	1875	1935	3622462	0.02652519893899208
2022-04-25	1935	2075	1935	2045	3865057	0.056847545219638196
2022-04-26	2020	2100	1990	2100	1729432	0.02689486552567244
2022-04-27	2030	2145	2005	2060	1922574	-0.01904761904761909
2022-04-28	2060	2070	1960	1985	777621	-0.036407766990291246
2022-04-29	1990	2015	1970	1990	484577	0.0025188916876575096
2022-05-02	1955	1990	1925	1935	607369	-0.027638190954773822
2022-05-03	1930	1990	1895	1940	522080	0.0025839793281654533
2022-05-04	1935	1935	1845	1845	637805	-0.0489690721649485
2022-05-06	1825	1875	1790	1845	380113	0.0
2022-05-09	1840	1850	1730	1730	732294	-0.06233062330623307
2022-05-10	1720	1735	1595	1725	839933	-0.0028901734104046506
2022-05-11	1730	1755	1665	1700	205741	-0.01449275362318836
2022-05-12	1650	1690	1585	1615	421882	-0.050000000000000044
2022-05-13	1615	1700	1575	1590	343877	-0.015479876160990669
2022-05-16	1610	1625	1575	1605	268150	0.009433962264151052
2022-05-17	1610	1625	1550	1555	428862	-0.031152647975077885
2022-05-18	1555	1575	1540	1560	323202	0.003215434083601254
2022-05-19	1540	1595	1480	1580	553428	0.012820512820512775
2022-05-20	1580	1675	1540	1595	692144	0.009493670886076
2022-05-23	1595	1600	1550	1555	144768	-0.025078369905956133
2022-05-24	1560	1600	1545	1585	206132	0.019292604501607746
2022-05-25	1585	1595	1530	1590	196168	0.003154574132492094
2022-05-26	1590	1600	1560	1560	148517	-0.018867924528301883
2022-05-27	1555	1595	1550	1570	96537	0.0064102564102563875
2022-05-30	1565	1595	1555	1585	100254	0.009554140127388644
2022-05-31	1575	1610	1570	1590	116971	0.003154574132492094
2022-06-02	1600	1740	1575	1625	1054721	0.022012578616352307
2022-06-03	1640	1690	1640	1660	304732	0.021538461538461506
2022-06-07	1660	1730	1645	1730	331320	0.04216867469879526
2022-06-08	1730	1755	1685	1705	463053	-0.014450867052023142
2022-06-09	1690	1695	1630	1650	241413	-0.032258064516129004
2022-06-10	1650	1650	1590	1615	141298	-0.021212121212121238
2022-06-13	1560	1605	1520	1545	338137	-0.04334365325077394
2022-06-14	1505	1530	1475	1500	285737	-0.029126213592232997
2022-06-15	1495	1510	1400	1415	324321	-0.05666666666666664
2022-06-16	1430	1445	1385	1385	204711	-0.021201413427561877
2022-06-17	1360	1390	1315	1380	208087	-0.0036101083032491488
2022-06-20	1415	1415	1260	1310	311806	-0.050724637681159424
2022-06-21	1300	1310	1280	1300	165723	-0.007633587786259555
2022-06-22	1305	1315	1170	1170	368719	-0.09999999999999998
2022-06-23	1165	1200	1080	1080	392236	-0.07692307692307687
2022-06-24	1080	1150	1080	1135	154111	0.05092592592592582
2022-06-27	1180	1195	1140	1170	145559	0.03083700440528636
2022-06-28	1160	1185	1145	1170	134737	0.0
2022-06-29	1170	1175	1145	1165	62806	-0.004273504273504258
2022-06-30	1200	1205	1145	1150	128255	-0.012875536480686733
2022-07-01	1160	1185	1085	1110	178697	-0.034782608695652195
2022-07-04	1110	1130	1050	1105	127553	-0.0045045045045044585
2022-07-05	1095	1145	1095	1135	93889	0.02714932126696823
2022-07-06	1145	1145	1115	1115	61418	-0.017621145374449365
2022-07-07	1135	1155	1120	1140	67630	0.022421524663677195
2022-07-08	1150	1185	1150	1170	93795	0.026315789473684292
2022-07-11	1175	1245	1175	1215	182076	0.03846153846153855
2022-07-12	1215	1215	1155	1175	83282	-0.03292181069958844
2022-07-13	1175	1190	1150	1180	116003	0.004255319148936065
2022-07-14	1170	1205	1150	1170	52800	-0.008474576271186418
