Date	Open	High	Low	Close	Volume	Change
2021-05-14	20000	20000	16750	16750	6256782	
2021-05-17	17200	17850	17000	17750	1961828	0.05970149253731338
2021-05-18	17750	18650	17550	18100	1554997	0.019718309859154903
2021-05-20	18550	19200	18150	18300	1479796	0.011049723756906049
2021-05-21	18250	18650	17500	17600	1087259	-0.03825136612021862
2021-05-24	17600	17750	16650	17100	479026	-0.02840909090909094
2021-05-25	17050	18250	17050	18050	900639	0.05555555555555558
2021-05-26	18350	18600	17750	17950	537850	-0.005540166204986097
2021-05-27	18100	18200	17500	18000	359560	0.0027855153203342198
2021-05-28	18200	19200	18150	18650	977044	0.036111111111111205
2021-05-31	18800	18950	18050	18150	377392	-0.02680965147453085
2021-06-01	18300	19250	18250	19150	935106	0.05509641873278226
2021-06-02	19000	19050	18350	18450	387832	-0.036553524804177506
2021-06-03	18450	18600	17900	18000	328054	-0.024390243902439046
2021-06-04	17950	18150	17750	18050	149164	0.002777777777777768
2021-06-07	18100	18150	17300	17600	281097	-0.024930747922437657
2021-06-08	17500	17800	17250	17400	126784	-0.011363636363636354
2021-06-09	17450	17500	17200	17300	110167	-0.005747126436781658
2021-06-10	17450	17600	17000	17050	195299	-0.014450867052023142
2021-06-11	17200	17200	16800	17000	269616	-0.0029325513196480912
2021-06-14	17000	17250	16900	17150	162312	0.008823529411764675
2021-06-15	17150	17150	16800	16900	221804	-0.014577259475218707
2021-06-16	16850	17000	16650	16750	280770	-0.00887573964497046
2021-06-17	16800	18050	16750	17850	739300	0.06567164179104479
2021-06-18	17950	18550	17900	18000	465921	0.008403361344537785
2021-06-21	17750	18400	17550	18000	302715	0.0
2021-06-22	18400	18400	17950	18100	210832	0.005555555555555536
2021-06-23	18800	18950	18450	18500	626371	0.022099447513812098
2021-06-24	18600	18650	17850	17900	275895	-0.032432432432432434
2021-06-25	18150	18350	17800	18200	213947	0.016759776536312776
2021-06-28	18300	18350	17850	18200	177692	0.0
2021-06-29	18150	18200	17900	18100	93796	-0.005494505494505475
2021-06-30	18150	18300	17950	18100	171660	0.0
2021-07-01	18150	18450	17750	18400	218032	0.016574585635359185
2021-07-02	18400	18400	18150	18300	138424	-0.005434782608695676
2021-07-05	18250	18450	18100	18300	122282	0.0
2021-07-06	18350	18350	18100	18300	117996	0.0
2021-07-07	18300	19100	18200	19000	680174	0.03825136612021862
2021-07-08	18850	19950	18800	19400	836422	0.021052631578947434
2021-07-09	19200	19350	18500	19350	359305	-0.002577319587628857
2021-07-12	19200	19750	18900	18950	220118	-0.02067183462532296
2021-07-13	19050	19900	19050	19150	383507	0.01055408970976246
2021-07-14	19250	19400	18850	19100	199887	-0.0026109660574412663
2021-07-15	19100	19250	18800	18950	149302	-0.007853403141361293
2021-07-16	18950	19300	18800	18950	117455	0.0
2021-07-19	18750	19300	18700	19200	167060	0.013192612137203241
2021-07-20	18900	19300	18850	19250	143622	0.0026041666666667407
2021-07-21	19600	21000	19250	20000	617271	0.03896103896103886
2021-07-22	20100	21000	19350	19500	730236	-0.025000000000000022
2021-07-23	19600	19800	19100	19300	200088	-0.01025641025641022
2021-07-26	19450	19750	18800	18850	359797	-0.023316062176165775
2021-07-27	18800	19100	18500	18800	182803	-0.0026525198938992522
2021-07-28	18850	19000	18600	18850	89757	0.0026595744680850686
2021-07-29	18700	19250	18700	19250	139237	0.021220159151193574
2021-07-30	19300	19300	18800	18900	118701	-0.018181818181818188
2021-08-02	19000	19100	18800	19000	67866	0.005291005291005346
2021-08-03	19000	19050	18250	18300	362221	-0.0368421052631579
2021-08-04	18400	18500	18100	18450	88457	0.008196721311475308
2021-08-05	18550	18650	18400	18450	88873	0.0
2021-08-06	18400	19000	18350	18900	118988	0.024390243902439046
2021-08-09	18900	19600	18650	19250	193925	0.0185185185185186
2021-08-10	19200	19300	18850	19000	97744	-0.012987012987012991
2021-08-11	19250	19250	18600	18650	86506	-0.018421052631578894
2021-08-12	18750	19200	18400	18650	120328	0.0
2021-08-13	18750	18900	18000	18450	130732	-0.01072386058981234
2021-08-17	18300	18500	16100	16650	672878	-0.09756097560975607
2021-08-18	16700	16800	16400	16450	268927	-0.012012012012011963
2021-08-19	16500	16600	15200	15300	410135	-0.06990881458966569
2021-08-20	15450	15700	14850	15450	283552	0.009803921568627416
2021-08-23	15800	15850	15300	15700	161923	0.016181229773462702
2021-08-24	15850	16700	15650	16550	220491	0.05414012738853513
2021-08-25	16650	16900	16250	16900	123072	0.02114803625377637
2021-08-26	17000	17300	16600	16900	127684	0.0
2021-08-27	16850	16900	16550	16600	81336	-0.017751479289940808
2021-08-30	16800	17100	16450	17100	84612	0.030120481927710774
2021-08-31	17100	17100	16800	17050	58259	-0.0029239766081871066
2021-09-01	17100	17150	16800	17000	59999	-0.0029325513196480912
2021-09-02	17100	17100	16850	17050	52204	0.002941176470588225
2021-09-03	17000	17200	16900	17200	69167	0.008797653958944274
2021-09-06	17350	17350	16850	17000	81425	-0.011627906976744207
2021-09-07	16900	17100	16800	16850	40403	-0.008823529411764675
2021-09-08	16800	16850	16300	16400	93755	-0.02670623145400597
2021-09-09	16400	16500	16150	16250	30950	-0.009146341463414642
2021-09-10	16250	16400	15900	16200	60162	-0.003076923076923088
2021-09-13	16200	16450	15800	16150	62945	-0.0030864197530864335
2021-09-14	16000	16250	15900	16000	77674	-0.009287925696594423
2021-09-15	15950	16400	15900	16300	64107	0.018750000000000044
2021-09-16	16300	16400	16100	16400	35644	0.006134969325153339
2021-09-17	16200	16600	16150	16550	37894	0.009146341463414531
2021-09-23	16450	16550	16100	16250	35451	-0.01812688821752262
2021-09-24	16250	16350	15900	16000	57126	-0.01538461538461533
2021-09-27	16000	16100	15450	16050	126904	0.0031250000000000444
2021-09-28	16000	16450	15700	16100	98421	0.0031152647975076775
2021-09-29	15750	16050	15350	15900	50683	-0.012422360248447228
2021-09-30	16000	16250	15800	15800	36033	-0.0062893081761006275
2021-10-01	15700	16100	15450	15950	50432	0.009493670886076
2021-10-05	15950	15950	15300	15500	49632	-0.028213166144200663
2021-10-06	15600	15700	14700	14800	79682	-0.04516129032258065
2021-10-07	15000	15300	14750	15000	63921	0.013513513513513598
2021-10-08	15000	15150	14350	14550	155874	-0.030000000000000027
2021-10-12	14450	14550	13750	13800	165581	-0.05154639175257736
2021-10-13	13950	14200	13750	13900	107888	0.007246376811594235
2021-10-14	14000	14650	13900	14600	77668	0.050359712230215736
2021-10-15	14850	15400	14700	15050	111791	0.03082191780821919
2021-10-18	15100	15100	14550	14800	67980	-0.01661129568106312
2021-10-19	14750	15100	14600	15000	59231	0.013513513513513598
2021-10-20	15000	15000	14400	14550	82332	-0.030000000000000027
2021-10-21	14500	14800	14450	14650	34574	0.0068728522336769515
2021-10-22	14650	14850	14600	14650	33385	0.0
2021-10-25	14500	14800	14500	14600	38668	-0.0034129692832765013
2021-10-26	14600	15000	14600	15000	47968	0.027397260273972712
2021-10-27	15050	15050	14800	14800	24117	-0.013333333333333308
2021-10-28	14950	15300	14800	15100	53823	0.020270270270270174
2021-10-29	15050	15100	14700	14750	59085	-0.023178807947019875
2021-11-01	14800	15150	14800	15050	29794	0.02033898305084736
2021-11-02	15150	15200	14900	14950	35198	-0.006644518272425293
2021-11-03	15000	15050	14800	14850	23582	-0.006688963210702337
2021-11-04	14900	15150	14600	14900	43386	0.0033670033670034627
2021-11-05	14800	14900	14650	14650	36360	-0.016778523489932917
2021-11-08	14750	14750	14450	14700	26429	0.0034129692832765013
2021-11-09	14700	15000	14700	14850	23787	0.010204081632652962
2021-11-10	14850	14950	14500	14600	34341	-0.01683501683501687
2021-11-11	14500	14750	14350	14450	36567	-0.010273972602739767
2021-11-12	14500	15100	14250	14750	46635	0.02076124567474058
2021-11-15	14750	15050	14700	15000	53400	0.016949152542372836
2021-11-16	14600	14850	14500	14700	75285	-0.020000000000000018
2021-11-17	14700	15300	14650	15050	70910	0.023809523809523725
2021-11-18	15100	15250	14800	15050	51674	0.0
2021-11-19	15000	15350	14950	15300	51139	0.01661129568106312
2021-11-22	15500	15500	14950	15100	50249	-0.013071895424836555
2021-11-23	15100	15400	15000	15100	43392	0.0
2021-11-24	15050	15250	15000	15200	35951	0.0066225165562914245
2021-11-25	15100	15550	15100	15350	52324	0.009868421052631637
2021-11-26	15300	15400	14900	15000	48549	-0.0228013029315961
2021-11-29	14700	15000	14500	14700	46409	-0.020000000000000018
2021-11-30	14700	15000	13750	14000	89654	-0.04761904761904767
2021-12-01	14200	14650	13350	14600	44048	0.04285714285714293
2021-12-02	14450	14700	14200	14700	15123	0.006849315068493178
2021-12-03	14750	14900	14550	14800	22510	0.006802721088435382
2021-12-06	14600	14900	14500	14800	15717	0.0
2021-12-07	14700	14900	14350	14450	43386	-0.023648648648648685
2021-12-08	14600	14600	14000	14050	77353	-0.02768166089965396
2021-12-09	13900	14250	13900	14100	23965	0.003558718861210064
2021-12-10	14200	14250	14000	14150	30993	0.0035460992907800915
2021-12-13	14250	14400	14000	14100	44996	-0.0035335689045936647
2021-12-14	13950	14250	13950	14150	26164	0.0035460992907800915
2021-12-15	14200	14700	14000	14550	51571	0.028268551236749095
2021-12-16	14550	14650	14050	14150	53696	-0.027491408934707917
2021-12-17	14100	14300	13900	13900	49452	-0.017667844522968212
2021-12-20	13900	14000	13550	13650	40459	-0.017985611510791366
2021-12-21	13600	13800	13550	13650	27751	0.0
2021-12-22	13750	13850	13400	13450	44322	-0.0146520146520146
2021-12-23	13650	13700	13300	13350	87574	-0.0074349442379182396
2021-12-24	13450	13500	13250	13400	100793	0.0037453183520599342
2021-12-27	13400	13400	13250	13300	46834	-0.007462686567164201
2021-12-28	13350	13400	13200	13300	77779	0.0
2021-12-29	13250	13850	13250	13800	108139	0.03759398496240607
2021-12-30	13650	13850	13550	13600	60966	-0.01449275362318836
2022-01-03	13600	13850	13350	13450	40126	-0.011029411764705843
2022-01-04	13450	13450	13200	13350	41449	-0.0074349442379182396
2022-01-05	13300	13300	12900	13100	58886	-0.01872659176029967
2022-01-06	12900	13250	12900	12900	44188	-0.01526717557251911
2022-01-07	12900	13100	12850	12900	52366	0.0
2022-01-10	12900	13000	12600	12600	45291	-0.023255813953488413
2022-01-11	12650	12800	12400	12750	42822	0.011904761904761862
2022-01-12	12850	12950	12650	12650	36527	-0.007843137254901933
2022-01-13	12650	12700	12350	12450	33510	-0.015810276679841917
2022-01-14	12300	12450	11700	11800	130501	-0.052208835341365445
2022-01-17	11800	11850	11400	11500	56462	-0.025423728813559365
2022-01-18	11600	11600	11000	11100	78810	-0.034782608695652195
2022-01-19	11000	11200	10750	11200	62024	0.009009009009008917
2022-01-20	11200	11650	11050	11650	26481	0.0401785714285714
2022-01-21	11650	11750	11400	11650	20805	0.0
2022-01-24	11550	11550	11000	11050	31613	-0.05150214592274682
2022-01-25	11100	11150	10650	10800	29344	-0.022624434389140302
2022-01-26	10800	11350	10750	10850	49889	0.004629629629629539
2022-01-27	11050	11200	10600	10600	52929	-0.02304147465437789
2022-01-28	10650	11150	10600	11050	29762	0.04245283018867929
2022-02-03	11100	11550	11100	11300	68986	0.02262443438914019
2022-02-04	11150	11650	11150	11500	24355	0.017699115044247815
2022-02-07	11700	12350	11500	12000	109866	0.04347826086956519
2022-02-08	12000	12100	11600	12000	16215	0.0
2022-02-09	12000	12050	11800	11950	18741	-0.004166666666666652
2022-02-10	12050	12050	11700	11900	14998	-0.004184100418409997
2022-02-11	11900	11950	11450	11500	31633	-0.03361344537815125
2022-02-14	11400	11450	11100	11200	23782	-0.02608695652173909
2022-02-15	11050	11450	11000	11050	15130	-0.013392857142857095
2022-02-16	11250	11700	11200	11450	31226	0.03619909502262453
2022-02-17	11650	13050	11600	11950	403968	0.04366812227074246
2022-02-18	11950	12800	11850	12450	170353	0.04184100418410042
2022-02-21	12600	13450	12350	13150	160851	0.05622489959839361
2022-02-22	12900	13200	12550	13150	83195	0.0
2022-02-23	12950	13150	12450	12550	88116	-0.04562737642585546
2022-02-24	12350	12550	11950	12250	57604	-0.0239043824701195
2022-02-25	12300	12550	12200	12500	27733	0.020408163265306145
2022-02-28	12250	12650	12200	12400	24873	-0.008000000000000007
2022-03-02	12200	12650	12150	12550	23056	0.012096774193548487
2022-03-03	12550	12900	12450	12850	32282	0.0239043824701195
2022-03-04	12850	12900	12550	12800	6933	-0.0038910505836575737
2022-03-07	12700	12750	12250	12300	19821	-0.0390625
2022-03-08	12200	12650	12100	12450	40180	0.012195121951219523
2022-03-10	12400	12600	12300	12400	13901	-0.004016064257028162
2022-03-11	12450	12700	12300	12350	13287	-0.0040322580645161255
2022-03-14	12250	12400	11850	11900	38103	-0.036437246963562764
2022-03-15	11950	12100	11700	11950	27481	0.004201680672268893
2022-03-16	12000	12100	11900	12050	19194	0.008368200836819994
2022-03-17	12100	12200	11850	11950	135635	-0.008298755186721962
2022-03-18	11950	12050	11800	11900	40935	-0.004184100418409997
2022-03-21	11900	12000	11800	11900	17738	0.0
2022-03-22	11900	12100	11850	12050	24220	0.012605042016806678
2022-03-23	12200	14250	12100	12600	1431522	0.045643153526971014
2022-03-24	12600	12900	12450	12800	154332	0.015873015873015817
2022-03-25	12800	12900	12550	12700	83265	-0.0078125
2022-03-28	13050	13150	12800	13050	106681	0.027559055118110187
2022-03-29	13050	13050	12750	12900	70591	-0.011494252873563204
2022-03-30	12850	13000	12600	12700	67575	-0.015503875968992276
2022-03-31	12700	12950	12600	12950	55905	0.019685039370078705
2022-04-01	12950	13200	12650	13000	57259	0.0038610038610038533
2022-04-04	13150	13400	12900	13350	73296	0.026923076923076827
2022-04-05	13600	14000	13450	13850	262713	0.03745318352059934
2022-04-06	13800	14100	13650	13850	151136	0.0
2022-04-07	13900	14000	13600	13900	106172	0.0036101083032491488
2022-04-08	13950	14500	13550	14150	221761	0.017985611510791477
2022-04-11	14100	14100	13450	13600	110124	-0.03886925795053009
2022-04-12	13500	14250	13300	14100	74281	0.03676470588235303
2022-04-13	14050	15150	13950	14800	367246	0.049645390070921946
2022-04-14	14700	14950	14400	14600	97386	-0.013513513513513487
2022-04-15	14600	14900	14450	14750	50983	0.010273972602739656
2022-04-18	14800	14850	14100	14100	73249	-0.04406779661016946
2022-04-19	14100	14500	13900	14400	78889	0.02127659574468077
2022-04-20	14250	14400	14050	14100	19870	-0.02083333333333337
2022-04-21	14150	14300	13850	13850	24102	-0.01773049645390068
2022-04-22	13800	14100	13500	13900	57948	0.0036101083032491488
2022-04-25	13750	13750	13300	13550	52539	-0.025179856115107868
2022-04-26	13450	13650	12800	13300	260181	-0.01845018450184499
2022-04-27	12900	13550	12750	13400	72991	0.007518796992481258
2022-04-28	13400	13600	13250	13400	46612	0.0
2022-04-29	13400	13550	13200	13300	28924	-0.007462686567164201
2022-05-02	13150	13200	12900	13150	35781	-0.011278195488721776
2022-05-03	13200	13200	12900	13150	37652	0.0
2022-05-04	13100	13400	12900	13150	63599	0.0
2022-05-06	13150	13150	12750	12850	25680	-0.02281368821292773
2022-05-09	12750	13200	12300	12450	124952	-0.0311284046692607
2022-05-10	12100	12200	11550	11850	59811	-0.048192771084337394
2022-05-11	12050	12150	11600	11900	38271	0.00421940928270037
2022-05-12	11650	11900	11050	11200	87712	-0.05882352941176472
2022-05-13	11300	11900	11300	11550	89012	0.03125
2022-05-16	11750	12200	11400	11800	85263	0.02164502164502169
2022-05-17	11800	13900	11400	11550	664867	-0.021186440677966156
2022-05-18	11650	11750	11250	11500	83192	-0.0043290043290042934
2022-05-19	11200	12400	11150	11350	509376	-0.013043478260869601
2022-05-20	11450	11650	11350	11400	64314	0.004405286343612369
2022-05-23	11600	12200	11450	11450	223898	0.004385964912280604
2022-05-24	11500	11550	11100	11250	80473	-0.017467248908296984
2022-05-25	11300	11300	11050	11250	70845	0.0
2022-05-26	11250	11300	10950	11000	53628	-0.022222222222222254
2022-05-27	11050	11250	11000	11200	33592	0.018181818181818077
2022-05-30	11200	11450	11100	11300	58572	0.008928571428571397
2022-05-31	11350	11350	11100	11300	54176	0.0
2022-06-02	11250	11250	11000	11100	46586	-0.017699115044247815
2022-06-03	11150	11300	11050	11150	56662	0.0045045045045044585
2022-06-07	11150	11150	10800	10900	57833	-0.022421524663677084
2022-06-08	10900	11000	10700	10850	30642	-0.004587155963302725
2022-06-09	10850	10850	10600	10700	31758	-0.01382488479262678
2022-06-10	10700	10750	10400	10500	48590	-0.01869158878504673
2022-06-13	10250	10350	9980	9980	72593	-0.049523809523809526
2022-06-14	9700	9970	9490	9620	65020	-0.03607214428857719
2022-06-15	9730	9730	9230	9230	55137	-0.04054054054054057
2022-06-16	9320	9520	9120	9470	89400	0.026002166847237218
2022-06-17	9120	9400	9070	9400	38558	-0.007391763463569179
2022-06-20	9340	10050	9340	9490	75636	0.009574468085106425
2022-06-21	9440	9790	9440	9730	40078	0.025289778714436162
2022-06-22	9680	9940	9590	9630	35857	-0.010277492291880796
2022-06-23	9570	9660	9110	9110	45893	-0.05399792315680163
2022-06-24	9110	9570	9110	9500	42391	0.04281009879253572
2022-06-27	9510	9770	9510	9730	30571	0.02421052631578946
2022-06-28	9650	9850	9460	9500	32349	-0.023638232271325776
2022-06-29	9460	9780	9400	9680	22133	0.0189473684210526
2022-06-30	9720	9720	9470	9520	21836	-0.016528925619834656
2022-07-01	9460	9600	8810	9220	50048	-0.031512605042016806
2022-07-04	9170	9710	8800	8950	120215	-0.029284164859002204
2022-07-05	8870	9290	8870	9270	17360	0.03575418994413404
2022-07-06	9330	9510	9110	9290	29844	0.0021574973031284195
2022-07-07	9260	10100	9260	9800	141533	0.054897739504844
2022-07-08	9750	9940	9610	9610	50342	-0.019387755102040827
2022-07-11	9790	9920	9590	9880	28284	0.02809573361082207
2022-07-12	9880	10500	9750	10400	106940	0.05263157894736836
2022-07-13	10400	10450	10150	10350	36311	-0.004807692307692291
2022-07-14	10300	10550	10150	10500	29679	0.01449275362318847
