Date	Open	High	Low	Close	Volume	Change
2021-11-22	42800	55600	38800	38950	3869396	
2021-11-23	41400	48800	36800	40900	4347665	0.05006418485237485
2021-11-24	40050	44200	39050	40450	871805	-0.011002444987775029
2021-11-25	41100	42950	39950	40750	365048	0.007416563658838138
2021-11-26	40500	40500	36600	36900	293514	-0.09447852760736197
2021-11-29	34600	34700	32250	32350	228206	-0.12330623306233057
2021-11-30	32900	34900	29900	30150	218978	-0.06800618238021638
2021-12-01	30150	31250	29000	30100	101988	-0.0016583747927031434
2021-12-02	29400	30650	29400	29950	69825	-0.004983388704318914
2021-12-03	30550	32500	30300	32100	192947	0.07178631051752915
2021-12-06	31650	31650	30400	30650	59801	-0.04517133956386288
2021-12-07	30600	31450	30300	31200	78094	0.01794453507340954
2021-12-08	31500	34500	31300	32800	320821	0.05128205128205132
2021-12-09	32800	33400	32050	32850	66317	0.0015243902439023849
2021-12-10	33000	33200	31800	32050	62085	-0.0243531202435312
2021-12-13	31800	32400	30700	31000	58595	-0.032761310452418146
2021-12-14	30700	30800	29800	30000	55289	-0.032258064516129004
2021-12-15	30000	30000	29050	29150	42284	-0.02833333333333332
2021-12-16	29350	29550	28650	28700	44976	-0.015437392795883409
2021-12-17	28300	29000	27950	27950	33267	-0.026132404181184676
2021-12-20	27950	27950	26250	26350	72539	-0.057245080500894496
2021-12-21	26100	27450	25500	27400	83806	0.03984819734345346
2021-12-22	26800	28650	26500	27950	123853	0.02007299270072993
2021-12-23	28000	29000	27500	27500	55028	-0.01610017889087656
2021-12-24	27600	27600	26550	26950	55658	-0.020000000000000018
2021-12-27	27050	27050	26000	26000	48028	-0.03525046382189234
2021-12-28	26550	27250	25400	26500	264378	0.019230769230769162
2021-12-29	26750	27200	26400	27200	32743	0.026415094339622636
2021-12-30	27250	28150	26900	27200	46197	0.0
2022-01-03	27200	28550	27200	28350	46341	0.04227941176470584
2022-01-04	28600	29000	27950	29000	51732	0.022927689594356204
2022-01-05	29100	29300	27500	27500	42822	-0.051724137931034475
2022-01-06	27150	27500	26300	27300	37854	-0.0072727272727273196
2022-01-07	27350	28400	25950	26550	77936	-0.027472527472527486
2022-01-10	26450	26450	25150	25200	43904	-0.05084745762711862
2022-01-11	25250	25500	24500	24550	28786	-0.025793650793650813
2022-01-12	24400	24950	24400	24550	24274	0.0
2022-01-13	24600	24900	23800	24000	35832	-0.022403258655804503
2022-01-14	23750	23750	22800	22950	36943	-0.043749999999999956
2022-01-17	23200	23200	22600	22900	21512	-0.002178649237472796
2022-01-18	22900	24300	22250	24100	49619	0.05240174672489073
2022-01-19	23800	28100	23750	24500	293357	0.016597510373443924
2022-01-20	24350	25550	23950	25000	51658	0.020408163265306145
2022-01-21	25000	25200	23900	23900	24399	-0.04400000000000004
2022-01-24	24100	24100	23000	23300	34125	-0.025104602510460206
2022-01-25	23150	23500	22250	22250	35392	-0.045064377682403456
2022-01-26	22000	22350	21400	21600	56557	-0.02921348314606742
2022-01-27	21950	22100	19800	19850	63378	-0.08101851851851849
2022-01-28	19850	20550	19350	20400	28351	0.027707808564231717
2022-02-03	20900	21100	20450	20800	18125	0.019607843137254832
2022-02-04	20800	21600	20300	21400	21012	0.028846153846153744
2022-02-07	21300	21600	20850	21200	17624	-0.009345794392523366
2022-02-08	21200	22100	20650	21200	25566	0.0
2022-02-09	21200	21400	21000	21400	14662	0.009433962264151052
2022-02-10	21450	21500	20500	21000	27325	-0.01869158878504673
2022-02-11	20800	20800	19800	20050	23263	-0.04523809523809519
2022-02-14	19350	19700	18700	18750	42358	-0.06483790523690769
2022-02-15	18750	19000	17250	17900	20916	-0.04533333333333334
2022-02-16	18300	19000	18100	18950	25088	0.05865921787709505
2022-02-17	18950	20150	18700	19000	30059	0.0026385224274405594
2022-02-18	18600	19400	18250	19300	14291	0.015789473684210575
2022-02-21	19600	19800	18750	19700	17559	0.020725388601036343
2022-02-22	18900	19300	18000	18650	117042	-0.053299492385786795
2022-02-23	18700	21200	18400	19050	150497	0.02144772117962468
2022-02-24	19000	19100	17750	17950	50074	-0.05774278215223094
2022-02-25	18350	18700	17800	18500	38653	0.03064066852367686
2022-02-28	18500	19450	18300	18950	29227	0.024324324324324298
2022-03-02	18800	19300	18300	19100	27990	0.0079155672823219
2022-03-03	19200	19250	18950	19150	19194	0.002617801047120505
2022-03-04	19150	19950	18500	19350	43517	0.010443864229765065
2022-03-07	18800	19150	18300	18500	38931	-0.043927648578811374
2022-03-08	18350	18700	17500	18100	29717	-0.021621621621621623
2022-03-10	18350	19100	17750	19100	37855	0.05524861878453047
2022-03-11	18900	20050	18500	19650	59750	0.028795811518324665
2022-03-14	19600	20800	19100	20250	96094	0.03053435114503822
2022-03-15	20250	21300	19850	21000	94419	0.03703703703703698
2022-03-16	21000	21850	20350	21350	93402	0.016666666666666607
2022-03-17	21250	21400	20700	20750	74635	-0.02810304449648715
2022-03-18	20600	20850	20150	20700	59809	-0.002409638554216831
2022-03-21	20500	21750	20250	21200	146754	0.024154589371980784
2022-03-22	21400	21500	20700	21200	38374	0.0
2022-03-23	21450	21450	20750	20800	49149	-0.018867924528301883
2022-03-24	20800	21300	20400	21000	36186	0.009615384615384581
2022-03-25	21000	21150	20750	21050	32157	0.0023809523809523725
2022-03-28	21050	21050	20550	20750	32084	-0.014251781472684133
2022-03-29	20500	20900	20450	20650	32523	-0.004819277108433773
2022-03-30	20750	21450	20350	21350	67489	0.03389830508474567
2022-03-31	21200	24600	21000	23300	412642	0.09133489461358324
2022-04-01	23850	26350	23700	25150	582775	0.07939914163090123
2022-04-04	25750	25800	24700	24950	129433	-0.007952286282306154
2022-04-05	24950	24950	23700	24000	162172	-0.038076152304609256
2022-04-06	23600	23750	22850	23550	104149	-0.018750000000000044
2022-04-07	23400	23400	22500	23150	109825	-0.01698513800424628
2022-04-08	23050	24850	22750	24750	235898	0.06911447084233258
2022-04-11	24900	24900	23400	23550	135196	-0.048484848484848464
2022-04-12	23100	23300	22150	22550	102789	-0.0424628450106157
2022-04-13	22550	22600	21700	22450	83676	-0.0044345898004434225
2022-04-14	22500	22500	21750	21900	85606	-0.024498886414253906
2022-04-15	21850	21850	21000	21700	72806	-0.0091324200913242
2022-04-18	21500	22350	21050	21700	71043	0.0
2022-04-19	21650	21800	21100	21500	58178	-0.009216589861751112
2022-04-20	21500	21700	21200	21550	54004	0.0023255813953488857
2022-04-21	21500	21500	20900	21050	108665	-0.023201856148491906
2022-04-22	20700	21000	20000	20000	124581	-0.049881235154394354
2022-04-25	19550	19700	18900	19100	99088	-0.04500000000000004
2022-04-26	19300	19600	18850	19350	59751	0.01308900523560208
2022-04-27	18700	19250	18150	19200	66012	-0.007751937984496138
2022-04-28	19200	19200	18550	18700	54912	-0.02604166666666663
2022-04-29	18750	19150	18500	18750	65930	0.002673796791443861
2022-05-02	18300	18850	18050	18750	51938	0.0
2022-05-03	18700	20150	18600	19600	143176	0.045333333333333226
2022-05-04	19850	19950	19150	19450	71602	-0.007653061224489832
2022-05-06	19350	19700	18600	18700	62558	-0.03856041131105403
2022-05-09	18550	18550	17500	17550	70437	-0.06149732620320858
2022-05-10	17000	17550	16650	17350	70398	-0.01139601139601143
2022-05-11	17350	18150	17250	17750	40297	0.023054755043227626
2022-05-12	17300	17600	16700	17150	54764	-0.033802816901408406
2022-05-13	17150	17600	17050	17450	37506	0.017492711370262315
2022-05-16	17550	17950	17150	17200	37506	-0.014326647564469885
2022-05-17	17200	17450	17100	17200	23936	0.0
2022-05-18	17500	18300	17500	18000	61424	0.04651162790697683
2022-05-19	17600	17600	17200	17450	44109	-0.030555555555555558
2022-05-20	17400	18000	17350	17750	33966	0.017191977077363862
2022-05-23	17750	18500	17450	17600	89479	-0.008450704225352101
2022-05-24	17500	17500	16850	16850	78313	-0.042613636363636354
2022-05-25	16850	16900	16400	16600	87158	-0.014836795252225476
2022-05-26	16650	17000	16400	16650	44834	0.003012048192771122
2022-05-27	16950	17500	16750	16800	61593	0.009009009009008917
2022-05-30	17050	17400	16900	17250	44338	0.02678571428571419
2022-05-31	17250	17500	17150	17400	29515	0.008695652173912993
2022-06-02	17200	17400	17000	17100	31318	-0.017241379310344862
2022-06-03	17200	17350	17050	17350	23897	0.014619883040935644
2022-06-07	17850	17900	17150	17300	69699	-0.0028818443804035088
2022-06-08	17300	17400	17000	17200	31694	-0.005780346820809301
2022-06-09	17100	17200	16850	17150	43321	-0.0029069767441860517
2022-06-10	16950	17750	16850	17750	63761	0.03498542274052485
2022-06-13	17400	19100	17050	18200	355524	0.025352112676056304
2022-06-14	17600	18900	17150	17700	252136	-0.027472527472527486
2022-06-15	17800	19500	17800	18250	693373	0.031073446327683607
2022-06-16	19100	19400	18300	19050	523617	0.043835616438356206
2022-06-17	18450	18500	17550	17650	243407	-0.07349081364829402
2022-06-20	17650	17650	14500	14500	304170	-0.17847025495750712
2022-06-21	14750	14800	13850	14150	137748	-0.024137931034482807
2022-06-22	14200	14300	12850	12900	124918	-0.08833922261484095
2022-06-23	12950	13750	12600	12950	126184	0.003875968992248069
2022-06-24	12850	13600	12850	13500	74378	0.042471042471042386
2022-06-27	13700	14150	13300	13800	76839	0.022222222222222143
2022-06-28	13900	13900	13350	13500	59716	-0.021739130434782594
2022-06-29	13300	13350	12850	13000	239298	-0.03703703703703709
2022-06-30	13200	14400	13100	13700	363159	0.05384615384615388
2022-07-01	13700	13900	12750	13100	159307	-0.04379562043795615
2022-07-04	13300	13350	12500	12650	85011	-0.03435114503816794
2022-07-05	12750	13450	12700	13250	98351	0.04743083003952564
2022-07-06	13200	17200	13200	17200	1268435	0.29811320754716975
2022-07-07	17750	18300	16800	17700	1352113	0.029069767441860517
2022-07-08	17950	18500	17350	17950	669615	0.01412429378531077
2022-07-11	18100	20550	17750	18250	1593715	0.01671309192200554
2022-07-12	17750	17950	16400	16500	550908	-0.09589041095890416
2022-07-13	16350	17300	16250	16550	335944	0.003030303030302939
2022-07-14	16550	18400	16550	18100	586289	0.09365558912386707
