Date	Open	High	Low	Close	Volume	Change
2022-02-24	17400	19500	15000	15350	6615462	
2022-02-25	14950	16400	14050	14050	1328748	-0.08469055374592838
2022-02-28	13900	14200	13100	13200	604019	-0.06049822064056942
2022-03-02	13200	14150	13000	13200	582140	0.0
2022-03-03	13350	13450	13150	13350	441430	0.011363636363636465
2022-03-04	14900	15450	13550	13550	1993107	0.014981273408239737
2022-03-07	13250	13300	12750	12750	275888	-0.059040590405904037
2022-03-08	12450	13000	12100	12250	286257	-0.039215686274509776
2022-03-10	12500	12600	12100	12150	165345	-0.008163265306122436
2022-03-11	12050	12100	11600	11700	163200	-0.03703703703703709
2022-03-14	11650	11950	11050	11150	162386	-0.047008547008547064
2022-03-15	11100	11250	10750	10900	116102	-0.022421524663677084
2022-03-16	11050	11500	10950	11150	292920	0.022935779816513735
2022-03-17	11350	11450	11200	11250	96159	0.008968609865470878
2022-03-18	11350	11750	11150	11500	164406	0.022222222222222143
2022-03-21	11650	11650	11200	11200	103921	-0.02608695652173909
2022-03-22	11250	11450	11250	11350	65759	0.013392857142857206
2022-03-23	11400	11500	11200	11200	77610	-0.013215859030836996
2022-03-24	11200	11450	11050	11400	125343	0.017857142857142794
2022-03-25	11500	12200	11450	12150	600853	0.06578947368421062
2022-03-28	12050	12400	11950	12350	156985	0.016460905349794164
2022-03-29	12250	12350	12050	12300	101906	-0.004048582995951455
2022-03-30	12200	14200	12150	13100	1469322	0.06504065040650397
2022-03-31	13100	13900	13100	13700	315377	0.04580152671755733
2022-04-01	13500	14400	13350	13900	248654	0.014598540145985384
2022-04-04	13900	14300	13800	13950	94199	0.003597122302158251
2022-04-05	13800	14700	13700	14400	179725	0.032258064516129004
2022-04-06	14300	14700	13900	14400	101840	0.0
2022-04-07	14300	14600	14000	14300	97588	-0.00694444444444442
2022-04-08	14250	14700	13700	13850	74033	-0.03146853146853146
2022-04-11	13600	14100	13600	13800	95217	-0.0036101083032491488
2022-04-12	13550	14000	13250	13450	51621	-0.025362318840579712
2022-04-13	13350	13800	13350	13500	27708	0.0037174721189590088
2022-04-14	13550	14000	13050	13950	43839	0.03333333333333344
2022-04-15	14200	14400	13600	13700	93150	-0.017921146953404965
2022-04-18	13650	14100	13400	13650	51074	-0.0036496350364964014
2022-04-19	14000	14900	13600	13700	190351	0.00366300366300365
2022-04-20	14150	15800	14000	15600	1137578	0.13868613138686126
2022-04-21	15650	15650	14750	14950	392776	-0.04166666666666663
2022-04-22	14650	15250	14500	15200	177745	0.01672240802675584
2022-04-25	14800	15000	14150	14400	182929	-0.052631578947368474
2022-04-26	14400	14700	14150	14400	74044	0.0
2022-04-27	13800	14000	13350	13700	94774	-0.04861111111111116
2022-04-28	14000	14050	13450	13500	43291	-0.014598540145985384
2022-04-29	13500	13850	13350	13800	47094	0.022222222222222143
2022-05-02	13650	14400	13400	14250	87148	0.032608695652173836
2022-05-03	14250	14850	14100	14250	145214	0.0
2022-05-04	14400	14400	13750	13950	58901	-0.021052631578947323
2022-05-06	13550	14100	13550	14100	39261	0.010752688172043001
2022-05-09	14200	14500	13650	13650	76581	-0.03191489361702127
2022-05-10	13100	13900	13100	13700	23703	0.00366300366300365
2022-05-11	13600	13950	13300	13400	27550	-0.021897810218978075
2022-05-12	13050	13400	12500	12500	36141	-0.06716417910447758
2022-05-13	12500	13200	12500	13000	23155	0.040000000000000036
2022-05-16	13300	13400	12700	13100	17079	0.007692307692307665
2022-05-17	13100	13200	12700	12950	26062	-0.011450381679389277
2022-05-18	13000	13350	12950	13100	18660	0.01158301158301156
2022-05-19	12750	13250	12500	12700	70974	-0.03053435114503822
2022-05-20	12800	12800	12300	12500	95199	-0.015748031496062964
2022-05-23	12650	12650	12000	12550	52848	0.0040000000000000036
2022-05-24	12600	12600	11700	11800	109046	-0.05976095617529875
2022-05-25	12000	12750	11600	12550	61012	0.06355932203389836
2022-05-26	12550	12700	12100	12300	35331	-0.019920318725099584
2022-05-27	12350	12400	11900	12000	51319	-0.024390243902439046
2022-05-30	12100	12250	11800	11950	60734	-0.004166666666666652
2022-05-31	11600	11750	10950	11250	258984	-0.05857740585774063
2022-06-02	11250	11250	11000	11050	51743	-0.01777777777777778
2022-06-03	11100	11300	11000	11100	55939	0.004524886877828038
2022-06-07	11150	11150	10700	10750	50185	-0.03153153153153154
2022-06-08	10900	10900	10400	10500	62625	-0.023255813953488413
2022-06-09	10550	10550	10100	10300	42982	-0.01904761904761909
2022-06-10	10150	10500	9970	9980	104263	-0.031067961165048508
2022-06-13	9820	9820	9300	9370	103539	-0.06112224448897796
2022-06-14	9180	9990	9080	9710	95426	0.036286019210245435
2022-06-15	9780	12550	9780	10900	3423792	0.12255406797116364
2022-06-16	10800	11850	10550	11200	726180	0.02752293577981657
2022-06-17	10600	11850	10400	11200	503828	0.0
2022-06-20	11500	11650	10600	11450	207477	0.022321428571428603
2022-06-21	11450	12400	10850	12250	591881	0.06986899563318771
2022-06-22	12100	12250	11500	11500	210076	-0.061224489795918324
2022-06-23	11350	14100	11000	11500	2096012	0.0
2022-06-24	11200	12550	11150	12100	510053	0.05217391304347818
2022-06-27	12400	12800	11900	11900	363208	-0.016528925619834656
2022-06-28	11950	12950	11900	12750	607998	0.0714285714285714
2022-06-29	12350	12600	12150	12400	236871	-0.027450980392156876
2022-06-30	12400	12750	11200	12000	348736	-0.032258064516129004
2022-07-01	12000	12300	11350	11350	120138	-0.054166666666666696
2022-07-04	11400	11700	10200	10250	195852	-0.09691629955947134
2022-07-05	10350	11950	10350	11600	504534	0.13170731707317063
2022-07-06	11800	13800	11650	12950	1498907	0.11637931034482762
2022-07-07	13150	13300	12650	13050	444297	0.007722007722007707
2022-07-08	13150	13200	12350	12600	271849	-0.03448275862068961
2022-07-11	12750	13800	12550	13150	563472	0.04365079365079372
2022-07-12	12750	12850	12000	12100	231814	-0.07984790874524716
2022-07-13	11950	12450	11050	11950	296740	-0.012396694214875992
2022-07-14	11650	12600	11050	11300	340909	-0.05439330543933052
