Date	Open	High	Low	Close	Volume	Change
2021-02-04	1905	1914	1905	1915	1225252	
2021-02-05	1914	1924	1914	1919	84961	0.002088772845953102
2021-02-08	1919	1919	1914	1915	47331	-0.0020844189682126535
2021-02-09	1914	1919	1914	1915	84042	0.0
2021-02-10	1914	1928	1914	1919	86720	0.002088772845953102
2021-02-15	1919	1924	1914	1919	130730	0.0
2021-02-16	1914	1928	1914	1924	27766	0.002605523710265789
2021-02-17	1924	1928	1914	1924	32736	0.0
2021-02-18	1928	1928	1919	1924	60451	0.0
2021-02-19	1924	1924	1919	1924	11007	0.0
2021-02-22	1924	1928	1924	1924	14082	0.0
2021-02-23	1924	1928	1919	1924	12526	0.0
2021-02-24	1924	1928	1919	1919	48735	-0.0025987525987526405
2021-02-25	1924	1928	1914	1924	4855	0.002605523710265789
2021-02-26	1924	1924	1919	1919	20669	-0.0025987525987526405
2021-03-02	1919	1928	1919	1924	74597	0.002605523710265789
2021-03-03	1924	1924	1919	1924	7017	0.0
2021-03-04	1924	1928	1919	1929	8915	0.0025987525987525295
2021-03-05	1928	1928	1914	1929	11558	0.0
2021-03-08	1924	1928	1919	1924	6865	-0.0025920165889061764
2021-03-09	1919	1924	1914	1919	7382	-0.0025987525987526405
2021-03-10	1919	1924	1914	1924	2087	0.002605523710265789
2021-03-11	1924	1933	1924	1934	4505	0.005197505197505281
2021-03-12	1928	1933	1919	1924	3989	-0.005170630816959676
2021-03-15	1924	1924	1919	1924	2540	0.0
2021-03-16	1924	1924	1919	1924	5461	0.0
2021-03-17	1919	1928	1919	1929	9253	0.0025987525987525295
2021-03-18	1924	1928	1924	1929	136	0.0
2021-03-19	1928	1928	1924	1924	15035	-0.0025920165889061764
2021-03-22	1919	1938	1919	1938	8036	0.007276507276507305
2021-03-23	1919	1942	1919	1943	24234	0.0025799793601650745
2021-03-24	1947	1947	1924	1938	127	-0.00257334019557387
2021-03-25	1938	1938	1924	1924	430	-0.007223942208462342
2021-03-26	1928	1928	1924	1924	2364	0.0
2021-03-29	1924	1928	1924	1924	9015	0.0
2021-03-30	1938	1938	1924	1929	6484	0.0025987525987525295
2021-03-31	1938	1938	1909	1924	114468	-0.0025920165889061764
2021-04-01	1928	1942	1924	1943	29862	0.009875259875259834
2021-04-02	1938	1942	1938	1943	9307	0.0
2021-04-05	1942	1942	1933	1943	11756	0.0
2021-04-06	1942	1961	1942	1957	3674	0.0072053525476067914
2021-04-07	1957	1961	1952	1952	17856	-0.0025549310168625494
2021-04-08	1947	1961	1947	1962	7513	0.0051229508196721785
2021-04-09	1961	1975	1961	1962	17079	0.0
2021-04-12	1975	1975	1966	1967	64330	0.0025484199796126372
2021-04-13	1966	1980	1938	1962	46875	-0.002541942043721379
2021-04-14	1942	1980	1942	1981	12805	0.00968399592252811
2021-04-15	1980	1980	1947	1971	2708	-0.00504795557799087
2021-04-16	1971	1990	1966	1967	1192	-0.0020294266869609334
2021-04-19	1980	1980	1961	1981	1991	0.007117437722419906
2021-04-20	1961	1980	1961	1981	1115	0.0
2021-04-21	1980	1980	1961	1962	165	-0.009591115598182709
2021-04-22	1961	1961	1961	1962	1817	0.0
2021-04-23	1961	1975	1952	1971	2460	0.004587155963302836
2021-04-26	1971	1980	1957	1967	7133	-0.0020294266869609334
2021-04-27	1961	1975	1952	1976	7502	0.004575495678698527
2021-04-28	1971	1975	1971	1976	1919	0.0
2021-04-29	1961	2018	1961	2000	1439	0.012145748987854255
2021-04-30	2018	2018	1999	2004	4752	0.0020000000000000018
2021-05-03	2008	2008	2004	2004	3570	0.0
2021-05-04	1985	2008	1985	2009	5091	0.0024950099800398196
2021-05-06	2013	2013	1980	1990	1820	-0.009457441513190612
2021-05-07	1994	1999	1980	1981	7256	-0.004522613065326642
2021-05-10	1980	1990	1980	1990	5515	0.004543160020191728
2021-05-11	1985	1999	1980	2000	27172	0.005025125628140614
2021-05-12	1980	1994	1980	1995	7989	-0.0024999999999999467
2021-05-13	1994	1994	1980	1995	17233	0.0
2021-05-14	1999	1999	1985	1990	6319	-0.0025062656641604564
2021-05-17	1975	1999	1961	1995	80716	0.002512562814070307
2021-05-18	1980	2004	1957	1985	34043	-0.005012531328320802
2021-05-20	1957	1980	1957	1976	11825	-0.00453400503778334
2021-05-21	1957	1980	1957	1981	1080	0.0025303643724696734
2021-05-24	1990	1990	1966	1981	2440	0.0
2021-05-25	1980	1994	1966	1995	54122	0.007067137809187329
2021-05-26	1994	2188	1966	2004	302742	0.004511278195488799
2021-05-27	2075	2075	2023	2047	97501	0.02145708582834338
2021-05-28	2075	2188	2060	2127	530360	0.039081582804103565
2021-05-31	2169	2381	2136	2330	2130836	0.09543958627174431
2021-06-01	2805	3027	2093	2424	18385855	0.040343347639484994
2021-06-02	2273	2423	2046	2047	4437599	-0.15552805280528048
2021-06-03	2075	2315	2018	2146	4460247	0.04836345872007808
2021-06-04	2570	2631	2122	2122	8666129	-0.011183597390493905
2021-06-07	2145	2164	2004	2066	1329753	-0.02639019792648445
2021-06-08	2046	2056	1980	2000	806293	-0.03194578896418199
2021-06-09	1985	2126	1975	2099	1002064	0.0495000000000001
2021-06-10	2056	2056	1999	2018	639814	-0.03858980466888995
2021-06-11	2027	2037	1985	2028	280242	0.0049554013875123815
2021-06-14	2023	2056	1994	2028	287979	0.0
2021-06-15	2018	2023	1990	1995	217260	-0.016272189349112454
2021-06-16	1994	2013	1980	2000	177022	0.0025062656641603454
2021-06-17	2018	2089	1980	2042	561129	0.020999999999999908
2021-06-18	2037	2329	2013	2169	3643834	0.06219392752203712
2021-06-21	2150	2188	2032	2037	630825	-0.06085753803596128
2021-06-22	2037	2056	2008	2033	368965	-0.0019636720667648433
2021-06-23	2032	2032	1999	2009	248795	-0.011805213969503181
2021-06-24	2004	2018	1994	2004	143349	-0.002488800398208091
2021-06-25	2004	2046	2004	2014	147592	0.004990019960079861
2021-06-28	2023	2027	1990	2004	177078	-0.0049652432969214955
2021-06-29	1994	2008	1994	2000	87097	-0.001996007984031989
2021-06-30	2008	2008	1990	1995	129018	-0.0024999999999999467
2021-07-01	1994	2023	1990	2014	106654	0.00952380952380949
2021-07-02	2013	2018	1999	2014	87673	0.0
2021-07-05	2008	2089	1999	2061	384198	0.02333664349553133
2021-07-06	2060	2065	2027	2047	136437	-0.006792819019893259
2021-07-07	2046	2065	2023	2051	83485	0.0019540791402052893
2021-07-08	2051	2070	2032	2051	195374	0.0
2021-07-09	2065	2075	2037	2061	112811	0.004875670404680621
2021-07-12	2079	2079	2032	2051	95369	-0.004852013585638026
2021-07-13	2051	2065	2037	2051	42791	0.0
2021-07-14	2046	2065	2046	2066	94905	0.0073135056070210425
2021-07-15	2075	2075	2056	2075	94527	0.004356243949661165
2021-07-16	0	0	0	2075	0	0.0
2021-07-19	0	0	0	2075	0	0.0
2021-07-20	0	0	0	2075	0	0.0
2021-07-21	0	0	0	2075	0	0.0
2021-07-22	0	0	0	2075	0	0.0
2021-07-23	0	0	0	2075	0	0.0
2021-07-26	0	0	0	2075	0	0.0
2021-07-27	0	0	0	2075	0	0.0
2021-07-28	0	0	0	2075	0	0.0
2021-07-29	0	0	0	2075	0	0.0
2021-07-30	0	0	0	2075	0	0.0
2021-08-02	0	0	0	2075	0	0.0
2021-08-03	0	0	0	2075	0	0.0
2021-08-04	0	0	0	2075	0	0.0
2021-08-05	0	0	0	2075	0	0.0
2021-08-06	0	0	0	2075	0	0.0
2021-08-09	0	0	0	2075	0	0.0
2021-08-10	0	0	0	2075	0	0.0
2021-08-11	0	0	0	2075	0	0.0
2021-08-12	0	0	0	2075	0	0.0
2021-08-13	0	0	0	2075	0	0.0
2021-08-17	0	0	0	2075	0	0.0
2021-08-18	0	0	0	2075	0	0.0
2021-08-19	0	0	0	2075	0	0.0
2021-08-20	0	0	0	2075	0	0.0
2021-08-23	0	0	0	2075	0	0.0
2021-08-24	0	0	0	2075	0	0.0
2021-08-25	0	0	0	2075	0	0.0
2021-08-26	0	0	0	2075	0	0.0
2021-08-27	0	0	0	2075	0	0.0
2021-08-30	0	0	0	2075	0	0.0
2021-08-31	0	0	0	2075	0	0.0
2021-09-01	0	0	0	2075	0	0.0
2021-09-02	0	0	0	2075	0	0.0
2021-09-03	0	0	0	2075	0	0.0
2021-09-06	0	0	0	2075	0	0.0
2021-09-07	0	0	0	2075	0	0.0
2021-09-08	0	0	0	2075	0	0.0
2021-09-09	0	0	0	2075	0	0.0
2021-09-10	0	0	0	2075	0	0.0
2021-09-13	0	0	0	2075	0	0.0
2021-09-14	0	0	0	2075	0	0.0
2021-09-15	0	0	0	2075	0	0.0
2021-09-16	0	0	0	2075	0	0.0
2021-09-17	0	0	0	2075	0	0.0
2021-09-23	0	0	0	2075	0	0.0
2021-09-24	0	0	0	2075	0	0.0
2021-09-27	0	0	0	2075	0	0.0
2021-09-28	0	0	0	2075	0	0.0
2021-09-29	0	0	0	2075	0	0.0
2021-09-30	0	0	0	2075	0	0.0
2021-10-01	0	0	0	2075	0	0.0
2021-10-05	0	0	0	2075	0	0.0
2021-10-06	0	0	0	2075	0	0.0
2021-10-07	0	0	0	2075	0	0.0
2021-10-08	0	0	0	2075	0	0.0
2021-10-12	0	0	0	2075	0	0.0
2021-10-13	0	0	0	2075	0	0.0
2021-10-14	0	0	0	2075	0	0.0
2021-10-15	0	0	0	2075	0	0.0
2021-10-18	0	0	0	2075	0	0.0
2021-10-19	0	0	0	2075	0	0.0
2021-10-20	0	0	0	2075	0	0.0
2021-10-21	0	0	0	2075	0	0.0
2021-10-22	0	0	0	2075	0	0.0
2021-10-25	0	0	0	2075	0	0.0
2021-10-26	0	0	0	2075	0	0.0
2021-10-27	0	0	0	2075	0	0.0
2021-10-28	0	0	0	2075	0	0.0
2021-10-29	0	0	0	2075	0	0.0
2021-11-01	0	0	0	2075	0	0.0
2021-11-02	0	0	0	2075	0	0.0
2021-11-03	0	0	0	2075	0	0.0
2021-11-04	0	0	0	2075	0	0.0
2021-11-05	0	0	0	2075	0	0.0
2021-11-08	0	0	0	2075	0	0.0
2021-11-09	0	0	0	2075	0	0.0
2021-11-10	0	0	0	2075	0	0.0
2021-11-11	2075	2085	2060	2075	569910	0.0
2021-11-12	2075	2080	2060	2070	115210	-0.002409638554216831
2021-11-15	2070	2085	2065	2070	78357	0.0
2021-11-16	2075	2075	2060	2065	100738	-0.0024154589371980784
2021-11-17	2065	2080	2065	2070	63649	0.002421307506053294
2021-11-18	2070	2070	2060	2070	42141	0.0
2021-11-19	2075	2075	2055	2065	49675	-0.0024154589371980784
2021-11-22	2065	2070	2060	2060	72596	-0.002421307506053294
2021-11-23	2055	2070	2055	2065	54103	0.0024271844660195274
2021-11-24	2065	2085	2065	2070	82001	0.002421307506053294
2021-11-25	2075	2080	2065	2070	20315	0.0
2021-11-26	2075	2075	2060	2075	11159	0.0024154589371980784
2021-11-29	2070	2070	2060	2060	16998	-0.0072289156626506035
2021-11-30	2070	2070	2050	2050	73556	-0.004854368932038833
2021-12-01	2050	2060	2050	2060	65612	0.004878048780487809
2021-12-02	2055	2075	2050	2065	26753	0.0024271844660195274
2021-12-03	2065	2065	2055	2065	22196	0.0
2021-12-06	2065	2075	2050	2075	24827	0.004842615012106588
2021-12-07	2075	2075	2065	2065	40413	-0.004819277108433773
2021-12-08	2075	2075	2055	2070	13687	0.002421307506053294
2021-12-09	2070	2075	2060	2065	21086	-0.0024154589371980784
2021-12-10	2065	2095	2065	2080	34973	0.007263922518159882
2021-12-13	2085	2085	2060	2070	12918	-0.004807692307692291
2021-12-14	2080	2090	2065	2075	37275	0.0024154589371980784
2021-12-15	2080	2080	2065	2075	1302	0.0
2021-12-16	2075	2085	2070	2085	13770	0.004819277108433662
2021-12-17	2085	2085	2070	2070	49248	-0.007194244604316502
2021-12-20	2085	2085	2065	2080	2990	0.004830917874396157
2021-12-21	2075	2080	2065	2065	24020	-0.007211538461538436
2021-12-22	2065	2070	2065	2070	10647	0.002421307506053294
2021-12-23	2080	2080	2065	2070	29499	0.0
2021-12-24	2080	2080	2065	2070	22035	0.0
2021-12-27	2075	2075	2070	2075	23712	0.0024154589371980784
2021-12-28	2075	2080	2075	2075	28851	0.0
2021-12-29	2100	2100	2065	2070	15749	-0.002409638554216831
2021-12-30	2065	2080	2065	2080	6772	0.004830917874396157
2022-01-03	2085	2085	2070	2080	56371	0.0
2022-01-04	2090	2095	2075	2085	26190	0.0024038461538462563
2022-01-05	2080	2090	2070	2075	24396	-0.004796163069544335
2022-01-06	2080	2080	2075	2080	15036	0.002409638554216942
2022-01-07	2080	2095	2070	2090	14115	0.004807692307692291
2022-01-10	2090	2095	2070	2075	25800	-0.0071770334928229484
2022-01-11	2070	2090	2070	2090	42757	0.0072289156626506035
2022-01-12	2090	2090	2070	2080	33403	-0.004784688995215336
2022-01-13	2075	2085	2075	2080	14815	0.0
2022-01-14	2075	2085	2070	2080	13281	0.0
2022-01-17	2075	2075	2065	2075	12521	-0.0024038461538461453
2022-01-18	2070	2080	2060	2075	16870	0.0
2022-01-19	2075	2080	2065	2080	2550	0.002409638554216942
2022-01-20	2065	2075	2065	2070	3922	-0.004807692307692291
2022-01-21	2080	2080	2070	2075	18520	0.0024154589371980784
2022-01-24	2085	2085	2075	2080	46683	0.002409638554216942
2022-01-25	2080	2080	2070	2075	25898	-0.0024038461538461453
2022-01-26	2080	2080	2075	2075	6805	0.0
2022-01-27	2080	2080	2060	2075	41526	0.0
2022-01-28	2065	2080	2065	2080	3768	0.002409638554216942
2022-02-03	2080	2080	2065	2080	20655	0.0
2022-02-04	2080	2080	2070	2075	17560	-0.0024038461538461453
2022-02-07	2080	2080	2070	2080	9267	0.002409638554216942
2022-02-08	2080	2085	2075	2085	20627	0.0024038461538462563
2022-02-09	2090	2095	2075	2085	15260	0.0
2022-02-10	2075	2090	2075	2090	16527	0.0023980815347721673
2022-02-11	2090	2090	2080	2090	12804	0.0
2022-02-14	2090	2090	2080	2085	26038	-0.0023923444976076125
2022-02-15	2090	2095	2080	2095	9295	0.004796163069544335
2022-02-16	2095	2095	2090	2090	2480	-0.0023866348448687846
2022-02-17	2095	2095	2090	2090	8114	0.0
2022-02-18	2095	2095	2085	2095	16527	0.0023923444976077235
2022-02-21	2130	2130	2095	2095	8114	0.0
2022-02-22	2100	2100	2090	2095	13821	0.0
2022-02-23	2100	2100	2095	2095	27909	0.0
2022-02-24	2095	2100	2095	2095	11163	0.0
2022-02-25	2095	2185	2095	2110	10033	0.007159904534606243
2022-02-28	2175	2175	2100	2105	883	-0.0023696682464454666
2022-03-02	2120	2120	2110	2110	6441	0.002375296912114022
2022-03-03	2120	2170	2100	2115	943	0.0023696682464455776
2022-03-04	2130	2130	2100	2120	5145	0.0023640661938533203
2022-03-07	2115	2115	2100	2100	1161	-0.009433962264150941
2022-03-08	2140	2140	2100	2120	6863	0.00952380952380949
2022-03-10	2165	2165	2100	2120	460	0.0
2022-03-11	2170	2170	2100	2120	1349	0.0
2022-03-14	2140	2140	2100	2120	315	0.0
2022-03-15	2100	2120	2100	2120	41025	0.0
2022-03-16	2120	2120	2105	2115	204	-0.002358490566037763
2022-03-17	2125	2130	2100	2125	14414	0.004728132387706863
2022-03-18	2125	2125	2105	2125	4935	0.0
2022-03-21	2125	2125	2105	2125	17604	0.0
2022-03-22	2135	2135	2110	2120	5197	-0.0023529411764705577
2022-03-23	2110	2125	2110	2120	801	0.0
2022-03-24	2110	2130	2105	2110	2522	-0.004716981132075526
2022-03-25	2105	2140	2105	2135	5476	0.011848341232227444
2022-03-28	2160	2160	2110	2135	1954	0.0
2022-03-29	2140	2140	2110	2115	1507	-0.00936768149882905
2022-03-30	2115	2125	2115	2125	3201	0.004728132387706863
2022-03-31	2125	2125	2120	2120	2230	-0.0023529411764705577
2022-04-01	2110	2135	2110	2125	7879	0.002358490566037652
2022-04-04	2125	2145	2125	2145	2408	0.009411764705882453
2022-04-05	2145	2145	2130	2130	2338	-0.006993006993006978
2022-04-06	2140	2150	2125	2150	9615	0.009389671361502261
2022-04-07	2150	2160	2140	2155	17240	0.0023255813953488857
2022-04-08	2160	2160	2155	2160	7421	0.002320185614849146
2022-04-11	2165	2195	2155	2190	30658	0.01388888888888884
2022-04-12	2200	2200	2185	2200	37175	0.004566210045662045
2022-04-13	2200	2200	2195	2195	16047	-0.002272727272727315
2022-04-14	2210	2210	2180	2200	14909	0.002277904328018332
2022-04-15	2200	2205	2195	2200	7677	0.0
2022-04-18	2210	2210	2165	2170	14172	-0.013636363636363669
2022-04-19	2180	2180	2150	2175	31221	0.0023041474654377225
2022-04-20	2175	2190	2175	2190	20635	0.006896551724137945
2022-04-21	2190	2200	2190	2200	10488	0.004566210045662045
2022-04-22	2200	2205	2175	2195	11426	-0.002272727272727315
2022-04-25	2200	2200	2170	2195	15851	0.0
2022-04-26	2200	2210	2185	2210	5475	0.006833712984054774
2022-04-27	2205	2205	2180	2200	7193	-0.004524886877828038
2022-04-28	2210	2210	2200	2200	5128	0.0
2022-04-29	2195	2205	2185	2200	7399	0.0
2022-05-02	2200	2215	2200	2210	10907	0.00454545454545463
2022-05-03	2220	2220	2190	2195	946	-0.006787330316742057
2022-05-04	2200	2200	2190	2200	5395	0.002277904328018332
2022-05-06	2200	2200	2185	2195	2643	-0.002272727272727315
2022-05-09	2195	2195	2185	2195	2933	0.0
2022-05-10	2195	2195	2170	2195	11257	0.0
2022-05-11	2200	2205	2200	2200	2798	0.002277904328018332
2022-05-12	2200	2200	2175	2190	14301	-0.004545454545454519
2022-05-13	2190	2190	2180	2185	6775	-0.0022831050228310223
2022-05-16	2175	2195	2175	2185	1826	0.0
2022-05-17	2190	2190	2170	2185	8851	0.0
2022-05-18	2160	2185	2150	2170	17372	-0.006864988558352381
2022-05-19	2160	2170	2160	2165	26348	-0.0023041474654378336
2022-05-20	2160	2175	2155	2170	8190	0.002309468822170979
2022-05-23	2160	2175	2160	2175	1018	0.0023041474654377225
2022-05-24	2180	2180	2155	2175	7805	0.0
2022-05-25	2185	2185	2160	2175	654	0.0
2022-05-26	2165	2175	2165	2170	8155	-0.0022988505747126853
2022-05-27	2175	2175	2165	2170	5654	0.0
2022-05-30	2165	2170	2160	2170	3347	0.0
2022-05-31	2175	2190	2175	2190	9300	0.009216589861751112
2022-06-02	2190	2195	2185	2195	2176	0.0022831050228311334
2022-06-03	2190	2205	2190	2190	10171	-0.002277904328018221
2022-06-07	2205	2205	2180	2200	480	0.004566210045662045
2022-06-08	2190	2200	2190	2200	581	0.0
2022-06-09	2190	2195	2190	2195	575	-0.002272727272727315
2022-06-10	2200	2200	2190	2200	1062	0.002277904328018332
2022-06-13	2190	2190	2180	2190	3596	-0.004545454545454519
2022-06-14	2195	2195	2165	2190	14558	0.0
2022-06-15	2190	2190	2170	2185	3665	-0.0022831050228310223
2022-06-16	2180	2180	2165	2170	1057	-0.006864988558352381
2022-06-17	2155	2165	2140	2160	14999	-0.004608294930875556
2022-06-20	2160	2160	2130	2130	4710	-0.01388888888888884
2022-06-21	2130	2160	2125	2155	8987	0.011737089201877993
2022-06-22	2145	2150	2110	2135	13811	-0.009280742459396807
2022-06-23	2125	2135	2085	2095	16878	-0.0187353629976581
2022-06-24	2090	2135	2090	2105	6606	0.004773269689737569
2022-06-27	2100	2120	2095	2120	7483	0.0071258907363420665
2022-06-28	2110	2135	2105	2135	11220	0.007075471698113178
2022-06-29	2135	2135	2110	2120	1904	-0.007025761124121788
2022-06-30	2135	2135	2110	2125	5017	0.002358490566037652
2022-07-01	2110	2125	2110	2120	2053	-0.0023529411764705577
2022-07-04	2120	2125	2110	2115	7356	-0.002358490566037763
2022-07-05	2130	2130	2125	2125	6	0.004728132387706863
2022-07-06	2135	2135	2110	2125	1499	0.0
2022-07-07	2105	2125	2105	2125	4517	0.0
2022-07-08	2120	2135	2115	2135	44986	0.004705882352941115
2022-07-11	2110	2140	2110	2135	2846	0.0
2022-07-12	2140	2140	2125	2125	2102	-0.004683840749414525
2022-07-13	2110	2135	2110	2135	1213	0.004705882352941115
2022-07-14	2120	2145	2120	2140	5490	0.0023419203747072626
