Date	Open	High	Low	Close	Volume	Change
2021-02-26	2095	2115	2089	2105	1318152	
2021-03-02	2100	2105	2095	2095	114196	-0.004750593824228044
2021-03-03	2095	2100	2095	2095	21464	0.0
2021-03-04	2105	2105	2095	2095	5301	0.0
2021-03-05	2089	2095	2084	2090	36700	-0.0023866348448687846
2021-03-08	2089	2095	2084	2085	70950	-0.0023923444976076125
2021-03-09	2084	2084	2084	2085	18654	0.0
2021-03-10	2084	2089	2084	2085	16997	0.0
2021-03-11	2084	2089	2084	2090	1054	0.0023980815347721673
2021-03-12	2084	2100	2084	2090	3995	0.0
2021-03-15	2084	2105	2084	2090	4461	0.0
2021-03-16	2089	2105	2089	2105	5930	0.0071770334928229484
2021-03-17	2110	2115	2100	2115	4908	0.004750593824228044
2021-03-18	2105	2115	2105	2115	1212	0.0
2021-03-19	2130	2130	2105	2105	1585	-0.004728132387706863
2021-03-22	2110	2110	2105	2110	5142	0.002375296912114022
2021-03-23	2120	2120	2105	2105	3187	-0.0023696682464454666
2021-03-24	2130	2130	2110	2110	655	0.002375296912114022
2021-03-25	2105	2120	2105	2105	4535	-0.0023696682464454666
2021-03-26	2105	2125	2100	2126	1597	0.009976247030878849
2021-03-29	2120	2130	2115	2131	9409	0.002351834430855959
2021-03-30	2135	2135	2125	2131	4494	0.0
2021-03-31	2135	2135	2130	2136	808	0.002346316283434957
2021-04-01	2135	2135	2135	2136	318	0.0
2021-04-02	2110	2135	2110	2131	9539	-0.002340823970037431
2021-04-05	2130	2130	2120	2120	1802	-0.005161895823556972
2021-04-06	2130	2130	2120	2120	4469	0.0
2021-04-07	2120	2166	2120	2151	5065	0.014622641509433931
2021-04-08	2120	2151	2120	2151	1679	0.0
2021-04-09	2176	2176	2135	2166	1461	0.0069735006973501434
2021-04-12	2166	2201	2145	2176	16859	0.004616805170821747
2021-04-13	2176	2186	2171	2176	968	0.0
2021-04-14	2176	2176	2130	2171	1585	-0.0022977941176470784
2021-04-15	2135	2171	2120	2171	26123	0.0
2021-04-16	2176	2176	2166	2176	1181	0.002303086135421406
2021-04-19	2176	2181	2125	2156	10118	-0.009191176470588203
2021-04-20	2156	2191	2156	2192	3448	0.016697588126159513
2021-04-21	2186	2186	2135	2182	766	-0.0045620437956204185
2021-04-22	2176	2186	2161	2187	4400	0.0022914757103573713
2021-04-23	2186	2191	2176	2192	14995	0.0022862368541380906
2021-04-26	2145	2186	2145	2182	10788	-0.0045620437956204185
2021-04-27	2181	2186	2140	2182	36342	0.0
2021-04-28	2181	2206	2181	2207	4304	0.0114573785517873
2021-04-29	2186	2201	2186	2202	290	-0.002265518803806099
2021-04-30	2201	2222	2181	2222	966	0.009082652134423164
2021-05-03	2176	2237	2176	2237	6910	0.006750675067506817
2021-05-04	2237	2278	2227	2268	15706	0.013857845328564933
2021-05-06	2196	2262	2186	2187	19010	-0.0357142857142857
2021-05-07	2186	2196	2171	2192	20638	0.0022862368541380906
2021-05-10	2161	2201	2161	2171	1089	-0.009580291970802901
2021-05-11	2151	2176	2151	2171	6497	0.0
2021-05-12	2156	2227	2156	2222	2135	0.023491478581298963
2021-05-13	2217	2217	2206	2207	3933	-0.006750675067506706
2021-05-14	2206	2206	2166	2202	1356	-0.002265518803806099
2021-05-17	2166	2206	2161	2207	798	0.002270663033605791
2021-05-18	2222	2222	2222	2222	118	0.0067965564114182975
2021-05-20	2176	2186	2171	2187	19975	-0.015751575157515796
2021-05-21	2186	2191	2161	2187	14421	0.0
2021-05-24	2176	2339	2176	2227	43481	0.018289894833104725
2021-05-25	2217	2288	2191	2237	23649	0.004490345756623215
2021-05-26	2242	2420	2232	2243	125844	0.0026821636119802594
2021-05-27	2288	2440	2242	2339	253538	0.0427998216674097
2021-05-28	2390	2522	2339	2431	462965	0.03933304831124418
2021-05-31	2517	2929	2476	2700	3053287	0.11065405183052235
2021-06-01	2786	3045	2247	2288	3083732	-0.1525925925925926
2021-06-02	2608	2974	2262	2314	12306432	0.011363636363636465
2021-06-03	2303	2501	2247	2309	2101256	-0.002160760587726851
2021-06-04	2298	2303	2201	2217	626480	-0.039844088349935025
2021-06-07	2242	2283	2191	2207	309861	-0.004510599909787971
2021-06-08	2196	2206	2161	2161	322910	-0.020842772995015912
2021-06-09	2171	2206	2161	2207	149842	0.021286441462285977
2021-06-10	2206	2212	2181	2187	200713	-0.009062075215224286
2021-06-11	2181	2201	2181	2192	57175	0.0022862368541380906
2021-06-14	2186	2247	2186	2248	77884	0.025547445255474477
2021-06-15	2242	2242	2201	2207	47065	-0.01823843416370108
2021-06-16	2212	2212	2186	2202	57664	-0.002265518803806099
2021-06-17	2222	2227	2191	2197	56958	-0.002270663033605791
2021-06-18	2212	2364	2206	2253	471128	0.025489303595812363
2021-06-21	2318	2583	2288	2543	2832060	0.12871726586773202
2021-06-22	2359	2369	2247	2298	591215	-0.09634290208415253
2021-06-23	2288	2288	2222	2222	246309	-0.03307223672758919
2021-06-24	2222	2257	2212	2248	72134	0.011701170117011772
2021-06-25	2247	2283	2222	2258	61853	0.004448398576512469
2021-06-28	2252	2267	2212	2227	97507	-0.013728963684676687
2021-06-29	2262	2262	2206	2222	73806	-0.0022451728783116076
2021-06-30	2222	2222	2201	2202	54070	-0.009000900090008979
2021-07-01	2201	2227	2196	2207	19106	0.002270663033605791
2021-07-02	2212	2257	2206	2237	43904	0.013593112822836373
2021-07-05	2237	2313	2237	2304	122062	0.029950827000446933
2021-07-06	2257	2288	2252	2283	63242	-0.00911458333333337
2021-07-07	2283	2323	2273	2304	77515	0.009198423127463773
2021-07-08	2308	2318	2257	2288	82976	-0.00694444444444442
2021-07-09	2288	2318	2262	2288	70804	0.0
2021-07-12	2278	2374	2278	2349	116470	0.026660839160839167
2021-07-13	2344	2400	2334	2385	91945	0.015325670498084198
2021-07-14	2390	2390	2334	2359	108707	-0.010901467505241125
2021-07-15	2344	2364	2313	2365	36807	0.0025434506146673197
2021-07-16	2379	2395	2344	2390	72670	0.010570824524312794
2021-07-19	0	0	0	2390	0	0.0
2021-07-20	0	0	0	2390	0	0.0
2021-07-21	0	0	0	2390	0	0.0
2021-07-22	0	0	0	2390	0	0.0
2021-07-23	0	0	0	2390	0	0.0
2021-07-26	0	0	0	2390	0	0.0
2021-07-27	0	0	0	2390	0	0.0
2021-07-28	0	0	0	2390	0	0.0
2021-07-29	0	0	0	2390	0	0.0
2021-07-30	0	0	0	2390	0	0.0
2021-08-02	0	0	0	2390	0	0.0
2021-08-03	0	0	0	2390	0	0.0
2021-08-04	0	0	0	2390	0	0.0
2021-08-05	0	0	0	2390	0	0.0
2021-08-06	0	0	0	2390	0	0.0
2021-08-09	0	0	0	2390	0	0.0
2021-08-10	0	0	0	2390	0	0.0
2021-08-11	0	0	0	2390	0	0.0
2021-08-12	0	0	0	2390	0	0.0
2021-08-13	0	0	0	2390	0	0.0
2021-08-17	0	0	0	2390	0	0.0
2021-08-18	0	0	0	2390	0	0.0
2021-08-19	0	0	0	2390	0	0.0
2021-08-20	0	0	0	2390	0	0.0
2021-08-23	0	0	0	2390	0	0.0
2021-08-24	0	0	0	2390	0	0.0
2021-08-25	0	0	0	2390	0	0.0
2021-08-26	0	0	0	2390	0	0.0
2021-08-27	0	0	0	2390	0	0.0
2021-08-30	0	0	0	2390	0	0.0
2021-08-31	0	0	0	2390	0	0.0
2021-09-01	0	0	0	2390	0	0.0
2021-09-02	0	0	0	2390	0	0.0
2021-09-03	0	0	0	2390	0	0.0
2021-09-06	0	0	0	2390	0	0.0
2021-09-07	0	0	0	2390	0	0.0
2021-09-08	0	0	0	2390	0	0.0
2021-09-09	0	0	0	2390	0	0.0
2021-09-10	0	0	0	2390	0	0.0
2021-09-13	0	0	0	2390	0	0.0
2021-09-14	0	0	0	2390	0	0.0
2021-09-15	0	0	0	2390	0	0.0
2021-09-16	0	0	0	2390	0	0.0
2021-09-17	0	0	0	2390	0	0.0
2021-09-23	0	0	0	2390	0	0.0
2021-09-24	0	0	0	2390	0	0.0
2021-09-27	0	0	0	2390	0	0.0
2021-09-28	0	0	0	2390	0	0.0
2021-09-29	0	0	0	2390	0	0.0
2021-09-30	0	0	0	2390	0	0.0
2021-10-01	0	0	0	2390	0	0.0
2021-10-05	2390	2620	2185	2185	1100975	-0.08577405857740583
2021-10-06	2230	2235	2075	2110	362557	-0.034324942791762014
2021-10-07	2100	2190	2095	2160	135511	0.023696682464454888
2021-10-08	2165	2175	2075	2075	236871	-0.03935185185185186
2021-10-12	2100	2130	2080	2100	81432	0.012048192771084265
2021-10-13	2130	2300	2130	2235	176709	0.06428571428571428
2021-10-14	2200	2280	2200	2240	73375	0.0022371364653244186
2021-10-15	2260	2330	2215	2325	164357	0.0379464285714286
2021-10-18	2300	2365	2250	2345	129042	0.008602150537634357
2021-10-19	2355	2460	2335	2425	175206	0.034115138592750505
2021-10-20	2420	2450	2380	2415	107361	-0.004123711340206171
2021-10-21	2445	2445	2370	2380	43298	-0.01449275362318836
2021-10-22	2370	2400	2345	2370	52635	-0.004201680672268893
2021-10-25	2345	2395	2335	2360	33257	-0.00421940928270037
2021-10-26	2340	2385	2290	2310	88169	-0.021186440677966156
2021-10-27	2335	2440	2210	2420	75123	0.04761904761904767
2021-10-28	2425	2425	2350	2390	47389	-0.012396694214875992
2021-10-29	2390	2390	2355	2390	22905	0.0
2021-11-01	2395	2400	2335	2385	20014	-0.0020920502092049986
2021-11-02	2360	2380	2340	2365	18912	-0.008385744234800874
2021-11-03	2365	2540	2355	2400	442002	0.014799154334038
2021-11-04	2395	2495	2370	2415	146095	0.006250000000000089
2021-11-05	2415	2490	2410	2465	45540	0.020703933747411973
2021-11-08	2490	2500	2425	2425	112698	-0.016227180527383367
2021-11-09	2425	2450	2345	2420	118268	-0.0020618556701030855
2021-11-10	2355	2420	2330	2350	113061	-0.02892561983471076
2021-11-11	2305	2430	2305	2410	68873	0.025531914893617058
2021-11-12	2390	2420	2360	2400	60149	-0.004149377593360981
2021-11-15	2370	2460	2350	2425	39140	0.01041666666666674
2021-11-16	2450	2640	2410	2510	244688	0.035051546391752675
2021-11-17	2510	2570	2465	2505	130347	-0.0019920318725099584
2021-11-18	2555	2680	2505	2585	191583	0.031936127744510934
2021-11-19	2540	2690	2540	2650	68299	0.025145067698259194
2021-11-22	2680	2725	2640	2710	81006	0.02264150943396226
2021-11-23	2700	2710	2655	2660	97267	-0.01845018450184499
2021-11-24	2645	2695	2525	2580	92046	-0.03007518796992481
2021-11-25	2600	2650	2575	2630	75977	0.019379844961240345
2021-11-26	2635	2635	2465	2475	132912	-0.05893536121673004
2021-11-29	2475	2540	2450	2450	54710	-0.010101010101010055
2021-11-30	2535	2535	2400	2400	154968	-0.020408163265306145
2021-12-01	2400	2445	2325	2400	38046	0.0
2021-12-02	2400	2400	2300	2350	26544	-0.02083333333333337
2021-12-03	2400	2470	2370	2370	18129	0.008510638297872353
2021-12-06	2490	2490	2350	2410	41186	0.016877637130801704
2021-12-07	2500	2500	2375	2410	22416	0.0
2021-12-08	2415	2490	2415	2425	11660	0.006224066390041472
2021-12-09	2425	2470	2415	2435	47004	0.004123711340206171
2021-12-10	2435	2545	2435	2470	107357	0.014373716632443578
2021-12-13	2470	2495	2455	2480	22054	0.004048582995951344
2021-12-14	2470	2470	2355	2445	57172	-0.014112903225806495
2021-12-15	2400	2515	2400	2465	35827	0.008179959100204526
2021-12-16	2500	2500	2410	2440	9074	-0.010141987829614618
2021-12-17	2405	2460	2325	2380	37010	-0.024590163934426257
2021-12-20	2345	2375	2320	2320	30951	-0.025210084033613467
2021-12-21	2385	2385	2300	2330	20857	0.004310344827586299
2021-12-22	2325	2360	2320	2330	9335	0.0
2021-12-23	2355	2355	2310	2335	19014	0.0021459227467810482
2021-12-24	2345	2385	2320	2345	5894	0.004282655246252709
2021-12-27	2325	2375	2325	2370	12336	0.010660980810234477
2021-12-28	2335	2395	2310	2370	34761	0.0
2021-12-29	2435	2435	2335	2365	13536	-0.002109704641350185
2021-12-30	2385	2385	2340	2375	5639	0.0042283298097252064
2022-01-03	2345	2870	2345	2420	607285	0.0189473684210526
2022-01-04	2460	2460	2390	2400	45325	-0.008264462809917328
2022-01-05	2430	2605	2350	2605	191985	0.0854166666666667
2022-01-06	2565	2600	2520	2600	97476	-0.0019193857965451588
2022-01-07	2610	2685	2535	2620	125766	0.007692307692307665
2022-01-10	2685	2700	2580	2680	134018	0.022900763358778553
2022-01-11	2685	2790	2565	2585	152031	-0.035447761194029814
2022-01-12	2670	2670	2530	2530	55440	-0.021276595744680882
2022-01-13	2500	2550	2420	2425	87200	-0.04150197628458496
2022-01-14	2390	2450	2340	2360	52196	-0.026804123711340222
2022-01-17	2320	2480	2290	2300	63142	-0.025423728813559365
2022-01-18	2260	2990	2260	2640	6976907	0.14782608695652177
2022-01-19	2550	3270	2540	2995	4948758	0.13446969696969702
2022-01-20	2950	3195	2710	3080	1007086	0.028380634390651194
2022-01-21	2980	3080	2815	2970	424866	-0.0357142857142857
2022-01-24	2840	2860	2645	2645	274976	-0.10942760942760943
2022-01-25	2665	2665	2425	2505	165354	-0.052930056710775
2022-01-26	2580	2600	2420	2445	81934	-0.0239520958083832
2022-01-27	2440	2465	2350	2385	53666	-0.024539877300613466
2022-01-28	2455	2690	2300	2555	330050	0.07127882599580704
2022-02-03	2570	2650	2515	2550	88801	-0.00195694716242667
2022-02-04	2510	2640	2410	2485	242053	-0.025490196078431393
2022-02-07	2490	2570	2375	2400	105569	-0.03420523138832998
2022-02-08	2450	2450	2375	2425	53818	0.01041666666666674
2022-02-09	2420	2490	2395	2420	38275	-0.0020618556701030855
2022-02-10	2440	2445	2380	2390	37402	-0.012396694214875992
2022-02-11	2370	2440	2365	2420	17409	0.012552301255230214
2022-02-14	2395	2395	2275	2325	27271	-0.039256198347107474
2022-02-15	2295	2325	2280	2280	43915	-0.01935483870967747
2022-02-16	2280	2380	2255	2345	64550	0.028508771929824483
2022-02-17	2350	2385	2220	2220	92309	-0.05330490405117272
2022-02-18	2200	2345	2110	2215	297857	-0.0022522522522522292
2022-02-21	2185	2475	2150	2225	456929	0.004514672686230181
2022-02-22	2240	2390	2190	2230	206700	0.0022471910112360494
2022-02-23	2235	2275	2225	2245	37307	0.006726457399103047
2022-02-24	2240	2260	2145	2170	114877	-0.03340757238307346
2022-02-25	2195	2225	2130	2155	66162	-0.00691244239631339
2022-02-28	2160	2230	2105	2160	28547	0.002320185614849146
2022-03-02	2155	2190	2115	2140	59652	-0.0092592592592593
2022-03-03	2140	2190	2135	2170	26723	0.014018691588784993
2022-03-04	2170	2205	2120	2170	39254	0.0
2022-03-07	2120	2170	2120	2170	12285	0.0
2022-03-08	2155	2185	2115	2175	32389	0.0023041474654377225
2022-03-10	2150	2205	2150	2190	26532	0.006896551724137945
2022-03-11	2190	2190	2125	2180	33204	-0.004566210045662156
2022-03-14	2180	2180	2135	2155	64252	-0.011467889908256867
2022-03-15	2155	2175	2145	2170	15175	0.006960556844547661
2022-03-16	2160	2250	2130	2170	52327	0.0
2022-03-17	2165	2270	2165	2205	17007	0.016129032258064502
2022-03-18	2240	2240	2165	2210	14804	0.0022675736961450532
2022-03-21	2190	2235	2190	2220	23833	0.004524886877828038
2022-03-22	2220	2350	2200	2310	133757	0.04054054054054057
2022-03-23	2325	2750	2305	2410	627145	0.04329004329004338
2022-03-24	2395	2440	2355	2425	58286	0.006224066390041472
2022-03-25	2395	2490	2375	2400	36160	-0.010309278350515427
2022-03-28	2400	2410	2310	2370	50322	-0.012499999999999956
2022-03-29	2360	2370	2300	2365	24203	-0.002109704641350185
2022-03-30	2360	2375	2315	2365	32602	0.0
2022-03-31	2360	2370	2340	2360	33406	-0.0021141649048626032
2022-04-01	2315	2450	2310	2445	65585	0.03601694915254239
2022-04-04	2405	2450	2370	2445	36001	0.0
2022-04-05	2460	2525	2435	2510	103838	0.026584867075664542
2022-04-06	2485	3260	2455	3100	15703747	0.2350597609561753
2022-04-07	3050	3080	2835	2870	2318986	-0.0741935483870968
2022-04-08	2840	3730	2740	3730	17193861	0.29965156794425085
2022-04-11	4150	4780	3930	4180	18815218	0.12064343163538882
2022-04-12	4025	4130	3925	4130	872972	-0.011961722488038284
2022-04-13	4125	4595	4125	4560	1005645	0.10411622276029053
2022-04-14	4560	4665	4400	4400	755816	-0.03508771929824561
2022-04-15	4210	4980	4040	4245	3116657	-0.035227272727272774
2022-04-18	4280	4580	4030	4270	1771031	0.005889281507656108
2022-04-19	4225	4420	4070	4210	1254417	-0.014051522248243575
2022-04-20	4140	4350	4030	4310	959961	0.02375296912114022
2022-04-21	4320	5600	4200	5600	10658035	0.2993039443155452
2022-04-22	6190	7280	5630	7280	14537754	0.30000000000000004
2022-04-25	7700	9460	7270	9460	9399231	0.2994505494505495
2022-04-26	10300	11300	9050	9460	12694481	0.0
2022-04-27	8940	8990	7570	8050	2703927	-0.14904862579281186
2022-04-28	8050	8250	7640	8150	1561781	0.012422360248447228
2022-04-29	7950	8300	7760	8080	982943	-0.008588957055214674
2022-05-02	7930	8390	7920	8300	975173	0.027227722772277252
2022-05-03	8300	8790	8130	8480	1462217	0.02168674698795181
2022-05-04	8450	8580	8250	8520	540840	0.004716981132075526
2022-05-06	8280	8750	8240	8750	663429	0.02699530516431925
2022-05-09	9100	11000	8360	10400	2234938	0.1885714285714286
2022-05-10	9680	11200	9150	10250	2321442	-0.014423076923076872
2022-05-11	9960	10500	9820	10350	715866	0.009756097560975618
2022-05-12	10050	10450	9300	9860	663439	-0.047342995169082136
2022-05-13	10000	10550	9670	10500	754567	0.06490872210953347
2022-05-16	10200	10750	10050	10550	459329	0.004761904761904745
2022-05-17	10450	10600	10200	10550	367894	0.0
2022-05-18	10700	13700	10550	13700	1832067	0.2985781990521328
2022-05-19	15800	17800	14100	14200	4717049	0.03649635036496357
2022-05-20	14000	18450	13300	18450	11559545	0.29929577464788726
2022-05-23	18000	20400	17200	17300	7200637	-0.06233062330623307
2022-05-24	16700	17300	15000	15000	1968000	-0.1329479768786127
2022-05-25	15300	15750	14300	14700	1855025	-0.020000000000000018
2022-05-26	14600	17000	14600	15500	6227429	0.054421768707483054
2022-05-27	15600	15900	14350	14450	1254824	-0.06774193548387097
2022-05-30	14450	14700	13800	14050	647459	-0.02768166089965396
2022-05-31	14050	15350	13850	14450	1601710	0.028469750889679624
2022-06-02	14300	15200	14200	14950	724623	0.03460207612456756
2022-06-03	14800	17500	14800	16800	4656860	0.12374581939799323
2022-06-07	16500	17800	16450	17050	1336926	0.014880952380952328
2022-06-08	17000	17500	16400	17000	640128	-0.0029325513196480912
2022-06-09	16850	16850	14350	15000	919476	-0.11764705882352944
2022-06-10	14300	14450	11900	12400	2005302	-0.17333333333333334
2022-06-13	11700	12250	11350	12000	1207559	-0.032258064516129004
2022-06-14	11700	12650	11250	11350	1942091	-0.054166666666666696
2022-06-15	12050	12800	10500	10800	3029321	-0.048458149779735726
2022-06-16	11050	11100	10600	10750	864521	-0.00462962962962965
2022-06-17	10450	10950	10250	10800	680634	0.0046511627906977715
2022-06-20	9500	9600	7600	7910	2435780	-0.2675925925925926
2022-06-21	8050	10100	7690	8890	9640618	0.12389380530973448
2022-06-22	9290	9770	7900	8030	2439065	-0.0967379077615298
2022-06-23	8140	8210	6770	6780	1088816	-0.15566625155666247
2022-06-24	6780	7200	6620	6860	514761	0.01179941002949847
2022-06-27	6800	8560	6720	7780	4736113	0.13411078717201175
2022-06-28	7780	8330	7220	7380	1176900	-0.05141388174807193
2022-06-29	7360	8490	7310	7930	4228596	0.07452574525745259
2022-06-30	7830	8250	7530	7650	1041213	-0.035308953341740223
2022-07-01	7650	7880	7000	7220	382125	-0.05620915032679741
2022-07-04	7230	7230	6670	6920	226501	-0.04155124653739617
2022-07-05	6950	8060	6800	7240	1668130	0.046242774566473965
2022-07-06	7150	7900	7070	7570	1969364	0.045580110497237536
2022-07-07	7610	9620	7570	9090	8068970	0.20079260237780705
2022-07-08	9300	11400	9040	10150	7667390	0.11661166116611654
2022-07-11	10050	10200	9120	9380	1697195	-0.07586206896551728
2022-07-12	9150	9230	8420	8500	992262	-0.093816631130064
2022-07-13	8400	9290	7910	8010	2249010	-0.057647058823529385
2022-07-14	7960	8700	7770	7840	1052991	-0.02122347066167296
