Date	Open	High	Low	Close	Volume	Change
2021-04-08	2050	2055	2045	2045	1054264	
2021-04-09	2050	2065	2045	2060	126329	0.007334963325183352
2021-04-12	2060	2065	2050	2060	57289	0.0
2021-04-13	2060	2070	2055	2060	60070	0.0
2021-04-14	2060	2060	2050	2055	58295	-0.0024271844660194164
2021-04-15	2060	2060	2050	2050	58492	-0.0024330900243308973
2021-04-16	2050	2065	2045	2050	45433	0.0
2021-04-19	2045	2055	2045	2055	7994	0.0024390243902439046
2021-04-20	2055	2060	2050	2055	32949	0.0
2021-04-21	2050	2055	2050	2055	13469	0.0
2021-04-22	2050	2055	2050	2055	28017	0.0
2021-04-23	2055	2055	2050	2055	7200	0.0
2021-04-26	2050	2075	2050	2065	64924	0.0048661800486617945
2021-04-27	2065	2180	2065	2130	313833	0.0314769975786926
2021-04-28	2095	2150	2080	2100	84439	-0.014084507042253502
2021-04-29	2100	2190	2095	2180	196147	0.03809523809523818
2021-04-30	2160	2765	2120	2335	9899648	0.07110091743119273
2021-05-03	2375	2940	2320	2725	8971333	0.16702355460385432
2021-05-04	2600	2635	2275	2305	2922393	-0.15412844036697249
2021-05-06	2305	2395	2280	2290	944604	-0.006507592190889366
2021-05-07	2305	2330	2200	2215	669846	-0.03275109170305679
2021-05-10	2175	2230	2170	2210	333342	-0.0022573363431150906
2021-05-11	2205	2250	2205	2220	284294	0.004524886877828038
2021-05-12	2210	2250	2175	2180	204186	-0.018018018018018056
2021-05-13	2170	2240	2165	2215	195088	0.016055045871559592
2021-05-14	2215	2215	2170	2180	157147	-0.015801354401805856
2021-05-17	2185	2210	2155	2170	105944	-0.004587155963302725
2021-05-18	2170	2170	2120	2150	164553	-0.009216589861751112
2021-05-20	2140	2170	2115	2130	91173	-0.009302325581395321
2021-05-21	2125	2170	2125	2150	59795	0.009389671361502261
2021-05-24	2150	2280	2130	2195	408037	0.020930232558139528
2021-05-25	2205	2330	2190	2200	1948928	0.002277904328018332
2021-05-26	2590	2860	2315	2860	5394111	0.30000000000000004
2021-05-27	3210	3715	2930	3715	14401425	0.29895104895104896
2021-05-28	3930	4825	3920	4530	9849541	0.21938088829071334
2021-05-31	4530	5490	4120	5130	6641055	0.13245033112582782
2021-06-01	5490	6040	3600	3600	6006319	-0.29824561403508776
2021-06-02	3410	3500	2810	2975	2359286	-0.17361111111111116
2021-06-03	2975	3210	2860	3050	1569717	0.025210084033613356
2021-06-04	2945	2980	2845	2880	413151	-0.05573770491803276
2021-06-07	2755	2875	2535	2615	543479	-0.09201388888888884
2021-06-08	2660	2700	2435	2590	275912	-0.009560229445506718
2021-06-09	2530	2720	2440	2670	584632	0.030888030888030826
2021-06-10	2740	2750	2455	2530	305103	-0.05243445692883897
2021-06-11	2490	2530	2400	2455	241240	-0.029644268774703608
2021-06-14	2645	3190	2500	3190	5001180	0.29938900203665986
2021-06-15	3045	3345	2760	2870	4411407	-0.10031347962382442
2021-06-16	2845	2845	2645	2820	1242164	-0.017421602787456414
2021-06-17	2795	3410	2690	3135	5406801	0.11170212765957444
2021-06-18	3060	4075	2910	4075	11965009	0.29984051036682624
2021-06-21	4400	4400	3260	3260	4566347	-0.19999999999999996
2021-06-22	3160	3175	2845	3020	1850052	-0.07361963190184051
2021-06-23	2955	2980	2780	2850	513321	-0.056291390728476776
2021-06-24	2790	2870	2730	2745	404457	-0.0368421052631579
2021-06-25	2870	2990	2760	2775	745035	0.010928961748633892
2021-06-28	2750	2775	2660	2670	284682	-0.037837837837837784
2021-06-29	2680	3470	2680	3160	10575376	0.18352059925093633
2021-06-30	2965	3000	2785	2785	2039308	-0.11867088607594933
2021-07-01	2825	3500	2785	3025	8506460	0.08617594254937155
2021-07-02	3115	3875	2985	3705	12096256	0.22479338842975216
2021-07-05	3900	4815	3885	4815	6176120	0.2995951417004048
2021-07-06	6030	6100	3980	3980	10882272	-0.17341640706126682
2021-07-07	3905	4200	3710	3760	1692808	-0.055276381909547756
2021-07-08	3700	3885	3465	3580	756970	-0.0478723404255319
2021-07-09	3860	4570	3720	3800	9284818	0.06145251396648055
2021-07-12	4155	4450	3905	3970	2488339	0.044736842105263186
2021-07-13	4290	4600	4065	4245	6649612	0.0692695214105794
2021-07-14	4250	4440	3850	3915	1262325	-0.07773851590106007
2021-07-15	4060	4070	3760	3855	514027	-0.01532567049808431
2021-07-16	3805	3910	3715	3810	405287	-0.011673151750972721
2021-07-19	3790	3800	3540	3600	297875	-0.055118110236220486
2021-07-20	3510	4115	3465	3845	3246952	0.06805555555555554
2021-07-21	3790	3945	3680	3735	515688	-0.02860858257477239
2021-07-22	3790	3805	3580	3580	326764	-0.04149933065595712
2021-07-23	3580	3645	3510	3510	180004	-0.019553072625698276
2021-07-26	3515	3750	3435	3575	358844	0.0185185185185186
2021-07-27	3550	3575	3390	3410	194243	-0.0461538461538461
2021-07-28	3410	3490	3325	3385	184299	-0.007331378299120228
2021-07-29	3445	3570	3405	3460	171517	0.02215657311669128
2021-07-30	3470	3590	3360	3385	115135	-0.021676300578034713
2021-08-02	3405	3580	3360	3415	115480	0.008862629246676468
2021-08-03	3500	3840	3450	3700	633050	0.0834553440702781
2021-08-04	3755	3820	3625	3670	421700	-0.008108108108108136
2021-08-05	3670	3760	3505	3560	200702	-0.02997275204359673
2021-08-06	3555	3600	3430	3480	160224	-0.022471910112359605
2021-08-09	3470	3470	3265	3295	305673	-0.053160919540229834
2021-08-10	3310	3320	3085	3110	211919	-0.05614567526555392
2021-08-11	3130	3300	3125	3135	172784	0.008038585209003246
2021-08-12	3100	3110	3005	3040	111292	-0.030303030303030276
2021-08-13	3010	3040	2940	2980	95103	-0.019736842105263164
2021-08-17	3030	3080	2890	2920	95284	-0.020134228187919434
2021-08-18	2910	3020	2805	3010	83988	0.03082191780821919
2021-08-19	3020	3135	3000	3050	138348	0.013289036544850585
2021-08-20	3045	3055	2945	2945	64182	-0.03442622950819674
2021-08-23	2965	3035	2965	3005	54424	0.02037351443123936
2021-08-24	3050	3530	3045	3360	1226649	0.11813643926788675
2021-08-25	3325	3635	3220	3470	502610	0.032738095238095344
2021-08-26	3440	3550	3350	3395	214527	-0.021613832853025983
2021-08-27	3460	3480	3355	3480	80303	0.025036818851251752
2021-08-30	3480	3480	3350	3390	77547	-0.025862068965517238
2021-08-31	3330	3480	3280	3320	63898	-0.020648967551622377
2021-09-01	3350	3375	3200	3365	122056	0.013554216867469826
2021-09-02	3545	3805	3455	3550	928050	0.054977711738484425
2021-09-03	3475	3550	3290	3425	393049	-0.035211267605633756
2021-09-06	3400	3400	3155	3170	335195	-0.0744525547445255
2021-09-07	3160	3230	3000	3175	258247	0.001577287066246047
2021-09-08	3190	3225	2970	2980	172910	-0.06141732283464563
2021-09-09	2995	3225	2995	3090	313264	0.03691275167785224
2021-09-10	3145	3355	3140	3315	624623	0.07281553398058249
2021-09-13	3500	3510	2675	2735	1023076	-0.17496229260935148
2021-09-14	2685	2800	2575	2585	220412	-0.054844606946983565
2021-09-15	2610	3210	2585	2770	2419058	0.07156673114119916
2021-09-16	2705	2960	2675	2690	527678	-0.028880866425992746
2021-09-17	2650	2710	2620	2640	115949	-0.018587360594795488
2021-09-23	2640	2680	2530	2530	83203	-0.04166666666666663
2021-09-24	2530	2625	2420	2490	140591	-0.015810276679841917
2021-09-27	2500	2500	2445	2460	39358	-0.012048192771084376
2021-09-28	2485	2510	2380	2380	67251	-0.03252032520325199
2021-09-29	2325	2330	2255	2270	135358	-0.04621848739495793
2021-09-30	2265	2345	2260	2285	50248	0.0066079295154184425
2021-10-01	2325	2970	2290	2450	4356223	0.07221006564551424
2021-10-05	2420	2545	2380	2430	673755	-0.008163265306122436
2021-10-06	2455	2455	2230	2245	404586	-0.0761316872427984
2021-10-07	2245	2410	2245	2325	199068	0.03563474387527843
2021-10-08	2375	2375	2290	2320	153663	-0.0021505376344086446
2021-10-12	2330	2455	2290	2305	201572	-0.006465517241379337
2021-10-13	2345	2450	2290	2410	128808	0.045553145336225676
2021-10-14	2420	2480	2400	2420	90276	0.004149377593360981
2021-10-15	2500	2540	2410	2410	97326	-0.004132231404958664
2021-10-18	2465	2465	2385	2405	21315	-0.0020746887966804906
2021-10-19	2420	2695	2385	2555	737942	0.06237006237006226
2021-10-20	2560	2575	2500	2500	229238	-0.021526418786692814
2021-10-21	2505	2565	2490	2550	108816	0.020000000000000018
2021-10-22	2555	2630	2475	2530	132430	-0.007843137254901933
2021-10-25	2535	2575	2375	2445	141269	-0.03359683794466406
2021-10-26	2465	2465	2400	2435	61580	-0.004089979550102263
2021-10-27	2410	2455	2375	2410	31046	-0.010266940451745366
2021-10-28	2445	2450	2340	2340	54767	-0.02904564315352698
2021-10-29	2355	2365	2315	2315	36244	-0.010683760683760646
2021-11-01	2315	2395	2270	2330	44917	0.00647948164146861
2021-11-02	2300	2375	2300	2320	40411	-0.0042918454935622075
2021-11-03	2340	2345	2285	2320	19831	0.0
2021-11-04	2350	2350	2280	2290	39569	-0.012931034482758674
2021-11-05	2310	2310	2265	2265	39998	-0.01091703056768556
2021-11-08	2270	2310	2235	2260	42555	-0.002207505518763808
2021-11-09	2260	2310	2240	2255	34841	-0.0022123893805309214
2021-11-10	2260	2260	2210	2235	50330	-0.008869179600886956
2021-11-11	2225	2365	2205	2365	204644	0.058165548098433995
2021-11-12	2510	2515	2270	2295	187126	-0.029598308668076112
2021-11-15	2275	2355	2270	2330	40617	0.015250544662309462
2021-11-16	2330	2590	2305	2350	835870	0.008583690987124415
2021-11-17	2340	2375	2300	2320	95807	-0.012765957446808529
2021-11-18	2320	2360	2285	2320	72716	0.0
2021-11-19	2320	2320	2270	2285	70829	-0.015086206896551713
2021-11-22	2285	2345	2275	2295	35978	0.004376367614879584
2021-11-23	2300	2310	2270	2310	21414	0.006535947712418277
2021-11-24	2305	2320	2270	2300	19687	-0.0043290043290042934
2021-11-25	2300	2300	2260	2300	18521	0.0
2021-11-26	2300	2330	2250	2295	43636	-0.0021739130434782483
2021-11-29	2255	2270	2225	2265	54302	-0.013071895424836555
2021-11-30	2260	2285	2195	2200	48460	-0.028697571743929395
2021-12-01	2210	2235	2145	2185	127546	-0.006818181818181834
2021-12-02	2185	2185	2155	2185	30739	0.0
2021-12-03	2175	2180	2160	2180	40465	-0.0022883295194507935
2021-12-06	2180	2215	2160	2200	29687	0.00917431192660545
2021-12-07	2200	2200	2170	2180	10407	-0.009090909090909038
2021-12-08	2180	2220	2180	2210	36039	0.013761467889908285
2021-12-09	2225	2280	2190	2280	124641	0.03167420814479649
2021-12-10	2435	2675	2290	2290	1057310	0.004385964912280604
2021-12-13	2300	2330	2240	2300	119214	0.004366812227074135
2021-12-14	2300	2460	2265	2355	296508	0.023913043478260843
2021-12-15	2325	2350	2300	2315	97845	-0.01698513800424628
2021-12-16	2320	2320	2255	2280	100941	-0.015118790496760237
2021-12-17	2280	2305	2255	2275	18524	-0.002192982456140302
2021-12-20	2250	2300	2250	2255	20947	-0.00879120879120876
2021-12-21	2250	2290	2220	2250	20628	-0.0022172949002217113
2021-12-22	2250	2290	2245	2270	28071	0.008888888888888946
2021-12-23	2250	2300	2250	2280	17629	0.004405286343612369
2021-12-24	2260	2310	2255	2260	14535	-0.00877192982456143
2021-12-27	2240	2300	2225	2250	36125	-0.004424778761061954
2021-12-28	2275	2275	2230	2275	15258	0.011111111111111072
2021-12-29	2240	2270	2240	2265	18291	-0.00439560439560438
2021-12-30	2325	2330	2275	2300	56738	0.015452538631346657
2022-01-03	2290	2310	2265	2270	34963	-0.013043478260869601
2022-01-04	2290	2380	2270	2360	130351	0.0396475770925111
2022-01-05	2330	2370	2285	2310	43105	-0.021186440677966156
2022-01-06	2285	2325	2275	2300	34117	-0.0043290043290042934
2022-01-07	2300	2305	2280	2305	9991	0.0021739130434783593
2022-01-10	2305	2305	2255	2260	44872	-0.0195227765726681
2022-01-11	2310	2320	2250	2300	48785	0.017699115044247815
2022-01-12	2295	2315	2270	2300	16223	0.0
2022-01-13	2280	2315	2270	2305	7535	0.0021739130434783593
2022-01-14	2305	2315	2260	2290	20481	-0.006507592190889366
2022-01-17	2290	2315	2270	2290	4223	0.0
2022-01-18	2300	2315	2240	2240	42527	-0.02183406113537123
2022-01-19	2220	2240	2205	2220	44479	-0.008928571428571397
2022-01-20	2245	2245	2205	2220	7280	0.0
2022-01-21	2245	2245	2210	2230	16249	0.0045045045045044585
2022-01-24	2185	2230	2185	2205	14084	-0.011210762331838597
2022-01-25	2180	2225	2160	2180	44356	-0.0113378684807256
2022-01-26	2200	2200	2165	2175	17561	-0.002293577981651418
2022-01-27	2180	2195	2140	2160	62522	-0.006896551724137945
2022-01-28	2160	2180	2145	2165	20338	0.0023148148148148806
2022-02-03	2190	2190	2155	2175	24165	0.004618937644341736
2022-02-04	2200	2200	2155	2175	47778	0.0
2022-02-07	2200	2420	2175	2255	495087	0.0367816091954023
2022-02-08	2275	2295	2235	2260	53527	0.0022172949002217113
2022-02-09	2270	2285	2235	2265	23896	0.0022123893805310324
2022-02-10	2240	2265	2210	2240	28487	-0.01103752759381893
2022-02-11	2215	2250	2195	2200	54859	-0.017857142857142905
2022-02-14	2190	2220	2165	2195	36114	-0.002272727272727315
2022-02-15	2220	2220	2175	2195	18559	0.0
2022-02-16	2200	2335	2185	2265	110131	0.03189066059225509
2022-02-17	2310	2310	2225	2270	22448	0.002207505518763808
2022-02-18	2290	2290	2225	2250	27091	-0.008810572687224627
2022-02-21	2240	2270	2215	2265	19008	0.006666666666666599
2022-02-22	2225	2245	2200	2205	17480	-0.026490066225165587
2022-02-23	2185	2225	2185	2190	22594	-0.006802721088435382
2022-02-24	2215	2215	2180	2205	20721	0.006849315068493178
2022-02-25	2215	2215	2185	2195	9439	-0.0045351473922902175
2022-02-28	2220	2220	2185	2185	8136	-0.004555808656036442
2022-03-02	2185	2200	2180	2200	9045	0.006864988558352492
2022-03-03	2205	2205	2160	2200	14691	0.0
2022-03-04	2215	2215	2180	2200	15163	0.0
2022-03-07	2225	2225	2180	2185	4295	-0.006818181818181834
2022-03-08	2200	2200	2175	2190	14222	0.0022883295194509046
2022-03-10	2190	2190	2175	2185	18428	-0.0022831050228310223
2022-03-11	2210	2210	2175	2180	11859	-0.0022883295194507935
2022-03-14	2180	2185	2175	2175	7207	-0.002293577981651418
2022-03-15	2215	2215	2175	2195	8393	0.009195402298850519
2022-03-16	2210	2210	2160	2195	25995	0.0
2022-03-17	2235	2235	2175	2220	14551	0.011389521640091216
2022-03-18	2235	2375	2190	2250	238529	0.013513513513513598
2022-03-21	2250	2925	2220	2635	6094139	0.1711111111111112
2022-03-22	2550	2570	2335	2355	1492709	-0.10626185958254264
2022-03-23	2345	2365	2305	2350	389422	-0.002123142250530785
2022-03-24	2350	2390	2315	2340	132162	-0.004255319148936176
2022-03-25	2340	2340	2290	2335	127876	-0.002136752136752129
2022-03-28	2355	2355	2280	2330	75541	-0.0021413276231263545
2022-03-29	2345	2360	2300	2320	87864	-0.0042918454935622075
2022-03-30	2310	2350	2300	2335	78270	0.006465517241379226
2022-03-31	2325	2335	2295	2300	91645	-0.01498929336188437
2022-04-01	2285	2325	2280	2310	48216	0.004347826086956497
2022-04-04	2300	2325	2295	2315	24430	0.0021645021645022577
2022-04-05	2305	2320	2270	2305	73029	-0.004319654427645814
2022-04-06	2290	2375	2290	2365	49605	0.026030368763557465
2022-04-07	2330	2440	2305	2320	447824	-0.019027484143763207
2022-04-08	2320	2370	2315	2350	173756	0.012931034482758674
2022-04-11	2355	2485	2330	2425	266141	0.03191489361702127
2022-04-12	2455	2510	2355	2390	269301	-0.014432989690721598
2022-04-13	2390	2420	2335	2350	101816	-0.01673640167364021
2022-04-14	2335	2370	2310	2330	91486	-0.008510638297872353
2022-04-15	2320	2345	2295	2320	69567	-0.0042918454935622075
2022-04-18	2310	2340	2310	2315	53509	-0.0021551724137931494
2022-04-19	2315	2355	2305	2330	14510	0.00647948164146861
2022-04-20	2345	2360	2310	2350	81645	0.008583690987124415
2022-04-21	2350	2350	2315	2345	27537	-0.0021276595744680327
2022-04-22	2370	2370	2325	2360	45580	0.006396588486140775
2022-04-25	2325	2390	2325	2390	70242	0.012711864406779627
2022-04-26	2375	2390	2355	2370	28477	-0.008368200836820106
2022-04-27	2350	2360	2320	2340	43568	-0.012658227848101222
2022-04-28	2360	2360	2310	2330	37228	-0.004273504273504258
2022-04-29	2330	2360	2315	2350	20718	0.008583690987124415
2022-05-02	2350	2350	2325	2350	13627	0.0
2022-05-03	2360	2360	2330	2335	12618	-0.006382978723404209
2022-05-04	2325	2360	2320	2340	16228	0.0021413276231263545
2022-05-06	2360	2360	2315	2330	9971	-0.004273504273504258
2022-05-09	2320	2350	2310	2315	19702	-0.006437768240343367
2022-05-10	2305	2335	2275	2300	45327	-0.006479481641468721
2022-05-11	2340	2340	2290	2290	17755	-0.004347826086956497
2022-05-12	2310	2345	2275	2335	32095	0.01965065502183405
2022-05-13	2335	2340	2305	2340	22638	0.0021413276231263545
2022-05-16	2320	2360	2320	2360	7434	0.008547008547008517
2022-05-17	2335	2380	2335	2375	22361	0.006355932203389925
2022-05-18	2380	2380	2350	2365	5524	-0.004210526315789442
2022-05-19	2370	2370	2310	2355	13408	-0.0042283298097252064
2022-05-20	2355	2355	2330	2345	11960	-0.00424628450106157
2022-05-23	2355	2355	2305	2340	13174	-0.002132196162046962
2022-05-24	2380	2380	2320	2340	8911	0.0
2022-05-25	2355	2425	2315	2385	54098	0.019230769230769162
2022-05-26	2385	2385	2350	2380	21250	-0.002096436058700246
2022-05-27	2350	2390	2335	2360	11240	-0.008403361344537785
2022-05-30	2360	2380	2325	2380	17501	0.008474576271186418
2022-05-31	2365	2365	2335	2335	11850	-0.018907563025210128
2022-06-02	2325	2365	2305	2330	79394	-0.0021413276231263545
2022-06-03	2380	2415	2315	2330	114056	0.0
2022-06-07	2330	2525	2330	2490	519931	0.06866952789699576
2022-06-08	2485	2580	2420	2540	190623	0.02008032128514059
2022-06-09	2535	2595	2500	2555	205849	0.0059055118110236116
2022-06-10	2520	2560	2465	2480	55073	-0.02935420743639927
2022-06-13	2420	2455	2385	2390	34108	-0.03629032258064513
2022-06-14	2415	2490	2355	2420	79254	0.012552301255230214
2022-06-15	2430	2430	2320	2325	36595	-0.039256198347107474
2022-06-16	2320	2355	2315	2340	27652	0.006451612903225712
2022-06-17	2310	2345	2290	2310	26404	-0.012820512820512775
2022-06-20	2335	2335	2270	2305	30815	-0.0021645021645021467
2022-06-21	2335	2335	2260	2265	25122	-0.017353579175705014
2022-06-22	2280	2280	2235	2245	25977	-0.008830022075055233
2022-06-23	2280	2280	2215	2240	27021	-0.00222717149220486
2022-06-24	2250	2270	2220	2240	14146	0.0
2022-06-27	2275	2275	2215	2235	10901	-0.0022321428571429047
2022-06-28	2275	2275	2205	2250	22581	0.006711409395973256
2022-06-29	2260	2260	2205	2205	8195	-0.020000000000000018
2022-06-30	2215	2285	2215	2240	11778	0.015873015873015817
2022-07-01	2280	2280	2215	2235	6436	-0.0022321428571429047
2022-07-04	2285	2285	2220	2230	7374	-0.0022371364653244186
2022-07-05	2250	2270	2220	2230	7453	0.0
2022-07-06	2295	2295	2200	2245	14240	0.006726457399103047
2022-07-07	2260	2260	2200	2245	8620	0.0
2022-07-08	2280	2280	2215	2265	3923	0.008908685968819663
2022-07-11	2295	2485	2210	2355	191184	0.039735099337748325
2022-07-12	2395	2490	2335	2435	197439	0.03397027600849256
2022-07-13	2440	2530	2335	2360	116776	-0.030800821355236097
2022-07-14	2400	2400	2310	2315	20944	-0.01906779661016944
