Date	Open	High	Low	Close	Volume	Change
2022-03-03	9670	11300	9160	9210	9988341	
2022-03-04	9000	9060	8170	8450	1267414	-0.08251900108577637
2022-03-07	8460	9470	8200	8510	1925144	0.007100591715976323
2022-03-08	8140	8320	8040	8050	475520	-0.05405405405405406
2022-03-10	8200	8210	7870	7900	285760	-0.018633540372670843
2022-03-11	7870	8000	7620	7700	254120	-0.025316455696202556
2022-03-14	7660	7690	7390	7430	221457	-0.03506493506493502
2022-03-15	7430	7800	7420	7480	255442	0.006729475100942128
2022-03-16	7540	7640	7400	7400	134013	-0.010695187165775444
2022-03-17	7490	7550	7400	7400	129173	0.0
2022-03-18	7450	7700	7420	7600	206165	0.027027027027026973
2022-03-21	7540	7740	7510	7570	147639	-0.003947368421052588
2022-03-22	7520	7790	7510	7700	108979	0.017173051519154603
2022-03-23	7700	7810	7600	7660	104031	-0.0051948051948051965
2022-03-24	7770	8160	7750	8040	506147	0.04960835509138373
2022-03-25	7920	7970	7750	7750	163714	-0.03606965174129351
2022-03-28	7710	7720	7510	7560	104021	-0.024516129032258083
2022-03-29	7650	7650	7520	7520	61609	-0.005291005291005346
2022-03-30	7560	7670	7500	7530	77240	0.0013297872340425343
2022-03-31	7530	7700	7500	7570	68196	0.005312084993359889
2022-04-01	7580	7820	7530	7770	118959	0.026420079260237816
2022-04-04	7760	7800	7650	7700	57839	-0.009009009009009028
2022-04-05	7700	7770	7650	7680	55839	-0.0025974025974025983
2022-04-06	7770	7990	7680	7680	181925	0.0
2022-04-07	7690	7770	7620	7670	67061	-0.0013020833333333703
2022-04-08	7660	7700	7550	7560	51689	-0.014341590612777066
2022-04-11	7510	7690	7500	7520	48728	-0.005291005291005346
2022-04-12	7490	7540	7430	7480	40927	-0.005319148936170248
2022-04-13	7530	7690	7450	7640	34815	0.021390374331550888
2022-04-14	7680	7690	7500	7540	35917	-0.01308900523560208
2022-04-15	7540	7790	7440	7620	96733	0.010610079575596787
2022-04-18	7630	8300	7590	7940	829120	0.04199475065616798
2022-04-19	7820	8140	7800	7860	465927	-0.010075566750629705
2022-04-20	7880	8080	7780	7960	141658	0.012722646310432628
2022-04-21	8070	8230	7850	7880	328829	-0.01005025125628145
2022-04-22	7880	7900	7710	7750	99540	-0.016497461928933976
2022-04-25	7650	7750	7480	7480	95666	-0.03483870967741931
2022-04-26	7530	7740	7490	7500	82839	0.002673796791443861
2022-04-27	7350	7350	7070	7220	91249	-0.03733333333333333
2022-04-28	7220	7340	7140	7240	44252	0.0027700831024930483
2022-04-29	7350	7390	7200	7250	26234	0.0013812154696133394
2022-05-02	7150	7250	7110	7190	22106	-0.008275862068965467
2022-05-03	7160	7270	7140	7170	30630	-0.0027816411682892728
2022-05-04	7140	7410	7120	7180	46813	0.001394700139470073
2022-05-06	7090	7220	7010	7040	38615	-0.01949860724233987
2022-05-09	7220	7240	6950	6990	46576	-0.007102272727272707
2022-05-10	6830	6870	6690	6690	113264	-0.0429184549356223
2022-05-11	6690	6810	6610	6620	45623	-0.010463378176382654
2022-05-12	6540	6600	6130	6170	83476	-0.06797583081571001
2022-05-13	6180	6380	6180	6330	21790	0.025931928687196182
2022-05-16	6430	6520	6280	6280	25385	-0.00789889415481837
2022-05-17	6280	6430	6220	6420	25074	0.022292993630573354
2022-05-18	6480	6500	6400	6410	18814	-0.0015576323987538387
2022-05-19	6290	6390	6230	6350	16052	-0.009360374414976613
2022-05-20	6450	6500	6280	6500	24580	0.023622047244094446
2022-05-23	6570	6600	6490	6540	23796	0.006153846153846176
2022-05-24	6540	6600	6370	6470	29096	-0.010703363914373099
2022-05-25	6500	6570	6410	6510	23636	0.0061823802163833985
2022-05-26	6510	6600	6390	6390	33920	-0.018433179723502335
2022-05-27	6540	6540	6360	6360	15507	-0.0046948356807511304
2022-05-30	6370	6560	6370	6500	19692	0.022012578616352307
2022-05-31	6600	7360	6550	6790	401094	0.04461538461538472
2022-06-02	6790	6900	6670	6670	51328	-0.0176730486008837
2022-06-03	6700	6750	6640	6710	23681	0.0059970014992503096
2022-06-07	6640	6760	6430	6530	37622	-0.026825633383010472
2022-06-08	6520	6530	6390	6490	22458	-0.006125574272588086
2022-06-09	6470	6470	6290	6400	27879	-0.013867488443759624
2022-06-10	6580	8100	6450	7050	3274274	0.1015625
2022-06-13	6740	6990	6170	6170	384659	-0.12482269503546095
2022-06-14	6000	7610	5930	7300	4863349	0.1831442463533226
2022-06-15	7590	8550	7250	7690	6240382	0.05342465753424652
2022-06-16	7990	8460	7850	7910	2378196	0.02860858257477239
2022-06-17	7620	8390	7550	8260	1487551	0.04424778761061954
2022-06-20	8190	8350	7250	7420	865080	-0.10169491525423724
2022-06-21	7550	8930	7310	8530	6052378	0.1495956873315365
2022-06-22	8520	10450	8380	9530	13741736	0.1172332942555685
2022-06-23	9080	9190	7810	8160	1424891	-0.14375655823714584
2022-06-24	8300	10400	8150	9740	10561725	0.19362745098039214
2022-06-27	10500	11350	9880	9950	5533398	0.021560574948665368
2022-06-28	9800	10150	9430	9580	1464413	-0.03718592964824119
2022-06-29	9400	10100	9390	9500	1911275	-0.008350730688935326
2022-06-30	9650	10250	9500	9660	1850722	0.01684210526315799
2022-07-01	9520	9650	8730	8780	583044	-0.09109730848861286
2022-07-04	9450	9990	8780	9210	3296742	0.048974943052391806
2022-07-05	9210	9810	8950	9700	1529239	0.053203040173724236
2022-07-06	9620	10300	9610	9850	2207673	0.015463917525773141
2022-07-07	9990	10000	9380	9480	560326	-0.03756345177664977
2022-07-08	9550	9830	9120	9230	523803	-0.026371308016877593
2022-07-11	9300	9380	8930	8960	297752	-0.029252437703141898
2022-07-12	8850	8930	8180	8400	391685	-0.0625
2022-07-13	8330	8470	8070	8080	257111	-0.03809523809523807
2022-07-14	8050	8050	7620	7820	418816	-0.03217821782178221
