Date	Open	High	Low	Close	Volume	Change
2022-06-23	14600	15700	10300	11000	10132269	
2022-06-24	11100	11500	10200	10950	2261936	-0.004545454545454519
2022-06-27	11600	11950	11100	11300	2695483	0.03196347031963476
2022-06-28	11800	12850	11500	12100	4532256	0.07079646017699126
2022-06-29	11600	11900	11150	11750	1694389	-0.02892561983471076
2022-06-30	11700	12050	11250	11750	1664858	0.0
2022-07-01	12350	12600	11550	11800	3898742	0.004255319148936065
2022-07-04	11800	11950	10750	10950	1050931	-0.07203389830508478
2022-07-05	11100	11600	10950	11300	1114770	0.03196347031963476
2022-07-06	11450	12000	11250	11400	1582762	0.008849557522123908
2022-07-07	11600	11800	10950	11200	896315	-0.01754385964912286
2022-07-08	11400	11750	11250	11700	1012196	0.044642857142857206
2022-07-11	11650	11700	11100	11150	549772	-0.047008547008547064
2022-07-12	11000	11100	10350	10350	696221	-0.0717488789237668
2022-07-13	10250	10500	10150	10400	354526	0.004830917874396157
2022-07-14	10350	10400	10050	10100	311423	-0.028846153846153855
