Date	Open	High	Low	Close	Volume	Change
2021-10-29	18900	18900	14200	14300	5331995	
2021-11-01	14300	15450	13850	14650	2444950	0.02447552447552437
2021-11-02	15200	15650	14700	14850	1030903	0.013651877133105783
2021-11-03	14850	15250	14300	14850	578596	0.0
2021-11-04	15150	15400	14900	15050	686432	0.013468013468013407
2021-11-05	14900	15950	14900	15300	674204	0.01661129568106312
2021-11-08	15250	15300	14550	14900	328208	-0.02614379084967322
2021-11-09	15050	15100	14250	14500	368555	-0.02684563758389258
2021-11-10	14450	14550	14100	14300	183096	-0.01379310344827589
2021-11-11	14200	14250	13150	13400	620624	-0.06293706293706292
2021-11-12	13650	14000	13550	13800	171226	0.029850746268656803
2021-11-15	13900	13950	13600	13700	107251	-0.007246376811594235
2021-11-16	13650	15500	13450	14700	666100	0.07299270072992692
2021-11-17	14800	15100	14150	14850	278959	0.010204081632652962
2021-11-18	14850	15100	14350	14600	347031	-0.01683501683501687
2021-11-19	14750	16500	14700	15800	1539781	0.08219178082191791
2021-11-22	15950	16050	15250	15250	292860	-0.034810126582278444
2021-11-23	15300	15900	14400	14750	396866	-0.032786885245901676
2021-11-24	14750	17000	14750	17000	1359712	0.15254237288135597
2021-11-25	16700	17450	16300	16600	644450	-0.02352941176470591
2021-11-26	16950	17200	15700	15700	711031	-0.054216867469879526
2021-11-29	15200	15800	15000	15300	300428	-0.02547770700636942
2021-11-30	15700	15850	14450	14750	266461	-0.03594771241830064
2021-12-01	15000	15150	14450	14900	144184	0.01016949152542379
2021-12-02	14750	15150	14350	14850	153622	-0.003355704697986628
2021-12-03	15050	15900	14850	15300	231535	0.030303030303030276
2021-12-06	15150	15450	14950	15000	119904	-0.019607843137254943
2021-12-07	15100	15100	14500	14700	159978	-0.020000000000000018
2021-12-08	14900	14950	14550	14800	168741	0.006802721088435382
2021-12-09	14650	14950	14650	14700	107371	-0.006756756756756799
2021-12-10	14800	15650	14700	15200	301690	0.03401360544217691
2021-12-13	15300	15350	14850	15000	128548	-0.013157894736842146
2021-12-14	14900	15500	14650	15200	250468	0.01333333333333342
2021-12-15	15200	15550	14750	14750	147587	-0.02960526315789469
2021-12-16	14900	14950	14500	14550	163825	-0.013559322033898313
2021-12-17	14550	14700	14400	14500	59447	-0.0034364261168384758
2021-12-20	14550	14550	14100	14150	119089	-0.024137931034482807
2021-12-21	14200	14400	13850	14300	48433	0.010600706713780994
2021-12-22	14350	14500	14150	14150	95081	-0.010489510489510523
2021-12-23	14250	14350	13900	14100	73832	-0.0035335689045936647
2021-12-24	14150	14250	13850	14000	72491	-0.007092198581560294
2021-12-27	14000	14150	13600	13750	158980	-0.017857142857142905
2021-12-28	13750	14000	13400	13800	163030	0.0036363636363636598
2021-12-29	13700	14400	13700	14250	81499	0.032608695652173836
2021-12-30	14350	14450	14050	14350	75071	0.007017543859649145
2022-01-03	14500	14500	14200	14400	34949	0.0034843205574912606
2022-01-04	14400	14750	14300	14750	112091	0.02430555555555558
2022-01-05	14800	15500	14650	15200	310839	0.03050847457627115
2022-01-06	14750	15100	14250	14550	273962	-0.042763157894736836
2022-01-07	14500	14650	14350	14450	63804	-0.0068728522336769515
2022-01-10	14450	14450	14100	14300	47603	-0.01038062283737029
2022-01-11	14300	14400	13900	14150	60565	-0.010489510489510523
2022-01-12	14150	14300	13900	13950	127551	-0.014134275618374548
2022-01-13	13900	14050	13600	14000	153445	0.0035842293906809264
2022-01-14	14000	14000	13550	13650	95935	-0.025000000000000022
2022-01-17	13650	14300	13450	13450	106129	-0.0146520146520146
2022-01-18	13450	13600	13000	13100	148053	-0.026022304832713727
2022-01-19	13200	13450	12850	13350	82705	0.01908396946564883
2022-01-20	13200	13550	13150	13450	50051	0.0074906367041198685
2022-01-21	13450	13500	13000	13100	62027	-0.026022304832713727
2022-01-24	12950	13150	12250	12250	142547	-0.06488549618320616
2022-01-25	12250	12400	11800	11950	109528	-0.024489795918367308
2022-01-26	11950	13750	11950	12400	231892	0.03765690376569042
2022-01-27	12450	12550	11800	12000	116849	-0.032258064516129004
2022-01-28	12100	12150	11800	12100	91337	0.008333333333333304
2022-02-03	12100	12150	11700	11800	232216	-0.024793388429752095
2022-02-04	11750	12050	11650	12000	137399	0.016949152542372836
2022-02-07	12050	12100	11850	12000	78527	0.0
2022-02-08	11950	12300	11900	12050	76622	0.004166666666666652
2022-02-09	12150	12400	12050	12250	78447	0.016597510373443924
2022-02-10	12300	12300	12000	12050	80901	-0.01632653061224487
2022-02-11	11950	12250	11800	12200	93035	0.012448132780082943
2022-02-14	12100	12200	11850	12050	97553	-0.012295081967213073
2022-02-15	12000	12150	11750	11750	71945	-0.024896265560165998
2022-02-16	11800	12100	11800	12100	51284	0.029787234042553123
2022-02-17	12050	12500	11850	12200	131942	0.008264462809917328
2022-02-18	12100	12350	11950	12300	56682	0.008196721311475308
2022-02-21	12200	12500	12100	12300	64696	0.0
2022-02-22	12100	13000	12050	12300	162260	0.0
2022-02-23	12400	13100	12400	13100	153271	0.06504065040650397
2022-02-24	13000	13200	12400	12550	102292	-0.041984732824427495
2022-02-25	12700	13150	12700	12950	76033	0.031872509960159334
2022-02-28	12850	13450	12850	13150	50149	0.015444015444015413
2022-03-02	13050	13250	12900	13050	36622	-0.0076045627376425395
2022-03-03	13100	13300	12850	12850	68674	-0.01532567049808431
2022-03-04	12850	13350	12600	13200	70714	0.027237354085603016
2022-03-07	13200	13350	12950	12950	28392	-0.018939393939393923
2022-03-08	12800	13150	12550	13000	57071	0.0038610038610038533
2022-03-10	13150	13750	13050	13700	156697	0.05384615384615388
2022-03-11	13700	13900	13550	13650	187986	-0.0036496350364964014
2022-03-14	13650	13650	13250	13400	53826	-0.01831501831501836
2022-03-15	13400	13750	13300	13350	67891	-0.003731343283582045
2022-03-16	13550	13650	13200	13500	45662	0.011235955056179803
2022-03-17	13700	14000	13450	13800	92116	0.022222222222222143
2022-03-18	13950	14300	13700	14300	247504	0.03623188405797095
2022-03-21	14300	14550	14000	14250	91965	-0.0034965034965035446
2022-03-22	14200	14550	13950	14450	125797	0.01403508771929829
2022-03-23	15250	15300	14500	14500	538155	0.0034602076124568004
2022-03-24	14500	14850	14200	14600	86301	0.006896551724137945
2022-03-25	14500	14750	14300	14700	67079	0.006849315068493178
2022-03-28	14900	15000	14400	14900	162150	0.013605442176870763
2022-03-29	14900	15050	14800	14850	46932	-0.003355704697986628
2022-03-30	14850	15000	14650	14700	57841	-0.010101010101010055
2022-03-31	14700	14750	14350	14400	81464	-0.020408163265306145
2022-04-01	14300	14950	14300	14900	84643	0.03472222222222232
2022-04-04	14900	15000	14700	14900	48061	0.0
2022-04-05	14850	14850	14550	14600	36450	-0.020134228187919434
2022-04-06	14450	14550	13900	13950	104057	-0.044520547945205435
2022-04-07	13950	14050	13450	13700	91120	-0.017921146953404965
2022-04-08	13800	14100	13550	13700	42144	0.0
2022-04-11	13700	13800	13300	13300	89835	-0.029197080291970767
2022-04-12	13050	13450	12750	13400	132697	0.007518796992481258
2022-04-13	13400	13600	13400	13600	30253	0.014925373134328401
2022-04-14	13600	13750	13450	13650	32636	0.003676470588235281
2022-04-15	13550	13950	13550	13750	41550	0.0073260073260073
2022-04-18	13850	13850	13450	13500	25715	-0.018181818181818188
2022-04-19	13600	14050	13400	13450	65341	-0.0037037037037036535
2022-04-20	13400	13500	13250	13350	21668	-0.0074349442379182396
2022-04-21	13350	13550	13250	13350	19538	0.0
2022-04-22	13400	13950	13300	13800	53659	0.03370786516853941
2022-04-25	13600	14000	13600	13700	33094	-0.007246376811594235
2022-04-26	13800	14200	13700	13850	50823	0.010948905109489093
2022-04-27	13500	14050	13500	13800	49102	-0.0036101083032491488
2022-04-28	13850	14150	13800	14100	65742	0.021739130434782705
2022-04-29	14100	14450	13950	14400	81549	0.02127659574468077
2022-05-02	14100	14400	14000	14350	83212	-0.00347222222222221
2022-05-03	14400	14800	14200	14500	89188	0.010452961672473782
2022-05-04	14650	15050	14450	14700	175081	0.01379310344827589
2022-05-06	14600	14850	14350	14550	49980	-0.010204081632653073
2022-05-09	14700	14750	14100	14100	54137	-0.030927835051546393
2022-05-10	13800	14300	13750	14050	65721	-0.0035460992907800915
2022-05-11	14150	14200	13800	13900	35798	-0.010676156583629859
2022-05-12	13750	13900	13000	13200	135694	-0.05035971223021585
2022-05-13	13350	13800	13200	13500	73029	0.022727272727272707
2022-05-16	13500	13700	13300	13350	43974	-0.011111111111111072
2022-05-17	13400	13600	13150	13400	62101	0.0037453183520599342
2022-05-18	13400	13750	13300	13500	56921	0.00746268656716409
2022-05-19	13300	13500	13150	13500	37533	0.0
2022-05-20	13400	13700	13400	13450	55186	-0.0037037037037036535
2022-05-23	13400	13600	13250	13450	38869	0.0
2022-05-24	13450	13600	13100	13100	58606	-0.026022304832713727
2022-05-25	13100	13400	12950	13100	28113	0.0
2022-05-26	13150	13350	12950	13000	35577	-0.007633587786259555
2022-05-27	13100	13200	13000	13000	15400	0.0
2022-05-30	13200	13200	12950	12950	57950	-0.0038461538461538325
2022-05-31	12950	13050	12900	13000	21627	0.0038610038610038533
2022-06-02	13000	13100	12850	12900	21642	-0.007692307692307665
2022-06-03	13050	13100	12800	12950	26198	0.003875968992248069
2022-06-07	12850	13100	12800	12950	21525	0.0
2022-06-08	12950	13300	12900	12950	11330	0.0
2022-06-09	12900	13100	12500	12650	44520	-0.02316602316602312
2022-06-10	12600	12800	12450	12700	13270	0.0039525691699604515
2022-06-13	12350	12650	11950	12350	73332	-0.027559055118110187
2022-06-14	12150	12550	11600	12350	86479	0.0
2022-06-15	12400	12700	11500	11500	102496	-0.06882591093117407
2022-06-16	11800	12150	11500	11900	114106	0.034782608695652195
2022-06-17	11650	12000	11450	11900	28612	0.0
2022-06-20	12050	12050	11400	11750	39077	-0.012605042016806678
2022-06-21	11800	12000	11600	11800	19687	0.004255319148936065
2022-06-22	12000	12000	11400	11400	27642	-0.03389830508474578
2022-06-23	11400	11700	10300	10550	115053	-0.07456140350877194
2022-06-24	10450	11150	10400	10900	53013	0.033175355450236976
2022-06-27	11000	11450	10900	11450	24282	0.050458715596330306
2022-06-28	11550	11550	11150	11250	8703	-0.017467248908296984
2022-06-29	11450	11500	11150	11450	21866	0.01777777777777767
2022-06-30	11600	11650	11150	11300	24713	-0.013100436681222738
2022-07-01	11300	11500	11000	11150	58155	-0.013274336283185861
2022-07-04	11250	11250	10950	11150	30835	0.0
2022-07-05	11200	11750	11100	11350	62356	0.017937219730941756
2022-07-06	11350	12050	11200	11900	70995	0.048458149779735615
2022-07-07	12050	12050	11600	11600	31141	-0.025210084033613467
2022-07-08	11750	11900	11500	11500	23853	-0.008620689655172376
2022-07-11	11650	11800	11250	11300	29165	-0.017391304347826098
2022-07-12	11400	11400	10500	10800	102125	-0.04424778761061943
2022-07-13	10700	11200	10700	11000	38815	0.0185185185185186
2022-07-14	11000	11250	10700	11000	65844	0.0
