Date	Open	High	Low	Close	Volume	Change
2021-06-17	4000	5200	4000	5200	1056451	
2021-06-18	6760	6760	6760	6760	170644	0.30000000000000004
2021-06-21	8780	8780	8700	8780	3594408	0.29881656804733736
2021-06-22	9500	11400	9450	11400	26493946	0.2984054669703873
2021-06-23	12000	12450	9890	9890	11927555	-0.13245614035087716
2021-06-24	9760	10850	9280	9390	7063658	-0.05055611729019216
2021-06-25	9770	10100	8820	8970	3803646	-0.04472843450479236
2021-06-28	8800	9410	8560	8800	2496388	-0.018952062430323324
2021-06-29	8850	9400	8630	8800	2336543	0.0
2021-06-30	8900	8930	8460	8530	860096	-0.030681818181818143
2021-07-01	8530	8800	8320	8450	1093632	-0.009378663540445475
2021-07-02	8450	8630	8190	8500	1185542	0.00591715976331364
2021-07-05	8530	8720	8410	8550	924913	0.00588235294117645
2021-07-06	8550	8720	8310	8720	702478	0.019883040935672502
2021-07-07	8480	8690	8360	8360	496793	-0.041284403669724745
2021-07-08	8130	8270	7860	7940	431265	-0.05023923444976075
2021-07-09	8000	8490	7650	8000	558005	0.007556675062972307
2021-07-12	7950	7960	7620	7620	255090	-0.04749999999999999
2021-07-13	7610	7760	7120	7210	435839	-0.0538057742782152
2021-07-14	7180	7250	6970	7050	246052	-0.02219140083217752
2021-07-15	7010	7660	6880	6980	997177	-0.009929078014184411
2021-07-16	7100	8150	6950	7390	3903883	0.05873925501432664
2021-07-19	7320	7390	7000	7000	609045	-0.05277401894451961
2021-07-20	6900	7380	6770	6910	1008937	-0.0128571428571429
2021-07-21	6950	7170	6850	6920	256816	0.0014471780028944004
2021-07-22	6990	7070	6830	6830	191268	-0.013005780346820761
2021-07-23	6770	6960	6650	6700	209154	-0.019033674963396807
2021-07-26	6650	7360	6640	6940	1258232	0.035820895522387985
2021-07-27	6910	7030	6700	6720	338080	-0.03170028818443804
2021-07-28	6760	6880	6660	6660	217873	-0.008928571428571397
2021-07-29	6710	6800	6660	6670	97698	0.0015015015015014122
2021-07-30	6660	6720	6520	6550	130975	-0.01799100449775115
2021-08-02	6620	6620	6220	6340	101514	-0.032061068702290085
2021-08-03	6340	7200	6330	6530	1037744	0.029968454258675115
2021-08-04	6810	7130	6660	7130	771268	0.09188361408882084
2021-08-05	7100	7320	6910	7010	959207	-0.016830294530154277
2021-08-06	6920	7010	6800	6800	236346	-0.029957203994293913
2021-08-09	6800	6800	6430	6480	230605	-0.04705882352941182
2021-08-10	6500	6620	6270	6350	161910	-0.020061728395061706
2021-08-11	6360	6550	6240	6270	132290	-0.012598425196850394
2021-08-12	6200	6390	6130	6160	95655	-0.01754385964912286
2021-08-13	6230	6230	5850	5900	126502	-0.04220779220779225
2021-08-17	6000	6000	5600	5600	108222	-0.05084745762711862
2021-08-18	5540	5540	5400	5410	93205	-0.03392857142857142
2021-08-19	5570	5720	5340	5430	238045	0.003696857670979714
2021-08-20	5330	5420	4845	4960	188378	-0.0865561694290976
2021-08-23	4960	5010	4800	4965	73558	0.0010080645161290036
2021-08-24	4965	5130	4800	4995	76866	0.0060422960725075026
2021-08-25	5090	6490	4980	6490	3624008	0.2992992992992993
2021-08-26	6510	6970	5900	5910	5296696	-0.08936825885978428
2021-08-27	5990	6480	5660	5710	1261239	-0.03384094754653133
2021-08-30	5760	5870	5430	5450	331779	-0.045534150612959734
2021-08-31	5420	5970	5370	5540	808343	0.016513761467889854
2021-09-01	5630	5630	5410	5490	167175	-0.009025270758122761
2021-09-02	5510	5670	5450	5510	199075	0.0036429872495447047
2021-09-03	5580	5650	5400	5400	129606	-0.019963702359346636
2021-09-06	5400	5480	5280	5350	75142	-0.0092592592592593
2021-09-07	5320	5430	5260	5260	67116	-0.016822429906542036
2021-09-08	5260	5300	5140	5180	73462	-0.01520912547528519
2021-09-09	5120	5300	5120	5170	66185	-0.0019305019305019266
2021-09-10	5170	5510	5170	5260	249771	0.01740812379110257
2021-09-13	5330	5330	5120	5140	85636	-0.02281368821292773
2021-09-14	5140	5200	5080	5110	80902	-0.005836575875486361
2021-09-15	5110	5360	5050	5110	65349	0.0
2021-09-16	5120	5260	5090	5100	61662	-0.00195694716242667
2021-09-17	4905	5100	4905	4980	91730	-0.02352941176470591
2021-09-23	4930	5090	4925	4945	36546	-0.007028112449799173
2021-09-24	4945	4990	4890	4895	41921	-0.010111223458038388
2021-09-27	4895	4905	4785	4820	71914	-0.01532175689479065
2021-09-28	4965	5220	4620	4665	359926	-0.032157676348547715
2021-09-29	4595	4595	4450	4455	103187	-0.045016077170418
2021-09-30	4455	4820	4455	4465	74985	0.002244668911335568
2021-10-01	4580	5270	4445	4445	886874	-0.004479283314669624
2021-10-05	4485	4570	4200	4250	93435	-0.04386951631046121
2021-10-06	4310	4370	4050	4105	63226	-0.034117647058823475
2021-10-07	4065	4165	4065	4130	45088	0.006090133982947554
2021-10-08	4065	4175	4065	4075	39662	-0.013317191283293006
2021-10-12	4110	4110	4005	4040	27272	-0.008588957055214674
2021-10-13	4040	4650	4020	4300	327231	0.06435643564356441
2021-10-14	4255	4380	4215	4240	120101	-0.013953488372092981
2021-10-15	4660	4880	4305	4355	499210	0.027122641509433887
2021-10-18	4355	4415	4305	4360	34609	0.0011481056257176547
2021-10-19	4485	4495	4330	4375	101128	0.0034403669724769603
2021-10-20	4420	4510	4365	4450	50735	0.017142857142857126
2021-10-21	4495	4495	4350	4385	36701	-0.014606741573033655
2021-10-22	4385	4490	4350	4390	32584	0.0011402508551880963
2021-10-25	4390	4425	4340	4365	19925	-0.005694760820045608
2021-10-26	4335	4415	4320	4355	24219	-0.002290950744558984
2021-10-27	4365	4430	4255	4300	21992	-0.012629161882893203
2021-10-28	4300	4370	4270	4270	19123	-0.006976744186046546
2021-10-29	4270	4300	4155	4175	46055	-0.022248243559718994
2021-11-01	4155	4170	4075	4095	37851	-0.019161676646706538
2021-11-02	4150	4150	4085	4090	37716	-0.0012210012210012167
2021-11-03	4100	4190	4005	4100	32123	0.0024449877750611915
2021-11-04	4145	4145	4025	4085	25611	-0.003658536585365857
2021-11-05	4140	4140	4000	4000	36753	-0.020807833537331732
2021-11-08	4080	4080	3905	3975	27914	-0.006249999999999978
2021-11-09	4085	4085	3970	3975	16797	0.0
2021-11-10	3975	4030	3905	3905	26200	-0.017610062893081757
2021-11-11	3850	3905	3715	3780	38073	-0.03201024327784896
2021-11-12	3725	3890	3725	3790	48531	0.002645502645502562
2021-11-15	3850	3870	3700	3755	64149	-0.00923482849604218
2021-11-16	3815	4485	3770	4100	1325492	0.09187749667110512
2021-11-17	4100	4130	3900	3925	153962	-0.04268292682926833
2021-11-18	3905	3980	3765	3875	58771	-0.01273885350318471
2021-11-19	3875	3965	3800	3905	56671	0.007741935483871032
2021-11-22	3920	3920	3760	3770	55850	-0.03457106274007682
2021-11-23	3750	3995	3750	3810	51790	0.010610079575596787
2021-11-24	3810	3845	3670	3690	80179	-0.03149606299212604
2021-11-25	3655	3750	3655	3690	29551	0.0
2021-11-26	3685	3705	3570	3570	46370	-0.03252032520325199
2021-11-29	3410	3570	3350	3355	49650	-0.06022408963585435
2021-11-30	3360	3550	3105	3105	53107	-0.0745156482861401
2021-12-01	3105	3210	3050	3160	29172	0.017713365539452575
2021-12-02	3150	3285	3100	3225	42945	0.020569620253164667
2021-12-03	3150	3445	3150	3275	31256	0.015503875968992276
2021-12-06	3330	3390	3195	3270	24651	-0.0015267175572518665
2021-12-07	3270	3340	3250	3285	12584	0.004587155963302836
2021-12-08	3395	3410	3300	3320	20337	0.010654490106544845
2021-12-09	3395	3395	3325	3340	16528	0.006024096385542244
2021-12-10	3405	4165	3350	3660	1600535	0.09580838323353302
2021-12-13	3660	3760	3540	3630	148627	-0.008196721311475419
2021-12-14	3630	4295	3600	4060	2389489	0.11845730027548207
2021-12-15	3995	4080	3880	4040	249950	-0.0049261083743842304
2021-12-16	3980	4170	3605	3690	295968	-0.0866336633663366
2021-12-17	3680	3680	3355	3405	240653	-0.07723577235772361
2021-12-20	3410	3510	3270	3300	122823	-0.03083700440528636
2021-12-21	3280	3320	3100	3320	41362	0.0060606060606061
2021-12-22	3305	3610	3300	3360	306791	0.012048192771084265
2021-12-23	3400	3435	3300	3325	55526	-0.01041666666666663
2021-12-24	3355	3400	3310	3315	62345	-0.003007518796992459
2021-12-27	3285	3400	3285	3345	26698	0.009049773755656076
2021-12-28	3335	3375	3305	3370	34908	0.007473841554558991
2021-12-29	3380	3450	3375	3420	88506	0.014836795252225476
2021-12-30	3650	3795	3385	3385	329576	-0.010233918128654929
2022-01-03	3435	3435	3325	3390	53351	0.001477104874446189
2022-01-04	3390	3500	3380	3400	39769	0.002949852507374562
2022-01-05	3410	3440	3280	3350	49535	-0.014705882352941124
2022-01-06	3255	3375	3255	3290	36761	-0.017910447761193993
2022-01-07	3295	3360	3255	3265	33986	-0.0075987841945288626
2022-01-10	3265	3305	3160	3230	37464	-0.01071975497702915
2022-01-11	3200	3600	3170	3310	507865	0.024767801857585203
2022-01-12	3265	3310	3195	3240	68847	-0.02114803625377648
2022-01-13	3205	3280	3205	3210	27502	-0.0092592592592593
2022-01-14	3210	3305	3190	3200	64575	-0.0031152647975077885
2022-01-17	3275	3440	3190	3190	99968	-0.0031250000000000444
2022-01-18	3235	3235	3155	3155	39775	-0.010971786833855801
2022-01-19	3105	3235	3105	3145	23009	-0.0031695721077654726
2022-01-20	3110	3205	3110	3150	31096	0.0015898251192367763
2022-01-21	3195	3195	3120	3155	16839	0.0015873015873015817
2022-01-24	3155	3190	3070	3120	29203	-0.011093502377179099
2022-01-25	3120	3550	3070	3075	487188	-0.014423076923076872
2022-01-26	3020	3185	3020	3055	25920	-0.006504065040650375
2022-01-27	3065	3105	2950	2955	44472	-0.032733224222585955
2022-01-28	2980	3050	2900	3010	17367	0.01861252115059231
2022-02-03	3025	3055	2900	3030	23446	0.006644518272425293
2022-02-04	3030	3070	2995	3030	20457	0.0
2022-02-07	3080	3160	2980	3120	79994	0.02970297029702973
2022-02-08	3120	3135	3060	3080	25531	-0.012820512820512775
2022-02-09	3100	3120	3060	3095	10801	0.004870129870129913
2022-02-10	3095	3145	3075	3100	23173	0.001615508885298933
2022-02-11	3010	3105	3010	3080	19936	-0.006451612903225823
2022-02-14	3080	3080	3020	3020	14932	-0.01948051948051943
2022-02-15	3020	3080	2970	2980	19016	-0.013245033112582738
2022-02-16	2965	3060	2965	3035	25053	0.01845637583892623
2022-02-17	3030	3065	3010	3045	13131	0.0032948929159801743
2022-02-18	3080	3080	3010	3050	15558	0.0016420361247948545
2022-02-21	3065	3065	3005	3020	3477	-0.00983606557377048
2022-02-22	3015	3045	3005	3020	5923	0.0
2022-02-23	3050	3050	3010	3025	3444	0.0016556291390728006
2022-02-24	3045	3045	2940	2990	20735	-0.011570247933884281
2022-02-25	3030	3035	2915	3005	8026	0.0050167224080268635
2022-02-28	3005	3030	3000	3005	4953	0.0
2022-03-02	3005	3025	2930	3010	5505	0.0016638935108153063
2022-03-03	3010	3010	2985	3000	25766	-0.0033222591362126463
2022-03-04	3035	3035	2950	2985	20207	-0.0050000000000000044
2022-03-07	2950	3005	2950	2985	6838	0.0
2022-03-08	2985	2995	2900	2935	12008	-0.01675041876046901
2022-03-10	3000	3000	2905	2950	9494	0.005110732538330387
2022-03-11	2950	2955	2900	2920	21763	-0.01016949152542368
2022-03-14	2920	2960	2905	2920	8578	0.0
2022-03-15	2945	2955	2850	2920	10099	0.0
2022-03-16	2950	2950	2865	2925	10363	0.001712328767123239
2022-03-17	2960	3750	2940	3520	3025384	0.20341880341880336
2022-03-18	3475	4495	3420	4300	6770113	0.22159090909090917
2022-03-21	4255	5040	3850	3900	7431712	-0.09302325581395354
2022-03-22	3935	3980	3475	3545	1569897	-0.09102564102564104
2022-03-23	3475	3660	3350	3395	518489	-0.042313117066290595
2022-03-24	3360	3460	3275	3340	206336	-0.016200294550810068
2022-03-25	3310	3375	3270	3310	161185	-0.008982035928143728
2022-03-28	3310	3405	3220	3370	186069	0.01812688821752273
2022-03-29	3435	3560	3300	3320	228185	-0.014836795252225476
2022-03-30	3370	3435	3295	3410	117931	0.027108433734939652
2022-03-31	3360	3455	3335	3370	134806	-0.011730205278592365
2022-04-01	3340	3370	3270	3300	106696	-0.020771513353115778
2022-04-04	3290	3335	3255	3305	96120	0.0015151515151514694
2022-04-05	3310	3340	3260	3290	70934	-0.004538577912254205
2022-04-06	3255	3315	3235	3275	84478	-0.00455927051671734
2022-04-07	3230	4060	3155	3430	5284571	0.047328244274809084
2022-04-08	3440	4385	3440	4015	9517519	0.1705539358600583
2022-04-11	3890	4765	3880	4365	7730439	0.08717310087173091
2022-04-12	4720	4755	3800	3800	2839088	-0.12943871706758303
2022-04-13	3745	4440	3720	4010	4743353	0.0552631578947369
2022-04-14	4060	4120	3820	3855	1068783	-0.03865336658354113
2022-04-15	3815	4140	3790	3860	1220902	0.0012970168612191912
2022-04-18	3815	3955	3650	3680	488837	-0.04663212435233166
2022-04-19	3730	3750	3525	3605	345277	-0.020380434782608647
2022-04-20	3620	3800	3520	3560	628342	-0.012482662968099856
2022-04-21	3615	4625	3585	4625	7492397	0.2991573033707866
2022-04-22	5190	5390	4425	4560	11672276	-0.014054054054054022
2022-04-25	4470	5060	4230	4610	5383631	0.010964912280701844
2022-04-26	4500	4690	4310	4310	1497810	-0.06507592190889366
2022-04-27	4230	4355	4010	4040	765920	-0.06264501160092806
2022-04-28	4000	5100	4000	4400	8921516	0.08910891089108919
2022-04-29	4400	4670	4205	4290	1756030	-0.025000000000000022
2022-05-02	4290	4520	4230	4255	1062086	-0.00815850815850816
2022-05-03	4350	5090	4315	4635	6797116	0.08930669800235025
2022-05-04	4690	4755	4425	4610	1294737	-0.005393743257820938
2022-05-06	4715	4950	4480	4480	1678745	-0.02819956616052066
2022-05-09	4425	4655	4395	4400	563758	-0.017857142857142905
2022-05-10	4370	4425	4205	4315	356460	-0.01931818181818179
2022-05-11	4280	4445	4135	4155	335845	-0.037079953650057895
2022-05-12	4155	4185	3955	3985	266561	-0.04091456077015643
2022-05-13	3965	4330	3965	4015	537826	0.007528230865746499
2022-05-16	4095	4125	4045	4045	174981	0.007471980074719831
2022-05-17	4040	4075	4000	4000	151846	-0.011124845488257096
2022-05-18	4110	4110	3905	3905	189399	-0.02375000000000005
2022-05-19	3800	3865	3700	3785	172175	-0.030729833546734975
2022-05-20	3840	3940	3780	3900	201556	0.03038309114927351
2022-05-23	3900	3995	3850	3915	143667	0.0038461538461538325
2022-05-24	3950	4340	3875	3975	1005470	0.015325670498084198
2022-05-25	3965	4455	3965	4070	1747080	0.023899371069182385
2022-05-26	4145	4280	3970	3970	302533	-0.02457002457002455
2022-05-27	4010	4020	3855	3865	189371	-0.026448362720403074
2022-05-30	3900	4020	3885	3915	100002	0.012936610608020649
2022-05-31	3990	4255	3935	4050	619843	0.034482758620689724
2022-06-02	4075	5200	4075	5060	8489711	0.24938271604938267
2022-06-03	5150	6360	4810	5710	16479144	0.12845849802371534
2022-06-07	5490	5860	5050	5140	2749195	-0.09982486865148865
2022-06-08	5180	6400	5060	5610	16794779	0.0914396887159532
2022-06-09	5760	5920	5190	5210	2959130	-0.071301247771836
2022-06-10	5150	5480	4870	4950	1436040	-0.0499040307101728
2022-06-13	4830	5050	4610	4680	778968	-0.054545454545454564
2022-06-14	4745	5900	4700	5520	10873695	0.17948717948717952
2022-06-15	5330	5400	4925	4980	1090331	-0.09782608695652173
2022-06-16	5200	5850	4935	5130	4531274	0.030120481927710774
2022-06-17	5130	5800	5010	5410	5268900	0.05458089668615984
2022-06-20	5450	7030	5360	5670	19165495	0.04805914972273562
2022-06-21	5750	6450	5560	5780	7910976	0.01940035273368612
2022-06-22	5890	6420	5710	5950	8683718	0.02941176470588225
2022-06-23	6000	6240	5020	5140	2810866	-0.13613445378151257
2022-06-24	5330	5480	5120	5220	1031032	0.015564202334630295
2022-06-27	5280	5680	5220	5680	1298043	0.08812260536398475
2022-06-28	5670	6040	5610	5740	2714459	0.010563380281690238
2022-06-29	5700	5840	5410	5490	1151323	-0.04355400696864109
2022-06-30	5800	5900	4995	5060	2404204	-0.07832422586520948
2022-07-01	5130	5200	4515	4685	1021261	-0.07411067193675891
2022-07-04	4685	4945	4270	4700	1925711	0.0032017075773747017
2022-07-05	4695	5030	4550	4730	1716737	0.006382978723404209
2022-07-06	4780	4780	4295	4300	470910	-0.09090909090909094
2022-07-07	4280	4440	4105	4300	353323	0.0
2022-07-08	4400	4875	4320	4490	1972517	0.04418604651162794
2022-07-11	4490	4505	4350	4380	222352	-0.024498886414253906
2022-07-12	4310	4495	4170	4185	231925	-0.044520547945205435
2022-07-13	4200	5130	4190	4860	7652958	0.16129032258064524
2022-07-14	4675	4900	4515	4595	1308340	-0.05452674897119336
