Date	Open	High	Low	Close	Volume	Change
2021-10-21	5600	7280	5600	7280	32916125	
2021-10-22	7660	7700	6300	6300	24208545	-0.13461538461538458
2021-10-25	6120	6880	5920	6290	6388105	-0.0015873015873015817
2021-10-26	6360	6560	6120	6150	2423245	-0.022257551669316422
2021-10-27	6180	6210	5800	5840	2465090	-0.05040650406504066
2021-10-28	6000	6100	5720	5760	2322115	-0.013698630136986356
2021-10-29	5800	5810	5400	5400	1583600	-0.0625
2021-11-01	5340	5360	4750	4810	2050915	-0.10925925925925928
2021-11-02	4910	5660	4860	5040	5530795	0.047817047817047875
2021-11-03	4920	4990	4800	4870	976060	-0.03373015873015872
2021-11-04	5010	5360	4960	5110	2367180	0.04928131416837789
2021-11-05	5100	5100	4770	4850	987125	-0.050880626223091974
2021-11-08	4850	5010	4500	4620	1074410	-0.04742268041237119
2021-11-09	4620	4710	4520	4700	623530	0.017316017316017396
2021-11-10	4620	5280	4540	4770	1916055	0.014893617021276562
2021-11-11	4770	4870	4580	4630	665980	-0.02935010482180289
2021-11-12	4630	5060	4630	4700	1462670	0.015118790496760237
2021-11-15	4780	4780	4630	4680	605840	-0.004255319148936176
2021-11-16	4770	5510	4740	5220	7014835	0.11538461538461542
2021-11-17	5310	5370	5000	5110	1372450	-0.021072796934865856
2021-11-18	5080	6060	5060	5380	6793430	0.052837573385518644
2021-11-19	5360	5360	5100	5170	1267235	-0.03903345724907059
2021-11-22	4960	5449	4930	5060	2705620	-0.021276595744680882
2021-11-23	5120	5460	5099	5350	3031130	0.05731225296442677
2021-11-24	5309	5450	5170	5180	1530780	-0.03177570093457949
2021-11-25	5220	5360	5020	5090	1455380	-0.01737451737451734
2021-11-26	5170	5180	4880	4880	845065	-0.04125736738703345
2021-11-29	4610	4780	4590	4610	708045	-0.055327868852458995
2021-11-30	4700	4700	4350	4390	856610	-0.04772234273318876
2021-12-01	4370	4400	4090	4280	572270	-0.02505694760820043
2021-12-02	4280	4610	4220	4400	779695	0.028037383177569986
2021-12-03	4420	4460	4330	4420	274950	0.00454545454545463
2021-12-06	4400	4430	4300	4410	255995	-0.002262443438914019
2021-12-07	4430	4520	4400	4470	354580	0.013605442176870763
2021-12-08	4500	4610	4490	4550	602320	0.017897091722595126
2021-12-09	4530	4610	4490	4600	377120	0.01098901098901095
2021-12-10	4600	4730	4540	4640	351765	0.008695652173912993
2021-12-13	4720	4920	4640	4800	1116050	0.034482758620689724
2021-12-14	4800	4800	4610	4720	389400	-0.01666666666666672
2021-12-15	4720	4790	4430	4540	497240	-0.03813559322033899
2021-12-16	4580	4620	4470	4490	221095	-0.011013215859030812
2021-12-17	4490	4520	4400	4460	182600	-0.006681514476614692
2021-12-20	4410	4530	4410	4420	169205	-0.008968609865470878
2021-12-21	4440	4690	4370	4520	438940	0.02262443438914019
2021-12-22	4540	4660	4450	4460	271330	-0.013274336283185861
2021-12-23	4480	4500	4410	4410	144130	-0.011210762331838597
2021-12-24	4410	4440	4350	4360	158495	-0.0113378684807256
2021-12-27	4350	4370	4270	4290	149990	-0.016055045871559592
2021-12-28	4290	4360	4280	4340	146000	0.011655011655011593
2021-12-29	4360	4430	4310	4420	161115	0.018433179723502224
2021-12-30	4440	4840	4440	4610	1073140	0.042986425339366585
2022-01-03	4620	4630	4530	4590	248350	-0.004338394793926281
2022-01-04	4670	4740	4640	4700	605240	0.023965141612200425
2022-01-05	4660	4720	4570	4650	357300	-0.010638297872340385
2022-01-06	4540	4750	4540	4620	469000	-0.006451612903225823
2022-01-07	4660	4720	4610	4680	276910	0.01298701298701288
2022-01-10	4640	4640	4440	4520	277020	-0.03418803418803418
2022-01-11	4520	4560	4360	4380	156625	-0.030973451327433676
2022-01-12	4440	4630	4440	4560	246395	0.041095890410958846
2022-01-13	4570	5570	4570	5230	22902545	0.14692982456140347
2022-01-14	5180	5220	4950	5220	5449225	-0.0019120458891013214
2022-01-17	5470	6780	5270	6780	23471920	0.29885057471264376
2022-01-18	7040	7120	6450	6780	24861355	0.0
2022-01-19	6360	6420	5760	5920	10726730	-0.12684365781710916
2022-01-20	6160	6230	5530	5790	8847895	-0.02195945945945943
2022-01-21	5530	5680	5240	5370	6794985	-0.07253886010362698
2022-01-24	5380	5560	5320	5510	6608430	0.026070763500931182
2022-01-25	5629	5780	5450	5660	11528105	0.02722323049001818
2022-01-26	5740	6000	5260	5300	11992615	-0.06360424028268552
2022-01-27	5330	5330	4420	4460	6938760	-0.1584905660377358
2022-01-28	4420	4440	4029	4230	3211195	-0.05156950672645744
2022-02-03	4330	4430	4260	4320	2033715	0.02127659574468077
2022-02-04	4260	4390	4230	4390	1514310	0.01620370370370372
2022-02-07	4410	4430	4250	4300	1075310	-0.02050113895216399
2022-02-08	4300	4350	4100	4150	1421610	-0.03488372093023251
2022-02-09	4200	4280	4160	4210	754990	0.014457831325301207
2022-02-10	4270	4300	4100	4100	866455	-0.026128266033254133
2022-02-11	4050	4050	3880	3880	1137035	-0.0536585365853659
2022-02-14	3740	3780	3620	3620	1027125	-0.0670103092783505
2022-02-15	3610	3700	3420	3450	1012495	-0.046961325966850875
2022-02-16	3590	3920	3560	3730	2762665	0.08115942028985512
2022-02-17	3790	3910	3730	3800	1564310	0.018766756032171594
2022-02-18	3820	4480	3800	4150	6604265	0.09210526315789469
2022-02-21	4150	4320	4040	4250	2152765	0.024096385542168752
2022-02-22	4100	4230	4020	4080	1056190	-0.040000000000000036
2022-02-23	4100	4200	4010	4040	958410	-0.009803921568627416
2022-02-24	3950	4010	3850	3860	823380	-0.044554455445544594
2022-02-25	3950	4070	3870	3890	858550	0.007772020725388629
2022-02-28	3900	3950	3890	3920	342720	0.007712082262210762
2022-03-02	3920	4069	3920	4070	507885	0.03826530612244894
2022-03-03	4110	4200	4100	4190	592890	0.029484029484029506
2022-03-04	4200	4390	4120	4300	2093645	0.026252983293556076
2022-03-07	4210	4300	4150	4160	466065	-0.032558139534883734
2022-03-08	4160	4350	4100	4170	1028355	0.0024038461538462563
2022-03-10	4310	4310	4210	4210	298710	0.00959232613908867
2022-03-11	4210	4250	4140	4140	331980	-0.016627078384798155
2022-03-14	4120	4120	3969	3970	532445	-0.04106280193236711
2022-03-15	3960	4040	3900	3960	228970	-0.0025188916876573986
2022-03-16	4009	4030	3940	3970	276625	0.002525252525252597
2022-03-17	4010	4060	3970	4000	435160	0.007556675062972307
2022-03-18	4020	4260	3980	4200	841470	0.050000000000000044
2022-03-21	4300	4320	4200	4210	510770	0.0023809523809523725
2022-03-22	4190	4280	4180	4240	409250	0.0071258907363420665
2022-03-23	4300	4340	4240	4270	460340	0.007075471698113178
2022-03-24	4250	4340	4230	4330	467440	0.014051522248243575
2022-03-25	4360	4510	4280	4480	878145	0.03464203233256358
2022-03-28	4540	4570	4390	4450	617980	-0.006696428571428603
2022-03-29	4450	4500	4360	4380	480130	-0.01573033707865168
2022-03-30	4410	4440	4310	4430	493540	0.011415525114155223
2022-03-31	0	0	0	4430	0	0.0
2022-04-01	0	0	0	4430	0	0.0
2022-04-04	0	0	0	4430	0	0.0
2022-04-05	4390	4390	3955	4155	836573	-0.06207674943566588
2022-04-06	4190	4245	4040	4085	458076	-0.016847172081829176
2022-04-07	4085	4085	3895	3905	486220	-0.044063647490820035
2022-04-08	3920	4095	3900	4040	528488	0.03457106274007682
2022-04-11	4010	4025	3930	3955	185753	-0.02103960396039606
2022-04-12	3890	3940	3850	3915	197927	-0.010113780025284402
2022-04-13	3915	4030	3900	3965	206230	0.012771392081736943
2022-04-14	4010	4020	3920	3920	139235	-0.011349306431273631
2022-04-15	3890	3950	3875	3890	190238	-0.007653061224489832
2022-04-18	3870	3870	3685	3705	457654	-0.04755784061696655
2022-04-19	3710	3740	3655	3680	222354	-0.006747638326585648
2022-04-20	3685	3815	3685	3720	331051	0.010869565217391353
2022-04-21	3680	3685	3580	3645	1137226	-0.020161290322580627
2022-04-22	3635	3900	3545	3665	1814711	0.005486968449931462
2022-04-25	3630	3630	3485	3485	592064	-0.049113233287858105
2022-04-26	3500	3550	3450	3450	396846	-0.010043041606886627
2022-04-27	3350	3450	3335	3395	437517	-0.01594202898550723
2022-04-28	3400	3500	3395	3430	269290	0.010309278350515427
2022-04-29	3460	3585	3440	3500	400627	0.020408163265306145
2022-05-02	3450	3560	3445	3540	196514	0.011428571428571344
2022-05-03	3555	3575	3520	3520	165538	-0.005649717514124242
2022-05-04	3525	3550	3460	3500	226996	-0.005681818181818232
2022-05-06	3450	3515	3445	3485	248507	-0.004285714285714337
2022-05-09	3470	3530	3455	3465	305781	-0.0057388809182209455
2022-05-10	3410	3450	3305	3395	314097	-0.02020202020202022
2022-05-11	3370	3435	3365	3400	125802	0.0014727540500736325
2022-05-12	3365	3400	3220	3220	337796	-0.05294117647058827
2022-05-13	3220	3270	3205	3220	198745	0.0
2022-05-16	3405	3595	3325	3480	1215441	0.08074534161490687
2022-05-17	3485	3640	3440	3640	883267	0.04597701149425282
2022-05-18	3725	3840	3600	3605	1663044	-0.009615384615384581
2022-05-19	3490	3950	3450	3745	2637859	0.03883495145631066
2022-05-20	3730	3730	3650	3670	578711	-0.020026702269692942
2022-05-23	3750	3885	3710	3730	1237815	0.016348773841961872
2022-05-24	3745	3835	3685	3695	557297	-0.009383378016085797
2022-05-25	3695	3715	3645	3650	289367	-0.012178619756427644
2022-05-26	3645	3750	3630	3640	220861	-0.002739726027397249
2022-05-27	3700	3710	3645	3660	156613	0.005494505494505475
2022-05-30	3685	3760	3680	3745	269142	0.023224043715847076
2022-05-31	3765	3800	3720	3765	323772	0.005340453938584844
2022-06-02	3755	3755	3685	3720	169204	-0.01195219123505975
2022-06-03	3720	3770	3700	3770	191042	0.013440860215053752
2022-06-07	3775	3825	3710	3725	266871	-0.011936339522546469
2022-06-08	3700	3735	3640	3640	162014	-0.02281879194630876
2022-06-09	3640	3680	3525	3535	231408	-0.028846153846153855
2022-06-10	3480	3560	3305	3490	185437	-0.012729844413012725
2022-06-13	3350	3445	3245	3255	281024	-0.06733524355300857
2022-06-14	3135	3815	3135	3355	4862729	0.030721966205837115
2022-06-15	3355	3450	3150	3170	711426	-0.05514157973174372
2022-06-16	3250	3615	3210	3500	1838306	0.10410094637223977
2022-06-17	3435	3800	3400	3720	4748002	0.06285714285714294
2022-06-20	3785	3865	3475	3610	2597199	-0.029569892473118253
2022-06-21	3670	3670	3520	3570	730949	-0.011080332409972304
2022-06-22	3575	3660	3260	3260	928884	-0.08683473389355745
2022-06-23	3245	3375	3060	3075	740195	-0.05674846625766872
2022-06-24	3080	3190	3080	3170	435051	0.030894308943089532
2022-06-27	3250	3400	3175	3365	498918	0.061514195583596276
2022-06-28	3370	3510	3330	3430	466879	0.019316493313521477
2022-06-29	3360	3465	3350	3400	308094	-0.008746355685131157
2022-06-30	3370	3420	3140	3215	700507	-0.05441176470588238
2022-07-01	3185	3225	3050	3090	415884	-0.038880248833592534
2022-07-04	3090	3125	2830	2885	572100	-0.06634304207119746
2022-07-05	2970	2990	2875	2945	231412	0.020797227036395194
2022-07-06	2960	3020	2885	2930	248952	-0.005093378607809895
2022-07-07	2945	2985	2920	2970	158460	0.013651877133105783
2022-07-08	3020	3055	2975	3005	243027	0.011784511784511675
2022-07-11	2995	3040	2980	3005	216954	0.0
2022-07-12	2950	2950	2870	2885	230362	-0.03993344425956735
2022-07-13	2855	2935	2800	2890	231014	0.0017331022530329143
2022-07-14	2860	3010	2855	2970	251450	0.02768166089965396
