Date	Open	High	Low	Close	Volume	Change
2021-05-28	31127	40460	31127	40461	788374	
2021-05-31	44213	44464	37708	38409	3153569	-0.05071550381849188
2021-06-01	38008	38258	36582	37208	560211	-0.03126871306204271
2021-06-02	37282	37533	35331	36532	523192	-0.018168135884755965
2021-06-03	36081	38158	36056	37658	328931	0.03082229278440818
2021-06-04	37658	38984	37658	38784	223020	0.029900685113388947
2021-06-07	38834	39659	38158	38634	162189	-0.0038675742574257876
2021-06-08	38233	38759	37157	38484	141352	-0.0038825904643577935
2021-06-09	38759	38959	38158	38409	126093	-0.0019488618646710254
2021-06-10	38058	38408	37032	37158	189541	-0.032570491291103676
2021-06-11	37032	37032	33354	34956	2834925	-0.059260455352817654
2021-06-14	36081	36907	35356	36682	570558	0.04937635885112712
2021-06-15	36682	36732	35881	36532	177564	-0.004089199062210391
2021-06-16	36582	36582	35656	35806	202758	-0.019872988065257835
2021-06-17	35631	35906	34880	34981	235357	-0.023040831145618057
2021-06-18	35356	35481	34755	35231	271717	0.007146736799977127
2021-06-21	35230	35556	34805	35231	242886	0.0
2021-06-22	35556	35731	35130	35531	212861	0.00851522806619176
2021-06-23	35606	35756	35230	35231	157973	-0.00844333117559315
2021-06-24	35981	36882	35656	36382	300963	0.03267009168062218
2021-06-25	37633	38884	37407	37683	667261	0.03575944148205146
2021-06-28	37883	38784	37683	38484	191052	0.02125626940530223
2021-06-29	38483	39810	37858	39260	238574	0.02016422409312968
2021-06-30	39459	39835	38909	39510	212993	0.006367804381049336
2021-07-01	39509	39835	39134	39460	179058	-0.0012655024044545549
2021-07-02	39734	40760	39459	40260	258920	0.020273694880892146
2021-07-05	40260	40860	39910	40185	180333	-0.0018628912071535497
2021-07-06	40285	40510	39334	39410	299532	-0.019285803160383197
2021-07-07	39860	40235	38433	38684	472904	-0.01842172037553924
2021-07-08	40135	41286	39084	39485	802086	0.020706235135973472
2021-07-09	39159	40085	38533	40085	409731	0.01519564391541084
2021-07-12	40635	46540	40335	45115	1720706	0.1254833478857429
2021-07-13	45414	47541	45364	47417	971657	0.051025157929735165
2021-07-14	47917	51970	47541	50569	1320406	0.06647404939156853
2021-07-15	51645	52195	48968	50044	869127	-0.010381854495837395
2021-07-16	56199	64131	54222	60904	5040644	0.21700903205179434
2021-07-19	62054	79169	61954	79170	5769015	0.29991461972941025
2021-07-20	75991	80570	69185	71688	3945384	-0.0945054945054945
2021-07-21	74065	75966	70812	73515	1616158	0.025485436893203817
2021-07-22	72814	76392	69936	73314	1826197	-0.002734135890634537
2021-07-23	72814	83823	72613	80846	2113616	0.10273617590091932
2021-07-26	83498	100037	81446	94083	3287327	0.16373104420750573
2021-07-27	98836	100438	88978	92707	1905599	-0.01462538396947377
2021-07-28	90079	92681	81396	85300	1990640	-0.07989687941579382
2021-07-29	105000	110800	101300	110800	611859	0.29894490035169996
2021-07-30	112500	114600	98300	106900	818857	-0.035198555956678645
2021-08-02	102500	109000	99600	102300	271578	-0.04303086997193639
2021-08-03	103800	106000	99200	99300	223581	-0.029325513196480912
2021-08-04	96200	98300	91100	96100	371834	-0.03222557905337364
2021-08-05	95300	100400	92500	99400	248395	0.03433922996878258
2021-08-06	101500	104100	99600	103200	187490	0.03822937625754519
2021-08-09	101900	134100	99600	130200	1951851	0.2616279069767442
2021-08-10	125700	134400	119100	124300	675480	-0.04531490015360984
2021-08-11	124200	158900	118600	140700	1407916	0.1319388576025744
2021-08-12	144500	181500	144200	178700	2829708	0.2700781805259418
2021-08-13	175300	210600	170000	182000	1800614	0.01846670397313943
2021-08-17	176600	179800	153500	157700	911892	-0.1335164835164835
2021-08-18	133500	151000	133100	141400	1397056	-0.10336081166772348
2021-08-19	142000	153300	121500	122000	1240995	-0.13719943422913716
2021-08-20	115000	116000	92900	103100	4227242	-0.1549180327868852
2021-08-23	101500	106500	95000	99500	1479229	-0.03491755577109601
2021-08-24	99300	100800	90100	93400	1854160	-0.06130653266331654
2021-08-25	96300	99900	93900	98900	1691385	0.058886509635974305
2021-08-26	99500	100600	95100	99800	927684	0.009100101112234471
2021-08-27	98300	109100	97200	108300	1664071	0.08517034068136264
2021-08-30	111800	127000	108400	120500	3318331	0.11265004616805174
2021-08-31	125800	129000	117600	118800	2081125	-0.014107883817427336
2021-09-01	119000	124400	112000	112600	1426268	-0.05218855218855223
2021-09-02	112400	115900	103900	109300	1590284	-0.02930728241563052
2021-09-03	107600	112500	106300	110500	678103	0.010978956999085021
2021-09-06	108500	113400	108300	108300	495772	-0.01990950226244348
2021-09-07	112200	116500	110100	110100	1005448	0.016620498614958512
2021-09-08	110400	111300	102900	103700	812612	-0.05812897366030878
2021-09-09	107000	108200	100000	101900	550775	-0.017357762777241992
2021-09-10	103200	106000	100700	104900	486327	0.02944062806673209
2021-09-13	105100	105800	101200	101900	451542	-0.028598665395614842
2021-09-14	101100	103300	101100	102500	311530	0.0058881256133465065
2021-09-15	102100	109000	101100	107000	585295	0.04390243902439028
2021-09-16	108800	114400	106200	107900	1186967	0.008411214953271129
2021-09-17	107200	107700	103400	104300	370716	-0.033364226135310426
2021-09-23	103100	105400	102300	102300	296037	-0.019175455417066112
2021-09-24	103600	106300	102000	102800	383864	0.004887585532746819
2021-09-27	102300	103500	101300	101500	255659	-0.012645914396887115
2021-09-28	102000	102600	99600	99800	286382	-0.016748768472906406
2021-09-29	96700	100700	96300	100300	309189	0.005010020040080221
2021-09-30	101000	103700	99500	99500	259307	-0.0079760717846461
2021-10-01	99400	101100	97500	98700	263396	-0.008040201005025116
2021-10-05	98400	100300	96700	98800	249786	0.0010131712259371373
2021-10-06	101900	102900	97500	98300	361558	-0.005060728744939236
2021-10-07	99400	100400	97300	100000	238196	0.01729399796541209
2021-10-08	102700	109200	100500	104700	908590	0.04699999999999993
2021-10-12	107600	109300	106000	108500	487608	0.03629417382999045
2021-10-13	107600	110700	105000	109200	498242	0.006451612903225712
2021-10-14	111000	116100	109200	114400	827484	0.04761904761904767
2021-10-15	115100	115800	112400	113500	369308	-0.00786713286713292
2021-10-18	113900	115500	112400	112400	311201	-0.00969162995594719
2021-10-19	114900	118500	113300	113400	541406	0.008896797153024938
2021-10-20	114800	114800	110400	111100	295256	-0.020282186948853642
2021-10-21	110800	111900	105800	106000	358273	-0.045904590459045935
2021-10-22	105200	110800	104200	108500	269401	0.02358490566037741
2021-10-25	109200	110300	106400	109400	187438	0.008294930875575979
2021-10-26	110800	111600	107800	108000	246193	-0.012797074954296161
2021-10-27	108000	109000	106600	108400	182273	0.0037037037037037646
2021-10-28	107700	108600	106000	106200	199303	-0.020295202952029467
2021-10-29	107000	111000	104700	109600	522470	0.03201506591337089
2021-11-01	110100	111100	103000	104900	409102	-0.042883211678832134
2021-11-02	105700	108400	104500	106800	210155	0.018112488083889433
2021-11-03	107500	114800	106600	112000	928967	0.04868913857677892
2021-11-04	114600	115700	111900	113000	440729	0.008928571428571397
2021-11-05	114900	114900	106000	108700	540834	-0.038053097345132736
2021-11-08	108200	108200	101100	103500	485694	-0.047838086476540975
2021-11-09	101500	102900	98500	99900	605269	-0.034782608695652195
2021-11-10	99700	99700	91200	91800	778690	-0.08108108108108103
2021-11-11	89800	99700	88700	97100	660145	0.057734204793028265
2021-11-12	97100	99200	93900	96700	261977	-0.004119464469618972
2021-11-15	96800	99000	94300	98400	267807	0.0175801447776629
2021-11-16	98500	99000	95500	95500	192343	-0.029471544715447107
2021-11-17	95100	95900	93000	93300	233530	-0.023036649214659644
2021-11-18	91400	94800	91400	93300	190574	0.0
2021-11-19	92300	94200	91500	91500	206735	-0.019292604501607746
2021-11-22	90800	91400	87000	90400	374621	-0.012021857923497303
2021-11-23	90300	94100	89000	90700	204375	0.0033185840707965486
2021-11-24	91000	92000	90000	90200	103051	-0.005512679162072764
2021-11-25	91300	97500	90900	95500	454023	0.058758314855875904
2021-11-26	95900	97000	91700	92100	222302	-0.03560209424083771
2021-11-29	87900	90300	86100	87700	279318	-0.04777415852334421
2021-11-30	88800	90300	82300	82400	323206	-0.06043329532497155
2021-12-01	82100	85700	79100	84700	224449	0.027912621359223344
2021-12-02	82100	85900	81700	84800	128187	0.0011806375442739991
2021-12-03	85000	86300	83700	85300	118124	0.005896226415094352
2021-12-06	84000	84700	82200	82500	104135	-0.03282532239155922
2021-12-07	82800	84000	80100	81300	187692	-0.014545454545454528
2021-12-08	81300	83100	81000	81000	178024	-0.0036900369003689537
2021-12-09	81000	84400	80400	83000	284082	0.024691358024691468
2021-12-10	81200	81600	80100	80500	299797	-0.030120481927710885
2021-12-13	80700	81400	78300	78300	242877	-0.027329192546583836
2021-12-14	78000	79600	76700	78500	134599	0.0025542784163474774
2021-12-15	77300	80600	77000	79200	129532	0.008917197452229297
2021-12-16	79200	80800	79100	79100	92041	-0.0012626262626262985
2021-12-17	79100	79100	76300	76300	163245	-0.03539823008849563
2021-12-20	74500	77300	72400	76500	204457	0.002621231979030192
2021-12-21	76500	77000	73100	74300	164486	-0.02875816993464053
2021-12-22	75100	76300	74600	74800	96276	0.006729475100942128
2021-12-23	75100	76300	74100	74500	77512	-0.004010695187165791
2021-12-24	74900	76600	73200	75400	118735	0.012080536912751683
2021-12-27	76000	76200	74600	75000	66792	-0.0053050397877983935
2021-12-28	75600	79600	75400	76700	278157	0.022666666666666613
2021-12-29	76700	78900	75200	75900	146460	-0.010430247718383301
2021-12-30	76200	77600	74600	77200	117689	0.017127799736495364
2022-01-03	76900	78300	76600	76600	81873	-0.007772020725388629
2022-01-04	77400	77400	74000	74400	132885	-0.02872062663185382
2022-01-05	74400	74700	72000	72400	139404	-0.026881720430107503
2022-01-06	70400	72700	70400	70900	132765	-0.02071823204419887
2022-01-07	70700	72600	70100	72100	104835	0.016925246826516194
2022-01-10	71900	71900	68400	68600	162607	-0.04854368932038833
2022-01-11	68400	70700	67500	67600	134126	-0.014577259475218707
2022-01-12	68100	71700	68100	70900	167369	0.04881656804733736
2022-01-13	70400	72000	68500	68600	98901	-0.03244005641748937
2022-01-14	67500	67600	65600	65800	182554	-0.04081632653061229
2022-01-17	65900	67400	65500	66100	100547	0.004559270516717229
2022-01-18	66200	66800	64200	64500	99743	-0.024205748865355536
2022-01-19	63700	65000	63000	63400	88693	-0.01705426356589146
2022-01-20	62800	65100	62800	65000	78369	0.025236593059936974
2022-01-21	64600	65000	63000	63900	95046	-0.01692307692307693
2022-01-24	61900	62800	58300	58400	284399	-0.0860719874804382
2022-01-25	58200	59600	57100	58000	181461	-0.006849315068493178
2022-01-26	58000	61800	41900	42000	862432	-0.27586206896551724
2022-01-27	47950	52400	46450	49950	1596349	0.18928571428571428
2022-01-28	49800	50500	43050	48300	887879	-0.033033033033033066
2022-02-03	49850	51900	48150	50300	353610	0.04140786749482395
2022-02-04	49950	51000	49150	49850	162918	-0.008946322067594381
2022-02-07	49250	49800	46450	49500	258357	-0.007021063189568744
2022-02-08	48750	50800	48000	48500	172804	-0.02020202020202022
2022-02-09	49050	52500	48700	51300	233793	0.057731958762886615
2022-02-10	52200	52200	49050	49400	149251	-0.03703703703703709
2022-02-11	48300	51700	48250	49350	195739	-0.0010121457489878916
2022-02-14	48000	49800	47100	47200	143707	-0.0435663627152989
2022-02-15	47550	49600	46850	48500	164380	0.02754237288135597
2022-02-16	50300	50800	49100	50500	129606	0.04123711340206193
2022-02-17	50700	53300	49700	51100	270803	0.011881188118811892
2022-02-18	49800	52800	49550	52500	143652	0.027397260273972712
2022-02-21	51600	52300	51000	51600	86568	-0.017142857142857126
2022-02-22	50300	51700	49900	50100	117592	-0.029069767441860517
2022-02-23	50100	51000	49950	50200	62353	0.001996007984031989
2022-02-24	49850	50100	47600	47600	143480	-0.05179282868525892
2022-02-25	49000	52900	49000	51900	237837	0.09033613445378141
2022-02-28	52100	53200	51200	52200	157680	0.005780346820809301
2022-03-02	51500	59800	51500	58300	608464	0.11685823754789282
2022-03-03	59100	60500	56500	58400	257577	0.0017152658662091813
2022-03-04	58200	58200	56200	56700	173781	-0.02910958904109584
2022-03-07	55500	56000	53800	54700	122181	-0.03527336860670194
2022-03-08	52700	54100	52000	52400	130126	-0.042047531992687404
2022-03-10	53700	57600	53100	54000	154096	0.03053435114503822
2022-03-11	53900	54800	52700	53600	80246	-0.007407407407407418
2022-03-14	52800	53000	50000	50200	137139	-0.06343283582089554
2022-03-15	50000	50600	48900	49700	68972	-0.009960159362549792
2022-03-16	50900	51800	50300	51200	70595	0.030181086519114775
2022-03-17	53200	53700	52100	52500	99864	0.025390625
2022-03-18	53200	55400	52500	52700	126657	0.003809523809523707
2022-03-21	53500	55300	52700	54600	141926	0.036053130929791344
2022-03-22	54600	55200	53200	54700	87774	0.001831501831501825
2022-03-23	55600	56400	54500	55300	107367	0.010968921389396646
2022-03-24	54600	54700	53700	54300	78027	-0.018083182640144635
2022-03-25	54600	55400	53900	54400	93807	0.0018416206261511192
2022-03-28	54400	54400	52300	52400	98603	-0.03676470588235292
2022-03-29	53100	54200	53000	53900	79616	0.028625954198473247
2022-03-30	54800	55200	54000	54400	83735	0.00927643784786647
2022-03-31	54100	54700	53500	54300	66372	-0.0018382352941176405
2022-04-01	54300	54300	53100	53400	78014	-0.016574585635359074
2022-04-04	53100	57500	53100	57100	245780	0.06928838951310867
2022-04-05	59300	60500	57900	58600	395378	0.02626970227670755
2022-04-06	58300	58500	56800	57700	176668	-0.015358361774744034
2022-04-07	57800	59900	55200	55500	268319	-0.03812824956672445
2022-04-08	55500	58200	55300	57000	201969	0.027027027027026973
2022-04-11	57500	57700	54500	54500	156879	-0.04385964912280704
2022-04-12	53400	53800	52200	53600	136383	-0.016513761467889854
2022-04-13	53100	54300	53100	54000	92815	0.00746268656716409
2022-04-14	54100	54300	52900	52900	98743	-0.020370370370370372
2022-04-15	52900	53300	51500	52900	92626	0.0
2022-04-18	53000	53000	52000	52200	76105	-0.013232514177693777
2022-04-19	52000	53000	52000	52800	68867	0.011494252873563315
2022-04-20	52800	52900	52000	52200	53712	-0.011363636363636354
2022-04-21	52900	53300	51800	51800	90366	-0.007662835249042099
2022-04-22	51500	51500	50000	51100	119189	-0.013513513513513487
2022-04-25	50000	50300	49500	49550	105100	-0.03033268101761255
2022-04-26	49550	50300	49100	50100	79179	0.011099899091826515
2022-04-27	48200	48950	48200	48350	104339	-0.03493013972055892
2022-04-28	48400	48850	47450	47700	67111	-0.013443640124095158
2022-04-29	47750	50100	47750	50100	80848	0.05031446540880502
2022-05-02	49050	50500	48500	49700	63516	-0.007984031936127733
2022-05-03	49050	49550	48150	48200	123851	-0.030181086519114664
2022-05-04	48100	49300	47850	47950	89749	-0.005186721991701226
2022-05-06	47100	47300	46000	46200	123265	-0.03649635036496346
2022-05-09	45000	46150	44150	44550	93730	-0.0357142857142857
2022-05-10	42650	44800	42050	43900	122228	-0.014590347923681302
2022-05-11	43500	45650	43100	45650	78105	0.03986332574031892
2022-05-12	44300	44750	42550	42650	95708	-0.0657174151150055
2022-05-13	42850	43950	42850	43850	58224	0.028135990621336537
2022-05-16	43850	45350	43850	44000	61483	0.003420752565564511
2022-05-17	43600	44300	43550	43950	47285	-0.001136363636363602
2022-05-18	44400	45250	43750	44250	63714	0.006825938566553003
2022-05-19	43000	43400	42500	42900	94135	-0.03050847457627115
2022-05-20	43100	45350	43100	44850	123971	0.045454545454545414
2022-05-23	44850	46500	44850	45700	78196	0.018952062430323213
2022-05-24	45950	45950	44100	44300	51342	-0.03063457330415753
2022-05-25	44400	45450	43500	44250	61784	-0.0011286681715575453
2022-05-26	44900	47350	44550	46850	201632	0.05875706214689269
2022-05-27	48250	48250	46200	46700	102827	-0.0032017075773745907
2022-05-30	47300	47650	46500	47150	62992	0.009635974304068595
2022-05-31	47200	47450	46500	46900	63578	-0.005302226935312793
2022-06-02	46950	47500	46600	46900	37558	0.0
2022-06-03	47150	47450	46400	46550	59975	-0.007462686567164201
2022-06-07	46500	46500	45200	45200	59920	-0.029001074113856107
2022-06-08	45550	46000	44900	44900	35167	-0.006637168141592875
2022-06-09	44700	45350	44000	44550	92051	-0.007795100222717122
2022-06-10	44550	45000	44050	44600	58952	0.001122334455667895
2022-06-13	43950	43950	41500	41500	140711	-0.06950672645739908
2022-06-14	40200	41300	39850	41000	107867	-0.012048192771084376
2022-06-15	41000	41700	39700	39950	86395	-0.025609756097561
2022-06-16	40750	41550	40450	40700	65124	0.018773466833541974
2022-06-17	39550	40800	39150	40800	65918	0.002457002457002533
2022-06-20	40800	41100	39050	39300	75587	-0.03676470588235292
2022-06-21	38850	39700	37750	39200	80565	-0.0025445292620864812
2022-06-22	39300	39950	36800	36850	90358	-0.05994897959183676
2022-06-23	36450	37600	35050	35050	118194	-0.048846675712347354
2022-06-24	35000	38400	35000	38050	108396	0.08559201141226813
2022-06-27	38550	40750	38250	38750	156325	0.018396846254927768
2022-06-28	38250	39700	38250	39100	73984	0.00903225806451613
2022-06-29	37900	40000	37600	38700	72405	-0.010230179028132946
2022-06-30	39050	39650	37750	38600	97431	-0.0025839793281653423
2022-07-01	39200	39500	36550	36700	119617	-0.04922279792746109
2022-07-04	36700	37150	35550	36000	47510	-0.019073569482288777
2022-07-05	36050	38350	36050	38200	67379	0.061111111111111116
2022-07-06	37100	38400	36850	36900	50993	-0.03403141361256545
2022-07-07	37000	37600	36850	37500	31070	0.016260162601626105
2022-07-08	38000	38750	37600	37750	37187	0.006666666666666599
2022-07-11	37850	38700	37050	37350	39332	-0.01059602649006619
2022-07-12	36800	37150	36100	36150	43955	-0.032128514056224855
2022-07-13	36100	37700	35850	37700	54202	0.042876901798063694
2022-07-14	39250	40000	38100	38300	204100	0.01591511936339529
