Date	Open	High	Low	Close	Volume	Change
2021-12-27	2130	2175	2115	2135	2157328	
2021-12-28	2125	2160	2125	2150	208666	0.007025761124121788
2021-12-29	2155	2220	2155	2220	95082	0.032558139534883734
2021-12-30	2265	2885	2265	2885	3464850	0.2995495495495495
2022-01-03	3450	3750	3400	3750	1129823	0.2998266897746966
2022-01-04	4650	4875	3380	3560	11380359	-0.05066666666666664
2022-01-05	3590	3700	2995	3095	3248445	-0.1306179775280899
2022-01-06	2940	3010	2730	3000	2167484	-0.030694668820678506
2022-01-07	2915	3020	2775	2915	1461512	-0.02833333333333332
2022-01-10	2805	2830	2600	2640	1445688	-0.09433962264150941
2022-01-11	2835	3430	2835	3430	9709848	0.2992424242424243
2022-01-12	3190	3430	2975	3020	4310338	-0.11953352769679304
2022-01-13	2900	2925	2700	2755	2048666	-0.08774834437086088
2022-01-14	3000	3435	2780	2815	7843317	0.02177858439201441
2022-01-17	2760	3650	2730	3255	10838143	0.15630550621669625
2022-01-18	3580	3875	3150	3190	6105441	-0.019969278033794113
2022-01-19	3010	3460	2990	3300	4341310	0.034482758620689724
2022-01-20	3370	3450	3160	3165	2114374	-0.040909090909090895
2022-01-21	3085	3190	2960	3000	1085520	-0.05213270142180093
2022-01-24	2915	3130	2810	2880	910863	-0.040000000000000036
2022-01-25	2880	2910	2650	2730	789498	-0.05208333333333337
2022-01-26	2725	3250	2650	2930	4274146	0.07326007326007322
2022-01-27	2850	2875	2680	2690	1366179	-0.08191126279863481
2022-01-28	2665	2795	2615	2620	992475	-0.026022304832713727
2022-02-03	2650	2720	2605	2605	571991	-0.005725190839694694
2022-02-04	2615	2715	2600	2610	688591	0.0019193857965451588
2022-02-07	2645	2720	2605	2680	908670	0.026819923371647514
2022-02-08	2910	2950	2655	2680	1426992	0.0
2022-02-09	2690	2705	2655	2665	312726	-0.005597014925373123
2022-02-10	2695	2695	2590	2605	266327	-0.022514071294559068
2022-02-11	2600	2645	2535	2585	310486	-0.007677543186180413
2022-02-14	2535	2545	2370	2380	317205	-0.07930367504835589
2022-02-15	2400	2415	2300	2330	182721	-0.021008403361344574
2022-02-16	2385	2450	2340	2430	170167	0.0429184549356223
2022-02-17	2400	2445	2315	2345	168777	-0.034979423868312765
2022-02-18	2310	2730	2305	2395	2146325	0.021321961620469176
2022-02-21	2335	2410	2330	2375	187904	-0.008350730688935326
2022-02-22	2345	2380	2285	2285	207087	-0.037894736842105314
2022-02-23	2305	2335	2300	2310	75086	0.010940919037199182
2022-02-24	2285	2295	2250	2270	137877	-0.017316017316017285
2022-02-25	2275	2325	2260	2285	83102	0.0066079295154184425
2022-02-28	2320	2320	2250	2255	49610	-0.013129102844638973
2022-03-02	2255	2295	2255	2260	52417	0.0022172949002217113
2022-03-03	2270	2310	2270	2285	60157	0.01106194690265494
2022-03-04	2285	2295	2255	2270	43490	-0.006564551422319487
2022-03-07	2250	2270	2250	2270	28577	0.0
2022-03-08	2270	2440	2245	2265	456702	-0.0022026431718061845
2022-03-10	2270	2275	2255	2265	75400	0.0
2022-03-11	2265	2275	2250	2270	53752	0.002207505518763808
2022-03-14	2270	2270	2250	2250	35344	-0.008810572687224627
2022-03-15	2250	2270	2245	2255	36828	0.0022222222222221255
2022-03-16	2255	2275	2245	2250	26853	-0.0022172949002217113
2022-03-17	2270	2350	2255	2350	198857	0.04444444444444451
2022-03-18	2330	2380	2310	2340	74908	-0.004255319148936176
2022-03-21	2315	3040	2310	3040	5879151	0.2991452991452992
2022-03-22	3315	3350	2545	2650	5744678	-0.1282894736842105
2022-03-23	2620	2670	2450	2495	1507285	-0.058490566037735836
2022-03-24	2460	2600	2455	2465	939556	-0.012024048096192397
2022-03-25	2440	2475	2390	2405	449543	-0.024340770791075106
2022-03-28	2425	2470	2380	2430	229226	0.01039501039501034
2022-03-29	2435	2560	2400	2400	444719	-0.012345679012345734
2022-03-30	2405	2435	2385	2400	185520	0.0
2022-03-31	2395	2405	2360	2375	218028	-0.01041666666666663
2022-04-01	2375	2395	2340	2360	172408	-0.0063157894736841635
2022-04-04	2340	2430	2325	2390	277061	0.012711864406779627
2022-04-05	2390	2395	2365	2380	136606	-0.004184100418409997
2022-04-06	2370	2475	2370	2435	309432	0.02310924369747891
2022-04-07	2420	2780	2405	2505	4870305	0.028747433264887157
2022-04-08	2510	2620	2435	2440	1339340	-0.02594810379241519
2022-04-11	2445	2665	2445	2545	1627929	0.04303278688524581
2022-04-12	2700	3125	2500	2550	12811075	0.0019646365422396617
2022-04-13	2540	2565	2435	2445	746673	-0.04117647058823526
2022-04-14	2520	2545	2420	2420	624808	-0.010224948875255602
2022-04-15	2420	2460	2400	2420	267816	0.0
2022-04-18	2410	2450	2385	2385	147639	-0.01446280991735538
2022-04-19	2385	2415	2375	2380	97218	-0.002096436058700246
2022-04-20	2390	2625	2385	2450	1049374	0.02941176470588225
2022-04-21	2440	2540	2430	2510	307575	0.02448979591836742
2022-04-22	2480	2520	2435	2435	143069	-0.029880478087649376
2022-04-25	2435	2565	2415	2515	681528	0.03285420944558526
2022-04-26	2480	2525	2470	2470	192719	-0.017892644135188873
2022-04-27	2455	2495	2430	2435	174857	-0.014170040485829927
2022-04-28	2435	2480	2425	2450	126763	0.006160164271047153
2022-04-29	2440	2485	2430	2455	149117	0.0020408163265306367
2022-05-02	2450	2485	2425	2470	105064	0.006109979633401208
2022-05-03	2455	2490	2455	2465	92315	-0.002024291497975672
2022-05-04	2475	2485	2460	2460	89730	-0.0020283975659228792
2022-05-06	2460	2480	2445	2445	62284	-0.0060975609756097615
2022-05-09	2435	2465	2420	2435	52072	-0.004089979550102263
2022-05-10	2415	2470	2410	2410	53053	-0.010266940451745366
2022-05-11	2415	2425	2385	2395	31598	-0.006224066390041472
2022-05-12	2400	2410	2335	2360	141663	-0.014613778705636737
2022-05-13	2360	2415	2345	2365	27051	0.0021186440677967155
2022-05-16	2355	2405	2350	2355	37159	-0.0042283298097252064
2022-05-17	2350	2385	2345	2360	30153	0.002123142250530785
2022-05-18	2350	2390	2345	2355	34548	-0.0021186440677966045
2022-05-19	2340	2395	2340	2350	53716	-0.002123142250530785
2022-05-20	2415	2415	2345	2370	68109	0.008510638297872353
2022-05-23	2400	2400	2350	2365	40574	-0.002109704641350185
2022-05-24	2395	2410	2365	2385	27110	0.008456659619450413
2022-05-25	2390	2400	2370	2385	10780	0.0
2022-05-26	2385	2400	2335	2350	58432	-0.014675052410901501
2022-05-27	2350	2350	2325	2350	53425	0.0
2022-05-30	2325	2350	2325	2345	24974	-0.0021276595744680327
2022-05-31	2325	2350	2325	2350	39684	0.002132196162046851
2022-06-02	2350	2435	2330	2410	172488	0.025531914893617058
2022-06-03	2375	2560	2355	2385	474400	-0.010373443983402453
2022-06-07	2400	2680	2365	2480	3661251	0.0398322851153039
2022-06-08	2470	2485	2430	2435	280863	-0.01814516129032262
2022-06-09	2430	2450	2370	2370	280011	-0.026694045174537995
2022-06-10	2370	2390	2355	2365	74500	-0.002109704641350185
2022-06-13	2355	2360	2320	2330	138163	-0.014799154334038
2022-06-14	2315	2430	2315	2355	173489	0.010729613733905685
2022-06-15	2335	2360	2320	2320	55623	-0.014861995753715496
2022-06-16	2340	2350	2315	2320	62781	0.0
2022-06-17	2340	2360	2305	2315	46567	-0.0021551724137931494
2022-06-20	2315	2325	2270	2305	133932	-0.004319654427645814
2022-06-21	2290	2340	2285	2315	34592	0.00433839479392617
2022-06-22	2340	2340	2270	2270	20831	-0.01943844492440605
2022-06-23	2300	2300	2200	2225	109414	-0.01982378854625555
2022-06-24	2205	2245	2205	2240	40035	0.006741573033707926
2022-06-27	2285	2285	2230	2260	41708	0.008928571428571397
2022-06-28	2270	2270	2220	2260	28667	0.0
2022-06-29	2250	2260	2235	2260	12481	0.0
2022-06-30	2260	2280	2235	2260	40540	0.0
2022-07-01	2295	2295	2240	2255	2431	-0.0022123893805309214
2022-07-04	2220	2260	2210	2240	12351	-0.006651884700665134
2022-07-05	2265	2265	2230	2240	19244	0.0
2022-07-06	2235	2255	2210	2240	30306	0.0
2022-07-07	2230	2250	2210	2240	14082	0.0
2022-07-08	2240	2290	2230	2280	42690	0.017857142857142794
2022-07-11	2260	2290	2235	2280	13702	0.0
2022-07-12	2280	2280	2230	2260	28997	-0.00877192982456143
2022-07-13	2270	2270	2240	2260	33049	0.0
2022-07-14	2255	2260	2220	2250	53713	-0.004424778761061954
