Date	Open	High	Low	Close	Volume	Change
2022-06-24	20600	23350	16800	17350	15546372	
2022-06-27	17400	18250	16650	17400	3209939	0.0028818443804035088
2022-06-28	18700	19900	17250	17650	5308688	0.014367816091954033
2022-06-29	17200	19000	16600	18500	4823347	0.04815864022662897
2022-06-30	18100	18350	17350	17400	1275409	-0.05945945945945941
2022-07-01	17800	18250	14600	14900	2724125	-0.14367816091954022
2022-07-04	14900	15000	12800	13200	1418289	-0.11409395973154357
2022-07-05	13700	14600	13500	13700	2420308	0.037878787878787845
2022-07-06	14200	15850	14100	14700	4752740	0.07299270072992692
2022-07-07	14550	14700	13850	14550	1583979	-0.010204081632653073
2022-07-08	14750	15250	14500	14750	1491692	0.013745704467353903
2022-07-11	14600	14650	14000	14000	468143	-0.05084745762711862
2022-07-12	13900	14000	13100	13150	565175	-0.06071428571428572
2022-07-13	13100	13550	12900	13200	410612	0.0038022813688212143
2022-07-14	13100	13550	13000	13150	381077	-0.0037878787878787845
