Date	Open	High	Low	Close	Volume	Change
2022-04-21	2270	2380	2235	2295	2919543	
2022-04-22	2290	2330	2265	2330	415997	0.015250544662309462
2022-04-25	2330	2345	2260	2330	458566	0.0
2022-04-26	2300	2335	2295	2310	129863	-0.008583690987124415
2022-04-27	2290	2290	2265	2275	175204	-0.015151515151515138
2022-04-28	2275	2275	2225	2245	182239	-0.01318681318681314
2022-04-29	2240	2265	2205	2245	148974	0.0
2022-05-02	2230	2250	2220	2220	66469	-0.011135857461024523
2022-05-03	2220	2240	2210	2225	61604	0.0022522522522523403
2022-05-04	2220	2220	2210	2215	40170	-0.004494382022471877
2022-05-06	2200	2220	2195	2215	63429	0.0
2022-05-09	2205	2215	2195	2195	46154	-0.009029345372460473
2022-05-10	2195	2205	2170	2200	95923	0.002277904328018332
2022-05-11	2200	2205	2190	2205	53350	0.002272727272727204
2022-05-12	2200	2200	2170	2180	99438	-0.0113378684807256
2022-05-13	2185	2195	2180	2190	23857	0.004587155963302836
2022-05-16	2180	2195	2180	2195	46794	0.0022831050228311334
2022-05-17	2195	2205	2185	2205	33892	0.004555808656036442
2022-05-18	2200	2205	2195	2200	34581	-0.0022675736961451642
2022-05-19	2195	2200	2180	2185	57053	-0.006818181818181834
2022-05-20	2190	2195	2185	2195	33628	0.004576659038901587
2022-05-23	2180	2200	2175	2200	67016	0.002277904328018332
2022-05-24	2190	2200	2185	2190	20216	-0.004545454545454519
2022-05-25	2190	2190	2180	2190	12096	0.0
2022-05-26	2180	2190	2180	2190	35644	0.0
2022-05-27	2180	2190	2180	2190	19928	0.0
2022-05-30	2180	2195	2180	2190	16035	0.0
2022-05-31	2190	2200	2185	2200	25641	0.004566210045662045
2022-06-02	2190	2205	2185	2200	9116	0.0
2022-06-03	2200	2200	2190	2190	15413	-0.004545454545454519
2022-06-07	2200	2200	2185	2195	17876	0.0022831050228311334
2022-06-08	2200	2200	2190	2195	5133	0.0
2022-06-09	2190	2195	2185	2185	11027	-0.004555808656036442
2022-06-10	2195	2195	2185	2190	10875	0.0022883295194509046
2022-06-13	2200	2200	2175	2180	46516	-0.004566210045662156
2022-06-14	2175	2180	2165	2175	63420	-0.002293577981651418
2022-06-15	2180	2180	2160	2175	37175	0.0
2022-06-16	2175	2185	2165	2165	23562	-0.0045977011494252595
2022-06-17	2160	2175	2160	2170	19367	0.002309468822170979
2022-06-20	2170	2170	2150	2160	35573	-0.004608294930875556
2022-06-21	2155	2170	2155	2160	11490	0.0
2022-06-22	2170	2170	2155	2155	19001	-0.0023148148148147696
2022-06-23	2150	2155	2110	2130	95772	-0.011600928074245953
2022-06-24	2160	2160	2120	2125	33062	-0.0023474178403756207
2022-06-27	2125	2145	2110	2130	16108	0.0023529411764706687
2022-06-28	2135	2135	2110	2125	8533	-0.0023474178403756207
2022-06-29	2120	2135	2120	2130	13147	0.0023529411764706687
2022-06-30	2120	2140	2120	2140	15373	0.0046948356807512415
2022-07-01	2140	2140	2120	2135	2184	-0.002336448598130869
2022-07-04	2135	2135	2120	2125	4282	-0.004683840749414525
2022-07-05	2130	2135	2115	2135	14052	0.004705882352941115
2022-07-06	2130	2145	2125	2130	16373	-0.0023419203747072626
2022-07-07	2130	2130	2120	2130	1084	0.0
2022-07-08	2125	2150	2125	2150	9037	0.009389671361502261
2022-07-11	2150	2200	2130	2140	31742	-0.0046511627906976605
2022-07-12	2140	2145	2130	2135	27898	-0.002336448598130869
2022-07-13	2135	2155	2135	2155	8758	0.00936768149882905
2022-07-14	2145	2155	2140	2150	21351	-0.002320185614849146
