Date	Open	High	Low	Close	Volume	Change
2022-03-31	2115	2125	2105	2110	2399793	
2022-04-01	2110	2120	2105	2115	113734	0.0023696682464455776
2022-04-04	2115	2125	2115	2125	175480	0.004728132387706863
2022-04-05	2125	2135	2120	2130	74670	0.0023529411764706687
2022-04-06	2130	2145	2125	2135	99421	0.0023474178403755097
2022-04-07	2140	2140	2130	2140	89949	0.0023419203747072626
2022-04-08	2150	2150	2130	2145	51902	0.002336448598130758
2022-04-11	2145	2250	2140	2195	362747	0.02331002331002341
2022-04-12	2210	2425	2160	2185	1270001	-0.004555808656036442
2022-04-13	2180	2215	2165	2195	110847	0.004576659038901587
2022-04-14	2175	2195	2170	2180	68321	-0.006833712984054663
2022-04-15	2180	2185	2170	2185	33684	0.002293577981651307
2022-04-18	2190	2190	2170	2170	36947	-0.006864988558352381
2022-04-19	2170	2190	2170	2180	21830	0.004608294930875667
2022-04-20	2170	2180	2165	2175	62693	-0.002293577981651418
2022-04-21	2180	2180	2170	2175	24459	0.0
2022-04-22	2165	2180	2160	2170	77613	-0.0022988505747126853
2022-04-25	2165	2210	2160	2185	99965	0.00691244239631339
2022-04-26	2190	2195	2175	2195	42759	0.004576659038901587
2022-04-27	2175	2195	2170	2175	33750	-0.009111617312072884
2022-04-28	2175	2185	2175	2180	15172	0.0022988505747125743
2022-04-29	2175	2195	2175	2190	52979	0.004587155963302836
2022-05-02	2170	2190	2165	2175	91636	-0.006849315068493178
2022-05-03	2175	2190	2175	2175	23304	0.0
2022-05-04	2175	2200	2170	2175	22966	0.0
2022-05-06	2195	2195	2175	2180	7184	0.0022988505747125743
2022-05-09	2180	2185	2175	2185	22847	0.002293577981651307
2022-05-10	2180	2180	2150	2175	49464	-0.004576659038901587
2022-05-11	2180	2180	2160	2165	24806	-0.0045977011494252595
2022-05-12	2160	2170	2155	2160	67779	-0.002309468822170868
2022-05-13	2160	2170	2150	2150	22504	-0.00462962962962965
2022-05-16	2155	2160	2150	2150	15199	0.0
2022-05-17	2155	2155	2150	2155	11979	0.0023255813953488857
2022-05-18	2155	2165	2155	2155	6392	0.0
2022-05-19	2145	2155	2145	2155	1475	0.0
2022-05-20	2165	2165	2150	2165	4216	0.004640371229698292
2022-05-23	2170	2175	2150	2175	10904	0.004618937644341736
2022-05-24	2170	2175	2155	2165	16011	-0.0045977011494252595
2022-05-25	2165	2170	2155	2160	6838	-0.002309468822170868
2022-05-26	2165	2170	2150	2165	18953	0.0023148148148148806
2022-05-27	2160	2170	2155	2170	9338	0.002309468822170979
2022-05-30	2170	2175	2160	2175	48997	0.0023041474654377225
2022-05-31	2175	2175	2150	2175	18333	0.0
2022-06-02	2175	2180	2165	2175	3613	0.0
2022-06-03	2175	2180	2165	2175	10208	0.0
2022-06-07	2175	2225	2165	2170	45880	-0.0022988505747126853
2022-06-08	2180	2180	2170	2180	2306	0.004608294930875667
2022-06-09	2175	2195	2170	2195	12473	0.006880733944954143
2022-06-10	2190	2190	2175	2190	2415	-0.002277904328018221
2022-06-13	2190	2190	2165	2165	11347	-0.011415525114155223
2022-06-14	2180	2180	2140	2180	27289	0.006928406466512715
2022-06-15	2180	2180	2140	2160	74562	-0.00917431192660545
2022-06-16	2165	2175	2160	2170	6110	0.004629629629629539
2022-06-17	2170	2175	2145	2160	19368	-0.004608294930875556
2022-06-20	2155	2155	2125	2145	31544	-0.00694444444444442
2022-06-21	2150	2150	2135	2145	4800	0.0
2022-06-22	2155	2155	2125	2125	4743	-0.009324009324009341
2022-06-23	2140	2140	2100	2115	53742	-0.004705882352941226
2022-06-24	2145	2145	2100	2110	40863	-0.0023640661938534313
2022-06-27	2130	2130	2095	2095	34227	-0.007109004739336511
2022-06-28	2110	2125	2100	2120	5648	0.01193317422434359
2022-06-29	2115	2120	2100	2115	11829	-0.002358490566037763
2022-06-30	2130	2130	2105	2120	16838	0.0023640661938533203
2022-07-01	2105	2115	2100	2100	69988	-0.009433962264150941
2022-07-04	2100	2110	2100	2105	8697	0.0023809523809523725
2022-07-05	2115	2115	2100	2105	5076	0.0
2022-07-06	2110	2110	2100	2110	7102	0.002375296912114022
2022-07-07	2115	2115	2100	2105	4528	-0.0023696682464454666
2022-07-08	2110	2120	2110	2115	16435	0.004750593824228044
2022-07-11	2125	2125	2105	2110	14686	-0.0023640661938534313
2022-07-12	2110	2150	2105	2120	16742	0.004739336492890933
2022-07-13	2125	2135	2120	2130	7908	0.004716981132075526
2022-07-14	2130	2130	2115	2130	9189	0.0
