Date	Open	High	Low	Close	Volume	Change
2022-05-26	2160	2170	2155	2155	2179487	
2022-05-27	2160	2165	2155	2155	159028	0.0
2022-05-30	2160	2165	2155	2165	103436	0.004640371229698292
2022-05-31	2165	2170	2160	2160	58940	-0.002309468822170868
2022-06-02	2155	2170	2155	2160	84892	0.0
2022-06-03	2165	2170	2160	2165	28295	0.0023148148148148806
2022-06-07	2170	2180	2160	2170	96060	0.002309468822170979
2022-06-08	2170	2170	2165	2170	31251	0.0
2022-06-09	2165	2170	2165	2165	27640	-0.0023041474654378336
2022-06-10	2160	2170	2160	2165	12981	0.0
2022-06-13	2165	2170	2160	2165	67472	0.0
2022-06-14	2170	2170	2155	2160	26855	-0.002309468822170868
2022-06-15	2165	2165	2150	2160	34926	0.0
2022-06-16	2155	2160	2150	2155	47418	-0.0023148148148147696
2022-06-17	2160	2160	2145	2150	20359	-0.002320185614849146
2022-06-20	2155	2155	2140	2150	25781	0.0
2022-06-21	2150	2150	2140	2150	10633	0.0
2022-06-22	2150	2160	2140	2140	14009	-0.0046511627906976605
2022-06-23	2140	2155	2110	2130	81741	-0.004672897196261627
2022-06-24	2130	2150	2110	2120	50419	-0.0046948356807511304
2022-06-27	2135	2135	2100	2115	17891	-0.002358490566037763
2022-06-28	2105	2120	2105	2115	41098	0.0
2022-06-29	2105	2115	2105	2115	15080	0.0
2022-06-30	2120	2140	2105	2135	14723	0.009456264775413725
2022-07-01	2140	2140	2110	2125	3210	-0.004683840749414525
2022-07-04	2130	2130	2115	2120	3187	-0.0023529411764705577
2022-07-05	2110	2130	2105	2130	8491	0.004716981132075526
2022-07-06	2130	2145	2130	2140	42312	0.0046948356807512415
2022-07-07	2125	2140	2125	2125	2373	-0.007009345794392496
2022-07-08	2130	2130	2115	2120	13354	-0.0023529411764705577
2022-07-11	2130	2140	2120	2130	4688	0.004716981132075526
2022-07-12	2140	2140	2125	2125	8331	-0.0023474178403756207
2022-07-13	2130	2135	2115	2130	12724	0.0023529411764706687
2022-07-14	2120	2130	2120	2120	13887	-0.0046948356807511304
