Date	Open	High	Low	Close	Volume	Change
2022-06-30	4000	5200	4000	5200	2498372	
2022-07-01	6760	6760	5730	6760	13058750	0.30000000000000004
2022-07-04	6540	8780	6480	8780	12465768	0.29881656804733736
2022-07-05	10000	11400	9840	11400	6770553	0.2984054669703873
2022-07-06	12000	12200	8000	8000	6938624	-0.29824561403508776
2022-07-07	7600	8620	6900	7570	7086272	-0.053749999999999964
2022-07-08	7400	7840	7380	7560	2210448	-0.0013210039630119352
2022-07-11	7640	7780	6900	7310	1660269	-0.033068783068783025
2022-07-12	7270	7520	7040	7130	960078	-0.024623803009575895
2022-07-13	7090	7650	6900	7300	3191685	0.02384291725105192
2022-07-14	7110	7130	6580	6720	912575	-0.07945205479452055
